1535385822266 0.211084 0.919494 -0.331623 -0.505854 -0.94574 0.277857 0.168437 -0.171007 0.24702 0.278075 0.928254 0.473699 
1535385828629 0.211084 0.919494 -0.331623 -0.505854 -0.94574 0.277857 0.168437 -0.171007 0.24702 0.278075 0.928254 0.473699 
1535385829222 0.211083 0.919495 -0.331623 -0.505854 -0.94574 0.277856 0.168437 -0.171006 0.24702 0.278075 0.928254 0.473699 
1535385830039 0.215283 0.920065 -0.327314 -0.517948 -0.944976 0.280814 0.167822 -0.17827 0.246322 0.273174 0.929893 0.464165 
1535385830934 0.218587 0.920853 -0.322876 -0.530365 -0.944411 0.282905 0.167488 -0.185286 0.245575 0.268317 0.931504 0.454191 
1535385831839 0.222057 0.921554 -0.318479 -0.542817 -0.943774 0.285193 0.1672 -0.192398 0.244911 0.263445 0.933068 0.444172 
1535385832665 0.225597 0.92222 -0.314033 -0.555271 -0.943176 0.287475 0.166663 -0.199511 0.243977 0.25859 0.934669 0.434168 
1535385833610 0.229189 0.922813 -0.309659 -0.567694 -0.942512 0.289874 0.166266 -0.206705 0.243194 0.253751 0.936198 0.424215 
1535385834528 0.23236 0.923453 -0.305357 -0.580184 -0.941946 0.291888 0.165951 -0.213669 0.242378 0.24907 0.937666 0.414129 
1535385835407 0.235834 0.924067 -0.300803 -0.59263 -0.941261 0.294187 0.165779 -0.220738 0.241683 0.244038 0.939167 0.404193 
1535385836481 0.239319 0.924617 -0.296328 -0.605018 -0.940619 0.29646 0.165369 -0.227922 0.240752 0.239156 0.940661 0.394149 
1535385836921 0.241848 0.925419 -0.291733 -0.617711 -0.940158 0.297863 0.165469 -0.234663 0.240025 0.234257 0.942078 0.383761 
1535385837225 0.241848 0.925419 -0.291733 -0.617711 -0.940158 0.297863 0.165469 -0.234663 0.240025 0.234257 0.942078 0.383761 
1535385837594 0.243037 0.925105 -0.291743 -0.618606 -0.939878 0.298972 0.165063 -0.23555 0.239924 0.234087 0.942146 0.38327 
1535385837931 0.243493 0.925076 -0.291455 -0.619863 -0.939755 0.29936 0.165056 -0.236343 0.239939 0.233707 0.942237 0.382205 
1535385838289 0.243625 0.925283 -0.290687 -0.62118 -0.939774 0.299297 0.165062 -0.237012 0.239731 0.232967 0.942473 0.381182 
1535385838640 0.243912 0.925314 -0.290345 -0.622415 -0.939692 0.299518 0.165133 -0.237586 0.239764 0.232557 0.942566 0.380191 
1535385838990 0.244224 0.925336 -0.290015 -0.623634 -0.939636 0.299732 0.165063 -0.238405 0.239665 0.232196 0.94268 0.37909 
1535385839317 0.244402 0.925491 -0.289369 -0.624915 -0.939593 0.299782 0.165213 -0.239011 0.23965 0.231511 0.942852 0.378088 
1535385839697 0.244803 0.925542 -0.288866 -0.626181 -0.939554 0.300013 0.165019 -0.239721 0.239395 0.231008 0.94304 0.377027 
1535385840055 0.244933 0.925704 -0.288235 -0.627441 -0.939506 0.300037 0.165245 -0.240345 0.239449 0.230324 0.943194 0.376025 
1535385840118 0.245217 0.925791 -0.287715 -0.6288 -0.939472 0.300177 0.165185 -0.241076 0.239292 0.229793 0.943363 0.374953 
1535385840520 0.244813 0.925627 -0.288585 -0.628901 -0.939391 0.300126 0.165735 -0.241215 0.240021 0.23052 0.943001 0.374957 
1535385840807 0.244421 0.92548 -0.289387 -0.629034 -0.939391 0.299994 0.165976 -0.241516 0.240422 0.231279 0.942713 0.374906 
1535385841103 0.244037 0.925312 -0.290248 -0.629213 -0.93937 0.299898 0.166267 -0.241745 0.240894 0.232075 0.942397 0.374796 
1535385841389 0.243545 0.925249 -0.29086 -0.629365 -0.939354 0.299678 0.166756 -0.241926 0.241455 0.232608 0.942121 0.374772 
1535385841660 0.242992 0.925135 -0.291685 -0.629545 -0.939367 0.299425 0.167134 -0.242092 0.241959 0.233387 0.941799 0.374654 
1535385841946 0.242598 0.925064 -0.292237 -0.629703 -0.93933 0.299284 0.167594 -0.242296 0.242498 0.233849 0.941546 0.374737 
1535385842218 0.242004 0.92494 -0.293122 -0.62988 -0.939374 0.298984 0.167885 -0.242489 0.242922 0.234722 0.941219 0.374542 
1535385842505 0.241545 0.924845 -0.2938 -0.63004 -0.939371 0.298788 0.168249 -0.242681 0.243388 0.235347 0.940943 0.374486 
1535385842578 0.241545 0.924845 -0.2938 -0.63004 -0.939371 0.298788 0.168249 -0.242681 0.243388 0.235347 0.940943 0.374486 
1535385842989 0.240952 0.924807 -0.294404 -0.630205 -0.939346 0.298505 0.16889 -0.24278 0.244072 0.235853 0.940639 0.374493 
1535385843291 0.240854 0.925074 -0.293645 -0.630071 -0.939577 0.298074 0.168367 -0.242739 0.24328 0.23535 0.94097 0.37461 
1535385843556 0.240269 0.925172 -0.293815 -0.630098 -0.939736 0.297539 0.168424 -0.24286 0.243243 0.235641 0.940907 0.374564 
1535385843826 0.239655 0.925365 -0.293711 -0.630108 -0.939901 0.296928 0.168582 -0.242956 0.24321 0.235657 0.940911 0.374659 
1535385844117 0.239027 0.925541 -0.293665 -0.630125 -0.940066 0.296316 0.168736 -0.243047 0.24319 0.235732 0.940898 0.374748 
1535385844396 0.238432 0.925715 -0.293603 -0.630142 -0.940218 0.295738 0.168908 -0.243168 0.24319 0.235778 0.940886 0.374819 
1535385844685 0.23795 0.925862 -0.293529 -0.630156 -0.940356 0.295251 0.168991 -0.243297 0.243127 0.23581 0.940895 0.374869 
1535385844973 0.237157 0.926132 -0.293319 -0.630145 -0.940515 0.294498 0.169417 -0.243319 0.243285 0.235693 0.940883 0.374995 
1535385845283 0.236628 0.926241 -0.293401 -0.630166 -0.940665 0.293992 0.169462 -0.243431 0.24322 0.235893 0.94085 0.37496 
1535385845317 0.236628 0.926241 -0.293401 -0.630166 -0.940665 0.293992 0.169462 -0.243431 0.24322 0.235893 0.94085 0.37496 
1535385845657 0.236046 0.926428 -0.293281 -0.630161 -0.940805 0.293422 0.169672 -0.243557 0.243244 0.235869 0.94085 0.37507 
1535385845907 0.236279 0.926319 -0.293439 -0.630151 -0.940793 0.293628 0.169383 -0.243525 0.243064 0.236043 0.940852 0.374889 
1535385846166 0.23599 0.926517 -0.293044 -0.630125 -0.940946 0.293203 0.169271 -0.24364 0.242754 0.235792 0.940996 0.374922 
1535385846420 0.235704 0.926659 -0.292827 -0.630121 -0.941052 0.292858 0.169281 -0.243715 0.242622 0.235665 0.941061 0.374971 
1535385846660 0.235454 0.926794 -0.292598 -0.630113 -0.941142 0.292551 0.169307 -0.243795 0.242513 0.235512 0.941128 0.374974 
1535385846916 0.235073 0.92699 -0.292284 -0.630081 -0.941297 0.292073 0.169274 -0.243816 0.242284 0.235334 0.941231 0.374999 
1535385847181 0.234752 0.927123 -0.29212 -0.630081 -0.941403 0.291713 0.169304 -0.243881 0.242181 0.235258 0.941277 0.375053 
1535385847417 0.234378 0.927318 -0.291801 -0.630065 -0.941566 0.291231 0.169228 -0.243965 0.24191 0.235086 0.941389 0.375088 
1535385847653 0.234117 0.927447 -0.291602 -0.630054 -0.941654 0.290924 0.169267 -0.244017 0.24182 0.23496 0.941444 0.375097 
1535385847677 0.233801 0.927609 -0.291341 -0.630043 -0.941774 0.290534 0.169266 -0.244108 0.241657 0.234803 0.941525 0.375097 
1535385847709 0.233801 0.927609 -0.291341 -0.630043 -0.941774 0.290534 0.169266 -0.244108 0.241657 0.234803 0.941525 0.375097 
1535385847816 0.23393 0.927569 -0.291364 -0.63005 -0.941734 0.29067 0.16926 -0.244128 0.241691 0.234792 0.941519 0.375094 
1535385847925 0.23442 0.927429 -0.291416 -0.630022 -0.941547 0.291208 0.169372 -0.243963 0.241943 0.234678 0.941483 0.375127 
1535385848017 0.234789 0.927355 -0.291353 -0.629998 -0.941486 0.291519 0.169178 -0.243941 0.241823 0.234584 0.941537 0.375111 
1535385848095 0.235263 0.92733 -0.29105 -0.629945 -0.941427 0.291857 0.168923 -0.243937 0.241592 0.234261 0.941677 0.375063 
1535385848153 0.235642 0.927323 -0.290765 -0.62989 -0.941416 0.292085 0.168589 -0.243933 0.241264 0.234004 0.941825 0.375049 
1535385848208 0.235642 0.927323 -0.290765 -0.62989 -0.941416 0.292085 0.168589 -0.243933 0.241264 0.234004 0.941825 0.375049 
1535385848290 0.236481 0.92721 -0.290446 -0.629826 -0.941264 0.29277 0.168252 -0.243909 0.241038 0.233598 0.941983 0.375099 
1535385848338 0.236865 0.927159 -0.290294 -0.629799 -0.941178 0.293098 0.16816 -0.243894 0.240995 0.233387 0.942047 0.375112 
1535385848375 0.237129 0.927153 -0.290098 -0.629757 -0.941161 0.293266 0.167962 -0.243867 0.240802 0.2332 0.942142 0.375094 
1535385848396 0.237189 0.927148 -0.290065 -0.629748 -0.941158 0.293305 0.16791 -0.243862 0.240755 0.233171 0.942162 0.375084 
1535385848570 0.2379 0.92705 -0.289796 -0.629607 -0.941103 0.293814 0.167329 -0.243707 0.240268 0.23292 0.942348 0.375058 
1535385848624 0.2379 0.92705 -0.289796 -0.629607 -0.941103 0.293814 0.167329 -0.243707 0.240268 0.23292 0.942348 0.375058 
1535385848797 0.238638 0.926861 -0.289793 -0.629343 -0.940949 0.294484 0.167017 -0.243688 0.240141 0.232824 0.942404 0.375234 
1535385848924 0.239264 0.926825 -0.289394 -0.629143 -0.940937 0.294866 0.166407 -0.243539 0.239562 0.232487 0.942634 0.375354 
1535385849093 0.240016 0.926689 -0.289203 -0.628929 -0.940816 0.295481 0.166 -0.24345 0.239284 0.232245 0.942765 0.375378 
1535385849257 0.240573 0.926598 -0.289035 -0.628736 -0.940819 0.29584 0.165342 -0.243274 0.238714 0.232153 0.942932 0.375353 
1535385849557 0.241337 0.926491 -0.288741 -0.628511 -0.940706 0.296436 0.164916 -0.243156 0.238386 0.23182 0.943097 0.375468 
1535385849627 0.242897 0.92625 -0.288204 -0.628182 -0.940472 0.297666 0.164034 -0.242943 0.237725 0.231204 0.943415 0.375593 
1535385849644 0.243103 0.926234 -0.288081 -0.628103 -0.940454 0.297807 0.163883 -0.242887 0.237587 0.231087 0.943478 0.375624 
1535385849784 0.243193 0.926233 -0.288011 -0.628054 -0.940453 0.297858 0.163795 -0.242872 0.237499 0.231027 0.943515 0.375646 
1535385849851 0.243026 0.92626 -0.288063 -0.627788 -0.940502 0.297702 0.163794 -0.242728 0.237473 0.231118 0.943499 0.375699 
1535385850021 0.2432 0.926112 -0.288392 -0.627418 -0.940351 0.29803 0.164068 -0.242772 0.237895 0.231288 0.943351 0.375789 
1535385850186 0.243301 0.926136 -0.288229 -0.627076 -0.940287 0.298134 0.164242 -0.242669 0.238042 0.231058 0.943371 0.375936 
1535385850357 0.243463 0.92608 -0.288274 -0.626767 -0.940204 0.298337 0.164352 -0.242529 0.238206 0.231023 0.943338 0.376049 
1535385850525 0.243378 0.926121 -0.288214 -0.626444 -0.940246 0.298225 0.164313 -0.242418 0.238126 0.231002 0.943363 0.376141 
1535385850695 0.243484 0.926074 -0.288274 -0.626116 -0.940195 0.29836 0.164362 -0.242346 0.238221 0.231014 0.943336 0.376252 
1535385850876 0.243791 0.925988 -0.288292 -0.625776 -0.940096 0.298675 0.164358 -0.242282 0.238299 0.230953 0.943331 0.376362 
1535385851085 0.243706 0.926038 -0.288203 -0.625287 -0.940119 0.298577 0.164402 -0.242129 0.238293 0.230879 0.943351 0.376523 
1535385851102 0.243706 0.926038 -0.288203 -0.625287 -0.940119 0.298577 0.164402 -0.242129 0.238293 0.230879 0.943351 0.376523 
1535385851305 0.243565 0.926013 -0.288401 -0.625194 -0.94013 0.298502 0.164473 -0.241987 0.238393 0.231075 0.943278 0.376548 
1535385851577 0.243645 0.925896 -0.28871 -0.624689 -0.93998 0.298759 0.164863 -0.24181 0.238901 0.231214 0.943115 0.376711 
1535385851729 0.243493 0.925855 -0.28897 -0.624218 -0.939923 0.298753 0.1652 -0.241535 0.239281 0.231384 0.942977 0.376904 
1535385851936 0.243825 0.925685 -0.289236 -0.623649 -0.939722 0.299228 0.165482 -0.241501 0.239731 0.231453 0.942846 0.377087 
1535385852139 0.243793 0.925614 -0.289489 -0.623191 -0.939617 0.299353 0.165856 -0.241227 0.240178 0.231574 0.942702 0.377258 
1535385852377 0.243843 0.92551 -0.289778 -0.622671 -0.939486 0.299567 0.166212 -0.241058 0.240639 0.231713 0.942551 0.377423 
1535385852582 0.244018 0.925337 -0.290185 -0.62215 -0.939301 0.299941 0.166583 -0.240925 0.241184 0.231922 0.94236 0.377597 
1535385852799 0.243891 0.925333 -0.290303 -0.621664 -0.939254 0.299918 0.166889 -0.240666 0.241496 0.231966 0.942269 0.377793 
1535385853053 0.244172 0.925141 -0.290678 -0.620962 -0.93905 0.300379 0.167207 -0.240544 0.242004 0.232134 0.942098 0.378042 
1535385853064 0.244205 0.925111 -0.290747 -0.620946 -0.939028 0.300436 0.167229 -0.240534 0.242056 0.232182 0.942072 0.378042 
1535385853282 0.243937 0.925223 -0.290617 -0.620654 -0.939063 0.30019 0.167471 -0.240242 0.242188 0.232055 0.94207 0.378154 
1535385853466 0.244316 0.925106 -0.290668 -0.620211 -0.938904 0.300619 0.167596 -0.240229 0.242424 0.231963 0.942032 0.378277 
1535385853641 0.24434 0.925038 -0.290866 -0.619856 -0.938819 0.300752 0.167831 -0.240067 0.242729 0.232063 0.941929 0.378365 
1535385853810 0.24434 0.925038 -0.290866 -0.619856 -0.938819 0.300752 0.167831 -0.240067 0.242729 0.232063 0.941929 0.378365 
1535385853988 0.244618 0.924953 -0.290903 -0.619423 -0.938707 0.301061 0.167901 -0.240005 0.24288 0.232001 0.941905 0.378398 
1535385854173 0.244322 0.924983 -0.291056 -0.619117 -0.938705 0.300883 0.168234 -0.239694 0.243188 0.232112 0.941798 0.378486 
1535385854360 0.244443 0.924932 -0.291116 -0.618737 -0.938585 0.301094 0.168527 -0.239518 0.24353 0.232042 0.941727 0.378616 
1535385854554 0.244439 0.924929 -0.29113 -0.618362 -0.938561 0.301116 0.16862 -0.239379 0.243626 0.232026 0.941706 0.378751 
1535385854659 0.244323 0.924937 -0.291201 -0.617807 -0.938509 0.301096 0.168943 -0.239069 0.243941 0.232018 0.941627 0.378904 
1535385854676 0.244363 0.924919 -0.291223 -0.617778 -0.938491 0.301146 0.168956 -0.23907 0.243971 0.232023 0.941617 0.378914 
1535385854697 0.244363 0.924919 -0.291223 -0.617778 -0.938491 0.301146 0.168956 -0.23907 0.243971 0.232023 0.941617 0.378914 
1535385854915 0.244334 0.924865 -0.291421 -0.617503 -0.938505 0.301148 0.168871 -0.238889 0.243944 0.23224 0.941571 0.37904 
1535385855118 0.244583 0.924699 -0.291737 -0.617108 -0.938418 0.301464 0.168791 -0.238835 0.244029 0.232488 0.941488 0.379156 
1535385855338 0.244365 0.924712 -0.291878 -0.616809 -0.938469 0.301288 0.168824 -0.238578 0.244053 0.232664 0.941438 0.379279 
1535385855540 0.24443 0.924565 -0.292289 -0.616473 -0.938428 0.301449 0.168766 -0.238441 0.244145 0.233041 0.941321 0.379389 
1535385855739 0.244459 0.924492 -0.292497 -0.616126 -0.938409 0.301525 0.168735 -0.23825 0.244189 0.233233 0.941262 0.379483 
1535385855941 0.244496 0.924403 -0.292748 -0.61577 -0.938397 0.301608 0.168655 -0.238129 0.2442 0.233478 0.941198 0.379584 
1535385856134 0.244737 0.924253 -0.293019 -0.615418 -0.938301 0.301918 0.168629 -0.237993 0.244324 0.23367 0.941119 0.379706 
1535385856364 0.244346 0.924267 -0.293302 -0.615019 -0.93837 0.301629 0.168765 -0.237657 0.244452 0.233989 0.941006 0.3799 
1535385856529 0.244291 0.92428 -0.293306 -0.614957 -0.938381 0.301581 0.168791 -0.237619 0.244466 0.233999 0.941 0.379927 
1535385856617 0.244291 0.92428 -0.293306 -0.614957 -0.938381 0.301581 0.168791 -0.237619 0.244466 0.233999 0.941 0.379927 
1535385856749 0.244616 0.924115 -0.293554 -0.614833 -0.938267 0.301964 0.16874 -0.237734 0.244578 0.234156 0.940932 0.379942 
1535385856915 0.244579 0.924073 -0.293718 -0.614628 -0.938199 0.302033 0.168993 -0.237555 0.244874 0.234234 0.940835 0.380025 
1535385857021 0.24467 0.923965 -0.293981 -0.614371 -0.93816 0.302182 0.168943 -0.237544 0.244933 0.234467 0.940762 0.380107 
1535385857189 0.244563 0.923935 -0.294164 -0.614164 -0.938115 0.302184 0.169191 -0.237364 0.245213 0.234582 0.94066 0.380193 
1535385857315 0.244855 0.923785 -0.294394 -0.61388 -0.937963 0.302575 0.169331 -0.237388 0.245502 0.23467 0.940563 0.380274 
1535385857445 0.24493 0.923685 -0.294644 -0.613637 -0.937883 0.302751 0.169463 -0.237307 0.245734 0.234835 0.940461 0.380355 
1535385857567 0.245021 0.923593 -0.294858 -0.613398 -0.937809 0.302925 0.169562 -0.237242 0.245926 0.234974 0.940376 0.380436 
1535385857637 0.244934 0.923552 -0.295059 -0.613162 -0.937789 0.30292 0.169681 -0.237064 0.246088 0.235142 0.940292 0.380534 
1535385857817 0.244986 0.923523 -0.295107 -0.613131 -0.937766 0.302986 0.169686 -0.237077 0.246122 0.235171 0.940276 0.380541 
1535385857889 0.244909 0.923613 -0.294888 -0.612985 -0.937811 0.30285 0.169685 -0.236929 0.24603 0.234991 0.940345 0.380583 
1535385858009 0.244909 0.923613 -0.294888 -0.612985 -0.937811 0.30285 0.169685 -0.236929 0.24603 0.234991 0.940345 0.380583 
1535385858080 0.245036 0.923678 -0.294579 -0.61261 -0.937808 0.302885 0.169636 -0.23666 0.245913 0.234692 0.94045 0.380685 
1535385858205 0.245036 0.923678 -0.294579 -0.61261 -0.937808 0.302885 0.169636 -0.23666 0.245913 0.234692 0.94045 0.380685 
1535385858263 0.2453 0.923618 -0.294546 -0.612361 -0.9378 0.303072 0.169346 -0.23668 0.245679 0.234685 0.940513 0.38071 
1535385858422 0.245305 0.923668 -0.294384 -0.612192 -0.937811 0.303036 0.169354 -0.236467 0.245636 0.234533 0.940562 0.380798 
1535385858487 0.24553 0.92358 -0.294472 -0.611956 -0.937811 0.30321 0.169042 -0.236481 0.24541 0.234654 0.940591 0.380809 
1535385858648 0.246039 0.923566 -0.294094 -0.611515 -0.937733 0.303572 0.168824 -0.236301 0.245199 0.234245 0.940748 0.380957 
1535385858677 0.246039 0.923566 -0.294094 -0.611515 -0.937733 0.303572 0.168824 -0.236301 0.245199 0.234245 0.940748 0.380957 
1535385858705 0.245946 0.923647 -0.293917 -0.611366 -0.937774 0.303435 0.16884 -0.236193 0.245133 0.234102 0.940801 0.381028 
1535385858721 0.245961 0.923638 -0.293933 -0.611301 -0.937769 0.303453 0.168833 -0.236177 0.245136 0.234115 0.940797 0.381054 
1535385858933 0.246086 0.923479 -0.294328 -0.611099 -0.937676 0.303702 0.168903 -0.236078 0.245366 0.234419 0.940661 0.381091 
1535385858973 0.246086 0.923479 -0.294328 -0.611099 -0.937676 0.303702 0.168903 -0.236078 0.245366 0.234419 0.940661 0.381091 
1535385859141 0.246218 0.923425 -0.294386 -0.610852 -0.937596 0.303881 0.169025 -0.236043 0.24554 0.234399 0.940621 0.38117 
1535385859209 0.246099 0.923416 -0.294515 -0.610678 -0.937619 0.3038 0.169046 -0.235856 0.245573 0.23454 0.940577 0.381226 
1535385859399 0.246624 0.923177 -0.294823 -0.610373 -0.937403 0.304431 0.16911 -0.236019 0.245872 0.234662 0.940468 0.381295 
1535385859535 0.246295 0.923261 -0.294836 -0.610217 -0.937489 0.30412 0.169189 -0.235745 0.245871 0.234735 0.94045 0.381381 
1535385859617 0.246451 0.923145 -0.295069 -0.609989 -0.937414 0.304344 0.169204 -0.235735 0.246002 0.234902 0.940375 0.38144 
1535385859691 0.246646 0.923048 -0.295207 -0.609736 -0.937331 0.304585 0.169229 -0.235727 0.246123 0.234967 0.940327 0.381513 
1535385859707 0.246627 0.923048 -0.295224 -0.609697 -0.937336 0.30457 0.169229 -0.235725 0.246123 0.234987 0.940321 0.381524 
1535385859878 0.24664 0.92304 -0.295238 -0.609607 -0.937325 0.304592 0.16925 -0.235702 0.246151 0.23499 0.940313 0.381543 
1535385859906 0.24664 0.92304 -0.295238 -0.609607 -0.937325 0.304592 0.16925 -0.235702 0.246151 0.23499 0.940313 0.381543 
1535385860043 0.246627 0.923078 -0.29513 -0.6094 -0.937155 0.304725 0.16995 -0.23556 0.246811 0.234668 0.940221 0.381556 
1535385860105 0.246421 0.923177 -0.294993 -0.609195 -0.937173 0.304538 0.170183 -0.235494 0.246946 0.234523 0.940221 0.381615 
1535385860225 0.246336 0.923283 -0.294732 -0.608981 -0.937121 0.30448 0.170577 -0.235362 0.247231 0.23418 0.940232 0.38169 
1535385860279 0.246548 0.923198 -0.294819 -0.608761 -0.936919 0.304837 0.17105 -0.235346 0.247785 0.23405 0.940119 0.38169 
1535385860417 0.246424 0.923287 -0.294648 -0.608554 -0.936882 0.304751 0.1714 -0.235245 0.248046 0.233813 0.940109 0.381749 
1535385860479 0.246376 0.92331 -0.294614 -0.608353 -0.936768 0.304819 0.171904 -0.235159 0.248524 0.233632 0.940028 0.381816 
1535385860553 0.246299 0.92339 -0.294429 -0.608101 -0.936713 0.304781 0.172268 -0.23504 0.248807 0.233366 0.940019 0.381888 
1535385860747 0.246373 0.923358 -0.294466 -0.608074 -0.936679 0.304873 0.172294 -0.235081 0.248863 0.233372 0.940003 0.381883 
1535385860890 0.246373 0.923358 -0.294466 -0.608074 -0.936679 0.304873 0.172294 -0.235081 0.248863 0.233372 0.940003 0.381883 
1535385861024 0.246287 0.923505 -0.294077 -0.607826 -0.9367 0.30472 0.172451 -0.234854 0.248871 0.232989 0.940095 0.381958 
1535385861154 0.246632 0.923542 -0.293671 -0.607456 -0.936543 0.305034 0.172747 -0.234812 0.249118 0.23243 0.940168 0.382043 
1535385861316 0.246601 0.923673 -0.293286 -0.607159 -0.936555 0.304929 0.172867 -0.23465 0.249104 0.23205 0.940266 0.382145 
1535385861425 0.246573 0.923808 -0.292882 -0.606859 -0.936556 0.304833 0.17303 -0.234474 0.249127 0.231636 0.940362 0.382237 
1535385861602 0.246702 0.923913 -0.292443 -0.606518 -0.936478 0.304915 0.17331 -0.234351 0.249294 0.231111 0.940447 0.382321 
1535385861731 0.247246 0.923861 -0.292149 -0.606142 -0.936306 0.305403 0.173377 -0.234362 0.249399 0.230674 0.940526 0.38236 
1535385861877 0.247256 0.923969 -0.291797 -0.605835 -0.936285 0.305364 0.17356 -0.23419 0.249468 0.230291 0.940602 0.38237 
1535385861980 0.247428 0.924065 -0.291346 -0.605373 -0.936204 0.305476 0.173802 -0.234101 0.249604 0.229756 0.940697 0.382461 
1535385861997 0.247397 0.924097 -0.291272 -0.605323 -0.936208 0.305435 0.173848 -0.234058 0.249617 0.229682 0.940711 0.38248 
1535385862209 0.247397 0.924097 -0.291272 -0.605323 -0.936208 0.305435 0.173848 -0.234058 0.249617 0.229682 0.940711 0.38248 
1535385862377 0.247744 0.924079 -0.291035 -0.605156 -0.936181 0.305662 0.173596 -0.233896 0.249375 0.229454 0.940831 0.382475 
1535385862521 0.248547 0.924007 -0.290579 -0.604816 -0.936221 0.306109 0.172593 -0.233914 0.248425 0.229149 0.941157 0.382554 
1535385862705 0.249012 0.924173 -0.289651 -0.604303 -0.936294 0.306197 0.172035 -0.233393 0.247681 0.22836 0.941545 0.382712 
1535385862863 0.249535 0.924148 -0.289279 -0.603991 -0.936291 0.306501 0.171514 -0.233273 0.247168 0.22805 0.941754 0.38272 
1535385863013 0.249882 0.924152 -0.288967 -0.603699 -0.936369 0.306616 0.170877 -0.233155 0.246518 0.227881 0.941966 0.382726 
1535385863183 0.250249 0.924214 -0.28845 -0.60341 -0.936391 0.30676 0.1705 -0.232964 0.246063 0.227435 0.942192 0.382816 
1535385863348 0.25058 0.924267 -0.287994 -0.60313 -0.93641 0.306892 0.170157 -0.232742 0.245654 0.227043 0.942394 0.382837 
1535385863372 0.250831 0.924205 -0.287973 -0.603066 -0.936384 0.307089 0.169945 -0.232747 0.245497 0.227026 0.942438 0.382824 
1535385863389 0.250887 0.924211 -0.287904 -0.603016 -0.936385 0.307116 0.169892 -0.232712 0.245436 0.226966 0.942469 0.382839 
1535385863408 0.250887 0.924211 -0.287904 -0.603016 -0.936385 0.307116 0.169892 -0.232712 0.245436 0.226966 0.942469 0.382839 
1535385863607 0.250983 0.924338 -0.287414 -0.602742 -0.936441 0.307041 0.169719 -0.232466 0.245125 0.22655 0.94265 0.382956 
1535385863792 0.251461 0.924263 -0.287238 -0.602375 -0.936383 0.3074 0.169386 -0.232414 0.244854 0.226371 0.942763 0.382964 
1535385863978 0.251566 0.924353 -0.286854 -0.602062 -0.936449 0.307343 0.169124 -0.232152 0.244493 0.226079 0.942927 0.38299 
1535385864138 0.251974 0.9243 -0.286668 -0.601772 -0.936394 0.307647 0.168879 -0.231969 0.244287 0.225881 0.943028 0.383064 
1535385864321 0.252182 0.924369 -0.286262 -0.601435 -0.936426 0.30769 0.168619 -0.231803 0.243947 0.225541 0.943197 0.38318 
1535385864500 0.252763 0.924314 -0.285926 -0.601079 -0.936356 0.308104 0.168256 -0.231724 0.243616 0.225199 0.943364 0.383259 
1535385864727 0.252808 0.924428 -0.285518 -0.600786 -0.936448 0.307976 0.167975 -0.231474 0.243214 0.224908 0.943538 0.383357 
1535385865028 0.253171 0.924411 -0.285252 -0.600442 -0.936466 0.308167 0.167525 -0.231361 0.242768 0.224717 0.943698 0.38336 
1535385865092 0.253241 0.924367 -0.285333 -0.600504 -0.936437 0.308258 0.16752 -0.231475 0.242806 0.224773 0.943675 0.3834 
1535385865255 0.253201 0.924358 -0.285399 -0.600554 -0.936441 0.308237 0.167535 -0.231504 0.242832 0.224839 0.943652 0.383388 
1535385865305 0.252977 0.924621 -0.284744 -0.600519 -0.936419 0.307981 0.168128 -0.231374 0.243151 0.224107 0.943744 0.383418 
1535385865477 0.253117 0.924767 -0.284145 -0.600262 -0.936447 0.307945 0.168037 -0.231217 0.242896 0.223554 0.943941 0.383391 
1535385865532 0.253136 0.924986 -0.283414 -0.600002 -0.936534 0.307746 0.167917 -0.231001 0.242541 0.222921 0.944182 0.383375 
1535385865629 0.253297 0.925197 -0.282579 -0.599718 -0.936575 0.307671 0.167828 -0.230889 0.242216 0.222145 0.944449 0.383421 
1535385865745 0.253557 0.92534 -0.281878 -0.599432 -0.936577 0.307726 0.167715 -0.230745 0.241935 0.221475 0.944678 0.383418 
1535385865886 0.253796 0.925484 -0.281188 -0.599166 -0.936555 0.30779 0.16772 -0.230639 0.241769 0.220782 0.944883 0.3835 
1535385865937 0.253971 0.925738 -0.280193 -0.598846 -0.936598 0.307695 0.167657 -0.230465 0.24142 0.219848 0.945189 0.383498 
1535385866007 0.25399 0.925926 -0.279555 -0.598598 -0.936627 0.307566 0.167729 -0.230301 0.241286 0.219237 0.945366 0.383545 
1535385866174 0.254385 0.925897 -0.279291 -0.598474 -0.936542 0.307876 0.167633 -0.230428 0.241198 0.218925 0.94546 0.383532 
1535385866364 0.254171 0.926134 -0.278698 -0.598278 -0.936636 0.307531 0.167743 -0.230155 0.241061 0.218403 0.945616 0.383573 
1535385866555 0.253976 0.926317 -0.278269 -0.598121 -0.93665 0.307301 0.168083 -0.230046 0.24121 0.217952 0.945682 0.383656 
1535385866739 0.254262 0.926477 -0.277472 -0.597819 -0.936579 0.307425 0.168253 -0.22994 0.241185 0.217094 0.945886 0.383687 
1535385866924 0.254332 0.926688 -0.276704 -0.597512 -0.936557 0.307355 0.168505 -0.229846 0.241198 0.216293 0.946066 0.383702 
1535385867112 0.254208 0.92694 -0.275972 -0.597254 -0.936595 0.3071 0.168761 -0.229599 0.241183 0.215573 0.946234 0.383751 
1535385867310 0.254336 0.927104 -0.275302 -0.596974 -0.936603 0.307062 0.168785 -0.229527 0.241016 0.214921 0.946425 0.383733 
1535385867490 0.254613 0.927201 -0.274719 -0.596658 -0.936522 0.307226 0.168933 -0.229516 0.241036 0.214268 0.946568 0.383742 
1535385867695 0.254679 0.927425 -0.2739 -0.596387 -0.936511 0.307134 0.169163 -0.229337 0.24101 0.213428 0.946764 0.383775 
1535385867726 0.254679 0.927425 -0.2739 -0.596387 -0.936511 0.307134 0.169163 -0.229337 0.24101 0.213428 0.946764 0.383775 
1535385867757 0.254518 0.927633 -0.273347 -0.59617 -0.936555 0.306878 0.169383 -0.229138 0.24101 0.212893 0.946885 0.383787 
1535385868106 0.254238 0.927444 -0.274246 -0.596194 -0.93644 0.306944 0.169901 -0.229148 0.241752 0.21362 0.946532 0.383858 
1535385868339 0.253168 0.926763 -0.277518 -0.595974 -0.936002 0.307167 0.1719 -0.229321 0.244555 0.216238 0.945217 0.384104 
1535385868546 0.2528 0.926423 -0.278985 -0.595765 -0.935709 0.307435 0.173012 -0.229416 0.246052 0.217311 0.944582 0.384228 
1535385868739 0.252161 0.926176 -0.280381 -0.595595 -0.935481 0.307439 0.17423 -0.229359 0.247568 0.218357 0.943944 0.384426 
1535385868932 0.251757 0.925809 -0.28195 -0.595364 -0.935215 0.307681 0.175232 -0.229505 0.248982 0.219567 0.943291 0.384527 
1535385869110 0.251757 0.925809 -0.28195 -0.595364 -0.935215 0.307681 0.175232 -0.229505 0.248982 0.219567 0.943291 0.384527 
1535385869338 0.250776 0.925129 -0.285041 -0.594937 -0.934618 0.308092 0.177676 -0.229602 0.252192 0.221848 0.941904 0.384799 
1535385869535 0.250098 0.924897 -0.286384 -0.594795 -0.934428 0.308031 0.178775 -0.229511 0.253564 0.222894 0.941288 0.384924 
1535385869565 0.250098 0.924897 -0.286384 -0.594795 -0.934428 0.308031 0.178775 -0.229511 0.253564 0.222894 0.941288 0.384924 
1535385869587 0.249841 0.924791 -0.286951 -0.5947 -0.934367 0.30801 0.179132 -0.229511 0.254043 0.223363 0.941048 0.384958 
1535385869806 0.249748 0.924747 -0.287174 -0.594626 -0.934302 0.308044 0.179412 -0.229533 0.254373 0.223499 0.940926 0.385028 
1535385869986 0.249866 0.924817 -0.286847 -0.594765 -0.934372 0.308004 0.179117 -0.229516 0.254001 0.223266 0.941082 0.384928 
1535385870157 0.249687 0.92479 -0.287088 -0.594715 -0.934388 0.307908 0.179198 -0.229473 0.254117 0.223508 0.940993 0.384935 
1535385870341 0.249853 0.924726 -0.28715 -0.594658 -0.93429 0.308125 0.179337 -0.229582 0.254315 0.223473 0.940948 0.385024 
1535385870508 0.249692 0.924675 -0.287456 -0.594627 -0.934256 0.308099 0.179556 -0.229548 0.254595 0.223724 0.940813 0.385036 
1535385870695 0.249672 0.924595 -0.287729 -0.594606 -0.934189 0.308196 0.179737 -0.229578 0.254861 0.223918 0.940695 0.385033 
1535385870884 0.249571 0.924601 -0.287797 -0.594546 -0.934132 0.308187 0.180051 -0.229559 0.255171 0.223904 0.940614 0.385139 
1535385871065 0.24939 0.924575 -0.288039 -0.594502 -0.934132 0.308104 0.180192 -0.229561 0.255347 0.224128 0.940513 0.385138 
1535385871111 0.24929 0.924493 -0.288388 -0.594483 -0.934089 0.308138 0.180357 -0.229574 0.255602 0.224419 0.940374 0.385116 
1535385871131 0.24929 0.924493 -0.288388 -0.594483 -0.934089 0.308138 0.180357 -0.229574 0.255602 0.224419 0.940374 0.385116 
1535385872118 0.244545 0.924513 -0.292359 -0.581088 -0.935388 0.304357 0.180043 -0.22283 0.255434 0.229441 0.939207 0.394787 
1535385873060 0.240437 0.924009 -0.297317 -0.567516 -0.936508 0.301366 0.17925 -0.216345 0.25523 0.235341 0.937802 0.404547 
1535385874006 0.236385 0.923475 -0.302185 -0.55387 -0.937582 0.298425 0.178558 -0.209889 0.255074 0.241115 0.936376 0.414467 
1535385874920 0.232346 0.922811 -0.307302 -0.540252 -0.938677 0.295503 0.177661 -0.203478 0.254756 0.247178 0.934881 0.424288 
1535385875834 0.228418 0.9222 -0.312046 -0.526595 -0.939736 0.292605 0.176858 -0.197078 0.254404 0.252843 0.933461 0.434229 
1535385876704 0.224258 0.921549 -0.316948 -0.512986 -0.940786 0.289565 0.176275 -0.190574 0.254223 0.258649 0.931918 0.444125 
1535385877568 0.220163 0.920894 -0.321686 -0.499336 -0.941826 0.286534 0.175677 -0.184043 0.253954 0.264294 0.930406 0.45408 
1535385878431 0.216129 0.920057 -0.326776 -0.485743 -0.942864 0.283596 0.174872 -0.177638 0.253565 0.27031 0.928783 0.463852 
1535385881721 0.216361 0.919999 -0.326787 -0.485638 -0.942819 0.283807 0.174772 -0.177713 0.253535 0.270287 0.928798 0.463968 
1535385882260 0.216245 0.920045 -0.326735 -0.485649 -0.942851 0.283683 0.174803 -0.177679 0.253515 0.270262 0.92881 0.463949 
1535385882779 0.216425 0.91995 -0.326881 -0.485667 -0.942723 0.283973 0.175023 -0.177651 0.253838 0.270279 0.928717 0.463976 
1535385883299 0.216609 0.91994 -0.326789 -0.485655 -0.942555 0.284261 0.175456 -0.177595 0.254302 0.270011 0.928668 0.464024 
1535385883861 0.216659 0.919905 -0.326855 -0.485665 -0.942467 0.284402 0.175703 -0.177554 0.254589 0.269983 0.928598 0.464048 
1535385884399 0.216837 0.919779 -0.327091 -0.485703 -0.942258 0.284793 0.176191 -0.177463 0.25521 0.27 0.928422 0.463967 
1535385885019 0.216674 0.919842 -0.327021 -0.485652 -0.942249 0.284675 0.176428 -0.177368 0.25538 0.269908 0.928402 0.464018 
1535385885541 0.216971 0.919785 -0.326983 -0.485645 -0.942067 0.285067 0.176764 -0.177318 0.255798 0.269688 0.928351 0.464036 
1535385886093 0.216927 0.919756 -0.327096 -0.485659 -0.942028 0.285099 0.176921 -0.177291 0.255978 0.269754 0.928282 0.464039 
1535385886601 0.21723 0.919698 -0.327057 -0.485655 -0.941787 0.285557 0.177468 -0.177217 0.25661 0.269467 0.928191 0.4641 
1535385886630 0.21723 0.919698 -0.327057 -0.485655 -0.941787 0.285557 0.177468 -0.177217 0.25661 0.269467 0.928191 0.4641 
1535385886908 0.217156 0.919619 -0.327329 -0.485695 -0.941735 0.285612 0.177652 -0.177169 0.256861 0.269679 0.92806 0.464012 
1535385887157 0.217222 0.919644 -0.327214 -0.485675 -0.941735 0.285636 0.177616 -0.177188 0.256807 0.269567 0.928108 0.464071 
1535385887449 0.217224 0.919644 -0.327212 -0.485674 -0.941733 0.28564 0.177622 -0.177187 0.256814 0.269563 0.928107 0.464073 
1535385887714 0.217227 0.919643 -0.327213 -0.485674 -0.941728 0.285647 0.177634 -0.177185 0.256828 0.269559 0.928104 0.464076 
1535385887976 0.21723 0.919642 -0.327216 -0.485674 -0.941723 0.285655 0.17765 -0.177183 0.256845 0.269556 0.9281 0.464079 
1535385888229 0.217233 0.919639 -0.327221 -0.485675 -0.941715 0.285667 0.177672 -0.17718 0.256871 0.269553 0.928094 0.464083 
1535385888501 0.217244 0.919636 -0.327223 -0.485675 -0.941698 0.285692 0.177721 -0.177173 0.256924 0.269537 0.928084 0.464087 
1535385888760 0.217243 0.919625 -0.327255 -0.485679 -0.941681 0.285715 0.177774 -0.177167 0.256987 0.26955 0.928063 0.464091 
1535385889008 0.217293 0.919631 -0.327203 -0.485672 -0.941635 0.285789 0.177901 -0.177151 0.257114 0.269449 0.928057 0.464098 
1535385889028 0.217293 0.919631 -0.327203 -0.485672 -0.941635 0.285789 0.177901 -0.177151 0.257114 0.269449 0.928057 0.464098 
1535385889180 0.217315 0.919634 -0.327182 -0.485669 -0.941607 0.285829 0.177983 -0.177141 0.257198 0.269399 0.928048 0.464112 
1535385889216 0.217317 0.919634 -0.32718 -0.485669 -0.941596 0.285842 0.178019 -0.177136 0.257234 0.269385 0.928042 0.464122 
1535385889323 0.217317 0.919634 -0.32718 -0.485669 -0.941594 0.285845 0.17803 -0.177135 0.257245 0.269382 0.92804 0.464124 
1535385889381 0.217317 0.919632 -0.327186 -0.48567 -0.941593 0.285846 0.178032 -0.177135 0.257249 0.269387 0.928038 0.464123 
1535385889439 0.217316 0.919631 -0.327189 -0.48567 -0.941592 0.285847 0.178033 -0.177134 0.257251 0.269389 0.928036 0.464122 
1535385889535 0.217316 0.91963 -0.327193 -0.485671 -0.941592 0.285847 0.178031 -0.177135 0.25725 0.269393 0.928035 0.464121 
1535385889580 0.217316 0.919628 -0.327197 -0.485671 -0.941592 0.285848 0.17803 -0.177135 0.25725 0.269398 0.928034 0.464119 
1535385889637 0.217316 0.919627 -0.3272 -0.485671 -0.941593 0.285848 0.178026 -0.177135 0.257247 0.269402 0.928034 0.464117 
1535385889741 0.217316 0.919626 -0.327203 -0.485672 -0.941593 0.285849 0.178027 -0.177135 0.257249 0.269404 0.928033 0.464116 
1535385889765 0.217316 0.919623 -0.327211 -0.485672 -0.941597 0.285846 0.17801 -0.177136 0.257234 0.269416 0.928033 0.464109 
1535385889973 0.217316 0.919623 -0.327212 -0.485672 -0.941597 0.285846 0.178008 -0.177137 0.257232 0.269418 0.928033 0.464108 
1535385890181 0.217312 0.919617 -0.32723 -0.485675 -0.941594 0.28585 0.17802 -0.177135 0.257249 0.269432 0.928025 0.464107 
1535385890417 0.21731 0.919614 -0.327239 -0.485676 -0.941591 0.285854 0.178027 -0.177134 0.257259 0.269438 0.92802 0.464106 
1535385890636 0.217311 0.919613 -0.327242 -0.485676 -0.94159 0.285856 0.17803 -0.177133 0.257263 0.26944 0.928018 0.464106 
1535385890861 0.217312 0.919612 -0.327244 -0.485676 -0.941589 0.285858 0.178031 -0.177133 0.257265 0.269441 0.928017 0.464105 
1535385891080 0.217313 0.919612 -0.327245 -0.485676 -0.941588 0.28586 0.178033 -0.177133 0.257267 0.269441 0.928017 0.464105 
1535385891301 0.217315 0.919611 -0.327246 -0.485676 -0.941588 0.285862 0.178033 -0.177133 0.257268 0.269442 0.928016 0.464105 
1535385891537 0.217317 0.91961 -0.327247 -0.485676 -0.941587 0.285864 0.178032 -0.177133 0.257269 0.269442 0.928016 0.464104 
1535385891768 0.21732 0.919609 -0.327248 -0.485677 -0.941586 0.285867 0.178031 -0.177133 0.257268 0.269443 0.928016 0.464104 
1535385891808 0.21732 0.919609 -0.327248 -0.485677 -0.941586 0.285867 0.178031 -0.177133 0.257268 0.269443 0.928016 0.464104 
