1534191132231 -0.337036 0.899832 -0.276966 -0.572886 -0.930958 -0.274637 0.240605 -0.274769 0.140439 0.338936 0.930268 0.366388 
1534191134969 -0.337034 0.899832 -0.276967 -0.572887 -0.930959 -0.274636 0.240603 -0.27477 0.140437 0.338937 0.930268 0.366387 
1534191135875 -0.290437 0.907194 -0.304376 -0.576579 -0.94538 -0.222842 0.237902 -0.27032 0.147996 0.356847 0.922365 0.370626 
1534191136779 -0.242635 0.911684 -0.331604 -0.580303 -0.957456 -0.169999 0.233191 -0.265802 0.156224 0.374076 0.914145 0.375342 
1534191137685 -0.194595 0.913015 -0.358521 -0.58401 -0.966841 -0.11691 0.227049 -0.261199 0.165384 0.390815 0.90549 0.379934 
1534191138623 -0.146393 0.911249 -0.38496 -0.587764 -0.973584 -0.0637895 0.219239 -0.256531 0.175225 0.406885 0.896516 0.384568 
1534191139565 -0.0978412 0.906527 -0.410654 -0.591492 -0.977598 -0.0102793 0.210228 -0.251969 0.186356 0.422023 0.887225 0.389259 
1534191140535 -0.0496119 0.898753 -0.43564 -0.59525 -0.978912 0.0427866 0.199753 -0.24724 0.198168 0.436364 0.877677 0.393922 
1534191141509 -0.00123942 0.887918 -0.460001 -0.598913 -0.977581 0.0957792 0.187512 -0.242727 0.210554 0.44992 0.867893 0.398575 
1534191142520 0.0465299 0.874211 -0.483312 -0.60267 -0.973513 0.148109 0.174175 -0.238014 0.223848 0.462406 0.857947 0.403271 
1534191143504 0.0933528 0.857656 -0.505679 -0.60764 -0.966799 0.199434 0.15977 -0.234374 0.237877 0.473975 0.847798 0.407497 
1534191143534 0.093345 0.857635 -0.505716 -0.607705 -0.966887 0.19926 0.159454 -0.234256 0.237522 0.474086 0.847836 0.407652 
1534191143878 0.0977546 0.856078 -0.507518 -0.607858 -0.966035 0.204197 0.158366 -0.233894 0.239207 0.474799 0.846963 0.408024 
1534191144225 0.102488 0.854015 -0.510053 -0.608156 -0.965189 0.209417 0.1567 -0.233319 0.240637 0.476238 0.845749 0.408356 
1534191144573 0.107301 0.852098 -0.512265 -0.608362 -0.964316 0.214625 0.155016 -0.232796 0.242033 0.477352 0.844722 0.408915 
1534191144925 0.112025 0.850193 -0.514414 -0.608623 -0.963416 0.219764 0.153407 -0.232151 0.243475 0.478409 0.843709 0.409441 
1534191145417 0.121444 0.846193 -0.518853 -0.609125 -0.961522 0.230063 0.150153 -0.230942 0.246428 0.480653 0.841573 0.41042 
1534191145773 0.126102 0.844224 -0.520946 -0.609393 -0.960617 0.234998 0.148297 -0.230315 0.247617 0.481729 0.840609 0.411035 
1534191146283 0.135831 0.84003 -0.525261 -0.609836 -0.958495 0.245566 0.14486 -0.229302 0.250673 0.483784 0.83852 0.412123 
1534191146310 0.135823 0.83989 -0.525488 -0.609873 -0.958547 0.2455 0.144628 -0.229238 0.250478 0.484061 0.838419 0.412159 
1534191146326 0.135807 0.839851 -0.525554 -0.609889 -0.9586 0.245399 0.144446 -0.229192 0.250284 0.48418 0.838408 0.41219 
1534191146474 0.136654 0.839978 -0.525131 -0.609891 -0.958377 0.246245 0.144486 -0.229117 0.250677 0.483529 0.838666 0.412151 
1534191146660 0.139119 0.840019 -0.524417 -0.610028 -0.957786 0.248675 0.144247 -0.229057 0.25158 0.482212 0.839154 0.411956 
1534191146854 0.141308 0.840095 -0.52371 -0.610072 -0.957417 0.25051 0.143519 -0.229007 0.251764 0.481129 0.83972 0.411916 
1534191146986 0.142378 0.840123 -0.523376 -0.61013 -0.957231 0.251418 0.143173 -0.228955 0.251869 0.480607 0.839987 0.411814 
1534191147116 0.143404 0.840158 -0.523039 -0.610193 -0.957 0.252383 0.143016 -0.22886 0.252162 0.480039 0.840224 0.411783 
1534191147249 0.144268 0.840205 -0.522726 -0.610284 -0.956804 0.253193 0.1429 -0.228679 0.252416 0.47953 0.840439 0.411742 
1534191147275 0.14459 0.840181 -0.522675 -0.61029 -0.956729 0.253508 0.142841 -0.22867 0.252514 0.479405 0.84048 0.411732 
1534191147411 0.144826 0.840277 -0.522455 -0.610294 -0.956705 0.253649 0.142748 -0.228688 0.252468 0.479162 0.840633 0.41168 
1534191147475 0.14435 0.840552 -0.522145 -0.610243 -0.956796 0.253154 0.143018 -0.228731 0.252397 0.478942 0.84078 0.411707 
1534191147581 0.144554 0.840925 -0.521487 -0.610153 -0.95664 0.253454 0.143531 -0.228795 0.252872 0.478128 0.8411 0.411699 
1534191147645 0.144591 0.84128 -0.520905 -0.61008 -0.956564 0.253518 0.143921 -0.228827 0.253137 0.47747 0.841394 0.411605 
1534191147794 0.144504 0.842121 -0.519568 -0.609949 -0.956529 0.253307 0.14453 -0.228845 0.253322 0.476096 0.842117 0.411473 
1534191147876 0.144488 0.842455 -0.51903 -0.609917 -0.956435 0.253382 0.14502 -0.228863 0.253686 0.475465 0.842364 0.411377 
1534191147967 0.144687 0.842756 -0.518486 -0.609885 -0.956362 0.253538 0.145226 -0.228962 0.253846 0.474848 0.842663 0.411292 
1534191148051 0.14471 0.843122 -0.517884 -0.609826 -0.956314 0.253537 0.145543 -0.22902 0.254013 0.474198 0.842979 0.411218 
1534191148068 0.144653 0.843171 -0.51782 -0.609819 -0.956321 0.25348 0.145595 -0.229027 0.254018 0.474142 0.843009 0.411204 
1534191148089 0.144664 0.843246 -0.517696 -0.609805 -0.956308 0.253489 0.145664 -0.229038 0.254061 0.474004 0.843074 0.411184 
1534191148102 0.144687 0.843283 -0.517628 -0.609796 -0.956297 0.25351 0.145698 -0.229046 0.254089 0.473926 0.843109 0.411174 
1534191148214 0.144519 0.84343 -0.517436 -0.60971 -0.95633 0.253319 0.145814 -0.229147 0.254061 0.473767 0.843207 0.411129 
1534191148270 0.143886 0.843115 -0.518126 -0.609686 -0.956471 0.252813 0.145772 -0.229225 0.253892 0.474597 0.842791 0.41117 
1534191148333 0.14366 0.843083 -0.518241 -0.609537 -0.956583 0.252493 0.145589 -0.229465 0.253595 0.474825 0.842752 0.411255 
1534191148381 0.143372 0.843119 -0.518262 -0.609444 -0.956681 0.252148 0.145543 -0.229626 0.253389 0.474944 0.842747 0.411305 
1534191148464 0.143213 0.843127 -0.518292 -0.609344 -0.956732 0.251967 0.145524 -0.229819 0.253288 0.475025 0.842731 0.411382 
1534191148513 0.142853 0.843164 -0.518331 -0.609285 -0.956822 0.251598 0.14557 -0.229913 0.253151 0.475155 0.842699 0.411414 
1534191148572 0.142478 0.843173 -0.51842 -0.609218 -0.956901 0.251248 0.145651 -0.230009 0.253061 0.475325 0.842631 0.411416 
1534191148589 0.142385 0.843181 -0.518433 -0.609202 -0.95692 0.251161 0.145676 -0.230027 0.253041 0.475357 0.842619 0.411422 
1534191148606 0.142318 0.843178 -0.518456 -0.609185 -0.956929 0.251111 0.145708 -0.23005 0.253048 0.475389 0.842599 0.41143 
1534191148656 0.142031 0.843169 -0.518549 -0.609153 -0.956972 0.250881 0.145822 -0.230083 0.253046 0.475526 0.842522 0.411444 
1534191148767 0.141844 0.843014 -0.518852 -0.608963 -0.957025 0.250726 0.145741 -0.230462 0.252951 0.475882 0.842349 0.411456 
1534191148829 0.141327 0.842937 -0.519118 -0.608822 -0.957185 0.250172 0.145638 -0.230665 0.252633 0.476309 0.842203 0.411441 
1534191148928 0.140755 0.842859 -0.5194 -0.608635 -0.957326 0.249625 0.145649 -0.230862 0.252417 0.476734 0.842027 0.411449 
1534191148995 0.140306 0.842769 -0.519668 -0.608517 -0.957434 0.249209 0.145654 -0.231076 0.252258 0.477112 0.841861 0.41145 
1534191149143 0.139604 0.842522 -0.520257 -0.608192 -0.957622 0.24855 0.145545 -0.231659 0.251935 0.47789 0.841516 0.411457 
1534191149196 0.139183 0.842444 -0.520496 -0.608058 -0.957731 0.248142 0.145526 -0.231877 0.251754 0.47824 0.841371 0.411463 
1534191149217 0.139184 0.842417 -0.52054 -0.608029 -0.957725 0.24816 0.145531 -0.231918 0.251776 0.478279 0.841343 0.411468 
1534191149234 0.139162 0.842386 -0.520596 -0.607992 -0.957721 0.248165 0.14555 -0.231967 0.251803 0.478331 0.841306 0.411477 
1534191149405 0.138421 0.842444 -0.520699 -0.607464 -0.957748 0.247703 0.146157 -0.232212 0.252108 0.478467 0.841136 0.411533 
1534191149461 0.138169 0.842432 -0.520786 -0.607158 -0.957678 0.247705 0.14661 -0.23229 0.25251 0.478489 0.841004 0.411481 
1534191149616 0.137551 0.842349 -0.521083 -0.606536 -0.957637 0.247476 0.147265 -0.232572 0.253004 0.478751 0.840706 0.411467 
1534191149686 0.137268 0.842279 -0.521271 -0.606266 -0.957613 0.247389 0.147564 -0.232724 0.253247 0.47892 0.840537 0.411401 
1534191149804 0.13651 0.842289 -0.521454 -0.605941 -0.95762 0.246968 0.148227 -0.23278 0.253632 0.47912 0.840306 0.411369 
1534191149873 0.136233 0.842331 -0.521459 -0.605624 -0.957582 0.246879 0.14862 -0.232892 0.253925 0.479093 0.840234 0.411405 
1534191149889 0.136308 0.842277 -0.521526 -0.605598 -0.957547 0.247 0.148642 -0.232956 0.254014 0.479124 0.840188 0.41139 
1534191149906 0.136359 0.842235 -0.52158 -0.605574 -0.957519 0.247092 0.14867 -0.233007 0.254093 0.47915 0.84015 0.411377 
1534191149962 0.136262 0.84221 -0.521647 -0.605428 -0.957477 0.247126 0.148883 -0.233094 0.254303 0.479178 0.840071 0.411391 
1534191150045 0.135712 0.842405 -0.521476 -0.605222 -0.957547 0.246642 0.149233 -0.233028 0.254333 0.479085 0.840115 0.411445 
1534191150128 0.134996 0.842688 -0.521203 -0.604959 -0.95763 0.246019 0.149732 -0.232907 0.254403 0.478907 0.840195 0.411459 
1534191150267 0.134344 0.842831 -0.521141 -0.604446 -0.95763 0.245625 0.150379 -0.233081 0.254749 0.478858 0.840118 0.411304 
1534191150339 0.133514 0.843076 -0.520957 -0.604183 -0.957687 0.244996 0.151041 -0.232967 0.254971 0.478748 0.840113 0.411362 
1534191150406 0.133245 0.843156 -0.520896 -0.603953 -0.957659 0.244878 0.151407 -0.233053 0.255216 0.478667 0.840085 0.411381 
1534191150483 0.133018 0.843221 -0.52085 -0.603649 -0.957638 0.244775 0.151706 -0.233219 0.255413 0.478606 0.84006 0.411398 
1534191150503 0.132916 0.843267 -0.520801 -0.603547 -0.957639 0.244704 0.151814 -0.233237 0.255462 0.47856 0.840071 0.411415 
1534191150520 0.132795 0.843311 -0.52076 -0.603485 -0.957649 0.244607 0.15191 -0.233223 0.255489 0.478532 0.840079 0.411422 
1534191150538 0.132579 0.843376 -0.520711 -0.603415 -0.957666 0.244436 0.152072 -0.23317 0.255535 0.478506 0.84008 0.411424 
1534191150694 0.13256 0.843329 -0.520792 -0.603257 -0.957676 0.244422 0.152035 -0.23331 0.255509 0.478597 0.840036 0.411429 
1534191150740 0.132148 0.843356 -0.520852 -0.60309 -0.957725 0.244097 0.152249 -0.23322 0.255539 0.478714 0.83996 0.411505 
1534191150878 0.131411 0.843468 -0.520858 -0.602603 -0.95783 0.243464 0.152602 -0.2333 0.255525 0.47884 0.839893 0.411598 
1534191150919 0.130863 0.843591 -0.520797 -0.602424 -0.957901 0.242992 0.152904 -0.233172 0.255538 0.478863 0.839875 0.411633 
1534191151018 0.130666 0.843452 -0.52107 -0.602153 -0.957904 0.24292 0.153004 -0.233377 0.25563 0.479143 0.839688 0.411612 
1534191151068 0.13036 0.843532 -0.521018 -0.601933 -0.957935 0.242668 0.153205 -0.23336 0.255668 0.47913 0.839684 0.411651 
1534191151093 0.130184 0.843569 -0.521003 -0.60186 -0.957954 0.242526 0.153313 -0.233323 0.255687 0.479138 0.839673 0.411663 
1534191151110 0.130056 0.843578 -0.521019 -0.60183 -0.957967 0.242429 0.153389 -0.233298 0.255706 0.47917 0.839649 0.411663 
1534191151127 0.129962 0.843581 -0.521039 -0.601808 -0.957974 0.242363 0.153447 -0.233285 0.255725 0.479199 0.839626 0.411658 
1534191151252 0.12963 0.843557 -0.521159 -0.601579 -0.95798 0.242175 0.153706 -0.233313 0.255872 0.479335 0.839504 0.411672 
1534191151303 0.129369 0.843508 -0.521303 -0.601376 -0.958015 0.241979 0.153796 -0.233416 0.255873 0.47952 0.839398 0.411702 
1534191151354 0.129058 0.843468 -0.521446 -0.601195 -0.958097 0.241666 0.153779 -0.233486 0.255724 0.47975 0.839313 0.411751 
1534191151469 0.128518 0.843539 -0.521464 -0.600826 -0.958141 0.241264 0.154137 -0.233523 0.255832 0.479827 0.839236 0.411895 
1534191151527 0.128173 0.843498 -0.521616 -0.600656 -0.958149 0.24107 0.154391 -0.233544 0.255975 0.479997 0.839095 0.411943 
1534191151547 0.128072 0.843474 -0.52168 -0.600608 -0.958147 0.241025 0.154474 -0.233546 0.256033 0.480062 0.83904 0.411953 
1534191151565 0.127947 0.843456 -0.521738 -0.600565 -0.95815 0.240954 0.154564 -0.233537 0.256083 0.480128 0.838987 0.411962 
1534191151581 0.127838 0.843456 -0.521766 -0.600527 -0.958157 0.24088 0.154634 -0.233526 0.25611 0.480166 0.838957 0.411971 
1534191151607 0.127716 0.843488 -0.521744 -0.600464 -0.95817 0.240778 0.15471 -0.233513 0.256121 0.480161 0.838956 0.411987 
1534191151622 0.127633 0.843512 -0.521725 -0.600413 -0.958179 0.240709 0.154767 -0.233505 0.256132 0.480152 0.838958 0.412001 
1534191151745 0.127713 0.843452 -0.521803 -0.600291 -0.95825 0.240637 0.154435 -0.233576 0.255823 0.480294 0.838971 0.411985 
1534191151768 0.127534 0.843501 -0.521767 -0.600179 -0.958293 0.240443 0.154473 -0.233522 0.255754 0.480305 0.838986 0.412017 
1534191151805 0.127415 0.843539 -0.521735 -0.600049 -0.95833 0.240296 0.154473 -0.233512 0.255675 0.480312 0.839006 0.412052 
1534191151880 0.127326 0.843499 -0.521822 -0.599893 -0.958386 0.240153 0.154347 -0.233586 0.255509 0.480454 0.838975 0.412066 
1534191151910 0.127185 0.843527 -0.521811 -0.599768 -0.958416 0.240011 0.154385 -0.233576 0.255468 0.480477 0.838975 0.412098 
1534191151927 0.127088 0.84354 -0.521813 -0.599705 -0.958434 0.239919 0.154415 -0.233568 0.255448 0.480499 0.838968 0.412116 
1534191151944 0.126989 0.843553 -0.521816 -0.599643 -0.958453 0.239823 0.154442 -0.233557 0.255423 0.480524 0.838961 0.412133 
1534191151965 0.126922 0.843531 -0.521867 -0.599595 -0.958465 0.23977 0.154451 -0.233561 0.255413 0.480588 0.838927 0.412139 
1534191152054 0.126921 0.843543 -0.521848 -0.599479 -0.958486 0.239727 0.154389 -0.233676 0.255335 0.480589 0.838951 0.412146 
1534191152073 0.126886 0.843711 -0.521586 -0.599442 -0.95847 0.239688 0.15455 -0.233642 0.255413 0.480314 0.839084 0.412137 
1534191152095 0.126769 0.843861 -0.521371 -0.599412 -0.958449 0.239617 0.154789 -0.233592 0.25555 0.480085 0.839174 0.412089 
1534191152121 0.126549 0.843909 -0.521347 -0.599403 -0.958413 0.239548 0.155118 -0.233531 0.255793 0.480036 0.839128 0.412004 
1534191152162 0.126267 0.843916 -0.521404 -0.599357 -0.958405 0.239403 0.155391 -0.233537 0.255963 0.480096 0.839042 0.411924 
1534191152191 0.126173 0.843958 -0.521359 -0.599269 -0.958407 0.239335 0.155485 -0.233631 0.256002 0.480056 0.839052 0.411925 
1534191152211 0.126162 0.844001 -0.521293 -0.599196 -0.958392 0.239344 0.155562 -0.233695 0.256062 0.479977 0.83908 0.411934 
1534191152228 0.126147 0.844064 -0.521193 -0.599124 -0.958357 0.239382 0.15572 -0.233717 0.256203 0.479845 0.839112 0.411945 
1534191152248 0.126078 0.844142 -0.521084 -0.599051 -0.958325 0.239379 0.155918 -0.233712 0.256353 0.47971 0.839143 0.411953 
1534191152349 0.125845 0.844226 -0.521004 -0.5989 -0.958348 0.239181 0.156082 -0.233704 0.256383 0.479661 0.839162 0.411933 
1534191152363 0.125794 0.844186 -0.521082 -0.598917 -0.958411 0.239047 0.155901 -0.233711 0.256172 0.479799 0.839148 0.41193 
1534191152379 0.125842 0.844062 -0.521271 -0.598948 -0.958448 0.23904 0.15568 -0.233723 0.256008 0.48002 0.839071 0.411914 
1534191152438 0.12585 0.843854 -0.521605 -0.598969 -0.958541 0.238934 0.155276 -0.233646 0.255659 0.480438 0.838939 0.41185 
1534191152472 0.125699 0.843949 -0.521488 -0.598906 -0.958595 0.238719 0.15527 -0.233533 0.255529 0.480378 0.839012 0.411865 
1534191152499 0.125554 0.844006 -0.521431 -0.598847 -0.958649 0.238519 0.155244 -0.233484 0.255397 0.480378 0.839053 0.411867 
1534191152520 0.125506 0.844027 -0.521408 -0.598791 -0.958683 0.238422 0.155183 -0.233486 0.255293 0.480389 0.839078 0.411864 
1534191152536 0.125495 0.844033 -0.521401 -0.59874 -0.958709 0.238365 0.155111 -0.233507 0.255203 0.480407 0.839095 0.411856 
1534191152553 0.125477 0.844039 -0.521396 -0.598689 -0.958734 0.238307 0.155047 -0.233523 0.255118 0.480425 0.839111 0.411848 
1534191152570 0.125445 0.844029 -0.521419 -0.598646 -0.958748 0.238265 0.155023 -0.233532 0.25508 0.480463 0.839101 0.411847 
1534191152586 0.125418 0.844023 -0.521436 -0.598615 -0.958753 0.238242 0.155026 -0.233536 0.255073 0.480486 0.839089 0.411854 
1534191152603 0.125399 0.844015 -0.521454 -0.598578 -0.958757 0.238226 0.155025 -0.233547 0.255068 0.480508 0.839078 0.411864 
1534191152646 0.12538 0.843975 -0.521523 -0.598554 -0.958772 0.2382 0.154977 -0.233566 0.255024 0.48059 0.839045 0.411873 
1534191152733 0.125293 0.843673 -0.522033 -0.59863 -0.958813 0.238163 0.154778 -0.2335 0.254911 0.481139 0.838764 0.411841 
1534191152755 0.125114 0.843653 -0.522108 -0.598576 -0.958856 0.237987 0.154781 -0.233432 0.254836 0.481261 0.838717 0.411863 
1534191152769 0.124983 0.843659 -0.522129 -0.598514 -0.958895 0.237838 0.154767 -0.233389 0.254752 0.481324 0.838706 0.411895 
1534191152796 0.124856 0.843673 -0.522138 -0.598425 -0.958958 0.237645 0.154677 -0.23338 0.25458 0.481396 0.838718 0.411946 
1534191152812 0.124865 0.84365 -0.522172 -0.598379 -0.958993 0.237589 0.154543 -0.233424 0.254442 0.481462 0.838721 0.41196 
1534191152829 0.124918 0.843612 -0.522221 -0.598347 -0.959013 0.237593 0.154413 -0.233482 0.254341 0.481528 0.838714 0.411961 
1534191152846 0.125013 0.843552 -0.522294 -0.59831 -0.959018 0.237654 0.154288 -0.233558 0.254275 0.481602 0.838692 0.411955 
1534191152863 0.125041 0.843511 -0.522354 -0.598287 -0.95903 0.237658 0.154205 -0.233592 0.254215 0.481672 0.83867 0.411952 
1534191152879 0.125015 0.843489 -0.522397 -0.59828 -0.959046 0.237621 0.154165 -0.233592 0.254168 0.48173 0.838651 0.411951 
1534191152896 0.124973 0.843481 -0.522418 -0.598278 -0.959062 0.23757 0.154146 -0.233576 0.25413 0.481767 0.838641 0.411949 
1534191152931 0.124833 0.843528 -0.522377 -0.598302 -0.95912 0.237367 0.154095 -0.233479 0.253978 0.481786 0.838676 0.411941 
1534191152973 0.124877 0.843582 -0.522279 -0.598303 -0.959171 0.237279 0.153913 -0.233374 0.253764 0.481735 0.83877 0.411937 
1534191152999 0.124828 0.843644 -0.52219 -0.598247 -0.95925 0.237084 0.153723 -0.233306 0.25349 0.481722 0.83886 0.411949 
1534191153016 0.1248 0.843677 -0.522144 -0.598196 -0.959315 0.236935 0.153548 -0.233288 0.253259 0.481737 0.838921 0.411967 
1534191153034 0.124816 0.843703 -0.522098 -0.598138 -0.959369 0.236833 0.153366 -0.233297 0.253045 0.481742 0.838983 0.411986 
1534191153166 0.124626 0.843595 -0.522317 -0.597992 -0.959484 0.236538 0.153099 -0.233366 0.252702 0.482075 0.838895 0.411933 
1534191153186 0.124386 0.843635 -0.52231 -0.598002 -0.959445 0.236469 0.153455 -0.233345 0.25297 0.48204 0.838835 0.411947 
1534191153213 0.124228 0.843657 -0.522313 -0.598023 -0.959363 0.236529 0.153874 -0.233345 0.253359 0.481972 0.838757 0.411964 
1534191153288 0.124246 0.843762 -0.522138 -0.597978 -0.959246 0.236729 0.154291 -0.23343 0.25379 0.481689 0.838788 0.412009 
1534191153321 0.124034 0.843825 -0.522087 -0.597832 -0.959291 0.236507 0.154353 -0.233519 0.253724 0.481689 0.838809 0.41205 
1534191153351 0.12367 0.843898 -0.522056 -0.597712 -0.959363 0.236145 0.154463 -0.233556 0.253632 0.481739 0.838808 0.412077 
1534191153412 0.123565 0.843801 -0.522236 -0.597516 -0.959313 0.236209 0.154672 -0.233715 0.253869 0.481876 0.838657 0.412112 
1534191153441 0.123349 0.8438 -0.52229 -0.597437 -0.959331 0.236054 0.154798 -0.233784 0.253907 0.481955 0.838601 0.412115 
1534191153465 0.123131 0.843812 -0.522322 -0.597388 -0.959346 0.235899 0.154941 -0.233795 0.253956 0.482009 0.838554 0.412104 
1534191153482 0.122999 0.843823 -0.522334 -0.597361 -0.959355 0.235804 0.15503 -0.233797 0.253987 0.482036 0.83853 0.412095 
1534191153499 0.122848 0.843843 -0.522339 -0.597331 -0.959363 0.235698 0.15514 -0.233793 0.254028 0.482054 0.838507 0.412088 
1534191153559 0.122481 0.843902 -0.52233 -0.597247 -0.959375 0.235451 0.155442 -0.233748 0.254161 0.482071 0.838457 0.41208 
1534191153632 0.122619 0.84394 -0.522236 -0.597041 -0.95939 0.235489 0.155293 -0.23389 0.254039 0.481986 0.838543 0.41216 
1534191153673 0.122658 0.843896 -0.522298 -0.596847 -0.959414 0.235479 0.155161 -0.23402 0.25393 0.482068 0.838528 0.41219 
1534191153728 0.122566 0.843896 -0.522318 -0.596634 -0.959448 0.235362 0.155127 -0.23417 0.253845 0.482124 0.838522 0.412239 
1534191153807 0.121942 0.844005 -0.522289 -0.596443 -0.959535 0.234813 0.155423 -0.234076 0.253818 0.482201 0.838486 0.412251 
1534191153850 0.121745 0.844012 -0.522323 -0.596251 -0.959554 0.234662 0.15553 -0.234153 0.253838 0.482263 0.838444 0.412233 
1534191153895 0.121613 0.843995 -0.522383 -0.596084 -0.959577 0.23455 0.155561 -0.234268 0.253817 0.482348 0.838402 0.412215 
1534191153912 0.121568 0.84398 -0.522417 -0.59604 -0.959583 0.234516 0.15557 -0.234302 0.253813 0.48239 0.838379 0.412205 
1534191153928 0.121542 0.843957 -0.52246 -0.596008 -0.959587 0.234502 0.15557 -0.234337 0.253812 0.482437 0.838352 0.412194 
1534191153945 0.121493 0.843936 -0.522506 -0.595965 -0.959596 0.234463 0.155573 -0.234378 0.253802 0.482493 0.838323 0.412182 
1534191153975 0.121368 0.843923 -0.522555 -0.59587 -0.959618 0.234355 0.155601 -0.234433 0.253779 0.482568 0.838287 0.412172 
1534191154058 0.120821 0.844104 -0.52239 -0.595667 -0.959635 0.233957 0.15609 -0.234344 0.253973 0.482445 0.838299 0.412233 
1534191154118 0.120361 0.844145 -0.522429 -0.595516 -0.959502 0.233937 0.15694 -0.234327 0.254696 0.482382 0.838115 0.412296 
1534191154168 0.120247 0.844081 -0.522559 -0.595356 -0.959373 0.234135 0.157431 -0.234433 0.255233 0.482398 0.837943 0.412312 
1534191154208 0.119966 0.844098 -0.522597 -0.595206 -0.959366 0.233982 0.157698 -0.234527 0.255391 0.482443 0.837869 0.412343 
1534191154269 0.119534 0.844163 -0.52259 -0.595037 -0.959375 0.233698 0.158063 -0.234532 0.255559 0.482466 0.837804 0.412358 
1534191154330 0.118945 0.844263 -0.522563 -0.594815 -0.959365 0.233351 0.158637 -0.234483 0.255872 0.48246 0.837712 0.412388 
1534191154354 0.118799 0.844273 -0.522581 -0.594727 -0.959338 0.233315 0.158853 -0.2345 0.256042 0.48246 0.83766 0.412405 
1534191154370 0.118687 0.844282 -0.522591 -0.594653 -0.959312 0.233298 0.159037 -0.234516 0.256192 0.482452 0.837619 0.412426 
1534191154388 0.118617 0.844286 -0.5226 -0.5946 -0.959287 0.233304 0.15918 -0.234526 0.256318 0.482442 0.837586 0.412443 
1534191154404 0.118513 0.844286 -0.522625 -0.594549 -0.959262 0.23329 0.159346 -0.234546 0.256457 0.48245 0.837539 0.412457 
1534191154420 0.118443 0.844273 -0.522661 -0.594518 -0.959252 0.233273 0.159433 -0.234575 0.256528 0.48248 0.8375 0.412457 
1534191154507 0.118699 0.844281 -0.52259 -0.594524 -0.959308 0.233312 0.159039 -0.234523 0.2562 0.482447 0.837619 0.412391 
1534191154541 0.118581 0.844336 -0.522527 -0.594469 -0.959411 0.233033 0.158825 -0.234388 0.255867 0.482485 0.837699 0.412353 
1534191154569 0.118447 0.84443 -0.522407 -0.594384 -0.959486 0.232786 0.158734 -0.234305 0.255649 0.482441 0.837791 0.412378 
1534191154601 0.118463 0.844489 -0.522307 -0.594274 -0.95954 0.232676 0.158569 -0.234319 0.255438 0.48239 0.837885 0.412409 
1534191154666 0.118733 0.844533 -0.522175 -0.594087 -0.959519 0.232857 0.15843 -0.234444 0.255392 0.482226 0.837994 0.41248 
1534191154686 0.118753 0.844562 -0.522123 -0.594022 -0.95952 0.232858 0.158424 -0.234453 0.255379 0.482174 0.838027 0.412501 
1534191154703 0.118724 0.8446 -0.522069 -0.593965 -0.959528 0.232816 0.158441 -0.234438 0.255365 0.482129 0.838058 0.412519 
1534191154724 0.118671 0.84464 -0.522016 -0.593915 -0.959538 0.232753 0.158468 -0.234412 0.255349 0.482088 0.838086 0.412535 
1534191154741 0.118571 0.8447 -0.521941 -0.593844 -0.959557 0.232642 0.158519 -0.234362 0.255327 0.482036 0.838123 0.412555 
1534191154760 0.118495 0.844736 -0.5219 -0.593803 -0.95957 0.232563 0.158554 -0.234327 0.255311 0.482012 0.838141 0.412562 
1534191154777 0.118497 0.844737 -0.521899 -0.593788 -0.959575 0.232555 0.158539 -0.234329 0.255294 0.482015 0.838145 0.412556 
1534191154794 0.118592 0.844696 -0.521943 -0.593806 -0.959566 0.232638 0.158469 -0.234375 0.255282 0.482046 0.838131 0.412538 
1534191154811 0.11872 0.844639 -0.522007 -0.593835 -0.959553 0.232754 0.158379 -0.234434 0.255272 0.48209 0.838108 0.412512 
1534191154828 0.118836 0.844581 -0.522073 -0.593875 -0.959541 0.23286 0.158293 -0.234483 0.255261 0.48214 0.838083 0.412482 
1534191154852 0.118983 0.844507 -0.522159 -0.593942 -0.959529 0.23299 0.158179 -0.234523 0.255241 0.482206 0.838051 0.412432 
1534191154869 0.118983 0.844515 -0.522147 -0.593967 -0.959537 0.232972 0.158154 -0.234493 0.255209 0.482202 0.838063 0.412411 
1534191154886 0.118931 0.844543 -0.522113 -0.593965 -0.959548 0.232912 0.158174 -0.234444 0.255191 0.482181 0.838081 0.412404 
1534191154901 0.118805 0.844623 -0.522013 -0.593936 -0.959572 0.232772 0.158238 -0.234334 0.255161 0.482109 0.838131 0.412404 
1534191154918 0.118708 0.84474 -0.521845 -0.59389 -0.959607 0.232614 0.158256 -0.234244 0.255074 0.48198 0.838232 0.412408 
1534191154934 0.118551 0.844895 -0.52163 -0.593825 -0.959662 0.232373 0.158277 -0.234117 0.25494 0.481825 0.838362 0.412404 
1534191154957 0.118405 0.844997 -0.521498 -0.59377 -0.95971 0.232168 0.158287 -0.234016 0.254827 0.481745 0.838442 0.412385 
1534191154973 0.118379 0.845006 -0.52149 -0.593751 -0.959731 0.23211 0.158243 -0.234007 0.254759 0.481758 0.838455 0.412362 
1534191154990 0.118446 0.84498 -0.521516 -0.593751 -0.959729 0.232161 0.158183 -0.234051 0.254738 0.481778 0.83845 0.412353 
1534191155007 0.118585 0.844939 -0.521551 -0.593752 -0.959711 0.232286 0.158105 -0.234126 0.254738 0.48179 0.838443 0.412352 
1534191155033 0.118853 0.844884 -0.521579 -0.593746 -0.95968 0.232515 0.157958 -0.234268 0.254731 0.481775 0.838454 0.412371 
1534191155050 0.118996 0.844879 -0.521555 -0.593732 -0.959673 0.232611 0.157858 -0.234342 0.254691 0.481738 0.838487 0.412398 
1534191155067 0.11909 0.844907 -0.521487 -0.593711 -0.959674 0.232656 0.15779 -0.234382 0.254645 0.481666 0.838542 0.412429 
1534191155083 0.119243 0.844989 -0.52132 -0.59367 -0.959668 0.23273 0.157715 -0.234402 0.254594 0.481487 0.838661 0.412468 
1534191155101 0.119387 0.845077 -0.521144 -0.593623 -0.959664 0.232793 0.157648 -0.2344 0.254543 0.481302 0.838782 0.412498 
1534191155117 0.119452 0.845147 -0.521017 -0.593585 -0.959671 0.232796 0.157601 -0.234383 0.254486 0.481179 0.83887 0.41251 
1534191155133 0.119433 0.845188 -0.520955 -0.593568 -0.959687 0.232743 0.157583 -0.234346 0.254435 0.481133 0.838912 0.412503 
1534191155155 0.119245 0.845217 -0.52095 -0.593575 -0.959735 0.232536 0.157596 -0.234257 0.254342 0.481181 0.838913 0.412469 
1534191155209 0.118909 0.845221 -0.52102 -0.593648 -0.959849 0.232126 0.157505 -0.234009 0.254069 0.481372 0.838886 0.412293 
1534191155223 0.11894 0.845197 -0.521052 -0.593661 -0.959866 0.232119 0.157412 -0.233977 0.25399 0.481417 0.838884 0.412238 
1534191155240 0.118969 0.845167 -0.521094 -0.593675 -0.959894 0.232091 0.15728 -0.233941 0.25387 0.481484 0.838882 0.412167 
1534191155260 0.119014 0.845165 -0.521087 -0.593682 -0.959928 0.232053 0.15713 -0.233896 0.253721 0.481506 0.838915 0.412099 
1534191155370 0.118796 0.845367 -0.520809 -0.593636 -0.960041 0.231652 0.157029 -0.233846 0.253394 0.481343 0.839107 0.412176 
1534191155383 0.118637 0.845293 -0.520966 -0.593636 -0.960011 0.23164 0.157229 -0.233876 0.253581 0.48148 0.838972 0.412233 
1534191155400 0.118518 0.845194 -0.521154 -0.593631 -0.959929 0.231759 0.157557 -0.233914 0.253948 0.481597 0.838794 0.412311 
1534191155417 0.118453 0.845109 -0.521305 -0.593629 -0.959836 0.231922 0.157881 -0.233933 0.254329 0.481666 0.838638 0.412363 
1534191155433 0.118415 0.845065 -0.521386 -0.593623 -0.959749 0.23208 0.158182 -0.233943 0.254677 0.481669 0.838531 0.412411 
1534191155450 0.11839 0.845061 -0.521398 -0.593614 -0.959711 0.232137 0.158324 -0.23395 0.254829 0.481648 0.838497 0.412431 
1534191155470 0.11837 0.845041 -0.521435 -0.593603 -0.959688 0.232177 0.15841 -0.233969 0.254928 0.481664 0.838458 0.412438 
1534191155487 0.118343 0.845 -0.521507 -0.5936 -0.959679 0.23219 0.158443 -0.23399 0.254973 0.481729 0.838407 0.412427 
1534191155503 0.118282 0.844937 -0.521623 -0.593597 -0.959673 0.232186 0.158486 -0.234014 0.255024 0.481842 0.838327 0.412406 
1534191155520 0.118223 0.844864 -0.521754 -0.593598 -0.959659 0.232199 0.158549 -0.234032 0.255103 0.481962 0.838233 0.412396 
1534191155537 0.11816 0.844792 -0.521886 -0.593598 -0.959645 0.232213 0.158617 -0.234051 0.255187 0.482083 0.838138 0.412391 
1534191155553 0.118101 0.844746 -0.521974 -0.593599 -0.959636 0.232209 0.158674 -0.234062 0.255246 0.482165 0.838073 0.412391 
1534191155570 0.118069 0.844729 -0.522009 -0.593604 -0.959632 0.232203 0.158706 -0.234059 0.255276 0.482198 0.838045 0.412393 
1534191155587 0.118049 0.844723 -0.522022 -0.593608 -0.959629 0.2322 0.158731 -0.234049 0.255297 0.48221 0.838032 0.412397 
1534191155609 0.118075 0.844755 -0.521965 -0.593618 -0.959624 0.232214 0.158738 -0.234012 0.255302 0.482147 0.838066 0.412426 
1534191155620 0.11809 0.844792 -0.521902 -0.593624 -0.959649 0.232164 0.158661 -0.233997 0.255202 0.482107 0.83812 0.41245 
1534191155640 0.118233 0.844801 -0.521855 -0.593635 -0.959683 0.23218 0.158434 -0.233988 0.25501 0.482083 0.838192 0.412466 
1534191155657 0.118379 0.844794 -0.521833 -0.593648 -0.959719 0.232198 0.15819 -0.233977 0.254807 0.482086 0.838252 0.412472 
1534191155677 0.118461 0.844786 -0.521827 -0.593662 -0.959766 0.232159 0.157964 -0.233967 0.254592 0.482119 0.838298 0.412466 
1534191155693 0.118519 0.844776 -0.521831 -0.593664 -0.959797 0.232135 0.157807 -0.233977 0.254447 0.482148 0.838326 0.41246 
1534191155710 0.118589 0.844768 -0.521827 -0.593659 -0.95982 0.232133 0.157667 -0.233998 0.254325 0.482163 0.838354 0.412458 
1534191155727 0.118639 0.844758 -0.521832 -0.593653 -0.959829 0.232149 0.157592 -0.234019 0.25427 0.482173 0.838365 0.412453 
1534191155743 0.118658 0.844751 -0.521839 -0.593644 -0.959829 0.232163 0.157573 -0.234039 0.254261 0.482179 0.838364 0.412453 
1534191155760 0.118643 0.844756 -0.521835 -0.593636 -0.959829 0.232152 0.157586 -0.234055 0.254267 0.482176 0.838364 0.412456 
1534191155777 0.118656 0.844764 -0.521818 -0.59363 -0.959803 0.232205 0.157666 -0.234053 0.254359 0.482135 0.83836 0.412459 
1534191155793 0.11857 0.844786 -0.521803 -0.593627 -0.959792 0.232171 0.157784 -0.234039 0.254441 0.482114 0.838347 0.412451 
1534191155817 0.118469 0.844819 -0.521772 -0.593623 -0.959792 0.232104 0.157885 -0.234025 0.254489 0.482088 0.838348 0.412437 
1534191155833 0.118464 0.844838 -0.521743 -0.59362 -0.959799 0.232082 0.157875 -0.234029 0.254466 0.482065 0.838368 0.412433 
1534191155850 0.11851 0.844828 -0.521747 -0.593624 -0.959818 0.232074 0.157767 -0.234046 0.25437 0.482086 0.838385 0.412409 
1534191155867 0.11859 0.844861 -0.521677 -0.593622 -0.959875 0.232002 0.157527 -0.234063 0.254118 0.482063 0.838474 0.412358 
1534191155883 0.11868 0.84486 -0.521657 -0.593629 -0.959951 0.231911 0.157201 -0.234081 0.253791 0.482109 0.838547 0.412284 
1534191155901 0.118815 0.844849 -0.521645 -0.593639 -0.960006 0.231886 0.156899 -0.234087 0.253518 0.482141 0.838611 0.412225 
1534191155917 0.118889 0.844848 -0.52163 -0.593648 -0.960057 0.231832 0.156668 -0.234088 0.253291 0.482168 0.838664 0.412198 
1534191155933 0.118926 0.84485 -0.521619 -0.593651 -0.960078 0.231812 0.156567 -0.234089 0.253193 0.482175 0.83869 0.412201 
1534191155950 0.118989 0.844852 -0.5216 -0.593651 -0.960061 0.231881 0.156572 -0.234088 0.253229 0.482137 0.838701 0.412233 
1534191155985 0.119101 0.844728 -0.521776 -0.593676 -0.959979 0.232137 0.156691 -0.234077 0.253485 0.482232 0.838569 0.412285 
1534191155998 0.11919 0.844665 -0.521858 -0.593685 -0.959934 0.232293 0.156738 -0.234068 0.253614 0.482267 0.838509 0.412316 
1534191156015 0.11926 0.844618 -0.521917 -0.593689 -0.95992 0.232374 0.156705 -0.234069 0.253636 0.48231 0.838479 0.412339 
1534191156032 0.119335 0.84455 -0.52201 -0.593692 -0.959923 0.232431 0.1566 -0.234066 0.253587 0.482402 0.83844 0.41237 
1534191156052 0.119436 0.844523 -0.522031 -0.593682 -0.959949 0.232448 0.156418 -0.234062 0.253443 0.482441 0.838461 0.412406 
1534191156069 0.119454 0.844534 -0.522008 -0.593671 -0.95999 0.232376 0.156272 -0.234063 0.253279 0.482455 0.838502 0.412422 
1534191156128 0.119412 0.844562 -0.521972 -0.593666 -0.96006 0.232211 0.156088 -0.234045 0.253034 0.482486 0.838559 0.412322 
1534191156142 0.119506 0.844661 -0.521791 -0.593654 -0.960048 0.232258 0.156091 -0.234051 0.253034 0.48229 0.838672 0.412309 
1534191156159 0.119537 0.844808 -0.521547 -0.593637 -0.960062 0.232204 0.156084 -0.234068 0.252966 0.48206 0.838825 0.412289 
1534191156175 0.119536 0.844895 -0.521406 -0.593637 -0.960079 0.232145 0.156068 -0.234095 0.252903 0.481935 0.838915 0.412253 
1534191156192 0.119547 0.844944 -0.521323 -0.593642 -0.960096 0.232104 0.156022 -0.234122 0.252831 0.481869 0.838975 0.412215 
1534191156212 0.119578 0.844948 -0.52131 -0.593655 -0.96012 0.232074 0.155918 -0.23415 0.252725 0.481876 0.839003 0.412174 
1534191156228 0.119631 0.84494 -0.521311 -0.593666 -0.960136 0.232077 0.155816 -0.234171 0.25264 0.481889 0.839021 0.41214 
1534191156245 0.119682 0.844937 -0.521304 -0.593677 -0.960148 0.232084 0.155733 -0.234186 0.252571 0.481891 0.839041 0.412112 
1534191156262 0.119714 0.844946 -0.521283 -0.593692 -0.960166 0.232066 0.155652 -0.234188 0.252489 0.481884 0.839069 0.412083 
1534191156278 0.119784 0.844958 -0.521246 -0.593708 -0.96017 0.232094 0.155582 -0.234169 0.252438 0.481849 0.839105 0.412051 
1534191156295 0.119814 0.844973 -0.521215 -0.593715 -0.96017 0.232106 0.155563 -0.234134 0.252424 0.481816 0.839128 0.412031 
1534191156312 0.11981 0.844991 -0.521188 -0.593721 -0.960175 0.23209 0.15556 -0.234099 0.252409 0.481794 0.839145 0.412018 
1534191156329 0.119784 0.845002 -0.521175 -0.593724 -0.96018 0.232063 0.15557 -0.234078 0.252402 0.481787 0.839151 0.412013 
1534191156345 0.119754 0.845006 -0.521175 -0.593716 -0.960173 0.232058 0.15562 -0.234079 0.252443 0.481782 0.839142 0.412027 
1534191156362 0.119747 0.845 -0.521187 -0.5937 -0.960143 0.232113 0.155724 -0.234092 0.252561 0.481766 0.839115 0.412057 
1534191156378 0.119684 0.845023 -0.521164 -0.593676 -0.960119 0.232115 0.155867 -0.234117 0.252681 0.481724 0.839103 0.412102 
1534191156395 0.119608 0.845032 -0.521166 -0.593648 -0.960045 0.23221 0.15618 -0.234135 0.252997 0.481663 0.839043 0.412134 
1534191156412 0.119544 0.844989 -0.521251 -0.59364 -0.959973 0.232323 0.156452 -0.234145 0.253299 0.481684 0.83894 0.412144 
1534191156428 0.119455 0.84495 -0.521335 -0.593637 -0.959911 0.232401 0.156716 -0.234144 0.253576 0.481715 0.838838 0.412148 
1534191156445 0.119443 0.844914 -0.521395 -0.593635 -0.959838 0.232545 0.156953 -0.234136 0.25386 0.481708 0.838757 0.412143 
1534191156462 0.119466 0.844897 -0.521418 -0.593632 -0.959811 0.232613 0.157013 -0.234136 0.253949 0.481705 0.838731 0.412128 
1534191156478 0.119471 0.844879 -0.521446 -0.593635 -0.959818 0.232608 0.156979 -0.234139 0.253921 0.481739 0.83872 0.412097 
1534191156498 0.119487 0.844871 -0.521455 -0.593643 -0.959846 0.232566 0.156868 -0.234133 0.253806 0.481773 0.838735 0.412067 
1534191156515 0.119629 0.844847 -0.521462 -0.593655 -0.959882 0.232588 0.15662 -0.23413 0.253606 0.481806 0.838777 0.412032 
1534191156536 0.119796 0.844904 -0.521331 -0.593666 -0.95997 0.232499 0.156212 -0.234119 0.253193 0.481749 0.838935 0.412013 
1534191156552 0.119828 0.844949 -0.521251 -0.593673 -0.960032 0.232384 0.155998 -0.234107 0.252941 0.481725 0.839025 0.412002 
1534191156568 0.119808 0.844997 -0.521178 -0.593681 -0.960095 0.232239 0.155829 -0.23409 0.252713 0.48171 0.839102 0.411992 
1534191156587 0.119785 0.845037 -0.521118 -0.593692 -0.96013 0.232146 0.155749 -0.234058 0.252589 0.481685 0.839153 0.411981 
1534191156653 0.119721 0.84503 -0.521144 -0.59371 -0.960054 0.232258 0.156053 -0.233985 0.252909 0.481644 0.839081 0.411989 
1534191156667 0.119716 0.84494 -0.521291 -0.593715 -0.960006 0.232374 0.156178 -0.234005 0.253096 0.481746 0.838966 0.412012 
1534191156686 0.119643 0.844821 -0.5215 -0.59372 -0.959974 0.232429 0.156293 -0.234042 0.253251 0.481927 0.838815 0.412041 
1534191156717 0.119545 0.844629 -0.521834 -0.593707 -0.959942 0.232492 0.156396 -0.234155 0.253419 0.482234 0.838588 0.41212 
1534191156736 0.119516 0.844598 -0.521891 -0.593697 -0.959968 0.232434 0.156319 -0.234201 0.253332 0.482316 0.838567 0.412158 
1534191156751 0.119517 0.844576 -0.521926 -0.593694 -0.959978 0.232421 0.156276 -0.234224 0.253294 0.48236 0.838553 0.412181 
1534191156767 0.119475 0.844543 -0.52199 -0.593693 -0.960011 0.232345 0.156188 -0.234237 0.253189 0.482456 0.838529 0.412206 
1534191156784 0.119411 0.844521 -0.522039 -0.593692 -0.960041 0.232258 0.156133 -0.234227 0.253105 0.482535 0.838509 0.412215 
1534191156801 0.119282 0.844474 -0.522145 -0.593699 -0.960093 0.232099 0.156047 -0.234205 0.252967 0.482695 0.838459 0.412233 
1534191156817 0.119244 0.844409 -0.522259 -0.59371 -0.96011 0.232065 0.155997 -0.234198 0.252923 0.482824 0.838398 0.412257 
1534191156912 0.119094 0.844411 -0.522289 -0.593716 -0.960098 0.232001 0.156162 -0.234192 0.253036 0.482851 0.838348 0.412278 
1534191156925 0.118944 0.844475 -0.52222 -0.593717 -0.960114 0.231866 0.156265 -0.234193 0.253047 0.482804 0.838372 0.412263 
1534191156942 0.118788 0.844537 -0.522155 -0.593725 -0.96011 0.231765 0.156438 -0.234195 0.253135 0.482744 0.83838 0.412241 
1534191156959 0.118716 0.84458 -0.522102 -0.593732 -0.960089 0.231752 0.156588 -0.234195 0.253249 0.482675 0.838385 0.412233 
1534191156975 0.118651 0.844583 -0.522113 -0.593744 -0.960063 0.231763 0.15673 -0.234195 0.253378 0.482665 0.838352 0.412227 
1534191156995 0.118657 0.844538 -0.522183 -0.593757 -0.960033 0.231838 0.156806 -0.234216 0.253491 0.482707 0.838294 0.412219 
1534191157012 0.118681 0.844507 -0.522228 -0.593762 -0.960016 0.231893 0.156827 -0.234248 0.253542 0.482735 0.838262 0.412218 
1534191157028 0.118697 0.844489 -0.522255 -0.593763 -0.960009 0.23192 0.156828 -0.234287 0.253561 0.482754 0.838245 0.412231 
1534191157045 0.118627 0.844434 -0.52236 -0.593775 -0.960008 0.231899 0.156866 -0.234317 0.253597 0.482861 0.838173 0.412242 
1534191157062 0.118412 0.84438 -0.522495 -0.59379 -0.960035 0.231742 0.156937 -0.234336 0.253598 0.48303 0.838075 0.412256 
1534191157078 0.118216 0.844371 -0.522554 -0.593793 -0.960065 0.231574 0.156997 -0.234336 0.253574 0.483127 0.838027 0.412271 
1534191157095 0.118216 0.844371 -0.522554 -0.593793 -0.960065 0.231574 0.156997 -0.234336 0.253574 0.483127 0.838027 0.412271 
1534191157112 0.118216 0.844371 -0.522554 -0.593793 -0.960065 0.231574 0.156997 -0.234336 0.253574 0.483127 0.838027 0.412271 
1534191157128 0.118216 0.844371 -0.522554 -0.593793 -0.960065 0.231574 0.156997 -0.234336 0.253574 0.483127 0.838027 0.412271 
1534191157145 0.118146 0.844428 -0.522478 -0.593774 -0.960086 0.231477 0.157013 -0.234333 0.253528 0.483073 0.838072 0.412318 
1534191157165 0.118158 0.844497 -0.522364 -0.593755 -0.960117 0.231406 0.156932 -0.23433 0.253406 0.482988 0.838158 0.412312 
1534191157182 0.118165 0.84455 -0.522276 -0.593748 -0.960147 0.231335 0.156848 -0.234322 0.253286 0.482928 0.838228 0.412304 
1534191157198 0.118139 0.844609 -0.522187 -0.593749 -0.96024 0.231126 0.15659 -0.234326 0.252949 0.482925 0.838332 0.412307 
1534191157216 0.118152 0.844651 -0.522115 -0.593758 -0.960348 0.230915 0.156239 -0.234333 0.252531 0.482952 0.838442 0.412327 
1534191157232 0.118139 0.844674 -0.522081 -0.593766 -0.96042 0.230762 0.15602 -0.234339 0.252263 0.482985 0.838504 0.412354 
1534191157302 0.117822 0.844576 -0.522312 -0.593819 -0.960478 0.230499 0.156054 -0.23429 0.252192 0.483282 0.838354 0.412336 
1534191157316 0.117638 0.844558 -0.522383 -0.593829 -0.960456 0.230442 0.156275 -0.234261 0.252362 0.483342 0.838269 0.412318 
1534191157332 0.117426 0.844561 -0.522424 -0.593833 -0.96041 0.230405 0.156606 -0.234231 0.252633 0.483352 0.838181 0.41231 
1534191157349 0.117311 0.844567 -0.52244 -0.593838 -0.960358 0.230439 0.15688 -0.234228 0.252886 0.483326 0.83812 0.412311 
1534191157377 0.117383 0.844543 -0.522464 -0.593843 -0.960247 0.230699 0.157176 -0.234279 0.253273 0.483244 0.83805 0.412329 
1534191157394 0.11742 0.844513 -0.522504 -0.593851 -0.960212 0.230796 0.157247 -0.234321 0.253389 0.483251 0.838011 0.412345 
1534191157414 0.117469 0.844513 -0.522494 -0.593857 -0.960189 0.230867 0.15728 -0.23438 0.253452 0.483217 0.838012 0.412382 
1534191157498 0.117428 0.844619 -0.522331 -0.593824 -0.960331 0.230542 0.156893 -0.234455 0.252934 0.483187 0.838185 0.412364 
1534191157514 0.117318 0.84464 -0.522322 -0.593811 -0.96043 0.230283 0.156666 -0.234434 0.252608 0.483274 0.838234 0.412372 
1534191157529 0.117244 0.84463 -0.522355 -0.59381 -0.960498 0.230113 0.156498 -0.234415 0.252384 0.483372 0.838245 0.412373 
1534191157545 0.1171 0.844552 -0.522513 -0.593824 -0.960581 0.229894 0.15631 -0.234369 0.252134 0.483612 0.838181 0.412366 
