1535372516748 0.244544 0.926175 -0.287051 -0.61922 -0.935905 0.302863 0.179879 -0.236899 0.253537 0.224664 0.940875 0.380661 
1535372540540 0.244544 0.926176 -0.287049 -0.61922 -0.935905 0.302862 0.179878 -0.236899 0.253535 0.224662 0.940876 0.380661 
1535372540896 0.244495 0.926292 -0.286714 -0.620848 -0.93632 0.302394 0.178504 -0.237349 0.252047 0.224813 0.941239 0.380106 
1535372541340 0.244176 0.926354 -0.286785 -0.622726 -0.936843 0.301709 0.176908 -0.237844 0.250405 0.225475 0.941519 0.379287 
1535372541816 0.244709 0.926232 -0.286727 -0.624506 -0.937025 0.301916 0.175588 -0.238604 0.249203 0.225702 0.941784 0.378675 
1535372542241 0.244661 0.926283 -0.286602 -0.626378 -0.937453 0.301468 0.174063 -0.239139 0.247633 0.22609 0.942105 0.377945 
1535372542708 0.243979 0.926545 -0.286338 -0.62836 -0.938146 0.300296 0.17235 -0.239439 0.245676 0.226577 0.9425 0.377172 
1535372543184 0.24385 0.926656 -0.286088 -0.63016 -0.938548 0.299786 0.171045 -0.239953 0.244265 0.226798 0.942813 0.376501 
1535372543632 0.24385 0.926745 -0.285799 -0.632021 -0.939 0.299312 0.169387 -0.240498 0.242522 0.22706 0.9432 0.375824 
1535372544097 0.24354 0.926839 -0.285759 -0.633903 -0.93947 0.298642 0.167957 -0.240993 0.241009 0.227558 0.943468 0.375147 
1535372544553 0.243458 0.926894 -0.28565 -0.635775 -0.939915 0.298142 0.166346 -0.241523 0.239349 0.227988 0.943787 0.374382 
1535372544673 0.24354 0.926901 -0.285557 -0.635955 -0.939954 0.298146 0.166117 -0.241671 0.239112 0.227955 0.943855 0.37436 
1535372544687 0.243514 0.926911 -0.285546 -0.635956 -0.939965 0.298116 0.166108 -0.241673 0.239093 0.227954 0.94386 0.374363 
1535372544931 0.242839 0.926872 -0.286246 -0.635865 -0.939962 0.297766 0.166751 -0.24158 0.239791 0.228567 0.943535 0.374448 
1535372545147 0.242214 0.926819 -0.286948 -0.635945 -0.940038 0.297378 0.167018 -0.241701 0.240127 0.229288 0.943274 0.374328 
1535372545387 0.241689 0.926817 -0.287396 -0.636037 -0.940028 0.297097 0.167576 -0.241774 0.240696 0.229659 0.943039 0.374443 
1535372545620 0.240921 0.926819 -0.288034 -0.636135 -0.940105 0.296595 0.168032 -0.241817 0.241165 0.230299 0.942763 0.374444 
1535372545849 0.240436 0.926787 -0.288542 -0.636219 -0.940146 0.296304 0.168316 -0.24189 0.241489 0.230802 0.942557 0.374419 
1535372546084 0.239774 0.926696 -0.289382 -0.636356 -0.940141 0.295992 0.168887 -0.241996 0.242162 0.231566 0.942197 0.374396 
1535372546318 0.239136 0.926744 -0.289758 -0.636429 -0.94019 0.295561 0.169371 -0.242032 0.242605 0.231925 0.941995 0.37451 
1535372546550 0.238601 0.926621 -0.290591 -0.636555 -0.940201 0.295323 0.169724 -0.242171 0.243088 0.232718 0.941675 0.374406 
1535372546809 0.237874 0.926672 -0.291024 -0.636615 -0.940246 0.294844 0.170308 -0.242192 0.243626 0.233122 0.941435 0.374492 
1535372546823 0.237877 0.926665 -0.291045 -0.636618 -0.940236 0.294859 0.170334 -0.242194 0.24366 0.233133 0.941424 0.374494 
1535372547046 0.238582 0.92657 -0.290768 -0.636593 -0.940256 0.29529 0.169478 -0.242286 0.242894 0.232962 0.941664 0.374509 
1535372547288 0.238233 0.926586 -0.291006 -0.636672 -0.940343 0.295002 0.169496 -0.24231 0.2429 0.233266 0.941587 0.374509 
1535372547539 0.237968 0.926568 -0.291279 -0.636763 -0.940462 0.29475 0.169273 -0.242316 0.242698 0.233655 0.941543 0.374548 
1535372547787 0.237839 0.926547 -0.291449 -0.636822 -0.94049 0.294662 0.169269 -0.242348 0.242715 0.233847 0.941491 0.374614 
1535372548050 0.237767 0.926486 -0.291702 -0.636886 -0.94053 0.294619 0.169122 -0.242421 0.24263 0.234143 0.941439 0.374694 
1535372548301 0.237505 0.926527 -0.291787 -0.636927 -0.940635 0.294348 0.169014 -0.242495 0.242483 0.234323 0.941432 0.374793 
1535372548554 0.237367 0.926524 -0.291909 -0.636987 -0.9407 0.29421 0.168892 -0.242567 0.242365 0.234509 0.941416 0.374893 
1535372548801 0.237345 0.926396 -0.29233 -0.637088 -0.940732 0.29424 0.168661 -0.24269 0.242262 0.234974 0.941327 0.374899 
1535372549078 0.236952 0.926455 -0.292464 -0.637124 -0.940859 0.293862 0.168611 -0.242669 0.242154 0.235214 0.941295 0.374936 
1535372549091 0.236952 0.926452 -0.292472 -0.637126 -0.940862 0.293861 0.168595 -0.24267 0.242142 0.235227 0.941295 0.374938 
1535372549277 0.237109 0.926533 -0.292088 -0.637109 -0.940805 0.293958 0.168746 -0.242779 0.242211 0.234787 0.941387 0.374944 
1535372549405 0.236767 0.926626 -0.292071 -0.63715 -0.940864 0.293655 0.168942 -0.242932 0.242315 0.234799 0.941357 0.374971 
1535372549513 0.236122 0.926845 -0.291898 -0.637202 -0.940986 0.293048 0.169315 -0.242962 0.242469 0.234693 0.941344 0.375023 
1535372549699 0.235791 0.926965 -0.291785 -0.637272 -0.941031 0.29275 0.169584 -0.243031 0.242618 0.234593 0.94133 0.375107 
1535372549828 0.23554 0.927098 -0.291566 -0.637318 -0.941071 0.292492 0.169804 -0.243208 0.242706 0.234388 0.941359 0.375149 
1535372549913 0.235038 0.927259 -0.291459 -0.637348 -0.941176 0.292014 0.170044 -0.243269 0.242785 0.234347 0.941348 0.375152 
1535372550020 0.234613 0.927424 -0.291277 -0.637387 -0.941257 0.291601 0.170308 -0.243341 0.242884 0.23421 0.941357 0.375151 
1535372550112 0.234189 0.927588 -0.291093 -0.637434 -0.94134 0.291185 0.170558 -0.243424 0.242969 0.234075 0.941369 0.3752 
1535372550164 0.234061 0.927632 -0.291056 -0.637472 -0.941342 0.291085 0.170716 -0.243467 0.243084 0.234025 0.941351 0.375238 
1535372550185 0.234042 0.927643 -0.291037 -0.637486 -0.941336 0.291074 0.170772 -0.243482 0.243128 0.233996 0.941347 0.375254 
1535372550371 0.233791 0.92772 -0.290993 -0.637508 -0.941493 0.290736 0.170482 -0.243535 0.242761 0.23411 0.941413 0.375151 
1535372550566 0.233709 0.927873 -0.290572 -0.637479 -0.941652 0.290446 0.170094 -0.243667 0.242221 0.233866 0.941613 0.375135 
1535372550708 0.23313 0.928103 -0.290303 -0.637585 -0.941858 0.289785 0.170081 -0.24361 0.241978 0.233773 0.941699 0.375175 
1535372550876 0.233023 0.928259 -0.28989 -0.637589 -0.941989 0.289506 0.169829 -0.243845 0.24157 0.2335 0.941871 0.375162 
1535372551050 0.232717 0.928447 -0.289532 -0.637623 -0.942179 0.289039 0.169571 -0.243978 0.241124 0.233329 0.942028 0.375128 
1535372551202 0.232351 0.928592 -0.289362 -0.637711 -0.942328 0.288604 0.169489 -0.244059 0.240897 0.233293 0.942095 0.375099 
1535372551375 0.232061 0.928783 -0.288981 -0.637772 -0.942478 0.288182 0.169373 -0.244149 0.240589 0.233053 0.942233 0.37509 
1535372551539 0.231678 0.92896 -0.28872 -0.637805 -0.942671 0.287673 0.169161 -0.244257 0.240201 0.232977 0.942351 0.375052 
1535372551683 0.231488 0.929118 -0.288362 -0.637831 -0.942828 0.28732 0.168888 -0.244427 0.239769 0.23278 0.94251 0.375014 
1535372551853 0.231559 0.929116 -0.288313 -0.637818 -0.942831 0.287359 0.168805 -0.244365 0.239688 0.232742 0.942539 0.374983 
1535372551877 0.231806 0.928998 -0.288495 -0.637822 -0.94272 0.287675 0.168883 -0.244268 0.239885 0.232822 0.94247 0.37498 
1535372551994 0.231999 0.928891 -0.288684 -0.637806 -0.942638 0.287927 0.168913 -0.244143 0.240021 0.232937 0.942407 0.374976 
1535372552125 0.232468 0.928794 -0.288618 -0.637796 -0.942566 0.28832 0.168642 -0.244173 0.239848 0.232837 0.942475 0.374978 
1535372552246 0.232879 0.928755 -0.288411 -0.637759 -0.942525 0.288616 0.168368 -0.244133 0.239613 0.232625 0.942588 0.375017 
1535372552386 0.233343 0.928665 -0.288327 -0.637733 -0.942485 0.28897 0.167982 -0.244118 0.239317 0.232547 0.942682 0.374943 
1535372552512 0.233659 0.928603 -0.288269 -0.637715 -0.942474 0.289196 0.167658 -0.244106 0.239054 0.232511 0.942758 0.374907 
1535372552652 0.234189 0.928504 -0.288161 -0.637692 -0.9424 0.289625 0.167331 -0.244093 0.238826 0.232376 0.942849 0.374888 
1535372552784 0.234467 0.928464 -0.288063 -0.637657 -0.942386 0.289819 0.167075 -0.244022 0.238609 0.232293 0.942924 0.374868 
