1531950140987 -0.187255 0.845429 -0.500189 -0.597268 -0.975202 -0.0988634 0.197988 -0.255126 0.117931 0.524856 0.842977 0.407261 
1531950140990 0 0 0 0 0 0 0 0 0 0 0 0 
1531950140991 0 0 0 0 0 0 0 0 0 0 0 0 
1531950140995 0 0 0 0 0 0 0 0 0 0 0 0 
1531950141000 0 0 0 0 0 0 0 0 0 0 0 0 
1531950141001 0 0 0 0 0 0 0 0 0 0 0 0 
1531950141005 0 0 0 0 0 0 0 0 0 0 0 0 
1531950141015 -0.137212 0.82638 -0.54614 -0.595723 -0.985888 -0.0605486 0.156076 -0.248932 0.0959098 0.559848 0.823026 0.415877 
1531950141029 -0.087704 0.804564 -0.587354 -0.597546 -0.99321 -0.0253843 0.113535 -0.249442 0.0764364 0.593323 0.801327 0.420328 
1531950141029 0 0 0 0 0 0 0 0 0 0 0 0 
1531950141031 0 0 0 0 0 0 0 0 0 0 0 0 
1531950141041 -0.0361493 0.779062 -0.625904 -0.59793 -0.997616 0.00870385 0.0684514 -0.246789 0.0587756 0.626887 0.77689 0.426728 
1531950141051 0.0162815 0.750321 -0.660873 -0.598152 -0.998931 0.0408113 0.021725 -0.244028 0.0432718 0.659812 0.750184 0.433213 
1531950141061 0.0693121 0.718499 -0.692066 -0.59836 -0.997143 0.0707709 -0.0263924 -0.241262 0.0300152 0.691918 0.721352 0.439702 
1531950141071 0.122676 0.683756 -0.719325 -0.598568 -0.992263 0.0984328 -0.0756582 -0.238496 0.0190734 0.723041 0.690542 0.44619 
1531950141081 0.176102 0.646268 -0.742513 -0.59878 -0.984316 0.123658 -0.12582 -0.235739 0.010504 0.753025 0.657908 0.45267 
1531950141091 0.228991 0.606268 -0.761579 -0.59895 -0.973418 0.146323 -0.176204 -0.23339 0.00460935 0.781684 0.623658 0.458949 
1531950141101 0.280992 0.564168 -0.776375 -0.599127 -0.959709 0.16631 -0.226494 -0.231808 0.00133809 0.808737 0.588169 0.464657 
1531950141380 0 0 0 0 0 0 0 0 0 0 0 0 
1531950141380 0 0 0 0 0 0 0 0 0 0 0 0 
1531950141383 0 0 0 0 0 0 0 0 0 0 0 0 
1531950141393 0.280992 0.564168 -0.776375 -0.599127 -0.959709 0.16631 -0.226494 -0.231808 0.00133809 0.808737 0.588169 0.464657 
1531950141403 0.332882 0.519791 -0.78677 -0.599583 -0.942968 0.18364 -0.277645 -0.229251 0.000165257 0.834322 0.551277 0.470661 
1531950141407 0 0 0 0 0 0 0 0 0 0 0 0 
1531950141410 0 0 0 0 0 0 0 0 0 0 0 0 
1531950141413 0 0 0 0 0 0 0 0 0 0 0 0 
1531950141423 0.333386 0.519547 -0.786718 -0.599491 -0.94279 0.183612 -0.278268 -0.228425 -0.000122715 0.834481 0.551037 0.471384 
1531950141433 0.333609 0.519475 -0.786671 -0.599455 -0.942712 0.183591 -0.278548 -0.228103 -0.000273543 0.83453 0.550963 0.471593 
1531950141443 0.333758 0.519416 -0.786646 -0.599432 -0.942659 0.183573 -0.278739 -0.227888 -0.000374718 0.83457 0.550901 0.471747 
1531950141453 0.333859 0.519371 -0.786634 -0.599415 -0.942623 0.18356 -0.278869 -0.227743 -0.00044208 0.834602 0.550854 0.471861 
1531950141463 0.333925 0.519338 -0.786627 -0.599403 -0.9426 0.18355 -0.278954 -0.227647 -0.000486071 0.834624 0.55082 0.471939 
1531950141473 0.333966 0.519316 -0.786624 -0.599396 -0.942585 0.183543 -0.279008 -0.227587 -0.000513695 0.834639 0.550797 0.47199 
1531950141483 0.33399 0.519304 -0.786622 -0.599392 -0.942577 0.18354 -0.279039 -0.227553 -0.000529426 0.834648 0.550784 0.472019 
1531950141493 0.333997 0.5193 -0.786621 -0.599387 -0.942574 0.183536 -0.279049 -0.227544 -0.000536703 0.834651 0.55078 0.47203 
