1535116929651 0.251955 0.929618 -0.26894 -0.606668 -0.935434 0.305155 0.178445 -0.240161 0.247954 0.206616 0.946482 0.382928 
1535116934656 0.251955 0.929618 -0.268942 -0.606668 -0.935435 0.305156 0.178442 -0.240161 0.247952 0.206618 0.946482 0.382926 
1535116935363 0.251686 0.929117 -0.270918 -0.613351 -0.936138 0.304743 0.175436 -0.242717 0.245561 0.209462 0.946481 0.380746 
1535116936003 0.250521 0.929072 -0.272149 -0.620375 -0.93715 0.303255 0.172588 -0.244983 0.242877 0.211807 0.946651 0.378627 
1535116936714 0.249611 0.928992 -0.273254 -0.627296 -0.938118 0.301948 0.169593 -0.247448 0.240059 0.214012 0.946874 0.376651 
1535116937454 0.248452 0.928961 -0.274414 -0.634297 -0.93906 0.300477 0.166973 -0.249698 0.237566 0.216206 0.947004 0.374631 
1535116937972 0.248153 0.928898 -0.274899 -0.637723 -0.939531 0.299919 0.16532 -0.251046 0.236013 0.217251 0.947153 0.373616 
1535116938410 0.247371 0.929273 -0.274335 -0.637987 -0.939815 0.298998 0.165373 -0.250851 0.235702 0.216915 0.947308 0.37374 
1535116938639 0.247155 0.928772 -0.27622 -0.638293 -0.939541 0.299432 0.166144 -0.251222 0.237019 0.218457 0.946625 0.373447 
1535116938882 0.246468 0.928261 -0.278541 -0.638952 -0.939334 0.299549 0.167097 -0.252079 0.238547 0.220459 0.945777 0.373359 
1535116939075 0.245616 0.928138 -0.279703 -0.639384 -0.939275 0.299204 0.168044 -0.252238 0.239656 0.221444 0.945266 0.373256 
1535116939326 0.244592 0.927813 -0.28167 -0.640085 -0.939189 0.298911 0.169045 -0.252836 0.241036 0.223195 0.944503 0.373154 
1535116939506 0.243706 0.927688 -0.282847 -0.640532 -0.939147 0.298532 0.169947 -0.252933 0.242097 0.224218 0.943989 0.373047 
1535116939686 0.243287 0.927511 -0.283785 -0.640863 -0.939029 0.298515 0.170629 -0.253285 0.242974 0.22497 0.943585 0.373084 
1535116939887 0.242801 0.927438 -0.284441 -0.641146 -0.939027 0.29829 0.171032 -0.253373 0.243468 0.225571 0.943314 0.373074 
1535116939903 0.242797 0.927437 -0.284446 -0.641147 -0.939026 0.298288 0.171037 -0.253371 0.243473 0.225575 0.943312 0.373071 
1535116939928 0.242792 0.927437 -0.284452 -0.641148 -0.939026 0.298286 0.171042 -0.253369 0.243479 0.22558 0.943309 0.373068 
1535116940124 0.242221 0.927458 -0.28487 -0.641081 -0.939219 0.297776 0.17087 -0.253325 0.243303 0.226167 0.943214 0.373188 
1535116940178 0.241556 0.927539 -0.285171 -0.641132 -0.939378 0.297208 0.170986 -0.253413 0.243351 0.226581 0.943102 0.373426 
1535116940313 0.240853 0.92762 -0.2855 -0.641198 -0.939488 0.296664 0.171327 -0.25344 0.243624 0.226959 0.942941 0.373593 
1535116940417 0.24021 0.927584 -0.286159 -0.641374 -0.939589 0.296232 0.171517 -0.253584 0.243866 0.227671 0.942706 0.373889 
1535116940571 0.24015 0.927666 -0.285945 -0.641336 -0.939579 0.296159 0.171701 -0.2535 0.243966 0.227434 0.942738 0.373762 
1535116940589 0.240223 0.927798 -0.285455 -0.641271 -0.939572 0.296128 0.171794 -0.253484 0.243921 0.226936 0.942869 0.373752 
1535116940809 0.239241 0.928351 -0.284479 -0.641219 -0.939919 0.29492 0.171971 -0.253746 0.243548 0.226244 0.943132 0.373802 
1535116941060 0.237414 0.929243 -0.283094 -0.641265 -0.940371 0.292931 0.172899 -0.253879 0.243592 0.225164 0.943379 0.374096 
1535116941152 0.236945 0.929494 -0.282663 -0.6413 -0.940426 0.292461 0.173393 -0.253961 0.243836 0.224739 0.943417 0.374246 
1535116941282 0.236395 0.929794 -0.282135 -0.641268 -0.94059 0.291815 0.173595 -0.254058 0.243739 0.224336 0.943538 0.37436 
1535116941738 0.235992 0.930056 -0.28161 -0.641258 -0.940654 0.291366 0.173999 -0.254217 0.243881 0.223835 0.943621 0.374493 
1535116941757 0.235965 0.930054 -0.28164 -0.641254 -0.940669 0.291338 0.173965 -0.254188 0.243849 0.22388 0.943618 0.37448 
1535116941955 0.235795 0.930204 -0.281286 -0.641258 -0.940925 0.290915 0.173291 -0.2542 0.243026 0.223807 0.943848 0.374325 
1535116942141 0.235423 0.930669 -0.280057 -0.641273 -0.94119 0.290172 0.173096 -0.254398 0.242359 0.222836 0.944249 0.374436 
1535116942189 0.234971 0.930961 -0.279463 -0.641307 -0.941417 0.289525 0.172943 -0.254453 0.241914 0.222455 0.944453 0.374421 
1535116942334 0.234724 0.931194 -0.278894 -0.641321 -0.941578 0.289093 0.17279 -0.254543 0.241528 0.222043 0.944649 0.374414 
1535116942376 0.234581 0.931335 -0.278545 -0.641308 -0.941687 0.288824 0.172647 -0.254699 0.241243 0.221803 0.944778 0.374402 
1535116942491 0.234159 0.93162 -0.277945 -0.641381 -0.941862 0.288245 0.17266 -0.254663 0.24097 0.221356 0.944952 0.374438 
1535116942984 0.233732 0.93194 -0.277231 -0.641421 -0.942093 0.28759 0.172489 -0.254807 0.240478 0.220862 0.945193 0.374441 
1535116943140 0.233989 0.93191 -0.277116 -0.641369 -0.941999 0.287842 0.172584 -0.254685 0.240599 0.22066 0.94521 0.374501 
1535116943325 0.235109 0.931526 -0.277458 -0.641316 -0.94183 0.288874 0.171777 -0.25467 0.240165 0.220932 0.945256 0.374335 
1535116943359 0.235625 0.93151 -0.277075 -0.641259 -0.941765 0.289238 0.171522 -0.254713 0.239914 0.220524 0.945415 0.374337 
1535116943411 0.236163 0.931441 -0.276848 -0.641219 -0.94173 0.289619 0.171073 -0.254766 0.239525 0.220315 0.945563 0.37428 
1535116943563 0.237006 0.931389 -0.276303 -0.641165 -0.941754 0.290107 0.170108 -0.254723 0.238594 0.219893 0.945896 0.374173 
1535116943612 0.237413 0.931373 -0.276005 -0.641138 -0.941743 0.290358 0.169741 -0.254688 0.238233 0.219627 0.946049 0.374157 
1535116944722 0.238205 0.931394 -0.275252 -0.641057 -0.941796 0.290745 0.168781 -0.254637 0.23723 0.219027 0.94644 0.374105 
1535116945017 0.239125 0.930966 -0.275901 -0.640706 -0.941418 0.291876 0.168938 -0.254372 0.237805 0.219341 0.946223 0.374156 
1535116945314 0.241397 0.930515 -0.275444 -0.640164 -0.94098 0.293836 0.167978 -0.254036 0.237242 0.218638 0.946527 0.374358 
1535116945485 0.242414 0.930242 -0.275474 -0.639894 -0.940865 0.294679 0.167146 -0.254136 0.236662 0.218665 0.946666 0.374332 
1535116945662 0.243071 0.930182 -0.275095 -0.63967 -0.940755 0.295185 0.166872 -0.253942 0.236425 0.218235 0.946824 0.374479 
1535116945835 0.243733 0.930016 -0.27507 -0.639511 -0.940616 0.295785 0.166595 -0.253739 0.236297 0.218131 0.94688 0.37446 
1535116946488 0.244434 0.929816 -0.275127 -0.639356 -0.940479 0.296424 0.166229 -0.253752 0.236116 0.218119 0.946928 0.374479 
1535116946746 0.243943 0.93005 -0.274769 -0.638969 -0.940473 0.296012 0.166993 -0.253557 0.236647 0.217676 0.946898 0.374721 
1535116946997 0.24445 0.929988 -0.274529 -0.638282 -0.940235 0.296552 0.167375 -0.25331 0.237069 0.217207 0.9469 0.374859 
1535116947193 0.244689 0.929891 -0.274646 -0.637926 -0.940042 0.296922 0.167805 -0.253151 0.237588 0.217118 0.94679 0.374917 
1535116947462 0.244837 0.929947 -0.274323 -0.637221 -0.939944 0.29706 0.168111 -0.252896 0.237824 0.216689 0.946829 0.375098 
1535116947667 0.245402 0.929783 -0.274374 -0.636848 -0.939657 0.297737 0.168518 -0.25282 0.238376 0.216463 0.946742 0.375208 
1535116947848 0.245724 0.929744 -0.274219 -0.636432 -0.939518 0.298066 0.168708 -0.252819 0.238591 0.216178 0.946753 0.375378 
1535116948200 0.245825 0.929705 -0.27426 -0.636231 -0.939448 0.29821 0.168846 -0.252677 0.238764 0.216146 0.946717 0.375373 
1535116948542 0.245254 0.929778 -0.274524 -0.6354 -0.939399 0.297891 0.169679 -0.252276 0.239542 0.216273 0.946491 0.375696 
1535116948896 0.245045 0.929692 -0.275001 -0.634155 -0.93912 0.298078 0.170887 -0.251723 0.240844 0.216384 0.946135 0.376214 
1535116949232 0.244982 0.929453 -0.275863 -0.632879 -0.9388 0.298479 0.171945 -0.251272 0.242154 0.216857 0.945693 0.376484 
1535116949263 0.245172 0.92938 -0.27594 -0.632739 -0.938713 0.298708 0.172021 -0.251292 0.242298 0.216854 0.945656 0.37652 
1535116949436 0.245139 0.929271 -0.276336 -0.632659 -0.938635 0.298828 0.17224 -0.251176 0.242635 0.217156 0.945501 0.376443 
1535116949722 0.24474 0.929308 -0.276565 -0.631771 -0.938566 0.298644 0.172933 -0.250714 0.243302 0.217251 0.945307 0.376968 
1535116950036 0.24482 0.92902 -0.277462 -0.63091 -0.9383 0.299106 0.173575 -0.250416 0.244245 0.217848 0.944927 0.377251 
1535116950325 0.245058 0.928768 -0.278094 -0.630007 -0.937988 0.299675 0.174282 -0.250101 0.245205 0.218139 0.944611 0.377598 
1535116950622 0.245098 0.92848 -0.279021 -0.629126 -0.937743 0.300096 0.174875 -0.249794 0.246101 0.218788 0.944228 0.377849 
1535116950861 0.245426 0.928255 -0.27948 -0.628912 -0.937569 0.300574 0.174985 -0.249837 0.246435 0.219086 0.944072 0.37786 
1535116951081 0.245107 0.92846 -0.279079 -0.628817 -0.937685 0.300164 0.175065 -0.249682 0.24631 0.218778 0.944175 0.377928 
1535116951319 0.244908 0.928533 -0.27901 -0.628218 -0.937625 0.30006 0.175564 -0.249501 0.246737 0.218609 0.944103 0.378137 
1535116951602 0.24445 0.928664 -0.278976 -0.627436 -0.937625 0.299722 0.176139 -0.249169 0.24719 0.218518 0.944006 0.378365 
1535116951818 0.244498 0.928637 -0.279024 -0.626861 -0.937516 0.299863 0.176484 -0.249066 0.247559 0.21844 0.943927 0.378423 
1535116951842 0.244359 0.928681 -0.278999 -0.626773 -0.937528 0.299746 0.176615 -0.248976 0.247648 0.218412 0.94391 0.378464 
1535116951859 0.244295 0.928699 -0.278996 -0.62672 -0.937521 0.299706 0.176724 -0.248921 0.24774 0.218391 0.943891 0.378484 
1535116952138 0.244382 0.928613 -0.279206 -0.626262 -0.937517 0.299813 0.176565 -0.248685 0.24767 0.218611 0.943858 0.378544 
1535116952368 0.244718 0.928535 -0.279171 -0.625703 -0.93738 0.30017 0.17668 -0.248398 0.247852 0.218452 0.943847 0.378761 
1535116952649 0.245234 0.928337 -0.279374 -0.624787 -0.937197 0.300743 0.176678 -0.248194 0.248036 0.218501 0.943788 0.379053 
1535116952829 0.245553 0.928163 -0.279675 -0.624537 -0.937131 0.30109 0.176439 -0.248108 0.247971 0.218767 0.943743 0.379009 
1535116952859 0.245452 0.928215 -0.27959 -0.624466 -0.937146 0.300987 0.176531 -0.248004 0.248012 0.218687 0.943751 0.379071 
1535116952873 0.245429 0.928231 -0.279557 -0.624424 -0.937145 0.300965 0.176574 -0.247959 0.248039 0.21865 0.943753 0.379102 
1535116953068 0.2455 0.928138 -0.279804 -0.624175 -0.937109 0.301095 0.176545 -0.247922 0.248106 0.218865 0.943685 0.379229 
1535116953453 0.245415 0.927907 -0.280642 -0.622758 -0.936963 0.301323 0.176934 -0.247305 0.248742 0.219528 0.943363 0.379826 
1535116953681 0.245659 0.927578 -0.281515 -0.622218 -0.936849 0.301766 0.176782 -0.247124 0.248931 0.220309 0.943132 0.37985 
1535116953708 0.245561 0.927592 -0.281553 -0.622101 -0.936864 0.30169 0.176832 -0.247056 0.24897 0.220354 0.943111 0.379904 
1535116953728 0.245555 0.927565 -0.28165 -0.622059 -0.936855 0.301712 0.176843 -0.247052 0.24901 0.22044 0.94308 0.379921 
1535116953845 0.245774 0.927452 -0.28183 -0.622024 -0.936788 0.301963 0.176768 -0.247116 0.249046 0.22057 0.94304 0.379891 
1535116953859 0.245736 0.927481 -0.281768 -0.622051 -0.93681 0.301905 0.17675 -0.247074 0.248999 0.22053 0.943062 0.379876 
1535116953882 0.245752 0.927611 -0.281327 -0.622045 -0.936874 0.301775 0.176631 -0.247006 0.248742 0.220161 0.943216 0.379892 
1535116953907 0.24599 0.927683 -0.280878 -0.622017 -0.936894 0.301844 0.176408 -0.246968 0.248432 0.219758 0.943392 0.379906 
1535116953954 0.246251 0.927646 -0.280772 -0.622005 -0.9369 0.302006 0.176096 -0.246954 0.248149 0.219692 0.943481 0.379827 
1535116953982 0.2462 0.927684 -0.280693 -0.621969 -0.936987 0.301878 0.175856 -0.246931 0.247874 0.21971 0.94355 0.379797 
1535116954000 0.246167 0.92772 -0.2806 -0.621939 -0.937041 0.301789 0.175721 -0.246899 0.247702 0.219677 0.943602 0.379802 
1535116954209 0.246641 0.927667 -0.280362 -0.621637 -0.936862 0.302245 0.175893 -0.246898 0.247908 0.219277 0.943641 0.379892 
1535116954355 0.246237 0.927656 -0.280753 -0.621415 -0.936814 0.302069 0.176447 -0.246789 0.248489 0.219565 0.943422 0.379971 
1535116954587 0.246282 0.927667 -0.280677 -0.620863 -0.936751 0.302143 0.176655 -0.246607 0.248682 0.219417 0.943405 0.380109 
1535116954839 0.246383 0.927666 -0.280592 -0.620027 -0.936666 0.302274 0.176879 -0.24638 0.248901 0.219241 0.943388 0.380281 
1535116954992 0.24651 0.927591 -0.280727 -0.619752 -0.936607 0.302445 0.176904 -0.24631 0.248999 0.219323 0.943344 0.380241 
1535116955211 0.246567 0.92764 -0.280516 -0.619324 -0.936536 0.302508 0.177173 -0.246068 0.249211 0.219028 0.943356 0.380434 
1535116955508 0.246958 0.92771 -0.279939 -0.61839 -0.936439 0.302765 0.177241 -0.24557 0.249184 0.218375 0.943514 0.380683 
1535116955780 0.247322 0.92773 -0.279552 -0.617453 -0.936299 0.303077 0.17745 -0.245136 0.249352 0.217857 0.94359 0.380994 
1535116955807 0.247331 0.927733 -0.279534 -0.617313 -0.936294 0.303085 0.177464 -0.245094 0.249362 0.217834 0.943593 0.381027 
1535116955824 0.2474 0.927696 -0.279595 -0.617259 -0.936273 0.303164 0.177436 -0.245115 0.24937 0.217879 0.94358 0.381022 
1535116956109 0.24776 0.927642 -0.279455 -0.616555 -0.9362 0.303463 0.177315 -0.244574 0.249289 0.217694 0.943644 0.381226 
1535116956343 0.248607 0.927417 -0.27945 -0.615889 -0.936009 0.30424 0.176989 -0.244443 0.249163 0.217567 0.943707 0.381355 
1535116956513 0.248902 0.92731 -0.279544 -0.615655 -0.935971 0.304504 0.176734 -0.244316 0.249009 0.217656 0.943727 0.381321 
1535116956736 0.249271 0.92726 -0.279379 -0.615081 -0.935852 0.304844 0.17678 -0.243982 0.249088 0.217391 0.943767 0.38156 
1535116956768 0.249263 0.927269 -0.279358 -0.614953 -0.935863 0.304824 0.176754 -0.24387 0.249053 0.217383 0.943778 0.381584 
1535116956780 0.249345 0.927229 -0.279417 -0.614916 -0.935843 0.304912 0.176709 -0.24387 0.249047 0.217429 0.943769 0.381571 
1535116957042 0.249342 0.927273 -0.279274 -0.614536 -0.935848 0.304878 0.176743 -0.243655 0.249033 0.217288 0.943805 0.381743 
1535116957341 0.249738 0.927217 -0.279103 -0.613737 -0.935792 0.305181 0.176514 -0.243292 0.248844 0.2171 0.943898 0.381895 
1535116957537 0.250044 0.927094 -0.279241 -0.613327 -0.935795 0.305425 0.176076 -0.243182 0.248526 0.217286 0.943939 0.381899 
1535116957784 0.250293 0.927061 -0.279127 -0.612548 -0.935767 0.305607 0.175909 -0.242834 0.248382 0.217169 0.944004 0.3822 
1535116958053 0.25066 0.927001 -0.278997 -0.611746 -0.935747 0.305865 0.175568 -0.242477 0.248087 0.217063 0.944106 0.382337 
1535116958078 0.250786 0.926984 -0.278941 -0.611639 -0.935715 0.305973 0.17555 -0.242428 0.24808 0.216984 0.944126 0.382371 
1535116958096 0.25087 0.926959 -0.278948 -0.611563 -0.935701 0.306047 0.175495 -0.242442 0.248047 0.216985 0.944134 0.382385 
1535116958235 0.250826 0.92693 -0.279084 -0.611464 -0.935662 0.306076 0.175655 -0.242397 0.248241 0.217069 0.944064 0.382374 
1535116958357 0.250325 0.927122 -0.278894 -0.611134 -0.935634 0.305703 0.176451 -0.242322 0.24885 0.216772 0.943972 0.382454 
1535116958577 0.250249 0.927185 -0.278755 -0.61051 -0.935425 0.305803 0.177385 -0.242234 0.249713 0.216364 0.943838 0.382593 
1535116958828 0.249785 0.927366 -0.278567 -0.609652 -0.935253 0.305579 0.178672 -0.241978 0.250818 0.215902 0.943651 0.382837 
1535116958952 0.249836 0.927323 -0.278664 -0.609334 -0.935064 0.305797 0.179286 -0.241968 0.251471 0.215777 0.943506 0.382856 
1535116959286 0.249674 0.927371 -0.278652 -0.609081 -0.934997 0.305735 0.179742 -0.241868 0.251881 0.215661 0.943422 0.382918 
1535116959483 0.249364 0.927518 -0.278439 -0.609134 -0.93518 0.305312 0.179508 -0.24171 0.251508 0.215627 0.94353 0.383006 
1535116959747 0.249512 0.927631 -0.27793 -0.608314 -0.935134 0.30536 0.179664 -0.241463 0.25153 0.215073 0.94365 0.383131 
1535116959826 0.249509 0.927678 -0.277774 -0.608049 -0.935131 0.30533 0.17973 -0.241436 0.251544 0.214911 0.943684 0.383211 
1535116960017 0.249229 0.927869 -0.277388 -0.607526 -0.935207 0.304987 0.179917 -0.241206 0.251539 0.214575 0.943761 0.383327 
1535116960126 0.249196 0.927886 -0.27736 -0.607297 -0.935201 0.304963 0.179992 -0.241067 0.251596 0.214534 0.943755 0.383308 
1535116960213 0.249161 0.927963 -0.277133 -0.607129 -0.935199 0.304895 0.180115 -0.240953 0.251637 0.214297 0.943799 0.383384 
1535116960232 0.249126 0.92799 -0.277077 -0.607087 -0.93521 0.304849 0.180136 -0.240941 0.251631 0.214248 0.943811 0.383405 
1535116960379 0.249237 0.92796 -0.277077 -0.607059 -0.935163 0.30497 0.180177 -0.240973 0.251698 0.214205 0.943803 0.383372 
1535116960443 0.249326 0.928146 -0.276371 -0.606997 -0.935182 0.304881 0.180226 -0.240917 0.251536 0.213522 0.944001 0.383336 
1535116960457 0.249378 0.928191 -0.276174 -0.606976 -0.935198 0.304867 0.180167 -0.240915 0.251425 0.213348 0.94407 0.383289 
1535116960591 0.249373 0.928532 -0.27503 -0.606744 -0.935277 0.304575 0.180252 -0.240658 0.251137 0.212279 0.944387 0.383226 
1535116960758 0.250011 0.928882 -0.273263 -0.606213 -0.935188 0.304773 0.18038 -0.240561 0.250835 0.210456 0.944876 0.383166 
1535116961396 0.250242 0.929183 -0.272025 -0.605894 -0.935224 0.304672 0.180364 -0.24039 0.25047 0.20927 0.945236 0.383135 
1535116961573 0.250101 0.929026 -0.27269 -0.606262 -0.935316 0.304621 0.179975 -0.240488 0.250269 0.21004 0.945118 0.383131 
1535116961622 0.250693 0.92908 -0.271962 -0.606238 -0.935344 0.304889 0.17937 -0.240505 0.249567 0.209411 0.945443 0.383082 
1535116961753 0.250885 0.929224 -0.271291 -0.606332 -0.935473 0.304792 0.178861 -0.240393 0.24889 0.208912 0.945732 0.382992 
1535116961935 0.251723 0.929388 -0.269951 -0.606469 -0.935676 0.304977 0.177481 -0.240346 0.247277 0.207911 0.946376 0.382778 
1535116962109 0.25237 0.929646 -0.268454 -0.606568 -0.93592 0.304959 0.176219 -0.240191 0.245688 0.206779 0.947037 0.382677 
1535116962157 0.252601 0.929798 -0.267708 -0.606588 -0.93604 0.304887 0.175709 -0.240106 0.244995 0.206201 0.947343 0.382625 
1535116962354 0.253308 0.92988 -0.266755 -0.606671 -0.936116 0.305159 0.174826 -0.240144 0.24397 0.205429 0.947775 0.382603 
1535116963794 0.230401 0.925046 -0.302002 -0.577716 -0.940484 0.291357 0.174931 -0.226317 0.249809 0.243724 0.93712 0.406163 
1535116965240 0.208779 0.918255 -0.33648 -0.548523 -0.944677 0.278361 0.173493 -0.21284 0.252974 0.281644 0.925571 0.429863 
1535116965267 0.209402 0.918054 -0.336641 -0.548364 -0.944585 0.278924 0.173091 -0.213052 0.252804 0.281741 0.925587 0.430033 
