1533297466179 0.135482 0.933151 -0.332977 -0.599651 -0.958165 0.208922 0.195633 -0.221979 0.252121 0.292542 0.922417 0.382645 
1533297468944 0.135482 0.933151 -0.332977 -0.599651 -0.958164 0.208922 0.195635 -0.221978 0.252123 0.292541 0.922417 0.382646 
1533297468955 0.135482 0.933151 -0.332977 -0.599651 -0.958164 0.208922 0.195635 -0.221979 0.252123 0.292541 0.922417 0.382646 
1533297468972 0.135482 0.933151 -0.332977 -0.599651 -0.958164 0.208922 0.195635 -0.221979 0.252123 0.292541 0.922417 0.382646 
1533297468989 0.135482 0.933152 -0.332976 -0.599651 -0.958164 0.208922 0.195637 -0.221978 0.252125 0.29254 0.922417 0.382647 
1533297469005 0.135481 0.933153 -0.332973 -0.599652 -0.958162 0.208923 0.195644 -0.221977 0.252132 0.292536 0.922416 0.382649 
1533297469022 0.135476 0.933157 -0.332964 -0.599655 -0.958156 0.208924 0.195672 -0.221973 0.252156 0.292523 0.922414 0.382657 
1533297469039 0.135471 0.933165 -0.332944 -0.599663 -0.958147 0.208926 0.195714 -0.221968 0.252194 0.292495 0.922412 0.382669 
1533297469059 0.135276 0.93329 -0.33267 -0.599702 -0.958132 0.208737 0.195989 -0.221933 0.252355 0.29223 0.922453 0.382712 
1533297469076 0.135077 0.933425 -0.332374 -0.599744 -0.958099 0.20856 0.196341 -0.221892 0.25259 0.291926 0.922485 0.382749 
1533297469099 0.134719 0.933717 -0.331699 -0.599842 -0.957992 0.208266 0.19717 -0.221787 0.253182 0.291202 0.922551 0.382837 
1533297469116 0.134491 0.93391 -0.331245 -0.599934 -0.957905 0.208095 0.197776 -0.221707 0.253635 0.290702 0.922584 0.382888 
1533297469132 0.134246 0.934128 -0.330731 -0.600042 -0.957794 0.207923 0.198489 -0.221646 0.254181 0.290126 0.922615 0.382921 
1533297469149 0.133799 0.934371 -0.330224 -0.60016 -0.957704 0.207573 0.199288 -0.221584 0.254755 0.289592 0.922625 0.382936 
1533297469166 0.133478 0.934623 -0.329641 -0.60026 -0.957621 0.207295 0.199979 -0.221546 0.255238 0.288978 0.922684 0.382959 
1533297469182 0.133184 0.934878 -0.329036 -0.600362 -0.957538 0.207031 0.200646 -0.221482 0.2557 0.288342 0.922755 0.382978 
1533297469199 0.132934 0.93518 -0.328279 -0.600469 -0.957429 0.206797 0.201408 -0.221444 0.25624 0.28753 0.922858 0.382983 
1533297469216 0.132867 0.935333 -0.327869 -0.600547 -0.95735 0.206745 0.201837 -0.221485 0.25657 0.287068 0.922911 0.382983 
1533297469232 0.13295 0.935457 -0.327481 -0.60064 -0.957227 0.206864 0.202297 -0.221596 0.256984 0.286578 0.922947 0.382983 
1533297469249 0.133017 0.935576 -0.327114 -0.600715 -0.957107 0.20697 0.202757 -0.221706 0.257397 0.286113 0.922977 0.382991 
1533297469294 0.133064 0.936027 -0.325803 -0.600968 -0.956673 0.2072 0.204558 -0.221948 0.258978 0.284467 0.923043 0.383039 
1533297469309 0.132957 0.936254 -0.325194 -0.601114 -0.956495 0.207178 0.205413 -0.222014 0.259692 0.283735 0.923068 0.383027 
1533297469326 0.13293 0.936483 -0.324545 -0.601266 -0.956287 0.207241 0.206314 -0.222106 0.260469 0.282933 0.923095 0.383013 
1533297469342 0.132988 0.936588 -0.324217 -0.601359 -0.956154 0.207359 0.206813 -0.222175 0.260928 0.282498 0.923099 0.383 
1533297469359 0.133173 0.936852 -0.323378 -0.601613 -0.955798 0.207701 0.20811 -0.222414 0.262134 0.281369 0.923102 0.382953 
1533297469376 0.133403 0.936948 -0.323004 -0.601756 -0.955565 0.208048 0.208835 -0.222557 0.262868 0.280792 0.923069 0.38292 
1533297469392 0.133709 0.93704 -0.322611 -0.601941 -0.955272 0.208512 0.209711 -0.222721 0.263776 0.280141 0.923008 0.38288 
1533297469409 0.134037 0.937148 -0.322161 -0.602137 -0.954997 0.208958 0.210517 -0.222932 0.264604 0.279446 0.922981 0.382845 
1533297469426 0.134472 0.937233 -0.321733 -0.60225 -0.954774 0.209438 0.211052 -0.223187 0.265188 0.278802 0.923009 0.382815 
1533297469442 0.1349 0.937267 -0.321453 -0.602305 -0.954622 0.20987 0.211308 -0.223414 0.265515 0.278361 0.923048 0.38278 
1533297469466 0.135672 0.93718 -0.321382 -0.602407 -0.954377 0.210716 0.211573 -0.223837 0.266003 0.278015 0.923011 0.382691 
1533297469482 0.136323 0.937049 -0.32149 -0.602474 -0.954185 0.211451 0.211708 -0.224179 0.26636 0.2779 0.922943 0.382606 
1533297469499 0.137125 0.936886 -0.321623 -0.602514 -0.953955 0.212347 0.211845 -0.224544 0.26677 0.277765 0.922865 0.382507 
1533297469516 0.137683 0.936764 -0.321742 -0.602529 -0.9538 0.212972 0.211918 -0.224798 0.267039 0.2777 0.922807 0.382436 
1533297469532 0.138249 0.936616 -0.321927 -0.602545 -0.953674 0.213587 0.211864 -0.225069 0.267195 0.277723 0.922755 0.382367 
1533297469549 0.138866 0.936448 -0.32215 -0.602571 -0.953564 0.214234 0.211707 -0.225364 0.267268 0.277791 0.922713 0.382299 
1533297469566 0.139225 0.936314 -0.322386 -0.602604 -0.953497 0.214637 0.211601 -0.225544 0.267321 0.277933 0.922655 0.382252 
1533297469582 0.139397 0.936199 -0.322645 -0.602637 -0.95345 0.214879 0.211568 -0.225617 0.267399 0.278134 0.922572 0.382216 
1533297469599 0.139517 0.936096 -0.322891 -0.602664 -0.953415 0.215064 0.211536 -0.22562 0.26746 0.278336 0.922493 0.382197 
1533297469616 0.139527 0.936025 -0.323094 -0.602685 -0.953448 0.215083 0.211368 -0.22561 0.267338 0.278562 0.922461 0.382199 
1533297469662 0.13909 0.935847 -0.323796 -0.602695 -0.953696 0.214643 0.210697 -0.225448 0.266681 0.279497 0.922368 0.382228 
1533297469679 0.138817 0.935814 -0.324008 -0.602654 -0.953785 0.214384 0.210555 -0.225352 0.266502 0.279806 0.922326 0.382249 
1533297469696 0.138502 0.935792 -0.324208 -0.602586 -0.953873 0.214091 0.210454 -0.225238 0.266351 0.280105 0.922279 0.382275 
1533297469712 0.138135 0.935768 -0.324434 -0.602503 -0.953976 0.213748 0.210337 -0.225111 0.266174 0.280448 0.922226 0.382299 
1533297469729 0.137796 0.935771 -0.324568 -0.602414 -0.954078 0.213406 0.210223 -0.224996 0.265986 0.280695 0.922205 0.382314 
1533297469746 0.137331 0.935806 -0.324665 -0.602299 -0.954213 0.212923 0.210099 -0.224845 0.26574 0.280947 0.922199 0.382322 
1533297469762 0.136912 0.935849 -0.324718 -0.602215 -0.954329 0.212485 0.210013 -0.224702 0.265538 0.281134 0.9222 0.382327 
1533297469779 0.136428 0.935903 -0.324766 -0.602127 -0.954459 0.211982 0.209935 -0.224536 0.265323 0.281335 0.922201 0.382332 
1533297469796 0.136172 0.935928 -0.3248 -0.602076 -0.954526 0.211718 0.209893 -0.224452 0.265211 0.281448 0.922198 0.382329 
1533297469813 0.135861 0.935959 -0.324843 -0.602002 -0.954575 0.211434 0.209959 -0.224355 0.265196 0.281561 0.922168 0.382309 
1533297469832 0.135759 0.935943 -0.324932 -0.60193 -0.954552 0.211398 0.210099 -0.224363 0.265331 0.281642 0.922105 0.382249 
1533297469852 0.135742 0.935887 -0.325099 -0.601838 -0.954492 0.211486 0.210282 -0.224463 0.265555 0.281761 0.922004 0.382168 
1533297469869 0.135698 0.935829 -0.325284 -0.601741 -0.95444 0.211549 0.210456 -0.2246 0.265764 0.281905 0.921899 0.382098 
1533297469886 0.13578 0.935725 -0.32555 -0.601618 -0.954361 0.211756 0.210605 -0.224807 0.266006 0.282096 0.921771 0.382018 
1533297469902 0.135877 0.935637 -0.325762 -0.601535 -0.954313 0.21193 0.210645 -0.224965 0.266126 0.282258 0.921687 0.381965 
1533297469919 0.135994 0.935535 -0.326007 -0.601446 -0.954285 0.212106 0.210596 -0.225135 0.266168 0.282464 0.921612 0.381912 
1533297469936 0.136226 0.935412 -0.326263 -0.601336 -0.954253 0.21238 0.210468 -0.225331 0.266166 0.282666 0.921551 0.381861 
1533297469952 0.136463 0.935315 -0.326442 -0.601242 -0.954288 0.212566 0.210117 -0.225511 0.265916 0.282847 0.921567 0.381864 
1533297469969 0.136657 0.93523 -0.326605 -0.601167 -0.954359 0.212678 0.209681 -0.225656 0.265562 0.283044 0.921609 0.381884 
1533297470016 0.136788 0.935188 -0.32667 -0.601009 -0.95477 0.212355 0.208132 -0.225532 0.264012 0.283424 0.921937 0.381992 
1533297470032 0.136457 0.935252 -0.326624 -0.60095 -0.954968 0.211875 0.207713 -0.225355 0.263467 0.283571 0.922048 0.38201 
1533297470049 0.135794 0.935363 -0.326582 -0.600858 -0.95528 0.211014 0.207157 -0.224996 0.26268 0.283847 0.922188 0.382017 
1533297470069 0.135169 0.935418 -0.326683 -0.600789 -0.955555 0.210252 0.206661 -0.224648 0.262 0.28423 0.922263 0.381994 
1533297470086 0.134689 0.935457 -0.32677 -0.60073 -0.95578 0.209654 0.20623 -0.224391 0.261428 0.284543 0.922329 0.381972 
1533297470103 0.134051 0.935537 -0.326805 -0.600654 -0.956044 0.208877 0.205791 -0.224082 0.260787 0.284853 0.922415 0.381961 
1533297470119 0.133397 0.93566 -0.326719 -0.600572 -0.95627 0.208102 0.205527 -0.223815 0.260294 0.285015 0.922504 0.381984 
1533297470136 0.132784 0.935805 -0.326554 -0.600469 -0.956442 0.2074 0.205435 -0.223565 0.259974 0.285051 0.922583 0.382036 
1533297470153 0.132204 0.935963 -0.326337 -0.600352 -0.956583 0.206746 0.205441 -0.223323 0.259754 0.285009 0.922658 0.382112 
1533297470176 0.131733 0.936101 -0.326132 -0.600234 -0.956688 0.206218 0.205479 -0.22313 0.259603 0.284938 0.922722 0.382184 
1533297470193 0.131552 0.93616 -0.326035 -0.600164 -0.956739 0.206 0.205464 -0.223066 0.25951 0.284901 0.92276 0.382221 
1533297470209 0.131482 0.936193 -0.325968 -0.60011 -0.956775 0.205892 0.205404 -0.223053 0.259412 0.284871 0.922797 0.382257 
1533297470226 0.131498 0.936205 -0.325926 -0.600071 -0.956804 0.205862 0.205298 -0.223078 0.259297 0.284851 0.922835 0.382288 
1533297470243 0.131587 0.936211 -0.325875 -0.60005 -0.956839 0.205882 0.205113 -0.223127 0.259121 0.28482 0.922894 0.382328 
1533297470261 0.131665 0.936211 -0.325842 -0.600043 -0.956881 0.20589 0.204912 -0.223162 0.258928 0.284812 0.922951 0.382344 
1533297470276 0.131736 0.936197 -0.325853 -0.600045 -0.956936 0.205886 0.204656 -0.223196 0.258687 0.28486 0.923004 0.382351 
1533297470296 0.13183 0.936142 -0.325973 -0.600061 -0.956989 0.205928 0.204365 -0.223233 0.258441 0.285011 0.923026 0.382347 
1533297470313 0.131938 0.936037 -0.326233 -0.600092 -0.957041 0.206011 0.204037 -0.223267 0.258194 0.285298 0.923006 0.382333 
1533297470333 0.132111 0.935932 -0.326462 -0.600115 -0.957107 0.206123 0.203615 -0.223301 0.257861 0.285559 0.923019 0.382328 
1533297470350 0.132162 0.935859 -0.326653 -0.600118 -0.957216 0.206084 0.203143 -0.223292 0.257431 0.285829 0.923055 0.382339 
1533297470366 0.132094 0.935821 -0.326789 -0.6001 -0.95734 0.205923 0.202724 -0.22323 0.257006 0.286069 0.923099 0.382364 
1533297470383 0.131944 0.935799 -0.326912 -0.600061 -0.957497 0.205658 0.202251 -0.223113 0.256498 0.286332 0.923159 0.382404 
1533297470400 0.131774 0.935794 -0.326994 -0.600015 -0.957655 0.205365 0.201796 -0.22299 0.255993 0.286556 0.92323 0.382447 
1533297470420 0.131454 0.935816 -0.327059 -0.599959 -0.957865 0.204896 0.201277 -0.222853 0.255371 0.286819 0.92332 0.382497 
1533297470437 0.131144 0.935842 -0.327109 -0.59992 -0.958034 0.204476 0.2009 -0.222759 0.254897 0.287035 0.923384 0.382531 
1533297470454 0.130908 0.93584 -0.32721 -0.599898 -0.958192 0.204135 0.200491 -0.222705 0.254422 0.287284 0.923438 0.382562 
1533297470471 0.130777 0.935805 -0.327362 -0.599897 -0.958289 0.203956 0.20021 -0.222687 0.254125 0.287524 0.923445 0.38259 
1533297470491 0.130656 0.93575 -0.327568 -0.599902 -0.958331 0.203858 0.200107 -0.222656 0.254027 0.287774 0.923394 0.382612 
1533297470507 0.130586 0.935692 -0.327762 -0.599906 -0.95833 0.203847 0.200124 -0.222631 0.254068 0.287971 0.923321 0.382636 
1533297470524 0.130606 0.935591 -0.328041 -0.599905 -0.958302 0.203953 0.200149 -0.222618 0.254163 0.288222 0.923217 0.382665 
1533297470542 0.130688 0.935462 -0.328378 -0.59989 -0.958271 0.204125 0.200126 -0.222619 0.254241 0.288521 0.923102 0.382697 
1533297470557 0.130684 0.935332 -0.328748 -0.599887 -0.958251 0.204224 0.20012 -0.222617 0.254317 0.28887 0.922972 0.38271 
1533297470574 0.130662 0.935243 -0.329011 -0.599888 -0.958239 0.204277 0.200122 -0.222614 0.254372 0.289123 0.922878 0.382713 
1533297470591 0.130606 0.935082 -0.329491 -0.599897 -0.958218 0.20436 0.200139 -0.222609 0.254481 0.289584 0.922703 0.382714 
1533297470607 0.130548 0.934989 -0.329778 -0.599905 -0.958208 0.204388 0.200159 -0.222599 0.254549 0.289865 0.922596 0.382713 
1533297470624 0.130484 0.934957 -0.329893 -0.599907 -0.958218 0.204352 0.200149 -0.222577 0.254545 0.289993 0.922557 0.382717 
1533297470641 0.130394 0.93494 -0.329976 -0.599908 -0.958236 0.204278 0.200134 -0.222543 0.25452 0.290098 0.922531 0.38272 
1533297470664 0.130334 0.934929 -0.330032 -0.599913 -0.958258 0.204218 0.200089 -0.222533 0.254468 0.290177 0.92252 0.382721 
1533297470681 0.130257 0.934928 -0.330064 -0.599911 -0.958296 0.204123 0.200009 -0.222528 0.254367 0.290247 0.922526 0.382723 
1533297470697 0.130194 0.934929 -0.330088 -0.599906 -0.958335 0.204034 0.199912 -0.22252 0.254252 0.290307 0.922539 0.382723 
1533297470714 0.130088 0.934929 -0.330128 -0.599894 -0.958418 0.203866 0.199685 -0.22251 0.253993 0.290424 0.922573 0.38272 
1533297470731 0.129959 0.934933 -0.330168 -0.599864 -0.958522 0.203655 0.199398 -0.222501 0.253664 0.29056 0.922621 0.382717 
1533297470747 0.129833 0.934935 -0.330212 -0.599836 -0.958613 0.203462 0.199157 -0.222487 0.253384 0.290689 0.922657 0.382711 
1533297470764 0.129721 0.934937 -0.33025 -0.599812 -0.958692 0.203292 0.19895 -0.222472 0.253143 0.2908 0.922688 0.382706 
1533297470781 0.129633 0.934947 -0.330258 -0.599785 -0.958743 0.203167 0.198833 -0.222453 0.252996 0.290857 0.922711 0.3827 
1533297470797 0.12963 0.934926 -0.330318 -0.59978 -0.958754 0.203166 0.198783 -0.222453 0.252957 0.290925 0.9227 0.382689 
1533297470814 0.129839 0.934804 -0.33058 -0.599802 -0.958702 0.203444 0.198751 -0.222454 0.253047 0.291122 0.922613 0.382677 
1533297470871 0.130614 0.93438 -0.331473 -0.599855 -0.958671 0.204268 0.19805 -0.22247 0.252763 0.291906 0.922443 0.382708 
1533297470887 0.130581 0.934302 -0.331706 -0.59985 -0.958743 0.204209 0.197762 -0.222446 0.252507 0.292197 0.922421 0.382728 
1533297470904 0.130522 0.934223 -0.33195 -0.59984 -0.958823 0.204123 0.197465 -0.222409 0.252235 0.292508 0.922397 0.382751 
1533297470921 0.130507 0.934171 -0.332104 -0.599827 -0.95888 0.204077 0.197236 -0.222387 0.252027 0.292707 0.922391 0.38277 
1533297470937 0.130497 0.934114 -0.332268 -0.599813 -0.958934 0.204041 0.19701 -0.222372 0.251826 0.292913 0.92238 0.382788 
1533297470954 0.130502 0.934093 -0.332323 -0.59979 -0.958965 0.204021 0.196879 -0.222358 0.251704 0.292993 0.922388 0.382792 
1533297470971 0.130514 0.934085 -0.332342 -0.599778 -0.958963 0.204037 0.196874 -0.222349 0.251708 0.293009 0.922382 0.382771 
1533297470987 0.130545 0.93407 -0.332373 -0.599787 -0.958943 0.20409 0.196915 -0.222348 0.251767 0.293021 0.922362 0.382731 
1533297471004 0.130616 0.934067 -0.332354 -0.599805 -0.9589 0.204191 0.197022 -0.222358 0.251895 0.29296 0.922347 0.382689 
1533297471021 0.130718 0.93411 -0.332191 -0.599805 -0.958866 0.204274 0.197098 -0.222385 0.25197 0.292762 0.922389 0.382669 
1533297471044 0.130922 0.934271 -0.331658 -0.599765 -0.958816 0.204378 0.197236 -0.222429 0.252056 0.292176 0.922551 0.382667 
1533297471060 0.131067 0.934367 -0.331332 -0.599739 -0.958776 0.204468 0.197338 -0.222456 0.252132 0.291808 0.922647 0.382657 
1533297471077 0.131144 0.934415 -0.331164 -0.599727 -0.958751 0.204521 0.197404 -0.222472 0.252188 0.291615 0.922693 0.382639 
1533297471094 0.131206 0.934424 -0.331115 -0.599729 -0.958723 0.204591 0.197467 -0.222486 0.252261 0.291539 0.922697 0.382613 
1533297471111 0.13123 0.934411 -0.331141 -0.599736 -0.958717 0.204621 0.197463 -0.222496 0.25227 0.291557 0.922689 0.382598 
1533297471127 0.131218 0.934402 -0.331173 -0.599738 -0.95872 0.204615 0.197455 -0.222493 0.252265 0.291592 0.922679 0.38259 
1533297471144 0.131231 0.934385 -0.331215 -0.599739 -0.958709 0.204647 0.197474 -0.222478 0.252299 0.291625 0.92266 0.382581 
1533297471161 0.13127 0.934329 -0.331356 -0.599751 -0.958681 0.20474 0.197516 -0.222457 0.252387 0.291737 0.9226 0.382564 
1533297471177 0.131279 0.934214 -0.331678 -0.599789 -0.958632 0.204871 0.197617 -0.222438 0.252568 0.292014 0.922463 0.382535 
1533297471194 0.131241 0.934133 -0.331922 -0.599818 -0.958601 0.204929 0.197707 -0.222426 0.252705 0.292234 0.922356 0.382508 
1533297471216 0.131164 0.934072 -0.332123 -0.599841 -0.958571 0.204948 0.197835 -0.22241 0.252861 0.292415 0.922255 0.382472 
1533297471230 0.131149 0.934073 -0.332127 -0.599838 -0.958544 0.204967 0.197944 -0.222401 0.25297 0.292398 0.922231 0.382452 
1533297471247 0.13116 0.934094 -0.332062 -0.599826 -0.958467 0.205051 0.198231 -0.222385 0.253256 0.29227 0.922193 0.382422 
1533297471264 0.131112 0.934115 -0.332024 -0.599821 -0.958388 0.205096 0.198563 -0.222386 0.253577 0.292174 0.922135 0.382393 
1533297471281 0.131134 0.934167 -0.331868 -0.599805 -0.958301 0.205181 0.198898 -0.222421 0.253897 0.291947 0.922119 0.382377 
1533297471297 0.131222 0.934225 -0.331668 -0.599782 -0.958244 0.205272 0.199078 -0.222466 0.254066 0.291695 0.922152 0.382376 
1533297471316 0.13138 0.934246 -0.331547 -0.599768 -0.958207 0.205411 0.19911 -0.222533 0.254121 0.291531 0.922189 0.382381 
1533297471331 0.131474 0.934233 -0.331548 -0.599769 -0.95819 0.205503 0.199097 -0.222578 0.254137 0.29151 0.922191 0.382382 
1533297471347 0.131557 0.934213 -0.331569 -0.599769 -0.958175 0.205589 0.199082 -0.222625 0.254152 0.291511 0.922187 0.382382 
1533297471364 0.131603 0.93421 -0.33156 -0.59977 -0.95816 0.20564 0.199103 -0.222646 0.254186 0.291485 0.922186 0.382383 
1533297471384 0.131657 0.934216 -0.331522 -0.599778 -0.958139 0.205698 0.199146 -0.222664 0.254238 0.291425 0.92219 0.382388 
1533297471401 0.131664 0.934217 -0.331515 -0.599779 -0.958135 0.205706 0.199153 -0.222667 0.254247 0.291415 0.922191 0.382388 
1533297471417 0.131564 0.934276 -0.33139 -0.599788 -0.958078 0.205668 0.19947 -0.222662 0.254516 0.291254 0.922167 0.382399 
1533297471434 0.1315 0.934329 -0.331265 -0.599787 -0.958 0.205681 0.199831 -0.222647 0.254842 0.291074 0.922134 0.382419 
1533297471451 0.131508 0.934368 -0.331152 -0.599788 -0.957909 0.205767 0.200177 -0.222642 0.255179 0.290889 0.922099 0.382447 
1533297471467 0.131549 0.934398 -0.331051 -0.599792 -0.957822 0.205876 0.200482 -0.222647 0.255485 0.290714 0.92207 0.382477 
1533297471484 0.131616 0.934413 -0.330983 -0.599797 -0.957751 0.205993 0.200696 -0.222658 0.255714 0.290585 0.922047 0.382482 
1533297471501 0.131682 0.934411 -0.330961 -0.599803 -0.957725 0.20607 0.200745 -0.222679 0.25578 0.290535 0.922045 0.38246 
1533297471517 0.131727 0.934401 -0.330971 -0.599809 -0.957735 0.206095 0.20067 -0.222705 0.255718 0.290549 0.922057 0.382429 
1533297471534 0.131767 0.93444 -0.330847 -0.599793 -0.957785 0.206043 0.200486 -0.22273 0.25551 0.290463 0.922142 0.382383 
1533297471604 0.131896 0.934641 -0.330228 -0.599727 -0.957946 0.205826 0.199937 -0.222816 0.254838 0.289969 0.922483 0.382171 
1533297471621 0.131971 0.93469 -0.330059 -0.599734 -0.957925 0.205872 0.199989 -0.22283 0.254878 0.289779 0.922532 0.382119 
1533297471637 0.132031 0.934728 -0.329927 -0.599742 -0.957907 0.205912 0.200038 -0.222839 0.254917 0.289628 0.922569 0.382082 
1533297471654 0.132057 0.934745 -0.329867 -0.599763 -0.957873 0.205958 0.200154 -0.222831 0.255032 0.289539 0.922565 0.382058 
1533297471670 0.132054 0.934748 -0.329859 -0.59978 -0.957849 0.205981 0.200243 -0.222818 0.255121 0.289512 0.922549 0.382054 
1533297471688 0.13201 0.934752 -0.329868 -0.599796 -0.957845 0.205953 0.200292 -0.222793 0.255161 0.289521 0.922535 0.38207 
1533297471704 0.131924 0.934752 -0.329901 -0.599792 -0.957861 0.205875 0.200295 -0.222765 0.255145 0.289576 0.922522 0.382103 
1533297471721 0.131805 0.9347 -0.330096 -0.5998 -0.957864 0.205822 0.200336 -0.222732 0.255195 0.289781 0.922444 0.38212 
1533297471737 0.131672 0.934591 -0.330458 -0.599823 -0.957855 0.205805 0.200393 -0.222707 0.255295 0.290145 0.922302 0.382141 
1533297471754 0.131587 0.934481 -0.330802 -0.599831 -0.957858 0.205811 0.200377 -0.22271 0.255331 0.290494 0.922182 0.382173 
1533297471814 0.13174 0.934243 -0.331413 -0.599766 -0.957833 0.206088 0.200209 -0.222845 0.255345 0.291063 0.921999 0.382317 
1533297471831 0.131839 0.934219 -0.331442 -0.599734 -0.957817 0.206189 0.20018 -0.222877 0.255351 0.291069 0.921995 0.382357 
1533297471847 0.131874 0.93421 -0.331453 -0.599708 -0.957811 0.206225 0.200172 -0.222889 0.255357 0.291072 0.921992 0.382393 
1533297471864 0.131856 0.934211 -0.331458 -0.599698 -0.957806 0.206219 0.200204 -0.22287 0.255386 0.291074 0.921984 0.382422 
1533297471881 0.131822 0.93422 -0.331445 -0.599697 -0.957802 0.206193 0.200247 -0.222843 0.255416 0.291062 0.921979 0.382431 
1533297471897 0.131782 0.934237 -0.331414 -0.599721 -0.957804 0.206154 0.200279 -0.222808 0.25543 0.291037 0.921983 0.382419 
1533297471914 0.131767 0.934262 -0.331349 -0.599755 -0.957801 0.206132 0.200316 -0.222781 0.255449 0.290972 0.921998 0.382397 
1533297471931 0.131804 0.934298 -0.331233 -0.599787 -0.957778 0.206162 0.200395 -0.222761 0.255516 0.290835 0.922023 0.382362 
1533297471947 0.131847 0.934412 -0.330894 -0.599795 -0.95778 0.20612 0.200428 -0.222748 0.255486 0.290498 0.922138 0.38233 
1533297471964 0.131793 0.93454 -0.330554 -0.599805 -0.957804 0.205978 0.20046 -0.222732 0.255424 0.290187 0.922253 0.382299 
1533297471984 0.131668 0.934665 -0.33025 -0.599824 -0.957837 0.205779 0.200508 -0.222702 0.255366 0.289926 0.922351 0.382265 
1533297472001 0.131552 0.934744 -0.330073 -0.599847 -0.957853 0.205633 0.20058 -0.222683 0.255365 0.289774 0.922399 0.382229 
1533297472017 0.131503 0.934779 -0.329993 -0.599859 -0.957851 0.20558 0.200644 -0.222688 0.255397 0.289699 0.922414 0.38219 
1533297472034 0.13157 0.9348 -0.329907 -0.599861 -0.957829 0.205639 0.200691 -0.222709 0.255448 0.28959 0.922434 0.382159 
1533297472050 0.131652 0.934799 -0.329877 -0.599864 -0.957807 0.20572 0.200709 -0.22274 0.255485 0.289534 0.922441 0.382144 
1533297472067 0.131708 0.934781 -0.329905 -0.599868 -0.957795 0.205783 0.200702 -0.22277 0.255502 0.289548 0.922432 0.382142 
1533297472084 0.131724 0.934764 -0.329947 -0.599854 -0.957795 0.205804 0.200681 -0.222788 0.255494 0.289587 0.922422 0.382161 
1533297472100 0.131688 0.93476 -0.329973 -0.59983 -0.957806 0.20577 0.200667 -0.222777 0.255474 0.289624 0.922416 0.382195 
1533297472117 0.131586 0.934691 -0.33021 -0.599831 -0.957816 0.20573 0.200656 -0.222758 0.255486 0.289877 0.922333 0.382214 
1533297472134 0.131498 0.934563 -0.330605 -0.599843 -0.957819 0.205744 0.200631 -0.222733 0.255522 0.290278 0.922197 0.382231 
1533297472154 0.131526 0.934381 -0.331108 -0.599846 -0.957791 0.205905 0.200597 -0.22272 0.255611 0.290749 0.922024 0.382263 
1533297472171 0.131556 0.934253 -0.331459 -0.599842 -0.957763 0.206036 0.200598 -0.222725 0.255702 0.291069 0.921898 0.382299 
1533297472187 0.131577 0.934129 -0.331798 -0.599834 -0.957736 0.206155 0.200603 -0.222742 0.255791 0.29138 0.921775 0.382339 
1533297472204 0.131536 0.934018 -0.332128 -0.59982 -0.957718 0.206215 0.200627 -0.222746 0.255879 0.291696 0.92165 0.382379 
1533297472221 0.131427 0.933913 -0.332466 -0.599798 -0.957718 0.206204 0.200641 -0.222737 0.255937 0.292039 0.921526 0.38242 
1533297472237 0.131298 0.933837 -0.332731 -0.59978 -0.957729 0.206148 0.200646 -0.222723 0.255962 0.292321 0.921429 0.382444 
1533297472254 0.131181 0.933765 -0.33298 -0.59979 -0.957733 0.206106 0.200669 -0.222698 0.256006 0.292582 0.921334 0.382457 
1533297472271 0.131136 0.933696 -0.33319 -0.599821 -0.957726 0.206125 0.200684 -0.222692 0.256056 0.292787 0.921255 0.38246 
1533297472287 0.131129 0.933682 -0.333231 -0.59984 -0.957727 0.206127 0.200674 -0.222687 0.256054 0.292831 0.921242 0.382453 
1533297472304 0.131138 0.933682 -0.333228 -0.59987 -0.957725 0.206135 0.200676 -0.222677 0.256058 0.292824 0.921243 0.382428 
1533297472364 0.131271 0.933962 -0.332391 -0.599891 -0.957798 0.205975 0.200494 -0.22261 0.255718 0.292044 0.921585 0.382292 
1533297472380 0.131322 0.934106 -0.331964 -0.599873 -0.957844 0.20587 0.200379 -0.222587 0.255517 0.291656 0.921764 0.382252 
1533297472397 0.131425 0.934256 -0.331501 -0.599847 -0.957897 0.20579 0.200208 -0.222591 0.255265 0.291232 0.921967 0.38221 
1533297472414 0.131519 0.934345 -0.331214 -0.599826 -0.957932 0.205762 0.200071 -0.222612 0.255086 0.290968 0.9221 0.382177 
1533297472431 0.131611 0.934408 -0.330998 -0.599807 -0.957971 0.205743 0.199906 -0.222645 0.254894 0.290776 0.922214 0.382144 
1533297472447 0.131671 0.934477 -0.330781 -0.599775 -0.958009 0.205698 0.199766 -0.222668 0.254717 0.290588 0.922322 0.382125 
1533297472464 0.131685 0.934521 -0.33065 -0.599753 -0.958031 0.205656 0.199703 -0.222674 0.254627 0.290475 0.922382 0.382129 
1533297472480 0.131681 0.934548 -0.330574 -0.59974 -0.958044 0.205623 0.199678 -0.222671 0.254582 0.290411 0.922415 0.382144 
1533297472497 0.131628 0.934579 -0.33051 -0.599719 -0.95807 0.205538 0.19964 -0.222651 0.254511 0.290374 0.922446 0.382182 
1533297472514 0.131632 0.934572 -0.330526 -0.59971 -0.958104 0.205506 0.19951 -0.222647 0.254381 0.290417 0.922469 0.38221 
1533297472537 0.131715 0.934542 -0.33058 -0.599706 -0.958132 0.20555 0.199331 -0.222649 0.254234 0.290484 0.922488 0.382258 
1533297472554 0.131728 0.934434 -0.330878 -0.599736 -0.958129 0.205627 0.199267 -0.222634 0.254239 0.290775 0.922395 0.382284 
1533297472571 0.131701 0.934294 -0.331284 -0.599781 -0.958118 0.205705 0.199236 -0.22261 0.254291 0.291169 0.922256 0.382305 
1533297472587 0.131702 0.934175 -0.331619 -0.599817 -0.95811 0.205786 0.199192 -0.222593 0.254323 0.291494 0.922145 0.382324 
1533297472604 0.131729 0.934077 -0.331885 -0.599847 -0.958096 0.20588 0.199162 -0.222583 0.254361 0.291742 0.922056 0.382335 
1533297472620 0.131766 0.934019 -0.332032 -0.599864 -0.95809 0.205947 0.19912 -0.222578 0.254363 0.29188 0.922012 0.382349 
1533297472637 0.13181 0.933995 -0.332082 -0.599872 -0.958082 0.206001 0.199105 -0.222584 0.254372 0.291918 0.921997 0.382357 
1533297472657 0.131834 0.933994 -0.332077 -0.599879 -0.958069 0.206033 0.199134 -0.222604 0.254409 0.2919 0.921993 0.382358 
1533297472674 0.131855 0.934002 -0.332045 -0.599884 -0.958045 0.20607 0.199209 -0.222625 0.254486 0.291847 0.921988 0.382344 
1533297472697 0.131755 0.934046 -0.331963 -0.599888 -0.958006 0.206021 0.199451 -0.222644 0.254687 0.291744 0.921965 0.382305 
1533297472714 0.131636 0.934212 -0.331542 -0.599848 -0.958014 0.205828 0.199609 -0.22267 0.254717 0.291346 0.922083 0.382279 
1533297472731 0.131561 0.934358 -0.331161 -0.59981 -0.958015 0.205688 0.199748 -0.222693 0.254752 0.290979 0.922189 0.382245 
1533297472747 0.131511 0.9345 -0.330778 -0.599775 -0.957999 0.205585 0.19993 -0.222716 0.254837 0.290592 0.922287 0.382223 
1533297472764 0.131486 0.934616 -0.330461 -0.599745 -0.957989 0.205511 0.200057 -0.222735 0.25489 0.290273 0.922373 0.382222 
1533297472781 0.131434 0.934749 -0.330104 -0.59971 -0.957983 0.2054 0.200199 -0.222751 0.254939 0.289921 0.92247 0.382235 
1533297472797 0.131378 0.934899 -0.329703 -0.599666 -0.957987 0.205267 0.200316 -0.222757 0.254953 0.289534 0.922588 0.382262 
1533297472817 0.131362 0.935011 -0.32939 -0.599623 -0.957992 0.205182 0.20038 -0.222739 0.254942 0.289231 0.922686 0.382294 
1533297472834 0.131354 0.935055 -0.329271 -0.599602 -0.95801 0.20513 0.200348 -0.222722 0.25488 0.289128 0.922736 0.382329 
1533297472858 0.131294 0.935094 -0.329182 -0.599572 -0.958069 0.204996 0.200199 -0.222688 0.254686 0.289094 0.9228 0.382397 
1533297472874 0.131298 0.935088 -0.329197 -0.599556 -0.958117 0.204948 0.200018 -0.222666 0.254503 0.289147 0.922834 0.382431 
1533297472891 0.131412 0.935048 -0.329266 -0.599546 -0.958155 0.205008 0.199776 -0.222663 0.254302 0.289235 0.922862 0.382453 
1533297472909 0.131498 0.934934 -0.329556 -0.599554 -0.958177 0.205112 0.199565 -0.222669 0.254176 0.28953 0.922804 0.382465 
1533297472924 0.131526 0.934768 -0.330014 -0.599583 -0.958179 0.205229 0.199433 -0.222677 0.254152 0.289982 0.922669 0.382475 
1533297472941 0.131477 0.93467 -0.330311 -0.5996 -0.958201 0.20523 0.19933 -0.222692 0.254097 0.290297 0.922585 0.382486 
1533297472958 0.131479 0.934585 -0.330552 -0.599617 -0.95821 0.205271 0.19924 -0.222733 0.254059 0.290542 0.922518 0.382493 
1533297472974 0.13152 0.934554 -0.330623 -0.599626 -0.958198 0.205332 0.199235 -0.222763 0.254084 0.290599 0.922493 0.382493 
1533297472991 0.131599 0.934525 -0.330674 -0.599646 -0.958169 0.205438 0.199268 -0.222799 0.254154 0.290617 0.922468 0.382482 
1533297473008 0.13158 0.934518 -0.330701 -0.599667 -0.958152 0.205448 0.199339 -0.222821 0.254228 0.290633 0.922443 0.38246 
1533297473051 0.131507 0.934648 -0.330361 -0.599702 -0.958034 0.205454 0.1999 -0.222783 0.25471 0.290209 0.922443 0.382384 
1533297473068 0.131518 0.934818 -0.329877 -0.599676 -0.958033 0.20536 0.2 -0.222766 0.254708 0.289729 0.922595 0.382374 
1533297473084 0.131537 0.934974 -0.329426 -0.599649 -0.958037 0.205273 0.200069 -0.222756 0.254682 0.289286 0.922741 0.382372 
1533297473101 0.131556 0.935139 -0.328949 -0.599622 -0.958042 0.205181 0.20014 -0.222745 0.254653 0.288817 0.922896 0.382363 
1533297473118 0.131575 0.935247 -0.328634 -0.599606 -0.958034 0.205137 0.200223 -0.222728 0.254673 0.288498 0.92299 0.382353 
1533297473134 0.131632 0.935314 -0.328421 -0.599589 -0.958012 0.205161 0.200307 -0.222727 0.254729 0.288265 0.923047 0.382344 
1533297473151 0.131712 0.935361 -0.328256 -0.599566 -0.957981 0.205222 0.20039 -0.222734 0.254803 0.288069 0.923088 0.382342 
1533297473171 0.13176 0.935386 -0.328165 -0.599531 -0.957981 0.205239 0.200371 -0.222741 0.254776 0.287975 0.923125 0.382349 
1533297473188 0.131749 0.935389 -0.32816 -0.599502 -0.958007 0.2052 0.200287 -0.222746 0.254685 0.287992 0.923145 0.382357 
1533297473211 0.131922 0.935348 -0.328207 -0.599451 -0.958043 0.205305 0.20001 -0.222755 0.254461 0.288051 0.923188 0.382402 
1533297473228 0.132065 0.935292 -0.32831 -0.599427 -0.958099 0.205374 0.199669 -0.222776 0.254175 0.288184 0.923225 0.382446 
1533297473245 0.132131 0.93514 -0.328716 -0.599442 -0.958152 0.205451 0.199336 -0.222798 0.253942 0.288622 0.923153 0.382498 
1533297473261 0.132164 0.934956 -0.329227 -0.599465 -0.958207 0.205523 0.198995 -0.222824 0.253715 0.289168 0.923044 0.382556 
1533297473278 0.132144 0.9348 -0.329678 -0.599492 -0.958265 0.205538 0.198703 -0.222828 0.253509 0.289661 0.922946 0.382601 
1533297473295 0.132058 0.934667 -0.330089 -0.599529 -0.958325 0.20549 0.198463 -0.222811 0.253327 0.290124 0.922851 0.382632 
1533297473311 0.131967 0.934578 -0.330378 -0.599556 -0.958393 0.205402 0.198222 -0.222795 0.253114 0.290473 0.922799 0.382649 
1533297473328 0.131897 0.934481 -0.330678 -0.599598 -0.958445 0.205352 0.198022 -0.222792 0.252953 0.290818 0.922735 0.382636 
1533297473345 0.131827 0.934368 -0.331026 -0.599655 -0.958462 0.205353 0.19794 -0.222795 0.252926 0.291182 0.922628 0.382592 
1533297473361 0.131777 0.934299 -0.331242 -0.599692 -0.958454 0.205368 0.197963 -0.222801 0.252983 0.291393 0.922545 0.382551 
1533297473381 0.131791 0.93427 -0.331315 -0.599715 -0.95844 0.205411 0.197987 -0.222823 0.25303 0.291453 0.922513 0.382523 
1533297473398 0.131786 0.934262 -0.331342 -0.59973 -0.958425 0.205431 0.19804 -0.222845 0.253089 0.291468 0.922493 0.382501 
1533297473414 0.131636 0.934283 -0.331343 -0.599739 -0.958392 0.205353 0.19828 -0.222844 0.253292 0.291455 0.922441 0.382462 
1533297473431 0.131538 0.934316 -0.331288 -0.599738 -0.958328 0.205339 0.198603 -0.222821 0.253584 0.291359 0.922391 0.382435 
1533297473448 0.131485 0.93441 -0.331042 -0.599713 -0.958236 0.205352 0.199034 -0.222788 0.25396 0.291047 0.922386 0.382413 
1533297473465 0.131485 0.934471 -0.33087 -0.599694 -0.958176 0.205383 0.199288 -0.222764 0.254184 0.290829 0.922393 0.382413 
1533297473481 0.131468 0.934533 -0.330701 -0.599671 -0.958105 0.205415 0.199597 -0.22272 0.254461 0.290606 0.922387 0.382426 
1533297473498 0.131441 0.934559 -0.330639 -0.599656 -0.958048 0.205447 0.199841 -0.222677 0.254692 0.2905 0.922357 0.38245 
1533297473515 0.13143 0.934579 -0.330588 -0.599638 -0.958026 0.205451 0.199938 -0.222654 0.254777 0.290434 0.922354 0.382485 
1533297473531 0.131395 0.934554 -0.330672 -0.599633 -0.958009 0.205462 0.200011 -0.22264 0.254862 0.290507 0.922308 0.382522 
1533297473571 0.131347 0.934328 -0.331329 -0.599668 -0.95795 0.205633 0.200119 -0.222635 0.255109 0.291111 0.922049 0.382583 
1533297473588 0.131292 0.934177 -0.331778 -0.599693 -0.958006 0.205622 0.199861 -0.222673 0.254927 0.291605 0.921943 0.382609 
1533297473605 0.131237 0.934068 -0.332106 -0.59971 -0.958064 0.205583 0.199621 -0.222706 0.254735 0.291981 0.921877 0.382636 
1533297473621 0.131146 0.933957 -0.332453 -0.599722 -0.958139 0.205501 0.199346 -0.222735 0.2545 0.292392 0.921812 0.382668 
1533297473638 0.131027 0.933818 -0.332891 -0.599743 -0.958233 0.205394 0.199003 -0.222768 0.254206 0.292912 0.921728 0.382701 
1533297473654 0.13093 0.933697 -0.333267 -0.599772 -0.958297 0.205326 0.198765 -0.222789 0.254015 0.293344 0.921643 0.382716 
1533297473671 0.130856 0.933591 -0.333594 -0.599802 -0.958364 0.20526 0.19851 -0.222814 0.2538 0.293728 0.92158 0.382716 
1533297473688 0.130856 0.933533 -0.333755 -0.599822 -0.958407 0.205245 0.19832 -0.222848 0.25364 0.293922 0.921562 0.38271 
1533297473705 0.130894 0.933492 -0.333856 -0.599841 -0.958425 0.205276 0.198201 -0.222883 0.253552 0.294032 0.921551 0.3827 
1533297473721 0.130979 0.933455 -0.333926 -0.599866 -0.958426 0.205355 0.198114 -0.222928 0.253504 0.294095 0.921544 0.382683 
1533297473744 0.131114 0.933426 -0.333953 -0.599913 -0.958404 0.20549 0.19808 -0.222978 0.253518 0.294091 0.921542 0.382645 
1533297473761 0.131173 0.933435 -0.333905 -0.599942 -0.958381 0.205552 0.198127 -0.222985 0.253574 0.294019 0.921549 0.382604 
1533297473778 0.131269 0.933568 -0.333496 -0.599936 -0.958362 0.205562 0.198211 -0.222976 0.253597 0.293591 0.921679 0.382557 
1533297473795 0.131352 0.933709 -0.333069 -0.599919 -0.958319 0.205584 0.198393 -0.222954 0.253715 0.293127 0.921794 0.382518 
1533297473815 0.131361 0.933822 -0.332746 -0.599904 -0.958286 0.20556 0.198576 -0.22293 0.253834 0.292781 0.921872 0.382496 
1533297473831 0.131306 0.934024 -0.332202 -0.599866 -0.95822 0.205478 0.198981 -0.222854 0.254114 0.292195 0.921981 0.382474 
1533297473848 0.131278 0.934115 -0.331956 -0.599831 -0.958173 0.205458 0.199228 -0.222806 0.254305 0.291917 0.922016 0.382468 
1533297473865 0.13125 0.934174 -0.3318 -0.599799 -0.958145 0.205436 0.199384 -0.222777 0.254423 0.291744 0.922038 0.382466 
1533297473881 0.131253 0.934203 -0.331718 -0.599772 -0.958141 0.205424 0.199414 -0.222779 0.254437 0.291659 0.922061 0.382471 
1533297473951 0.131149 0.934005 -0.332318 -0.599716 -0.958254 0.205342 0.198956 -0.222859 0.254065 0.292352 0.921944 0.382533 
1533297473968 0.131048 0.93385 -0.332792 -0.599749 -0.958294 0.20532 0.198789 -0.222873 0.253968 0.292862 0.921809 0.382525 
1533297473985 0.13101 0.933677 -0.333292 -0.599783 -0.958328 0.205357 0.198585 -0.222873 0.253858 0.293386 0.921673 0.382521 
1533297474005 0.130936 0.933529 -0.333736 -0.599817 -0.958363 0.205354 0.198419 -0.222863 0.253764 0.29386 0.921548 0.38253 
1533297474022 0.130862 0.933454 -0.333974 -0.599835 -0.958402 0.205302 0.198282 -0.222856 0.253653 0.294134 0.921491 0.382541 
1533297474038 0.1308 0.933401 -0.334146 -0.599847 -0.958447 0.205239 0.198131 -0.222855 0.253515 0.294345 0.921461 0.382551 
1533297474055 0.130777 0.933375 -0.334227 -0.599855 -0.958471 0.205211 0.198046 -0.222861 0.253438 0.294447 0.92145 0.382553 
1533297474072 0.130802 0.933346 -0.3343 -0.599869 -0.958475 0.205241 0.197996 -0.222883 0.253411 0.29452 0.921434 0.382548 
1533297474088 0.130861 0.933331 -0.334319 -0.599883 -0.958455 0.205313 0.198015 -0.222915 0.253454 0.294518 0.921423 0.382537 
1533297474112 0.131004 0.933331 -0.334261 -0.599903 -0.958384 0.205494 0.198174 -0.222963 0.25365 0.294389 0.92141 0.382503 
1533297474128 0.131074 0.933383 -0.334089 -0.599908 -0.958321 0.205585 0.198383 -0.222988 0.253851 0.294162 0.921427 0.382468 
1533297474145 0.131069 0.933534 -0.333669 -0.599882 -0.958268 0.205552 0.198672 -0.222996 0.254053 0.293705 0.921517 0.382431 
1533297474162 0.131049 0.933738 -0.333105 -0.599844 -0.958161 0.20554 0.199201 -0.222977 0.254467 0.293063 0.921607 0.382386 
1533297474178 0.131052 0.933893 -0.332669 -0.59981 -0.95806 0.205565 0.199659 -0.222953 0.254846 0.292551 0.921665 0.382358 
1533297474195 0.131021 0.934018 -0.332331 -0.599778 -0.957953 0.205592 0.200145 -0.222908 0.255264 0.292134 0.921682 0.382336 
1533297474212 0.131045 0.934115 -0.332049 -0.599745 -0.957841 0.205677 0.200591 -0.22285 0.25567 0.291763 0.921687 0.382332 
1533297474228 0.131059 0.934198 -0.33181 -0.599715 -0.957767 0.205722 0.200901 -0.222796 0.255942 0.291467 0.921705 0.382354 
1533297474245 0.131082 0.934276 -0.331581 -0.599687 -0.957711 0.205754 0.201134 -0.222748 0.256138 0.291194 0.921737 0.382395 
1533297474262 0.131087 0.934316 -0.331466 -0.599673 -0.957671 0.205779 0.2013 -0.222715 0.256286 0.291047 0.921742 0.382428 
1533297474282 0.13116 0.934325 -0.331412 -0.599666 -0.957617 0.205885 0.201449 -0.222685 0.256452 0.290943 0.921729 0.382444 
1533297474298 0.131201 0.934321 -0.331408 -0.599659 -0.95761 0.205924 0.20144 -0.222664 0.256454 0.290931 0.921732 0.382443 
1533297474315 0.131186 0.934277 -0.331537 -0.599665 -0.957619 0.20593 0.201393 -0.222637 0.25643 0.291066 0.921696 0.382422 
1533297474332 0.131136 0.93421 -0.331747 -0.599682 -0.957647 0.205904 0.201286 -0.222616 0.256352 0.2913 0.921644 0.382404 
1533297474348 0.131088 0.934153 -0.331925 -0.599698 -0.957691 0.205856 0.201128 -0.22261 0.256213 0.291516 0.921615 0.382395 
1533297474365 0.13105 0.934111 -0.332059 -0.599711 -0.957753 0.205784 0.200903 -0.222622 0.255998 0.291702 0.921615 0.382391 
1533297474382 0.13103 0.934098 -0.332102 -0.599715 -0.957826 0.205694 0.200645 -0.222645 0.255734 0.291806 0.921656 0.382394 
1533297474398 0.131041 0.934091 -0.332118 -0.599723 -0.957861 0.205667 0.200509 -0.222671 0.255599 0.291848 0.92168 0.382394 
1533297474415 0.131081 0.934091 -0.332103 -0.59973 -0.957854 0.205702 0.200504 -0.222693 0.255603 0.291824 0.921686 0.382395 
1533297474432 0.131147 0.934139 -0.331942 -0.599724 -0.957846 0.205728 0.200516 -0.22273 0.255599 0.291652 0.921742 0.382397 
1533297474485 0.130931 0.934446 -0.33116 -0.599682 -0.957665 0.205599 0.201513 -0.222766 0.256389 0.290756 0.921806 0.382402 
1533297474502 0.130884 0.934544 -0.330904 -0.599673 -0.957534 0.205654 0.202075 -0.222752 0.2569 0.290404 0.921775 0.382396 
1533297474518 0.130915 0.934623 -0.330667 -0.599661 -0.95742 0.205756 0.202514 -0.222747 0.257311 0.290075 0.921763 0.382394 
1533297474535 0.130944 0.934707 -0.33042 -0.599647 -0.957312 0.205847 0.20293 -0.222738 0.257696 0.289742 0.92176 0.38239 
1533297474555 0.130961 0.934788 -0.330182 -0.599634 -0.957232 0.205898 0.203257 -0.222738 0.257986 0.289442 0.921774 0.382385 
1533297474572 0.130973 0.934819 -0.330091 -0.599631 -0.957199 0.205925 0.203383 -0.222741 0.2581 0.289325 0.921778 0.382383 
1533297474589 0.130961 0.934851 -0.330005 -0.599624 -0.957174 0.205924 0.203501 -0.22273 0.2582 0.289221 0.921783 0.382377 
1533297474605 0.130931 0.934872 -0.329957 -0.599614 -0.957171 0.205894 0.203545 -0.222707 0.258225 0.289175 0.921791 0.382382 
1533297474622 0.130903 0.934878 -0.329951 -0.599606 -0.957193 0.205847 0.203493 -0.222682 0.25816 0.289189 0.921804 0.382398 
1533297474645 0.130842 0.93487 -0.329998 -0.599602 -0.957241 0.205755 0.203356 -0.222664 0.25801 0.28928 0.921818 0.382416 
1533297474662 0.130819 0.934753 -0.330339 -0.599635 -0.957294 0.205752 0.20311 -0.222665 0.257825 0.289661 0.92175 0.38242 
1533297474678 0.130863 0.934624 -0.330685 -0.599667 -0.957348 0.205801 0.202807 -0.22269 0.257603 0.290041 0.921692 0.382419 
1533297474695 0.130903 0.934511 -0.33099 -0.599695 -0.957417 0.20582 0.202461 -0.222734 0.257326 0.290393 0.921659 0.382429 
1533297474712 0.130935 0.934417 -0.331241 -0.599718 -0.957485 0.205823 0.202138 -0.222777 0.257058 0.290691 0.92164 0.382445 
1533297474729 0.130927 0.934377 -0.331356 -0.599727 -0.957543 0.205776 0.201911 -0.222806 0.256846 0.290852 0.921648 0.382462 
1533297474745 0.130909 0.934369 -0.331387 -0.599726 -0.957589 0.205716 0.201752 -0.222826 0.256683 0.290921 0.921672 0.382478 
1533297474762 0.13088 0.934371 -0.331392 -0.599722 -0.957616 0.205664 0.201678 -0.222834 0.256597 0.290951 0.921686 0.382487 
