1535113840280 0.249387 0.926471 -0.281882 -0.64083 -0.937694 0.303745 0.168729 -0.251899 0.241943 0.22224 0.944496 0.373732 
1535113844217 0.249387 0.926471 -0.281881 -0.64083 -0.937694 0.303745 0.16873 -0.251899 0.241943 0.222239 0.944496 0.373732 
1535113844232 0.249387 0.926471 -0.281881 -0.64083 -0.937694 0.303745 0.16873 -0.251899 0.241943 0.222239 0.944496 0.373732 
1535113844254 0.249388 0.926471 -0.281881 -0.64083 -0.937694 0.303745 0.16873 -0.251899 0.241943 0.222239 0.944496 0.373732 
1535113844371 0.249348 0.926533 -0.281714 -0.640833 -0.937441 0.303918 0.169821 -0.251818 0.242962 0.221746 0.944351 0.373895 
1535113844386 0.249266 0.926561 -0.281693 -0.640839 -0.937388 0.303903 0.170135 -0.251804 0.243248 0.221647 0.9443 0.373928 
