1530555944076 -0.0156459 -0.153162 0.988077 0.371427 -0.994659 0.10322 0.000250015 -0.49152 -0.102028 -0.982796 -0.153959 0.440934 
1530555949762 -0.015647 -0.153161 0.988077 0.371427 -0.994658 0.103222 0.000249095 -0.491519 -0.102029 -0.982796 -0.153958 0.440934 
1530555949779 -0.015647 -0.153161 0.988077 0.371427 -0.994658 0.103222 0.000249076 -0.491519 -0.102029 -0.982796 -0.153958 0.440934 
1530555949796 -0.0156467 -0.153161 0.988077 0.371427 -0.994658 0.103221 0.000249272 -0.491519 -0.102029 -0.982796 -0.153958 0.440934 
1530555949812 -0.0156469 -0.153161 0.988077 0.371427 -0.994658 0.103221 0.000249109 -0.491519 -0.102029 -0.982796 -0.153958 0.440934 
1530555949831 -0.0156471 -0.153161 0.988077 0.371427 -0.994658 0.103221 0.000248907 -0.491519 -0.102029 -0.982796 -0.153958 0.440934 
1530555949846 -0.0156469 -0.153161 0.988077 0.371427 -0.994658 0.103222 0.00024919 -0.491519 -0.102029 -0.982796 -0.153958 0.440934 
1530555949862 -0.015647 -0.153161 0.988077 0.371427 -0.994658 0.103221 0.00024906 -0.491519 -0.102029 -0.982796 -0.153958 0.440934 
1530555949879 -0.0156468 -0.153161 0.988077 0.371427 -0.994658 0.103221 0.000249182 -0.491519 -0.102029 -0.982796 -0.153958 0.440934 
1530555949896 -0.015647 -0.153161 0.988077 0.371427 -0.994658 0.103222 0.000249022 -0.491519 -0.102029 -0.982796 -0.153958 0.440934 
1530555949912 -0.0156469 -0.153161 0.988077 0.371427 -0.994658 0.103222 0.00024924 -0.491519 -0.102029 -0.982796 -0.153958 0.440934 
1530555950042 -0.015647 -0.153161 0.988077 0.371427 -0.994658 0.103221 0.00024902 -0.491519 -0.102029 -0.982796 -0.153958 0.440934 
1530555950059 -0.0156468 -0.153161 0.988077 0.371427 -0.994658 0.103221 0.000249178 -0.491519 -0.102029 -0.982796 -0.153958 0.440934 
1530555950076 -0.015647 -0.153161 0.988077 0.371427 -0.994658 0.103221 0.000249035 -0.491519 -0.102029 -0.982796 -0.153958 0.440934 
1530555950092 -0.015647 -0.153161 0.988077 0.371427 -0.994658 0.103222 0.000249091 -0.491519 -0.102029 -0.982796 -0.153958 0.440934 
1530555950109 -0.015647 -0.153161 0.988077 0.371427 -0.994658 0.103222 0.000249072 -0.491519 -0.102029 -0.982796 -0.153958 0.440934 
1530555950126 -0.015647 -0.153161 0.988077 0.371427 -0.994658 0.103221 0.000249023 -0.491519 -0.102029 -0.982796 -0.153958 0.440934 
1530555950142 -0.015647 -0.153161 0.988077 0.371427 -0.994658 0.103222 0.000249046 -0.491519 -0.102029 -0.982796 -0.153958 0.440934 
1530555950159 -0.015647 -0.153161 0.988077 0.371427 -0.994658 0.103222 0.000249106 -0.491519 -0.102029 -0.982796 -0.153958 0.440934 
1530555950176 -0.0156468 -0.153161 0.988077 0.371427 -0.994658 0.103222 0.000249254 -0.491519 -0.102029 -0.982796 -0.153958 0.440934 
1530555950192 -0.0156465 -0.153161 0.988077 0.371427 -0.994658 0.103221 0.000249447 -0.491519 -0.102029 -0.982796 -0.153958 0.440934 
1530555950319 -0.0156467 -0.153161 0.988077 0.371427 -0.994658 0.103221 0.000249321 -0.491519 -0.102029 -0.982796 -0.153958 0.440934 
1530555950336 -0.015647 -0.153161 0.988077 0.371427 -0.994658 0.103222 0.000249072 -0.491519 -0.102029 -0.982796 -0.153958 0.440934 
1530555950359 -0.015647 -0.153161 0.988077 0.371427 -0.994658 0.103222 0.000249072 -0.491519 -0.102029 -0.982796 -0.153958 0.440934 
1530555950376 -0.0156468 -0.153161 0.988077 0.371427 -0.994658 0.103222 0.000249212 -0.491519 -0.102029 -0.982796 -0.153958 0.440934 
1530555950393 -0.0156468 -0.153161 0.988077 0.371427 -0.994658 0.103221 0.000249183 -0.491519 -0.102029 -0.982796 -0.153958 0.440934 
1530555950409 -0.0156468 -0.153161 0.988077 0.371427 -0.994658 0.103221 0.000249236 -0.491519 -0.102029 -0.982796 -0.153958 0.440934 
1530555950426 -0.0156467 -0.153161 0.988077 0.371427 -0.994658 0.103222 0.000249326 -0.491519 -0.102029 -0.982796 -0.153958 0.440934 
1530555950443 -0.0156469 -0.153161 0.988077 0.371427 -0.994658 0.103222 0.000249101 -0.491519 -0.102029 -0.982796 -0.153958 0.440934 
1530555950593 -0.0156468 -0.153161 0.988077 0.371427 -0.994658 0.103221 0.000249127 -0.491519 -0.102029 -0.982796 -0.153958 0.440934 
1530555950609 -0.0156469 -0.153161 0.988077 0.371427 -0.994658 0.103221 0.000249079 -0.491519 -0.102029 -0.982796 -0.153958 0.440934 
1530555950626 -0.0156471 -0.153161 0.988077 0.371427 -0.994658 0.103222 0.000249003 -0.491519 -0.102029 -0.982796 -0.153958 0.440934 
1530555950643 -0.0156469 -0.153161 0.988077 0.371427 -0.994658 0.103222 0.000249134 -0.491519 -0.102029 -0.982796 -0.153958 0.440934 
1530555950659 -0.0156469 -0.153161 0.988077 0.371427 -0.994658 0.103222 0.000249105 -0.491519 -0.102029 -0.982796 -0.153958 0.440934 
1530555950676 -0.0156468 -0.153161 0.988077 0.371427 -0.994658 0.103221 0.000249196 -0.491519 -0.102029 -0.982796 -0.153958 0.440934 
1530555950693 -0.015647 -0.153161 0.988077 0.371427 -0.994658 0.103222 0.000249005 -0.491519 -0.102029 -0.982796 -0.153958 0.440934 
1530555950709 -0.0156467 -0.153161 0.988077 0.371427 -0.994658 0.103222 0.000249302 -0.491519 -0.102029 -0.982796 -0.153958 0.440934 
1530555950728 -0.015647 -0.153161 0.988077 0.371427 -0.994658 0.103222 0.000249052 -0.491519 -0.102029 -0.982796 -0.153958 0.440934 
1530555950743 -0.0156469 -0.153161 0.988077 0.371427 -0.994658 0.103221 0.000249163 -0.491519 -0.102029 -0.982796 -0.153958 0.440934 
1530555950869 -0.0156469 -0.153161 0.988077 0.371427 -0.994658 0.103222 0.000249209 -0.491519 -0.102029 -0.982796 -0.153958 0.440934 
1530555950892 -0.015647 -0.153161 0.988077 0.371427 -0.994658 0.103222 0.000249111 -0.491519 -0.102029 -0.982796 -0.153958 0.440934 
1530555950909 -0.0156471 -0.153161 0.988077 0.371427 -0.994658 0.103222 0.000249015 -0.491519 -0.10203 -0.982795 -0.153958 0.440934 
1530555950925 -0.0156468 -0.153161 0.988077 0.371427 -0.994658 0.103221 0.000249207 -0.491519 -0.102029 -0.982796 -0.153958 0.440934 
1530555950942 -0.0156468 -0.153161 0.988077 0.371427 -0.994658 0.103221 0.000249142 -0.491519 -0.102029 -0.982796 -0.153958 0.440934 
1530555950959 -0.0156468 -0.153161 0.988077 0.371427 -0.994658 0.103222 0.000249217 -0.491519 -0.102029 -0.982796 -0.153957 0.440934 
1530555950975 -0.0156473 -0.153161 0.988077 0.371427 -0.994658 0.103222 0.000248811 -0.491519 -0.102029 -0.982796 -0.153958 0.440934 
1530555950992 -0.0156469 -0.153161 0.988077 0.371427 -0.994658 0.103222 0.0002491 -0.491519 -0.102029 -0.982796 -0.153958 0.440934 
1530555951008 -0.0156468 -0.153161 0.988077 0.371427 -0.994658 0.103221 0.000249196 -0.491519 -0.102029 -0.982796 -0.153958 0.440934 
1530555951025 -0.0156467 -0.153161 0.988077 0.371427 -0.994658 0.103222 0.000249302 -0.491519 -0.102029 -0.982796 -0.153957 0.440934 
1530555951175 -0.0156472 -0.153161 0.988077 0.371427 -0.994658 0.103222 0.000248944 -0.491519 -0.10203 -0.982795 -0.153958 0.440934 
1530555951192 -0.015647 -0.153161 0.988077 0.371427 -0.994658 0.103222 0.000249015 -0.491519 -0.102029 -0.982796 -0.153958 0.440934 
1530555951209 -0.0156466 -0.153161 0.988077 0.371427 -0.994658 0.103221 0.000249368 -0.491519 -0.102029 -0.982796 -0.153957 0.440934 
1530555951225 -0.0156467 -0.153161 0.988077 0.371427 -0.994658 0.103222 0.000249376 -0.491519 -0.102029 -0.982796 -0.153958 0.440934 
1530555951242 -0.015647 -0.153161 0.988077 0.371427 -0.994658 0.103222 0.000249111 -0.491519 -0.102029 -0.982796 -0.153958 0.440934 
1530555951259 -0.0156467 -0.153161 0.988077 0.371427 -0.994658 0.103222 0.000249326 -0.491519 -0.102029 -0.982796 -0.153958 0.440934 
1530555951275 -0.0156468 -0.153161 0.988077 0.371427 -0.994658 0.103221 0.000249196 -0.491519 -0.102029 -0.982796 -0.153958 0.440934 
1530555951292 -0.015647 -0.153161 0.988077 0.371427 -0.994658 0.103222 0.000249067 -0.491519 -0.102029 -0.982796 -0.153958 0.440934 
1530555951309 -0.015647 -0.153161 0.988077 0.371427 -0.994658 0.103222 0.00024906 -0.491519 -0.102029 -0.982796 -0.153958 0.440934 
1530555951325 -0.0156469 -0.153161 0.988077 0.371427 -0.994658 0.103221 0.000249122 -0.491519 -0.102029 -0.982796 -0.153958 0.440934 
1530555951452 -0.0156472 -0.153161 0.988077 0.371427 -0.994658 0.103221 0.000248793 -0.491519 -0.102029 -0.982796 -0.153958 0.440934 
1530555951468 -0.0156469 -0.153161 0.988077 0.371427 -0.994658 0.103222 0.000249149 -0.491519 -0.102029 -0.982796 -0.153958 0.440934 
1530555951485 -0.0156471 -0.153161 0.988077 0.371427 -0.994658 0.103222 0.000248972 -0.491519 -0.102029 -0.982796 -0.153958 0.440934 
1530555951502 -0.0156471 -0.153161 0.988077 0.371427 -0.994658 0.103222 0.000248924 -0.491519 -0.102029 -0.982796 -0.153958 0.440934 
1530555951519 -0.0156469 -0.153161 0.988077 0.371427 -0.994658 0.103221 0.000249113 -0.491519 -0.102029 -0.982796 -0.153958 0.440934 
1530555951535 -0.015647 -0.153161 0.988077 0.371427 -0.994658 0.103222 0.000249111 -0.491519 -0.102029 -0.982796 -0.153958 0.440934 
1530555951552 -0.0156471 -0.153161 0.988077 0.371427 -0.994658 0.103222 0.000249032 -0.491519 -0.102029 -0.982796 -0.153958 0.440934 
1530555951569 -0.0156472 -0.153161 0.988077 0.371427 -0.994658 0.103222 0.00024882 -0.491519 -0.102029 -0.982796 -0.153958 0.440934 
1530555951586 -0.015647 -0.153161 0.988077 0.371427 -0.994658 0.103221 0.000248992 -0.491519 -0.102029 -0.982796 -0.153958 0.440934 
1530555951602 -0.0156469 -0.153161 0.988077 0.371427 -0.994658 0.103222 0.000249191 -0.491519 -0.102029 -0.982796 -0.153958 0.440934 
1530555951765 -0.0156469 -0.153161 0.988077 0.371427 -0.994658 0.103222 0.000249138 -0.491519 -0.102029 -0.982796 -0.153958 0.440934 
1530555951782 -0.0156471 -0.153161 0.988077 0.371427 -0.994658 0.103222 0.000248984 -0.491519 -0.102029 -0.982795 -0.153958 0.440934 
1530555951799 -0.0156471 -0.153161 0.988077 0.371427 -0.994658 0.103222 0.000248972 -0.491519 -0.102029 -0.982796 -0.153958 0.440934 
1530555951815 -0.015647 -0.153161 0.988077 0.371427 -0.994658 0.103222 0.000249055 -0.491519 -0.102029 -0.982796 -0.153958 0.440934 
1530555951832 -0.0156468 -0.153161 0.988077 0.371427 -0.994658 0.103221 0.000249162 -0.491519 -0.102029 -0.982796 -0.153957 0.440934 
1530555951849 -0.0156471 -0.153161 0.988077 0.371427 -0.994658 0.103222 0.000249024 -0.491519 -0.10203 -0.982795 -0.153958 0.440934 
1530555951865 -0.0156473 -0.153161 0.988077 0.371427 -0.994658 0.103222 0.000248835 -0.491519 -0.102029 -0.982796 -0.153958 0.440934 
1530555951882 -0.015647 -0.153161 0.988077 0.371427 -0.994658 0.103222 0.000249081 -0.491519 -0.10203 -0.982796 -0.153958 0.440934 
1530555951899 -0.0156471 -0.153161 0.988077 0.371427 -0.994658 0.103221 0.000248918 -0.491519 -0.102029 -0.982796 -0.153958 0.440934 
1530555951915 -0.0156474 -0.153161 0.988077 0.371426 -0.994658 0.103222 0.000248714 -0.491519 -0.102029 -0.982796 -0.153958 0.440934 
1530555952065 -0.015647 -0.153161 0.988077 0.371427 -0.994658 0.103222 0.000249032 -0.491519 -0.102029 -0.982796 -0.153958 0.440934 
1530555952082 -0.0156474 -0.153161 0.988077 0.371427 -0.994658 0.103222 0.000248748 -0.491519 -0.102029 -0.982795 -0.153958 0.440934 
1530555952098 -0.0156472 -0.15316 0.988077 0.371427 -0.994658 0.103222 0.00024883 -0.491519 -0.102029 -0.982796 -0.153957 0.440934 
1530555952119 -0.0156471 -0.153161 0.988077 0.371427 -0.994658 0.103222 0.000248966 -0.491519 -0.102029 -0.982796 -0.153958 0.440934 
1530555952135 -0.0156471 -0.153161 0.988077 0.371427 -0.994658 0.103222 0.000249052 -0.491519 -0.102029 -0.982796 -0.153958 0.440934 
1530555952159 -0.0156472 -0.153161 0.988077 0.371427 -0.994658 0.103222 0.000248874 -0.491519 -0.102029 -0.982796 -0.153958 0.440934 
1530555952176 -0.0156471 -0.153161 0.988077 0.371427 -0.994658 0.103222 0.000249028 -0.491519 -0.10203 -0.982795 -0.153958 0.440934 
1530555952312 -0.0156471 -0.153161 0.988077 0.371427 -0.994658 0.103222 0.000249045 -0.491519 -0.10203 -0.982795 -0.153958 0.440934 
1530555952329 -0.0156469 -0.153161 0.988077 0.371427 -0.994658 0.103222 0.000249164 -0.491519 -0.102029 -0.982796 -0.153958 0.440934 
1530555952346 -0.0156471 -0.15316 0.988077 0.371427 -0.994658 0.103222 0.00024891 -0.491519 -0.102029 -0.982796 -0.153957 0.440934 
1530555952362 -0.0156469 -0.153161 0.988077 0.371427 -0.994658 0.103221 0.000249073 -0.491519 -0.102029 -0.982796 -0.153958 0.440934 
1530555952379 -0.0156473 -0.153161 0.988077 0.371427 -0.994658 0.103222 0.000248832 -0.491519 -0.10203 -0.982795 -0.153958 0.440934 
1530555952396 -0.0156477 -0.153161 0.988077 0.371426 -0.994658 0.103222 0.000248488 -0.491519 -0.10203 -0.982795 -0.153958 0.440934 
1530555952412 -0.015647 -0.153161 0.988077 0.371427 -0.994658 0.103221 0.000248959 -0.491519 -0.102029 -0.982796 -0.153958 0.440934 
1530555952434 -0.0156474 -0.153161 0.988077 0.371426 -0.994658 0.103222 0.000248686 -0.491519 -0.102029 -0.982796 -0.153958 0.440934 
1530555952451 -0.0156471 -0.153161 0.988077 0.371427 -0.994658 0.103222 0.00024898 -0.491519 -0.102029 -0.982796 -0.153958 0.440934 
1530555952468 -0.0156471 -0.153161 0.988077 0.371426 -0.994658 0.103222 0.000248979 -0.491519 -0.10203 -0.982795 -0.153958 0.440934 
1530555952598 -0.0156474 -0.153161 0.988077 0.371426 -0.994658 0.103222 0.000248779 -0.491519 -0.10203 -0.982795 -0.153958 0.440934 
1530555952614 -0.015647 -0.153161 0.988077 0.371427 -0.994658 0.103222 0.000249096 -0.491519 -0.102029 -0.982796 -0.153958 0.440934 
1530555952631 -0.015647 -0.153161 0.988077 0.371427 -0.994658 0.103222 0.000248979 -0.491519 -0.102029 -0.982796 -0.153958 0.440934 
1530555952648 -0.0156473 -0.153161 0.988077 0.371426 -0.994658 0.103222 0.000248737 -0.491519 -0.102029 -0.982796 -0.153958 0.440934 
1530555952664 -0.0156474 -0.153161 0.988077 0.371426 -0.994658 0.103222 0.000248733 -0.491519 -0.10203 -0.982795 -0.153958 0.440934 
1530555952681 -0.0156471 -0.15316 0.988077 0.371427 -0.994658 0.103222 0.000248994 -0.491519 -0.102029 -0.982796 -0.153957 0.440934 
1530555952698 -0.0156471 -0.153161 0.988077 0.371427 -0.994658 0.103222 0.000248931 -0.491519 -0.102029 -0.982796 -0.153957 0.440934 
1530555952714 -0.015647 -0.153161 0.988077 0.371427 -0.994658 0.103222 0.000249027 -0.491519 -0.102029 -0.982796 -0.153958 0.440934 
1530555952732 -0.0156473 -0.153161 0.988077 0.371426 -0.994658 0.103222 0.000248732 -0.491519 -0.102029 -0.982796 -0.153958 0.440934 
1530555952748 -0.0156471 -0.153161 0.988077 0.371427 -0.994658 0.103222 0.000249002 -0.491519 -0.102029 -0.982796 -0.153958 0.440934 
1530555952908 -0.0156474 -0.153161 0.988077 0.371426 -0.994658 0.103222 0.000248752 -0.491519 -0.10203 -0.982795 -0.153958 0.440934 
1530555952924 -0.0156471 -0.15316 0.988077 0.371427 -0.994658 0.103222 0.000248939 -0.491519 -0.102029 -0.982796 -0.153957 0.440934 
1530555952941 -0.015647 -0.153161 0.988077 0.371427 -0.994658 0.103222 0.000249031 -0.491519 -0.102029 -0.982796 -0.153958 0.440934 
1530555952958 -0.0156473 -0.153161 0.988077 0.371427 -0.994658 0.103222 0.000248794 -0.491519 -0.102029 -0.982796 -0.153958 0.440934 
1530555952974 -0.0156472 -0.153161 0.988077 0.371427 -0.994658 0.103222 0.000248859 -0.491519 -0.102029 -0.982796 -0.153958 0.440934 
1530555952991 -0.0156471 -0.153161 0.988077 0.371427 -0.994658 0.103222 0.000248961 -0.491519 -0.102029 -0.982796 -0.153958 0.440934 
1530555953008 -0.0156472 -0.153161 0.988077 0.371427 -0.994658 0.103222 0.000248772 -0.491519 -0.102029 -0.982796 -0.153958 0.440934 
1530555953025 -0.0156475 -0.153161 0.988077 0.371426 -0.994658 0.103222 0.000248599 -0.491519 -0.102029 -0.982796 -0.153958 0.440934 
1530555953041 -0.0156474 -0.153161 0.988077 0.371426 -0.994658 0.103222 0.000248695 -0.491519 -0.102029 -0.982796 -0.153958 0.440934 
1530555953058 -0.0156471 -0.153161 0.988077 0.371427 -0.994658 0.103222 0.000249023 -0.491519 -0.102029 -0.982795 -0.153958 0.440934 
1530555953194 -0.0156474 -0.153161 0.988077 0.371426 -0.994658 0.103222 0.000248717 -0.491519 -0.10203 -0.982795 -0.153958 0.440934 
1530555953211 -0.0156475 -0.153161 0.988077 0.371426 -0.994658 0.103222 0.000248597 -0.491519 -0.102029 -0.982796 -0.153958 0.440934 
1530555953228 -0.0156472 -0.153161 0.988077 0.371427 -0.994658 0.103222 0.000248913 -0.491519 -0.102029 -0.982796 -0.153958 0.440934 
1530555953244 -0.0156471 -0.153161 0.988077 0.371427 -0.994658 0.103222 0.000248992 -0.491519 -0.102029 -0.982796 -0.153958 0.440934 
1530555953261 -0.0156474 -0.153161 0.988077 0.371426 -0.994658 0.103222 0.000248592 -0.491519 -0.102029 -0.982796 -0.153958 0.440934 
1530555953278 -0.0156472 -0.153161 0.988077 0.371427 -0.994658 0.103222 0.000248792 -0.491519 -0.102029 -0.982796 -0.153958 0.440934 
1530555953294 -0.0156472 -0.153161 0.988077 0.371427 -0.994658 0.103222 0.000248943 -0.491519 -0.102029 -0.982796 -0.153958 0.440934 
1530555953311 -0.0156475 -0.153161 0.988077 0.371426 -0.994658 0.103222 0.000248614 -0.491519 -0.10203 -0.982795 -0.153958 0.440934 
1530555953328 -0.0156473 -0.153161 0.988077 0.371427 -0.994658 0.103222 0.000248816 -0.491519 -0.10203 -0.982796 -0.153958 0.440934 
1530555953344 -0.015647 -0.15316 0.988077 0.371427 -0.994658 0.103222 0.000249027 -0.491519 -0.102029 -0.982796 -0.153957 0.440934 
1530555953494 -0.0156475 -0.153161 0.988077 0.371427 -0.994658 0.103222 0.00024861 -0.491519 -0.102029 -0.982796 -0.153958 0.440934 
1530555953511 -0.0156471 -0.153161 0.988077 0.371427 -0.994658 0.103222 0.000248953 -0.491519 -0.10203 -0.982796 -0.153958 0.440934 
1530555953528 -0.0156472 -0.153161 0.988077 0.371427 -0.994658 0.103222 0.000248895 -0.491519 -0.102029 -0.982796 -0.153958 0.440934 
1530555953544 -0.0156474 -0.153161 0.988077 0.371427 -0.994658 0.103222 0.0002487 -0.491519 -0.102029 -0.982796 -0.153958 0.440934 
1530555953561 -0.0156474 -0.153161 0.988077 0.371426 -0.994658 0.103222 0.000248702 -0.491519 -0.10203 -0.982796 -0.153958 0.440934 
1530555953578 -0.0156475 -0.153161 0.988077 0.371426 -0.994658 0.103222 0.000248668 -0.491519 -0.10203 -0.982795 -0.153958 0.440934 
1530555953594 -0.0156473 -0.153161 0.988077 0.371426 -0.994658 0.103222 0.000248856 -0.491519 -0.102029 -0.982795 -0.153958 0.440934 
1530555953611 -0.0156475 -0.153161 0.988077 0.371427 -0.994658 0.103222 0.000248642 -0.491519 -0.102029 -0.982796 -0.153958 0.440934 
1530555953628 -0.015647 -0.153161 0.988077 0.371427 -0.994658 0.103222 0.000249005 -0.491519 -0.102029 -0.982796 -0.153957 0.440934 
1530555953644 -0.0156474 -0.153161 0.988077 0.371426 -0.994658 0.103222 0.000248697 -0.491519 -0.102029 -0.982796 -0.153958 0.440934 
1530555953768 -0.0156475 -0.153161 0.988077 0.371426 -0.994658 0.103222 0.000248546 -0.491519 -0.102029 -0.982796 -0.153958 0.440934 
1530555953784 -0.0156471 -0.153161 0.988077 0.371427 -0.994658 0.103222 0.000248951 -0.491519 -0.102029 -0.982796 -0.153958 0.440934 
1530555953801 -0.0156473 -0.153161 0.988077 0.371426 -0.994658 0.103222 0.00024888 -0.491519 -0.10203 -0.982795 -0.153958 0.440934 
1530555953818 -0.0156475 -0.153161 0.988077 0.371426 -0.994658 0.103222 0.000248667 -0.491519 -0.10203 -0.982795 -0.153958 0.440934 
1530555953834 -0.015647 -0.15316 0.988077 0.371427 -0.994658 0.103222 0.000249044 -0.491519 -0.102029 -0.982796 -0.153957 0.440934 
1530555953851 -0.0156471 -0.153161 0.988077 0.371427 -0.994658 0.103221 0.000248929 -0.491519 -0.102029 -0.982796 -0.153957 0.440934 
1530555953868 -0.0156474 -0.153161 0.988077 0.371426 -0.994658 0.103222 0.000248756 -0.491519 -0.10203 -0.982796 -0.153958 0.440934 
1530555953884 -0.0156472 -0.153161 0.988077 0.371427 -0.994658 0.103222 0.000248969 -0.491519 -0.10203 -0.982796 -0.153958 0.440934 
1530555953901 -0.0156475 -0.153161 0.988077 0.371426 -0.994658 0.103222 0.000248619 -0.491519 -0.10203 -0.982795 -0.153958 0.440934 
1530555953918 -0.0156472 -0.153161 0.988077 0.371427 -0.994658 0.103221 0.000248792 -0.491519 -0.102029 -0.982796 -0.153958 0.440934 
1530555954044 -0.0156475 -0.153161 0.988077 0.371426 -0.994658 0.103222 0.000248689 -0.491519 -0.10203 -0.982795 -0.153958 0.440934 
1530555954061 -0.0156474 -0.153161 0.988077 0.371426 -0.994658 0.103222 0.00024872 -0.491519 -0.10203 -0.982795 -0.153958 0.440934 
1530555954078 -0.0156471 -0.153161 0.988077 0.371427 -0.994658 0.103222 0.000248967 -0.491519 -0.102029 -0.982796 -0.153958 0.440934 
1530555954094 -0.0156471 -0.153161 0.988077 0.371427 -0.994658 0.103222 0.000248891 -0.491519 -0.102029 -0.982796 -0.153958 0.440934 
1530555954111 -0.0156477 -0.153161 0.988077 0.371426 -0.994658 0.103222 0.000248485 -0.491519 -0.10203 -0.982795 -0.153958 0.440934 
1530555954128 -0.0156473 -0.153161 0.988077 0.371427 -0.994658 0.103222 0.000248794 -0.491519 -0.102029 -0.982796 -0.153958 0.440934 
1530555954144 -0.0156472 -0.153161 0.988077 0.371426 -0.994658 0.103222 0.000248868 -0.491519 -0.102029 -0.982796 -0.153958 0.440934 
1530555954161 -0.0156471 -0.153161 0.988077 0.371427 -0.994658 0.103222 0.000248891 -0.491519 -0.102029 -0.982796 -0.153958 0.440934 
1530555954178 -0.0156473 -0.153161 0.988077 0.371427 -0.994658 0.103222 0.000248814 -0.491519 -0.102029 -0.982796 -0.153958 0.440934 
1530555954194 -0.0156472 -0.153161 0.988077 0.371426 -0.994658 0.103222 0.000248929 -0.491519 -0.10203 -0.982796 -0.153958 0.440934 
1530555954355 -0.0156471 -0.15316 0.988077 0.371427 -0.994658 0.103222 0.000248987 -0.491519 -0.10203 -0.982796 -0.153957 0.440934 
1530555954372 -0.0156471 -0.153161 0.988077 0.371427 -0.994658 0.103222 0.000248994 -0.491519 -0.102029 -0.982796 -0.153958 0.440934 
1530555954388 -0.0156474 -0.153161 0.988077 0.371427 -0.994658 0.103222 0.000248746 -0.491519 -0.10203 -0.982795 -0.153958 0.440934 
1530555954404 -0.0156472 -0.15316 0.988077 0.371427 -0.994658 0.103222 0.00024881 -0.491519 -0.102029 -0.982796 -0.153957 0.440934 
1530555954421 -0.0156472 -0.15316 0.988077 0.371427 -0.994658 0.103222 0.000248847 -0.491519 -0.102029 -0.982796 -0.153957 0.440934 
1530555954438 -0.0156478 -0.153161 0.988077 0.371426 -0.994658 0.103222 0.000248327 -0.491519 -0.102029 -0.982796 -0.153958 0.440934 
1530555954455 -0.0156471 -0.15316 0.988077 0.371427 -0.994658 0.103222 0.000248886 -0.491519 -0.102029 -0.982796 -0.153957 0.440934 
1530555954471 -0.015647 -0.15316 0.988077 0.371427 -0.994658 0.103222 0.000249064 -0.491519 -0.102029 -0.982796 -0.153957 0.440934 
1530555954488 -0.0156474 -0.15316 0.988077 0.371426 -0.994658 0.103222 0.000248635 -0.491519 -0.102029 -0.982796 -0.153957 0.440934 
1530555954504 -0.0156476 -0.153161 0.988077 0.371426 -0.994658 0.103222 0.00024848 -0.491519 -0.10203 -0.982796 -0.153958 0.440934 
1530555954658 -0.0156475 -0.153161 0.988077 0.371426 -0.994658 0.103222 0.000248678 -0.491519 -0.10203 -0.982795 -0.153958 0.440934 
1530555954674 -0.0156473 -0.153161 0.988077 0.371427 -0.994658 0.103222 0.000248773 -0.491519 -0.102029 -0.982796 -0.153958 0.440934 
1530555954691 -0.0156476 -0.153161 0.988077 0.371426 -0.994658 0.103222 0.000248443 -0.491519 -0.102029 -0.982796 -0.153958 0.440934 
1530555954708 -0.0156473 -0.153161 0.988077 0.371427 -0.994658 0.103222 0.000248795 -0.491519 -0.10203 -0.982795 -0.153958 0.440934 
1530555954725 -0.0156474 -0.153161 0.988077 0.371427 -0.994658 0.103222 0.000248685 -0.491519 -0.102029 -0.982796 -0.153958 0.440934 
1530555954741 -0.0156472 -0.153161 0.988077 0.371427 -0.994658 0.103222 0.000248823 -0.491519 -0.102029 -0.982796 -0.153958 0.440934 
1530555954758 -0.0156472 -0.15316 0.988077 0.371427 -0.994658 0.103222 0.000248862 -0.491519 -0.102029 -0.982796 -0.153957 0.440934 
1530555954775 -0.0156472 -0.153161 0.988077 0.371427 -0.994658 0.103222 0.000248905 -0.491519 -0.102029 -0.982795 -0.153958 0.440934 
1530555954791 -0.0156474 -0.153161 0.988077 0.371426 -0.994658 0.103222 0.000248678 -0.491519 -0.10203 -0.982796 -0.153958 0.440934 
1530555954808 -0.015647 -0.15316 0.988077 0.371427 -0.994658 0.103222 0.000249023 -0.491519 -0.102029 -0.982796 -0.153957 0.440934 
1530555954958 -0.0156472 -0.153161 0.988077 0.371427 -0.994658 0.103222 0.000248842 -0.491519 -0.102029 -0.982796 -0.153958 0.440934 
1530555954975 -0.0156471 -0.15316 0.988077 0.371427 -0.994658 0.103222 0.000249006 -0.491519 -0.102029 -0.982796 -0.153957 0.440934 
1530555954991 -0.0156472 -0.15316 0.988077 0.371427 -0.994658 0.103222 0.000248888 -0.491519 -0.10203 -0.982796 -0.153957 0.440934 
1530555955015 -0.015647 -0.15316 0.988077 0.371427 -0.994658 0.103222 0.000249067 -0.491519 -0.102029 -0.982796 -0.153957 0.440934 
1530555955031 -0.0156473 -0.153161 0.988077 0.371427 -0.994658 0.103222 0.00024876 -0.491519 -0.102029 -0.982796 -0.153958 0.440934 
1530555955048 -0.0156472 -0.15316 0.988077 0.371427 -0.994658 0.103222 0.000248832 -0.491519 -0.102029 -0.982796 -0.153957 0.440934 
1530555955065 -0.0156473 -0.153161 0.988077 0.371426 -0.994658 0.103222 0.000248797 -0.491519 -0.10203 -0.982795 -0.153958 0.440934 
1530555955081 -0.0156477 -0.153161 0.988077 0.371427 -0.994658 0.103222 0.000248512 -0.491519 -0.10203 -0.982795 -0.153958 0.440934 
1530555955208 -0.0156472 -0.153161 0.988077 0.371427 -0.994658 0.103222 0.000248913 -0.491519 -0.102029 -0.982796 -0.153958 0.440934 
1530555955228 -0.0156473 -0.153161 0.988077 0.371427 -0.994658 0.103222 0.000248724 -0.491519 -0.102029 -0.982796 -0.153958 0.440934 
1530555955248 -0.0156475 -0.153161 0.988077 0.371427 -0.994658 0.103222 0.00024863 -0.491519 -0.10203 -0.982796 -0.153958 0.440934 
1530555955265 -0.0156475 -0.153161 0.988077 0.371426 -0.994658 0.103222 0.000248616 -0.491519 -0.102029 -0.982796 -0.153958 0.440934 
1530555955282 -0.0156471 -0.15316 0.988077 0.371427 -0.994658 0.103222 0.000249028 -0.491519 -0.10203 -0.982796 -0.153957 0.440934 
1530555955298 -0.0156474 -0.153161 0.988077 0.371427 -0.994658 0.103222 0.000248684 -0.491519 -0.102029 -0.982796 -0.153958 0.440934 
1530555955315 -0.0156471 -0.153161 0.988077 0.371427 -0.994658 0.103222 0.00024895 -0.491519 -0.102029 -0.982796 -0.153958 0.440934 
1530555955332 -0.0156473 -0.153161 0.988077 0.371427 -0.994658 0.103222 0.000248776 -0.491519 -0.102029 -0.982796 -0.153958 0.440934 
1530555955455 -0.0156472 -0.15316 0.988077 0.371427 -0.994658 0.103222 0.000248926 -0.491519 -0.102029 -0.982796 -0.153957 0.440934 
1530555955472 -0.0156473 -0.153161 0.988077 0.371427 -0.994658 0.103222 0.000248714 -0.491519 -0.102029 -0.982796 -0.153958 0.440934 
1530555955492 -0.0156474 -0.15316 0.988077 0.371427 -0.994658 0.103222 0.000248743 -0.491519 -0.10203 -0.982796 -0.153957 0.440934 
1530555955513 -0.0156475 -0.153161 0.988077 0.371427 -0.994658 0.103222 0.000248512 -0.491519 -0.102029 -0.982796 -0.153958 0.440934 
1530555955529 -0.0156473 -0.153161 0.988077 0.371427 -0.994658 0.103222 0.000248796 -0.491519 -0.10203 -0.982796 -0.153958 0.440934 
1530555955547 -0.0156473 -0.153161 0.988077 0.371427 -0.994658 0.103222 0.000248797 -0.491519 -0.10203 -0.982795 -0.153958 0.440934 
1530555955563 -0.0156473 -0.153161 0.988077 0.371427 -0.994658 0.103222 0.000248743 -0.491519 -0.102029 -0.982796 -0.153958 0.440934 
1530555955579 -0.0156474 -0.153161 0.988077 0.371426 -0.994658 0.103222 0.000248673 -0.491519 -0.10203 -0.982796 -0.153958 0.440934 
1530555955710 -0.0156472 -0.15316 0.988077 0.371427 -0.994658 0.103222 0.000248826 -0.491519 -0.102029 -0.982796 -0.153957 0.440934 
1530555955726 -0.0156473 -0.15316 0.988077 0.371427 -0.994658 0.103222 0.000248834 -0.491519 -0.10203 -0.982796 -0.153958 0.440934 
1530555955743 -0.0156473 -0.15316 0.988077 0.371427 -0.994658 0.103222 0.000248744 -0.491519 -0.102029 -0.982796 -0.153957 0.440934 
1530555955759 -0.0156476 -0.15316 0.988077 0.371427 -0.994658 0.103222 0.000248522 -0.491519 -0.102029 -0.982796 -0.153958 0.440934 
1530555955776 -0.0156475 -0.153161 0.988077 0.371427 -0.994658 0.103223 0.000248711 -0.491519 -0.10203 -0.982795 -0.153958 0.440934 
1530555955793 -0.0156475 -0.153161 0.988077 0.371426 -0.994658 0.103222 0.000248537 -0.491519 -0.102029 -0.982796 -0.153958 0.440934 
1530555955809 -0.0156475 -0.153161 0.988077 0.371427 -0.994658 0.103222 0.000248643 -0.491519 -0.10203 -0.982795 -0.153958 0.440934 
1530555955826 -0.0156473 -0.15316 0.988077 0.371427 -0.994658 0.103222 0.000248732 -0.491519 -0.102029 -0.982796 -0.153957 0.440934 
1530555955843 -0.0156476 -0.153161 0.988077 0.371426 -0.994658 0.103222 0.000248527 -0.491519 -0.102029 -0.982796 -0.153958 0.440934 
1530555955859 -0.0156475 -0.153161 0.988077 0.371427 -0.994658 0.103222 0.000248603 -0.491519 -0.10203 -0.982795 -0.153958 0.440934 
1530555955989 -0.0156475 -0.153161 0.988077 0.371427 -0.994658 0.103222 0.000248606 -0.491519 -0.10203 -0.982796 -0.153958 0.440934 
1530555956006 -0.0156475 -0.15316 0.988077 0.371427 -0.994658 0.103222 0.000248523 -0.491519 -0.102029 -0.982796 -0.153957 0.440934 
1530555956023 -0.0156475 -0.153161 0.988077 0.371427 -0.994658 0.103222 0.000248594 -0.491519 -0.10203 -0.982796 -0.153958 0.440934 
1530555956039 -0.0156476 -0.153161 0.988077 0.371426 -0.994658 0.103222 0.000248598 -0.491519 -0.10203 -0.982795 -0.153958 0.440934 
1530555956056 -0.0156474 -0.153161 0.988077 0.371427 -0.994658 0.103222 0.000248696 -0.491519 -0.102029 -0.982796 -0.153958 0.440934 
1530555956073 -0.0156473 -0.153161 0.988077 0.371427 -0.994658 0.103222 0.000248748 -0.491519 -0.102029 -0.982796 -0.153958 0.440934 
1530555956089 -0.0156474 -0.153161 0.988077 0.371427 -0.994658 0.103222 0.000248664 -0.491519 -0.102029 -0.982796 -0.153958 0.440934 
1530555956106 -0.0156471 -0.15316 0.988077 0.371427 -0.994658 0.103222 0.000248939 -0.491519 -0.102029 -0.982796 -0.153957 0.440934 
1530555956123 -0.0156472 -0.15316 0.988077 0.371427 -0.994658 0.103222 0.000248863 -0.491519 -0.10203 -0.982796 -0.153957 0.440934 
1530555956139 -0.0156474 -0.153161 0.988077 0.371427 -0.994658 0.103222 0.000248756 -0.491519 -0.10203 -0.982796 -0.153958 0.440934 
1530555956289 -0.0156473 -0.153161 0.988077 0.371427 -0.994658 0.103222 0.000248703 -0.491519 -0.102029 -0.982796 -0.153958 0.440934 
1530555956306 -0.0156475 -0.153161 0.988077 0.371426 -0.994658 0.103222 0.000248598 -0.491519 -0.10203 -0.982796 -0.153958 0.440934 
1530555956323 -0.015647 -0.15316 0.988077 0.371427 -0.994658 0.103222 0.000249084 -0.491519 -0.102029 -0.982796 -0.153957 0.440934 
1530555956339 -0.0156475 -0.153161 0.988077 0.371426 -0.994658 0.103223 0.000248624 -0.491519 -0.10203 -0.982795 -0.153958 0.440934 
1530555956356 -0.0156472 -0.15316 0.988077 0.371427 -0.994658 0.103222 0.000248805 -0.491519 -0.102029 -0.982796 -0.153957 0.440934 
1530555956373 -0.0156475 -0.153161 0.988077 0.371427 -0.994658 0.103222 0.000248611 -0.491519 -0.10203 -0.982796 -0.153958 0.440934 
1530555956389 -0.0156476 -0.153161 0.988077 0.371426 -0.994658 0.103222 0.000248586 -0.491519 -0.10203 -0.982795 -0.153958 0.440934 
1530555956406 -0.0156477 -0.153161 0.988077 0.371426 -0.994658 0.103222 0.000248395 -0.491519 -0.10203 -0.982796 -0.153958 0.440934 
1530555956423 -0.0156474 -0.15316 0.988077 0.371427 -0.994658 0.103222 0.000248631 -0.491519 -0.102029 -0.982796 -0.153958 0.440934 
1530555956439 -0.0156474 -0.153161 0.988077 0.371427 -0.994658 0.103222 0.000248692 -0.491519 -0.102029 -0.982796 -0.153958 0.440934 
1530555956579 -0.0156471 -0.15316 0.988077 0.371427 -0.994658 0.103222 0.000248913 -0.491519 -0.102029 -0.982796 -0.153957 0.440934 
1530555956596 -0.0156478 -0.153161 0.988077 0.371426 -0.994658 0.103223 0.000248373 -0.491519 -0.10203 -0.982795 -0.153958 0.440934 
1530555956613 -0.0156477 -0.153161 0.988077 0.371426 -0.994658 0.103223 0.000248467 -0.491519 -0.10203 -0.982795 -0.153958 0.440934 
1530555956629 -0.0156475 -0.153161 0.988077 0.371427 -0.994658 0.103222 0.000248647 -0.491519 -0.10203 -0.982795 -0.153958 0.440934 
1530555956646 -0.0156474 -0.15316 0.988077 0.371427 -0.994658 0.103222 0.000248588 -0.491519 -0.102029 -0.982796 -0.153957 0.440934 
1530555956663 -0.0156473 -0.15316 0.988077 0.371427 -0.994658 0.103222 0.000248795 -0.491519 -0.102029 -0.982796 -0.153957 0.440934 
1530555956679 -0.0156473 -0.15316 0.988077 0.371427 -0.994658 0.103222 0.0002488 -0.491519 -0.10203 -0.982796 -0.153957 0.440934 
1530555956696 -0.0156477 -0.153161 0.988077 0.371426 -0.994658 0.103222 0.000248388 -0.491519 -0.10203 -0.982795 -0.153958 0.440934 
1530555956716 -0.0156473 -0.15316 0.988077 0.371427 -0.994658 0.103222 0.000248769 -0.491519 -0.10203 -0.982796 -0.153957 0.440934 
1530555956729 -0.0156476 -0.153161 0.988077 0.371427 -0.994658 0.103222 0.000248606 -0.491519 -0.10203 -0.982795 -0.153958 0.440934 
1530555956883 -0.0156474 -0.15316 0.988077 0.371427 -0.994658 0.103222 0.000248644 -0.491519 -0.102029 -0.982796 -0.153957 0.440934 
1530555956899 -0.0156478 -0.153161 0.988077 0.371426 -0.994658 0.103223 0.000248373 -0.491519 -0.10203 -0.982795 -0.153958 0.440934 
1530555956920 -0.0156477 -0.153161 0.988077 0.371426 -0.994658 0.103223 0.000248482 -0.491519 -0.10203 -0.982795 -0.153958 0.440934 
1530555956937 -0.0156477 -0.15316 0.988077 0.371426 -0.994658 0.103222 0.000248349 -0.491519 -0.102029 -0.982796 -0.153958 0.440934 
1530555956954 -0.0156473 -0.15316 0.988077 0.371427 -0.994658 0.103222 0.000248758 -0.491519 -0.10203 -0.982796 -0.153957 0.440934 
1530555956970 -0.0156475 -0.153161 0.988077 0.371426 -0.994658 0.103222 0.000248619 -0.491519 -0.10203 -0.982795 -0.153958 0.440934 
1530555956992 -0.0156478 -0.15316 0.988077 0.371426 -0.994658 0.103223 0.000248323 -0.491519 -0.10203 -0.982795 -0.153958 0.440934 
1530555957008 -0.0156475 -0.153161 0.988077 0.371426 -0.994658 0.103222 0.000248617 -0.491519 -0.10203 -0.982796 -0.153958 0.440934 
1530555957025 -0.0156474 -0.15316 0.988077 0.371427 -0.994658 0.103222 0.000248693 -0.491519 -0.102029 -0.982796 -0.153957 0.440934 
1530555957175 -0.0156474 -0.15316 0.988077 0.371427 -0.994658 0.103222 0.000248696 -0.491519 -0.10203 -0.982796 -0.153957 0.440934 
1530555957192 -0.0156478 -0.153161 0.988077 0.371426 -0.994658 0.103222 0.000248308 -0.491519 -0.10203 -0.982795 -0.153958 0.440934 
1530555957208 -0.0156476 -0.15316 0.988077 0.371426 -0.994658 0.103222 0.000248507 -0.491519 -0.102029 -0.982796 -0.153957 0.440934 
1530555957228 -0.0156475 -0.153161 0.988077 0.371427 -0.994658 0.103222 0.000248607 -0.491519 -0.10203 -0.982796 -0.153958 0.440934 
1530555957243 -0.0156474 -0.15316 0.988077 0.371427 -0.994658 0.103222 0.000248644 -0.491519 -0.102029 -0.982796 -0.153957 0.440934 
1530555957258 -0.0156477 -0.153161 0.988077 0.371426 -0.994658 0.103223 0.00024848 -0.491519 -0.10203 -0.982795 -0.153958 0.440934 
1530555957275 -0.0156475 -0.153161 0.988077 0.371426 -0.994658 0.103223 0.000248665 -0.491519 -0.10203 -0.982795 -0.153958 0.440934 
1530555957292 -0.0156476 -0.15316 0.988077 0.371427 -0.994658 0.103222 0.000248431 -0.491519 -0.102029 -0.982796 -0.153958 0.440934 
1530555957308 -0.0156474 -0.153161 0.988077 0.371426 -0.994658 0.103222 0.000248715 -0.491519 -0.102029 -0.982796 -0.153958 0.440934 
1530555957325 -0.0156478 -0.153161 0.988077 0.371426 -0.994658 0.103223 0.000248392 -0.491519 -0.10203 -0.982795 -0.153958 0.440934 
1530555957475 -0.0156477 -0.153161 0.988077 0.371426 -0.994658 0.103222 0.000248416 -0.491519 -0.10203 -0.982796 -0.153958 0.440934 
1530555957492 -0.0156474 -0.15316 0.988077 0.371427 -0.994658 0.103222 0.000248693 -0.491519 -0.102029 -0.982796 -0.153957 0.440934 
1530555957508 -0.0156478 -0.153161 0.988077 0.371426 -0.994658 0.103223 0.000248381 -0.491519 -0.10203 -0.982795 -0.153958 0.440934 
1530555957525 -0.0156478 -0.153161 0.988077 0.371426 -0.994658 0.103223 0.000248479 -0.491519 -0.10203 -0.982795 -0.153958 0.440934 
1530555957542 -0.0156476 -0.15316 0.988077 0.371426 -0.994658 0.103222 0.000248497 -0.491519 -0.10203 -0.982796 -0.153957 0.440934 
1530555957558 -0.0156473 -0.15316 0.988077 0.371427 -0.994658 0.103222 0.000248705 -0.491519 -0.102029 -0.982796 -0.153957 0.440934 
1530555957575 -0.0156473 -0.15316 0.988077 0.371427 -0.994658 0.103222 0.000248692 -0.491519 -0.102029 -0.982796 -0.153957 0.440934 
1530555957592 -0.0156474 -0.15316 0.988077 0.371427 -0.994658 0.103222 0.000248644 -0.491519 -0.102029 -0.982796 -0.153957 0.440934 
1530555957608 -0.0156478 -0.153161 0.988077 0.371426 -0.994658 0.103223 0.000248383 -0.491519 -0.10203 -0.982795 -0.153958 0.440934 
1530555957625 -0.0156477 -0.153161 0.988077 0.371427 -0.994658 0.103222 0.000248349 -0.491519 -0.102029 -0.982796 -0.153958 0.440934 
1530555957775 -0.0156473 -0.15316 0.988077 0.371427 -0.994658 0.103222 0.000248812 -0.491519 -0.102029 -0.982796 -0.153957 0.440934 
1530555957792 -0.0156477 -0.153161 0.988077 0.371426 -0.994658 0.103222 0.000248481 -0.491519 -0.10203 -0.982795 -0.153958 0.440934 
1530555957808 -0.0156477 -0.153161 0.988077 0.371426 -0.994658 0.103223 0.000248478 -0.491519 -0.10203 -0.982795 -0.153958 0.440934 
1530555957825 -0.0156476 -0.153161 0.988077 0.371427 -0.994658 0.103222 0.000248457 -0.491519 -0.102029 -0.982796 -0.153958 0.440934 
1530555957842 -0.0156476 -0.153161 0.988077 0.371427 -0.994658 0.103222 0.000248479 -0.491519 -0.10203 -0.982796 -0.153958 0.440934 
1530555957858 -0.0156475 -0.15316 0.988077 0.371426 -0.994658 0.103222 0.000248623 -0.491519 -0.10203 -0.982796 -0.153957 0.440934 
1530555957875 -0.0156476 -0.153161 0.988077 0.371426 -0.994658 0.103222 0.000248502 -0.491519 -0.10203 -0.982795 -0.153958 0.440934 
1530555957892 -0.0156475 -0.153161 0.988077 0.371427 -0.994658 0.103222 0.000248643 -0.491519 -0.10203 -0.982796 -0.153958 0.440934 
1530555957909 -0.0156475 -0.15316 0.988077 0.371426 -0.994658 0.103222 0.000248567 -0.491519 -0.10203 -0.982796 -0.153957 0.440934 
1530555957925 -0.0156477 -0.15316 0.988077 0.371426 -0.994658 0.103222 0.00024848 -0.491519 -0.10203 -0.982795 -0.153958 0.440934 
1530555958052 -0.0156478 -0.153161 0.988077 0.371426 -0.994658 0.103222 0.000248281 -0.491519 -0.102029 -0.982796 -0.153958 0.440934 
1530555958068 -0.0156477 -0.153161 0.988077 0.371426 -0.994658 0.103222 0.000248368 -0.491519 -0.102029 -0.982796 -0.153958 0.440934 
1530555958092 -0.0156475 -0.153161 0.988077 0.371427 -0.994658 0.103222 0.000248583 -0.491519 -0.10203 -0.982795 -0.153958 0.440934 
1530555958109 -0.0156472 -0.15316 0.988077 0.371427 -0.994658 0.103222 0.000248835 -0.491519 -0.102029 -0.982796 -0.153957 0.440934 
1530555958125 -0.0156477 -0.153161 0.988077 0.371427 -0.994658 0.103222 0.000248486 -0.491519 -0.10203 -0.982795 -0.153958 0.440934 
1530555958142 -0.0156479 -0.153161 0.988077 0.371426 -0.994658 0.103222 0.00024821 -0.491519 -0.10203 -0.982795 -0.153958 0.440934 
1530555958159 -0.0156476 -0.15316 0.988077 0.371426 -0.994658 0.103222 0.000248522 -0.491519 -0.102029 -0.982796 -0.153957 0.440934 
1530555958175 -0.0156475 -0.15316 0.988077 0.371427 -0.994658 0.103222 0.000248623 -0.491519 -0.102029 -0.982796 -0.153957 0.440934 
1530555958306 -0.0156475 -0.153161 0.988077 0.371427 -0.994658 0.103222 0.000248567 -0.491519 -0.10203 -0.982796 -0.153958 0.440934 
1530555958322 -0.0156473 -0.15316 0.988077 0.371427 -0.994658 0.103222 0.00024878 -0.491519 -0.10203 -0.982796 -0.153957 0.440934 
1530555958339 -0.0156477 -0.153161 0.988077 0.371426 -0.994658 0.103223 0.000248505 -0.491519 -0.10203 -0.982795 -0.153958 0.440934 
1530555958355 -0.0156476 -0.15316 0.988077 0.371427 -0.994658 0.103222 0.000248536 -0.491519 -0.10203 -0.982796 -0.153957 0.440934 
1530555958372 -0.0156471 -0.15316 0.988077 0.371427 -0.994658 0.103222 0.000248976 -0.491519 -0.10203 -0.982796 -0.153957 0.440934 
1530555958389 -0.0156478 -0.15316 0.988077 0.371426 -0.994658 0.103222 0.000248322 -0.491519 -0.10203 -0.982796 -0.153958 0.440934 
1530555958405 -0.0156476 -0.153161 0.988077 0.371427 -0.994658 0.103222 0.000248547 -0.491519 -0.10203 -0.982796 -0.153958 0.440934 
1530555958422 -0.0156475 -0.15316 0.988077 0.371427 -0.994658 0.103222 0.000248676 -0.491519 -0.10203 -0.982796 -0.153958 0.440934 
1530555958439 -0.0156474 -0.15316 0.988077 0.371427 -0.994658 0.103222 0.000248691 -0.491519 -0.10203 -0.982796 -0.153957 0.440934 
1530555958456 -0.0156479 -0.153161 0.988077 0.371426 -0.994658 0.103222 0.000248239 -0.491519 -0.10203 -0.982795 -0.153958 0.440934 
1530555958608 -0.0156475 -0.15316 0.988077 0.371426 -0.994658 0.103222 0.000248637 -0.491519 -0.10203 -0.982796 -0.153957 0.440934 
1530555958625 -0.0156473 -0.15316 0.988077 0.371427 -0.994658 0.103222 0.000248772 -0.491519 -0.10203 -0.982796 -0.153957 0.440934 
1530555958642 -0.0156477 -0.153161 0.988077 0.371426 -0.994658 0.103222 0.000248429 -0.491519 -0.102029 -0.982796 -0.153958 0.440934 
