1535122703509 0.244055 0.927518 -0.283103 -0.622278 -0.940878 0.29719 0.162566 -0.237035 0.234918 0.22669 0.945212 0.381186 
1535122707840 0.244054 0.927519 -0.283102 -0.622277 -0.940878 0.297188 0.162565 -0.237034 0.234917 0.226689 0.945212 0.381186 
1535122708285 0.244819 0.927409 -0.2828 -0.62474 -0.940947 0.297608 0.161394 -0.238449 0.233842 0.226588 0.945503 0.379597 
1535122708751 0.245078 0.927587 -0.281991 -0.627469 -0.941131 0.297471 0.160572 -0.239653 0.232829 0.226037 0.945885 0.377892 
1535122709325 0.24537 0.927806 -0.281016 -0.63155 -0.941476 0.297172 0.159094 -0.241496 0.231119 0.225533 0.946424 0.375396 
1535122709353 0.244982 0.928018 -0.280653 -0.631707 -0.941608 0.296708 0.159178 -0.241373 0.230993 0.225269 0.946518 0.375354 
1535122709552 0.244512 0.927534 -0.282655 -0.631646 -0.941336 0.296988 0.160261 -0.241723 0.232593 0.226887 0.945739 0.375294 
1535122709709 0.242964 0.927513 -0.284058 -0.631564 -0.941337 0.296143 0.161815 -0.241816 0.234207 0.228079 0.945054 0.375476 
1535122709985 0.240386 0.927188 -0.287294 -0.631638 -0.941238 0.294991 0.164473 -0.242106 0.237246 0.230875 0.943616 0.37553 
1535122710018 0.240023 0.92708 -0.287945 -0.63165 -0.941195 0.294893 0.164896 -0.242212 0.237785 0.231433 0.943343 0.375504 
1535122710225 0.23996 0.927007 -0.28823 -0.6319 -0.94115 0.294943 0.165062 -0.242374 0.238025 0.23166 0.943227 0.375481 
1535122710335 0.239929 0.927056 -0.288099 -0.63213 -0.941322 0.294731 0.164461 -0.242512 0.237376 0.231735 0.943373 0.375443 
1535122710461 0.239648 0.927055 -0.288337 -0.632412 -0.941375 0.294522 0.164529 -0.242595 0.237449 0.232004 0.943288 0.375446 
1535122710585 0.239337 0.927029 -0.28868 -0.632626 -0.941396 0.294343 0.16473 -0.242831 0.23768 0.232336 0.943148 0.375476 
1535122710712 0.238991 0.927005 -0.289041 -0.632917 -0.941456 0.294105 0.164811 -0.242885 0.237789 0.232731 0.943023 0.375416 
1535122710926 0.238594 0.926845 -0.289881 -0.633374 -0.941493 0.293938 0.164896 -0.243353 0.23804 0.233578 0.94275 0.375313 
1535122711071 0.238091 0.92687 -0.290213 -0.633676 -0.941602 0.293536 0.16499 -0.243378 0.238113 0.233983 0.942632 0.375292 
1535122711988 0.23803 0.926767 -0.290594 -0.633857 -0.941581 0.293581 0.165031 -0.243669 0.238258 0.234335 0.942507 0.375261 
1535122712004 0.238011 0.926779 -0.29057 -0.633842 -0.941591 0.293554 0.165024 -0.243646 0.238238 0.23432 0.942516 0.375257 
1535122712216 0.237573 0.927053 -0.290054 -0.633896 -0.941817 0.292932 0.164842 -0.243651 0.237783 0.234016 0.942707 0.375099 
1535122712366 0.237066 0.927337 -0.28956 -0.634152 -0.94193 0.292374 0.165181 -0.243683 0.237838 0.233587 0.942799 0.375197 
1535122712643 0.235889 0.92775 -0.2892 -0.634796 -0.942401 0.291015 0.164894 -0.244284 0.237142 0.233646 0.94296 0.374899 
1535122712801 0.235562 0.928006 -0.288644 -0.634977 -0.942499 0.290589 0.165087 -0.24443 0.237079 0.233158 0.943096 0.374962 
1535122713015 0.234831 0.928289 -0.288331 -0.635399 -0.942802 0.289717 0.164887 -0.244855 0.236597 0.233118 0.943227 0.37482 
1535122713219 0.234401 0.928513 -0.287957 -0.635553 -0.942925 0.289225 0.165049 -0.244913 0.236535 0.232834 0.943313 0.374801 
1535122713243 0.234456 0.928498 -0.28796 -0.635538 -0.94291 0.28928 0.165039 -0.244951 0.236539 0.232826 0.943314 0.374805 
1535122713421 0.234489 0.928531 -0.28783 -0.63555 -0.942932 0.289258 0.164951 -0.244932 0.236419 0.232725 0.943369 0.374764 
1535122713610 0.234148 0.929011 -0.286556 -0.635589 -0.9433 0.288428 0.164299 -0.245146 0.235286 0.231838 0.943871 0.374626 
1535122713811 0.233795 0.929477 -0.28533 -0.63576 -0.943596 0.287669 0.16393 -0.2454 0.23445 0.230911 0.944306 0.374504 
1535122713888 0.233671 0.929685 -0.284752 -0.635841 -0.943746 0.287332 0.163658 -0.245529 0.233969 0.230492 0.944527 0.374432 
1535122714072 0.23336 0.930129 -0.283556 -0.63597 -0.944025 0.286626 0.163287 -0.245788 0.233152 0.229579 0.944952 0.374275 
1535122714432 0.233021 0.930444 -0.282798 -0.636063 -0.944237 0.286043 0.163085 -0.245851 0.232634 0.229026 0.945213 0.374243 
1535122714615 0.233737 0.93006 -0.28347 -0.635932 -0.944005 0.286899 0.162924 -0.245742 0.232856 0.229515 0.94504 0.374266 
1535122714701 0.234232 0.930018 -0.2832 -0.635931 -0.944052 0.287157 0.162195 -0.245616 0.232167 0.229365 0.945246 0.374187 
1535122714865 0.235543 0.929862 -0.282624 -0.635813 -0.944019 0.288018 0.16085 -0.245571 0.230969 0.228916 0.945648 0.374201 
1535122714920 0.236095 0.929768 -0.282472 -0.635778 -0.944005 0.288397 0.160256 -0.24557 0.230465 0.228819 0.945795 0.374174 
1535122715045 0.236653 0.929658 -0.282367 -0.635763 -0.943957 0.288821 0.159773 -0.245469 0.230088 0.228732 0.945908 0.37403 
1535122715223 0.237827 0.929505 -0.281884 -0.635705 -0.943965 0.289559 0.158382 -0.245403 0.228839 0.228421 0.946286 0.374062 
1535122715643 0.238291 0.929483 -0.281565 -0.635678 -0.944027 0.28977 0.157629 -0.245207 0.228102 0.228244 0.946506 0.373964 
1535122715876 0.238759 0.929317 -0.281715 -0.635345 -0.943658 0.290493 0.158505 -0.245083 0.229138 0.227998 0.946315 0.374151 
1535122716064 0.240145 0.928965 -0.281699 -0.634897 -0.943277 0.291844 0.158289 -0.245002 0.229257 0.227708 0.946356 0.374224 
1535122716160 0.240481 0.928934 -0.281516 -0.634689 -0.943184 0.292141 0.158293 -0.244861 0.229286 0.227455 0.94641 0.374324 
1535122716279 0.241178 0.928853 -0.281184 -0.634421 -0.943016 0.292742 0.158186 -0.244791 0.229246 0.227011 0.946527 0.374457 
1535122716390 0.241817 0.928687 -0.281186 -0.634194 -0.942856 0.29335 0.158016 -0.244814 0.229233 0.226907 0.946554 0.374471 
1535122716512 0.242191 0.928603 -0.281141 -0.634007 -0.942744 0.293715 0.158004 -0.244599 0.229298 0.226777 0.94657 0.374469 
1535122716970 0.242799 0.928396 -0.281299 -0.633842 -0.942552 0.294359 0.15795 -0.244565 0.229443 0.226789 0.946532 0.374462 
1535122717345 0.242891 0.928594 -0.280565 -0.632695 -0.942667 0.294186 0.157588 -0.244026 0.228873 0.226202 0.94681 0.374915 
1535122717591 0.24386 0.928384 -0.280421 -0.631938 -0.942427 0.295078 0.157356 -0.243856 0.228833 0.225904 0.946891 0.375199 
1535122717896 0.244551 0.928396 -0.279777 -0.630815 -0.942338 0.295542 0.157019 -0.243387 0.228462 0.225246 0.947138 0.375555 
1535122718105 0.245112 0.928167 -0.280046 -0.630591 -0.942233 0.296084 0.156626 -0.24342 0.228292 0.225477 0.947123 0.37558 
1535122718509 0.243488 0.928497 -0.280368 -0.629153 -0.942125 0.295105 0.159104 -0.24261 0.230466 0.225402 0.946615 0.376154 
1535122718863 0.243173 0.928257 -0.281437 -0.627676 -0.941774 0.295409 0.160609 -0.242315 0.232225 0.225994 0.946043 0.376541 
1535122719165 0.243012 0.928062 -0.282216 -0.626748 -0.941502 0.295695 0.161672 -0.242034 0.233491 0.226419 0.94563 0.376759 
1535122719198 0.243012 0.928056 -0.282235 -0.626578 -0.941466 0.295733 0.161816 -0.242019 0.23364 0.226391 0.9456 0.376819 
1535122719477 0.242512 0.928018 -0.282791 -0.62605 -0.941482 0.295461 0.162214 -0.241624 0.234092 0.226903 0.945365 0.377071 
1535122719704 0.242761 0.927836 -0.283175 -0.625564 -0.941359 0.295824 0.16227 -0.241584 0.23433 0.227176 0.945241 0.377293 
1535122719994 0.242494 0.927739 -0.283721 -0.624613 -0.941258 0.295829 0.162846 -0.241215 0.235011 0.227565 0.944978 0.377688 
1535122720214 0.242333 0.927615 -0.284263 -0.624204 -0.941243 0.295826 0.16294 -0.240982 0.235238 0.228074 0.944799 0.37779 
1535122720498 0.242077 0.927478 -0.284925 -0.623288 -0.941156 0.295846 0.163404 -0.240561 0.235848 0.228603 0.944519 0.378166 
1535122720705 0.241957 0.927327 -0.285519 -0.622877 -0.941065 0.295954 0.163733 -0.240298 0.236334 0.229075 0.944283 0.37832 
1535122721104 0.242178 0.92716 -0.285874 -0.622606 -0.940973 0.296261 0.163702 -0.240433 0.236471 0.229355 0.944181 0.378352 
1535122721120 0.242179 0.927159 -0.285877 -0.622606 -0.940973 0.296262 0.163701 -0.240432 0.236471 0.229358 0.94418 0.378351 
1535122721317 0.241991 0.92729 -0.28561 -0.622546 -0.941029 0.296028 0.163802 -0.240197 0.236441 0.229129 0.944243 0.378396 
1535122721500 0.242327 0.927187 -0.28566 -0.622236 -0.940901 0.296398 0.163868 -0.240194 0.236606 0.229068 0.944217 0.378483 
1535122721725 0.242235 0.927286 -0.285418 -0.621721 -0.940875 0.296315 0.164166 -0.239786 0.236803 0.228776 0.944238 0.378663 
1535122721879 0.2424 0.927174 -0.285642 -0.621437 -0.940786 0.296558 0.164241 -0.23976 0.236989 0.228916 0.944158 0.378706 
1535122722082 0.242599 0.927112 -0.285673 -0.621131 -0.94071 0.296777 0.16428 -0.239715 0.237087 0.228881 0.944142 0.37875 
1535122722304 0.242608 0.927186 -0.285425 -0.620575 -0.94066 0.296788 0.164547 -0.239444 0.237276 0.228567 0.94417 0.378953 
1535122722698 0.242871 0.927038 -0.285682 -0.62036 -0.940559 0.297116 0.164532 -0.239389 0.237408 0.22874 0.944095 0.378922 
1535122722714 0.242871 0.927038 -0.285683 -0.62036 -0.940559 0.297117 0.16453 -0.239389 0.237407 0.228742 0.944095 0.37892 
1535122722872 0.242809 0.927075 -0.285614 -0.620329 -0.940572 0.297048 0.164582 -0.239368 0.237421 0.228678 0.944107 0.378942 
1535122723064 0.243116 0.926908 -0.285895 -0.619835 -0.940321 0.297556 0.165095 -0.239256 0.238098 0.228696 0.943932 0.379176 
1535122723307 0.243146 0.92676 -0.28635 -0.619303 -0.940189 0.297785 0.165432 -0.238971 0.238587 0.228999 0.943735 0.379211 
1535122723527 0.243265 0.926637 -0.286645 -0.618966 -0.940029 0.298076 0.165822 -0.238765 0.239099 0.229116 0.943577 0.379286 
1535122723644 0.243619 0.926436 -0.286997 -0.618682 -0.939847 0.298562 0.165976 -0.23885 0.239452 0.229298 0.943443 0.379331 
1535122724009 0.243818 0.926319 -0.287202 -0.618448 -0.939741 0.298842 0.166075 -0.238804 0.239667 0.229403 0.943363 0.379351 
1535122724029 0.243775 0.926324 -0.287224 -0.61849 -0.939753 0.298804 0.166073 -0.238778 0.239661 0.229435 0.943357 0.379333 
1535122724249 0.243876 0.926317 -0.28716 -0.618301 -0.93963 0.298981 0.166451 -0.238796 0.240042 0.229231 0.94331 0.379426 
1535122724445 0.243768 0.926313 -0.287266 -0.617933 -0.939455 0.29909 0.167238 -0.238538 0.240833 0.229106 0.943138 0.379539 
1535122724670 0.243674 0.9263 -0.287387 -0.617418 -0.939194 0.299294 0.16834 -0.238173 0.241946 0.228892 0.942905 0.379744 
1535122724721 0.243877 0.926191 -0.287567 -0.617216 -0.939032 0.299623 0.168656 -0.238151 0.242369 0.228904 0.942794 0.379776 
1535122725120 0.244055 0.926102 -0.287701 -0.61695 -0.938845 0.29995 0.169115 -0.238128 0.242913 0.228833 0.942671 0.379826 
1535122725555 0.243505 0.925893 -0.288837 -0.616036 -0.9388 0.29981 0.169611 -0.237463 0.243638 0.229859 0.942234 0.380381 
1535122725814 0.243805 0.925327 -0.290394 -0.615353 -0.93847 0.300621 0.170006 -0.237315 0.24461 0.231078 0.941684 0.380533 
1535122726018 0.244087 0.925351 -0.290082 -0.615109 -0.938506 0.300729 0.169616 -0.2373 0.24419 0.230843 0.941851 0.380619 
1535122726206 0.244134 0.925673 -0.289011 -0.61491 -0.938834 0.300256 0.168635 -0.237207 0.242878 0.230164 0.942356 0.380634 
1535122726265 0.244294 0.925575 -0.28919 -0.614695 -0.938772 0.30046 0.168615 -0.237208 0.242956 0.230292 0.942305 0.380717 
1535122726397 0.244023 0.92559 -0.289371 -0.614592 -0.938929 0.300152 0.168288 -0.237015 0.242621 0.230633 0.942308 0.380621 
1535122726780 0.244459 0.925454 -0.289438 -0.614324 -0.938873 0.300525 0.167935 -0.237089 0.2424 0.230692 0.94235 0.380699 
1535122727026 0.243956 0.925737 -0.288956 -0.614129 -0.939038 0.299926 0.168082 -0.236813 0.242265 0.230336 0.942472 0.380824 
1535122727282 0.244485 0.925758 -0.288443 -0.613413 -0.939015 0.300228 0.167673 -0.23655 0.241823 0.229858 0.942702 0.381029 
1535122727531 0.245014 0.925807 -0.287837 -0.612644 -0.938991 0.300515 0.167293 -0.236361 0.241381 0.229287 0.942954 0.381254 
1535122727819 0.245352 0.925987 -0.286967 -0.611546 -0.93909 0.300503 0.166758 -0.235988 0.24065 0.228574 0.943314 0.381662 
1535122727847 0.245425 0.925999 -0.286867 -0.611406 -0.939103 0.300524 0.166646 -0.235993 0.240524 0.228499 0.943364 0.381697 
1535122728086 0.245376 0.925921 -0.287159 -0.611099 -0.938993 0.300647 0.167046 -0.23577 0.241005 0.228651 0.943205 0.381759 
1535122728267 0.245619 0.925813 -0.2873 -0.610711 -0.938676 0.301144 0.167929 -0.235664 0.241989 0.228435 0.943005 0.381822 
1535122728516 0.245684 0.925808 -0.287261 -0.609983 -0.938425 0.301418 0.168834 -0.235388 0.242894 0.228093 0.942855 0.382165 
1535122728713 0.246033 0.92562 -0.287568 -0.609537 -0.938151 0.301978 0.169355 -0.23536 0.243597 0.228115 0.942668 0.382253 
1535122729001 0.246106 0.9256 -0.287571 -0.60853 -0.937768 0.302388 0.170739 -0.234864 0.244994 0.227655 0.942418 0.382574 
1535122729069 0.246565 0.925358 -0.287957 -0.608301 -0.937525 0.30301 0.170971 -0.234991 0.245463 0.227811 0.942258 0.382575 
1535122729087 0.246538 0.925345 -0.28802 -0.608299 -0.937515 0.303013 0.171024 -0.234962 0.24553 0.227859 0.942229 0.382561 
1535122729314 0.246411 0.925731 -0.286885 -0.607895 -0.937718 0.302525 0.170774 -0.234457 0.244881 0.226937 0.94262 0.382653 
1535122729573 0.247334 0.925804 -0.285854 -0.606912 -0.937583 0.303115 0.17047 -0.234228 0.244469 0.225849 0.942989 0.382913 
1535122729740 0.247682 0.925747 -0.285737 -0.606632 -0.937532 0.303387 0.170262 -0.234068 0.244309 0.225716 0.943062 0.382864 
1535122729966 0.248241 0.925835 -0.284966 -0.605977 -0.937433 0.303734 0.170189 -0.233827 0.244121 0.224889 0.943308 0.383016 
1535122730020 0.248417 0.92587 -0.284699 -0.605748 -0.937421 0.303821 0.1701 -0.233742 0.243988 0.224627 0.943405 0.383037 
1535122730041 0.248434 0.925855 -0.284732 -0.60574 -0.937422 0.303838 0.170065 -0.233747 0.243968 0.224664 0.943401 0.383024 
1535122730210 0.248459 0.925847 -0.284736 -0.605685 -0.937415 0.303864 0.170061 -0.233744 0.243971 0.224663 0.943401 0.383045 
1535122730565 0.248354 0.926123 -0.28393 -0.605101 -0.937383 0.30367 0.170579 -0.233422 0.244198 0.223787 0.94355 0.383139 
1535122730814 0.248417 0.926495 -0.282659 -0.604231 -0.937364 0.303498 0.170992 -0.232993 0.24421 0.222477 0.943857 0.383402 
1535122731026 0.248541 0.926671 -0.281971 -0.603626 -0.93734 0.303481 0.171152 -0.232857 0.244174 0.221764 0.944034 0.383511 
1535122731054 0.248409 0.926773 -0.281754 -0.603496 -0.937374 0.303316 0.171259 -0.232714 0.244178 0.221567 0.944079 0.38356 
1535122731080 0.24849 0.926777 -0.281669 -0.603401 -0.937352 0.303378 0.17127 -0.232675 0.244182 0.221464 0.944102 0.383559 
1535122731292 0.248417 0.926863 -0.281451 -0.603172 -0.937397 0.303245 0.171259 -0.232474 0.244082 0.221288 0.944169 0.383525 
1535122731493 0.24864 0.926961 -0.280929 -0.602637 -0.9374 0.303305 0.171135 -0.232307 0.243843 0.220792 0.944347 0.383624 
1535122731704 0.248913 0.927072 -0.28032 -0.602041 -0.937396 0.303391 0.171003 -0.232076 0.243578 0.220206 0.944552 0.383699 
1535122731906 0.248718 0.92724 -0.279939 -0.601647 -0.937512 0.303077 0.170926 -0.231732 0.243332 0.219934 0.944679 0.383713 
1535122731950 0.248577 0.927352 -0.279693 -0.60149 -0.937553 0.302893 0.171024 -0.231596 0.243317 0.219714 0.944734 0.383797 
1535122731967 0.248609 0.92736 -0.279637 -0.601432 -0.937551 0.302909 0.171012 -0.231582 0.243294 0.219659 0.944753 0.383808 
1535122732142 0.249189 0.927354 -0.279139 -0.601436 -0.937559 0.303225 0.170407 -0.231629 0.24267 0.219245 0.94501 0.383696 
1535122732166 0.249394 0.927461 -0.278602 -0.601381 -0.937611 0.303225 0.170117 -0.231601 0.242256 0.218794 0.94522 0.383678 
1535122732317 0.249911 0.927743 -0.277194 -0.601166 -0.937763 0.303201 0.16932 -0.231397 0.241131 0.217628 0.945777 0.383654 
1535122732549 0.251097 0.928079 -0.27499 -0.600721 -0.93789 0.303534 0.168015 -0.231203 0.2394 0.215723 0.946653 0.383563 
1535122732628 0.251337 0.928231 -0.274259 -0.600556 -0.938045 0.303434 0.167331 -0.231086 0.238541 0.215211 0.946986 0.383413 
1535122732645 0.251326 0.928244 -0.274225 -0.600549 -0.938055 0.303412 0.167317 -0.231072 0.238514 0.215186 0.946998 0.383421 
1535122732859 0.251746 0.928301 -0.273644 -0.600704 -0.937896 0.303751 0.167592 -0.231128 0.238696 0.214458 0.947118 0.383456 
1535122733024 0.252083 0.928486 -0.272704 -0.60078 -0.937923 0.303799 0.167355 -0.231116 0.238234 0.213588 0.947431 0.383279 
1535122733308 0.25326 0.929111 -0.269466 -0.600814 -0.938041 0.303956 0.166403 -0.231033 0.236512 0.210627 0.948524 0.383073 
1535122733465 0.253806 0.929264 -0.268424 -0.600916 -0.93801 0.304189 0.166153 -0.230959 0.236052 0.209613 0.948863 0.382891 
1535122733709 0.254361 0.92973 -0.266274 -0.600953 -0.938166 0.304066 0.165494 -0.230809 0.23483 0.207714 0.949584 0.382734 
1535122734171 0.254822 0.929814 -0.26554 -0.600993 -0.938148 0.304283 0.165195 -0.23082 0.2344 0.207021 0.949842 0.382594 
1535122735607 0.244722 0.928279 -0.280016 -0.572642 -0.939652 0.298275 0.167592 -0.217463 0.239094 0.222104 0.945253 0.402855 
1535122737913 0.212559 0.920044 -0.329147 -0.472627 -0.944231 0.280088 0.173142 -0.171199 0.251488 0.273988 0.928269 0.473878 
