1535367210300 -0.107956 0.952161 -0.285893 -0.512676 -0.993743 -0.0950723 0.0586124 -0.262386 0.028628 0.290432 0.956467 0.365852 
1535367223773 -0.107956 0.952161 -0.285893 -0.512676 -0.993743 -0.0950723 0.0586124 -0.262386 0.028628 0.290432 0.956467 0.365852 
1535367224375 -0.0727597 0.956071 -0.283962 -0.524965 -0.996096 -0.0553925 0.0687293 -0.260413 0.0499807 0.287855 0.956369 0.366451 
1535367225153 -0.00142897 0.95963 -0.281262 -0.549857 -0.995639 0.0248695 0.0899099 -0.256409 0.0932751 0.280164 0.95541 0.36789 
1535367225945 -0.00142897 0.95963 -0.281262 -0.549857 -0.995639 0.0248695 0.0899099 -0.256409 0.0932751 0.280164 0.95541 0.36789 
1535367226521 0.0706134 0.957457 -0.279802 -0.574761 -0.988243 0.105284 0.110869 -0.252455 0.135611 0.268683 0.953635 0.369275 
1535367227066 0.0706134 0.957457 -0.279802 -0.574761 -0.988243 0.105284 0.110869 -0.252455 0.135611 0.268683 0.953635 0.369275 
1535367227598 0.142031 0.949486 -0.279829 -0.599763 -0.9738 0.184747 0.132597 -0.248349 0.177596 0.253664 0.950849 0.370826 
1535367228873 0.213698 0.935543 -0.281235 -0.625043 -0.952052 0.263963 0.154663 -0.244122 0.218929 0.234699 0.947094 0.372641 
1535367229329 0.21467 0.935716 -0.279915 -0.625164 -0.952089 0.2644 0.153683 -0.244209 0.217814 0.233513 0.947644 0.372292 
1535367229917 0.225963 0.935903 -0.270235 -0.628207 -0.949646 0.273448 0.152963 -0.243187 0.217054 0.222064 0.950566 0.371373 
1535367230500 0.233105 0.935836 -0.264336 -0.630056 -0.947998 0.279262 0.152686 -0.242493 0.216708 0.214998 0.952267 0.37085 
1535367230871 0.233784 0.935888 -0.263552 -0.630274 -0.947851 0.279766 0.152674 -0.242273 0.216619 0.214115 0.952487 0.370693 
1535367231353 0.235073 0.933847 -0.269576 -0.631449 -0.946154 0.283357 0.156529 -0.24255 0.22256 0.218265 0.950172 0.3716 
1535367231916 0.238025 0.93077 -0.27751 -0.633576 -0.943309 0.289589 0.16219 -0.242724 0.231325 0.223173 0.946933 0.372816 
1535367232487 0.239383 0.929241 -0.281436 -0.634681 -0.94182 0.292679 0.165272 -0.242615 0.235948 0.225499 0.94524 0.373388 
1535367232521 0.239383 0.929241 -0.281436 -0.634681 -0.94182 0.292679 0.165272 -0.242615 0.235948 0.225499 0.94524 0.373388 
1535367232686 0.239685 0.928944 -0.28216 -0.634927 -0.941478 0.293349 0.166031 -0.242601 0.237005 0.225852 0.944891 0.373546 
1535367232989 0.239425 0.928627 -0.283422 -0.635278 -0.941395 0.293469 0.166288 -0.242887 0.237595 0.226998 0.944468 0.373752 
1535367233191 0.239425 0.928627 -0.283422 -0.635278 -0.941395 0.293469 0.166288 -0.242887 0.237595 0.226998 0.944468 0.373752 
1535367233397 0.239491 0.927725 -0.286305 -0.636238 -0.940707 0.294691 0.168008 -0.243116 0.240237 0.229093 0.943294 0.374287 
1535367233523 0.239235 0.926906 -0.289158 -0.637132 -0.940143 0.295567 0.169623 -0.243371 0.24269 0.23127 0.942134 0.374782 
1535367233711 0.239346 0.92683 -0.28931 -0.637191 -0.940058 0.295755 0.169767 -0.243427 0.24291 0.231335 0.942061 0.374851 
1535367233745 0.238872 0.926869 -0.289575 -0.637359 -0.940118 0.29541 0.170035 -0.243373 0.243144 0.231618 0.941931 0.374935 
1535367233905 0.238872 0.926869 -0.289575 -0.637359 -0.940118 0.29541 0.170035 -0.243373 0.243144 0.231618 0.941931 0.374935 
1535367233933 0.238872 0.926869 -0.289575 -0.637359 -0.940118 0.29541 0.170035 -0.243373 0.243144 0.231618 0.941931 0.374935 
1535367233985 0.238085 0.927179 -0.289231 -0.637437 -0.94034 0.294575 0.170255 -0.24391 0.243057 0.231441 0.941997 0.374861 
1535367234132 0.238085 0.927179 -0.289231 -0.637437 -0.94034 0.294575 0.170255 -0.24391 0.243057 0.231441 0.941997 0.374861 
1535367234321 0.236769 0.927473 -0.28937 -0.637823 -0.940512 0.293499 0.171158 -0.244419 0.243674 0.231631 0.941791 0.374962 
1535367234339 0.236518 0.927547 -0.289338 -0.637964 -0.940507 0.293319 0.171494 -0.244558 0.243937 0.231563 0.941739 0.375054 
1535367234639 0.237097 0.927455 -0.289158 -0.637774 -0.940376 0.293822 0.171349 -0.244335 0.243879 0.231291 0.941821 0.374949 
1535367235033 0.238501 0.927257 -0.288637 -0.637472 -0.940171 0.294923 0.170585 -0.244306 0.243301 0.230683 0.94212 0.374688 
1535367235389 0.239533 0.92717 -0.288061 -0.637216 -0.939998 0.295716 0.170167 -0.244193 0.242958 0.230016 0.942372 0.374607 
1535367235691 0.240115 0.927114 -0.287756 -0.637039 -0.940025 0.296048 0.169436 -0.24408 0.242276 0.229814 0.942596 0.374731 
1535367235934 0.241596 0.926982 -0.286943 -0.636619 -0.939825 0.297141 0.168628 -0.243927 0.241577 0.228937 0.942989 0.374719 
1535367236027 0.242863 0.927001 -0.285809 -0.636181 -0.939722 0.297932 0.167804 -0.243583 0.240707 0.227828 0.94348 0.374855 
1535367236149 0.242863 0.927001 -0.285809 -0.636181 -0.939722 0.297932 0.167804 -0.243583 0.240707 0.227828 0.94348 0.374855 
1535367236224 0.244217 0.926934 -0.284869 -0.635791 -0.9396 0.298839 0.166874 -0.243345 0.239811 0.22691 0.943929 0.375003 
1535367236462 0.24451 0.926901 -0.284728 -0.635715 -0.939551 0.299068 0.166743 -0.243304 0.239707 0.226746 0.943995 0.375 
1535367236620 0.244595 0.926905 -0.284639 -0.635289 -0.939579 0.299085 0.16655 -0.243202 0.239507 0.226704 0.944056 0.375121 
1535367236954 0.244784 0.927002 -0.284161 -0.63426 -0.939488 0.299219 0.166823 -0.24268 0.239672 0.226131 0.944152 0.375499 
1535367237229 0.245369 0.926959 -0.283799 -0.633222 -0.93939 0.299661 0.166583 -0.242315 0.239459 0.225724 0.944303 0.375842 
1535367237495 0.245959 0.926878 -0.283552 -0.632619 -0.939197 0.300216 0.166669 -0.242171 0.239609 0.225317 0.944362 0.376135 
1535367237835 0.245485 0.926933 -0.283781 -0.632152 -0.939287 0.299837 0.166847 -0.241817 0.239744 0.225594 0.944262 0.376252 
1535367238154 0.245679 0.926828 -0.283957 -0.631692 -0.939134 0.30015 0.167145 -0.241594 0.240144 0.225609 0.944156 0.376451 
1535367238525 0.24593 0.926576 -0.284561 -0.630698 -0.938971 0.30059 0.167269 -0.241423 0.240523 0.226058 0.943952 0.376713 
1535367238847 0.245775 0.926483 -0.284999 -0.629782 -0.938899 0.300627 0.167608 -0.240949 0.240964 0.226392 0.94376 0.376891 
1535367239117 0.245618 0.92645 -0.285242 -0.628823 -0.938871 0.300586 0.167837 -0.240475 0.241232 0.226581 0.943646 0.377226 
1535367239331 0.245618 0.92645 -0.285242 -0.628823 -0.938871 0.300586 0.167837 -0.240475 0.241232 0.226581 0.943646 0.377226 
1535367239661 0.245427 0.926449 -0.28541 -0.627838 -0.938814 0.300534 0.168248 -0.239941 0.241649 0.226654 0.943522 0.377487 
1535367239990 0.245833 0.926261 -0.285671 -0.627337 -0.938576 0.301093 0.168578 -0.239907 0.242161 0.226681 0.943384 0.377653 
1535367240291 0.245957 0.926163 -0.285881 -0.626507 -0.938411 0.301374 0.168995 -0.239613 0.242674 0.226708 0.943246 0.377791 
1535367240593 0.246078 0.926021 -0.286236 -0.625689 -0.938223 0.3017 0.169453 -0.239319 0.243274 0.226854 0.943056 0.378023 
1535367240712 0.246207 0.92591 -0.286483 -0.625113 -0.938109 0.301942 0.169653 -0.239063 0.243585 0.226982 0.942945 0.37815 
1535367240728 0.246207 0.92591 -0.286483 -0.625113 -0.938109 0.301942 0.169653 -0.239063 0.243585 0.226982 0.942945 0.37815 
1535367240933 0.246207 0.92591 -0.286483 -0.625113 -0.938109 0.301942 0.169653 -0.239063 0.243585 0.226982 0.942945 0.37815 
1535367240984 0.246207 0.92591 -0.286483 -0.625113 -0.938109 0.301942 0.169653 -0.239063 0.243585 0.226982 0.942945 0.37815 
1535367241144 0.246029 0.925846 -0.286843 -0.624698 -0.937958 0.302023 0.170345 -0.23888 0.244347 0.227137 0.942711 0.378296 
1535367241193 0.246029 0.925846 -0.286843 -0.624698 -0.937958 0.302023 0.170345 -0.23888 0.244347 0.227137 0.942711 0.378296 
1535367241339 0.245868 0.925604 -0.28776 -0.62368 -0.937544 0.302462 0.171838 -0.238618 0.24609 0.227538 0.94216 0.378624 
1535367241539 0.245868 0.925604 -0.28776 -0.62368 -0.937544 0.302462 0.171838 -0.238618 0.24609 0.227538 0.94216 0.378624 
1535367241696 0.246134 0.925169 -0.288929 -0.622242 -0.936757 0.303594 0.174119 -0.238256 0.248807 0.227799 0.941383 0.379143 
1535367241937 0.246096 0.925148 -0.28903 -0.622133 -0.936708 0.303631 0.174319 -0.238254 0.249029 0.227837 0.941315 0.379168 
1535367242183 0.246032 0.925007 -0.289534 -0.621584 -0.936704 0.303684 0.174247 -0.237878 0.249106 0.228337 0.941174 0.379341 
1535367242456 0.245818 0.924978 -0.289807 -0.621168 -0.936703 0.303584 0.174425 -0.237678 0.24932 0.228586 0.941057 0.379567 
1535367242699 0.246265 0.924784 -0.290049 -0.620922 -0.936575 0.304064 0.174274 -0.237723 0.249359 0.228735 0.94101 0.379681 
1535367242870 0.245855 0.924792 -0.29037 -0.620531 -0.936634 0.30378 0.174458 -0.237405 0.249546 0.229079 0.940877 0.379821 
1535367242906 0.246113 0.924618 -0.290705 -0.620299 -0.936548 0.304105 0.174349 -0.237461 0.249611 0.229349 0.940794 0.379887 
1535367243129 0.246072 0.924617 -0.290744 -0.620321 -0.936551 0.30408 0.174377 -0.237423 0.249642 0.229388 0.940776 0.379894 
1535367243412 0.245819 0.924484 -0.291378 -0.61967 -0.9363 0.304251 0.175423 -0.237218 0.250828 0.229695 0.940386 0.380199 
1535367243708 0.245892 0.924336 -0.291789 -0.619471 -0.936199 0.304473 0.175576 -0.237206 0.251133 0.229999 0.94023 0.380224 
1535367243978 0.246018 0.924081 -0.292487 -0.618808 -0.935893 0.304976 0.176334 -0.237067 0.252148 0.230355 0.939871 0.380546 
1535367244026 0.245865 0.924011 -0.292837 -0.618642 -0.935801 0.305017 0.17675 -0.236919 0.25264 0.230581 0.939684 0.380675 
1535367244043 0.245865 0.924011 -0.292837 -0.618642 -0.935801 0.305017 0.17675 -0.236919 0.25264 0.230581 0.939684 0.380675 
1535367244303 0.246126 0.923997 -0.292662 -0.618374 -0.935888 0.305091 0.176164 -0.236686 0.252063 0.23054 0.939848 0.380663 
1535367244650 0.246279 0.924015 -0.292476 -0.617966 -0.93594 0.305116 0.175841 -0.236504 0.251719 0.230434 0.939967 0.380764 
1535367244985 0.246678 0.923827 -0.292734 -0.617474 -0.935904 0.305482 0.1754 -0.236269 0.251464 0.230703 0.939969 0.380887 
1535367245016 0.246678 0.923827 -0.292734 -0.617474 -0.935904 0.305482 0.1754 -0.236269 0.251464 0.230703 0.939969 0.380887 
1535367245199 0.24702 0.923658 -0.292979 -0.61726 -0.93584 0.305829 0.175134 -0.236246 0.251365 0.23092 0.939942 0.380942 
1535367245461 0.246646 0.923888 -0.292571 -0.617217 -0.935941 0.305393 0.175354 -0.236013 0.251356 0.230579 0.940029 0.380964 
1535367245677 0.246816 0.923756 -0.292843 -0.616479 -0.936025 0.305489 0.17474 -0.235619 0.250877 0.23098 0.940058 0.381119 
1535367245881 0.246816 0.923756 -0.292843 -0.616479 -0.936025 0.305489 0.17474 -0.235619 0.250877 0.23098 0.940058 0.381119 
1535367246020 0.247389 0.923625 -0.292773 -0.615956 -0.935935 0.305964 0.174389 -0.235386 0.250648 0.230875 0.940145 0.38132 
1535367246186 0.247607 0.923544 -0.292845 -0.615457 -0.935956 0.306113 0.174014 -0.235163 0.250353 0.231003 0.940192 0.381454 
1535367246443 0.247458 0.923655 -0.292621 -0.61511 -0.935963 0.305959 0.174249 -0.234923 0.250475 0.230763 0.940218 0.381571 
1535367246691 0.247658 0.923675 -0.292388 -0.614719 -0.93583 0.306179 0.174577 -0.234968 0.250775 0.230391 0.94023 0.381662 
1535367246929 0.247441 0.923849 -0.292021 -0.614043 -0.935834 0.305952 0.17495 -0.234645 0.250971 0.229993 0.940275 0.381792 
1535367247238 0.247578 0.923971 -0.291517 -0.613011 -0.935646 0.306125 0.175652 -0.234486 0.251539 0.229269 0.9403 0.382014 
1535367247344 0.247639 0.924049 -0.291219 -0.612761 -0.935519 0.306227 0.17615 -0.234323 0.251951 0.22882 0.940299 0.382168 
1535367247542 0.247639 0.924049 -0.291219 -0.612761 -0.935519 0.306227 0.17615 -0.234323 0.251951 0.22882 0.940299 0.382168 
1535367247562 0.247639 0.924049 -0.291219 -0.612761 -0.935519 0.306227 0.17615 -0.234323 0.251951 0.22882 0.940299 0.382168 
1535367247694 0.24788 0.924018 -0.291111 -0.612206 -0.935518 0.306379 0.175892 -0.233949 0.251718 0.22874 0.940381 0.382272 
1535367247828 0.24788 0.924018 -0.291111 -0.612206 -0.935518 0.306379 0.175892 -0.233949 0.251718 0.22874 0.940381 0.382272 
1535367248117 0.249195 0.923696 -0.291013 -0.610985 -0.935245 0.307543 0.175313 -0.233418 0.251434 0.228481 0.94052 0.382581 
1535367248318 0.248812 0.923819 -0.29095 -0.610701 -0.93523 0.307272 0.175864 -0.233151 0.251867 0.228348 0.940436 0.382653 
1535367248398 0.248812 0.923819 -0.29095 -0.610701 -0.93523 0.307272 0.175864 -0.233151 0.251867 0.228348 0.940436 0.382653 
1535367248530 0.248821 0.923822 -0.290932 -0.610025 -0.934979 0.307502 0.176794 -0.232893 0.252788 0.228025 0.940267 0.382904 
1535367248589 0.248821 0.923822 -0.290932 -0.610025 -0.934979 0.307502 0.176794 -0.232893 0.252788 0.228025 0.940267 0.382904 
1535367248730 0.248821 0.923822 -0.290932 -0.610025 -0.934979 0.307502 0.176794 -0.232893 0.252788 0.228025 0.940267 0.382904 
1535367248958 0.249312 0.923592 -0.29124 -0.608987 -0.934482 0.308358 0.177927 -0.23255 0.254138 0.227799 0.939958 0.383135 
1535367249173 0.249448 0.923587 -0.29114 -0.608121 -0.934176 0.30871 0.178924 -0.232189 0.255129 0.227344 0.9398 0.38337 
1535367249542 0.249152 0.923692 -0.29106 -0.607756 -0.934226 0.308438 0.179131 -0.232006 0.255236 0.227285 0.939785 0.383535 
1535367249894 0.249177 0.923862 -0.290499 -0.606466 -0.934133 0.30843 0.179631 -0.231657 0.255553 0.226604 0.939863 0.38391 
1535367250120 0.249309 0.923832 -0.290483 -0.605811 -0.933994 0.308644 0.179983 -0.23143 0.25593 0.226438 0.939801 0.384101 
1535367250177 0.249209 0.923895 -0.290367 -0.60558 -0.933947 0.308592 0.180319 -0.231298 0.256201 0.22625 0.939772 0.38428 
1535367250197 0.249211 0.923895 -0.290367 -0.60558 -0.933946 0.308594 0.180319 -0.231298 0.256202 0.226249 0.939772 0.384279 
1535367250474 0.249061 0.924063 -0.289958 -0.605186 -0.934074 0.308294 0.18017 -0.231076 0.255881 0.225968 0.939927 0.384273 
1535367250893 0.248944 0.924297 -0.289314 -0.604521 -0.934166 0.308003 0.180189 -0.230711 0.255657 0.225411 0.940122 0.384328 
1535367251157 0.249096 0.924491 -0.288562 -0.603364 -0.934187 0.307947 0.180174 -0.230368 0.255431 0.22469 0.940356 0.38448 
1535367251215 0.248888 0.924607 -0.288368 -0.603148 -0.934258 0.307698 0.180235 -0.230179 0.255377 0.224552 0.940404 0.384523 
1535367251532 0.25022 0.924728 -0.286823 -0.603012 -0.93412 0.308474 0.179619 -0.23022 0.254577 0.222983 0.940994 0.384424 
1535367251847 0.250916 0.925184 -0.28474 -0.602633 -0.934248 0.308458 0.178982 -0.229832 0.253421 0.221108 0.941748 0.384263 
1535367252156 0.251547 0.925414 -0.28343 -0.602392 -0.934273 0.308637 0.178542 -0.229643 0.252703 0.21989 0.942226 0.384177 
1535367252186 0.252147 0.925536 -0.282498 -0.602223 -0.93424 0.308918 0.178229 -0.229522 0.252226 0.218981 0.942565 0.384108 
1535367252458 0.252317 0.925685 -0.281858 -0.602359 -0.93433 0.308839 0.177892 -0.229489 0.251721 0.218463 0.942821 0.384107 
1535367252787 0.254126 0.926174 -0.278608 -0.602457 -0.934625 0.309265 0.175589 -0.229176 0.24879 0.215772 0.944217 0.383653 
1535367253158 0.255171 0.926504 -0.276548 -0.602472 -0.934743 0.309525 0.174498 -0.229009 0.247272 0.213975 0.945025 0.383623 
1535367253193 0.255171 0.926504 -0.276548 -0.602472 -0.934743 0.309525 0.174498 -0.229009 0.247272 0.213975 0.945025 0.383623 
1535367253366 0.255655 0.926574 -0.275863 -0.602462 -0.934816 0.309682 0.173829 -0.229004 0.246495 0.213441 0.945348 0.383521 
1535367253398 0.255655 0.926574 -0.275863 -0.602462 -0.934816 0.309682 0.173829 -0.229004 0.246495 0.213441 0.945348 0.383521 
1535367253523 0.255655 0.926574 -0.275863 -0.602462 -0.934816 0.309682 0.173829 -0.229004 0.246495 0.213441 0.945348 0.383521 
1535367253581 0.255655 0.926574 -0.275863 -0.602462 -0.934816 0.309682 0.173829 -0.229004 0.246495 0.213441 0.945348 0.383521 
1535367253687 0.255655 0.926574 -0.275863 -0.602462 -0.934816 0.309682 0.173829 -0.229004 0.246495 0.213441 0.945348 0.383521 
1535367253761 0.255655 0.926574 -0.275863 -0.602462 -0.934816 0.309682 0.173829 -0.229004 0.246495 0.213441 0.945348 0.383521 
1535367253899 0.255655 0.926574 -0.275863 -0.602462 -0.934816 0.309682 0.173829 -0.229004 0.246495 0.213441 0.945348 0.383521 
1535367253937 0.255655 0.926574 -0.275863 -0.602462 -0.934816 0.309682 0.173829 -0.229004 0.246495 0.213441 0.945348 0.383521 
1535367257011 0.213325 0.919404 -0.330438 -0.472501 -0.943803 0.28133 0.173464 -0.171258 0.252445 0.274864 0.927751 0.474081 
1535367257331 0.213383 0.919386 -0.33045 -0.472502 -0.943791 0.281385 0.173437 -0.171255 0.252439 0.274868 0.927751 0.47411 
1535367257369 0.213441 0.919388 -0.330406 -0.472497 -0.943779 0.28143 0.173432 -0.171256 0.252438 0.274813 0.927768 0.474136 
1535367257743 0.213471 0.919389 -0.330386 -0.472494 -0.943772 0.281455 0.173429 -0.171256 0.252438 0.274786 0.927776 0.474148 
1535367258136 0.213471 0.919389 -0.330386 -0.472494 -0.943772 0.281455 0.173429 -0.171256 0.252438 0.274786 0.927776 0.474148 
