1535113785832 0.248632 0.926582 -0.282184 -0.639785 -0.937587 0.303361 0.170011 -0.251764 0.243132 0.222301 0.944176 0.374326 
1535113790275 0.248632 0.926582 -0.282183 -0.639785 -0.937586 0.303361 0.170011 -0.251764 0.243133 0.2223 0.944176 0.374327 
1535113790287 0.248633 0.926582 -0.282183 -0.639785 -0.937586 0.303361 0.170011 -0.251764 0.243133 0.222301 0.944176 0.374327 
1535113790309 0.248633 0.926582 -0.282183 -0.639785 -0.937586 0.303361 0.170012 -0.251764 0.243133 0.2223 0.944176 0.374327 
1535113790445 0.248973 0.926419 -0.282419 -0.63997 -0.937475 0.303749 0.169933 -0.251884 0.243213 0.222452 0.94412 0.374243 
1535113790629 0.249115 0.926381 -0.282419 -0.64042 -0.937384 0.303933 0.170106 -0.251898 0.243419 0.222359 0.944089 0.374066 
1535113790654 0.249206 0.926355 -0.282424 -0.64051 -0.937367 0.304015 0.170056 -0.251945 0.243393 0.222356 0.944096 0.374026 
1535113807279 0.24902 0.92643 -0.282342 -0.640778 -0.937409 0.303828 0.170154 -0.251859 0.243419 0.222298 0.944103 0.373945 
1535113807316 0.248992 0.926452 -0.282293 -0.640699 -0.93742 0.30379 0.170164 -0.251864 0.243407 0.222258 0.944116 0.373974 
1535113807453 0.249372 0.926316 -0.282405 -0.640613 -0.937321 0.304171 0.170028 -0.251946 0.243399 0.222304 0.944107 0.37403 
1535113821916 0.249345 0.926486 -0.281869 -0.640838 -0.937721 0.303688 0.168683 -0.251891 0.241882 0.222254 0.944508 0.373708 
1535113821933 0.249345 0.926486 -0.281869 -0.640838 -0.937721 0.303688 0.168683 -0.251891 0.241882 0.222254 0.944508 0.373708 
