1535384798343 0.159179 0.943926 -0.289251 -0.531023 -0.959829 0.216539 0.178433 -0.240784 0.231062 0.249229 0.940476 0.379171 
1535384810963 0.15918 0.943926 -0.289251 -0.531023 -0.95983 0.216539 0.178432 -0.240785 0.23106 0.249229 0.940477 0.379171 
1535384811676 0.166597 0.942669 -0.289172 -0.541753 -0.95879 0.223324 0.175634 -0.240911 0.230144 0.247996 0.941027 0.378275 
1535384812358 0.174129 0.941508 -0.288516 -0.55276 -0.957783 0.229997 0.172489 -0.240998 0.228758 0.2463 0.94181 0.37747 
1535384813070 0.181987 0.940196 -0.287944 -0.56379 -0.95659 0.237073 0.169504 -0.241147 0.227631 0.244597 0.942527 0.376735 
1535384813791 0.189987 0.938834 -0.287221 -0.574759 -0.955345 0.24422 0.166349 -0.241417 0.22632 0.242791 0.943309 0.375979 
1535384814537 0.197468 0.937566 -0.286315 -0.585755 -0.954161 0.250828 0.163287 -0.241484 0.224908 0.240947 0.944119 0.375259 
1535384815267 0.205192 0.936211 -0.285317 -0.596796 -0.952791 0.257739 0.160501 -0.24153 0.2238 0.238914 0.944899 0.374535 
1535384816075 0.213047 0.934709 -0.284483 -0.607773 -0.951414 0.264721 0.15727 -0.241738 0.22231 0.237155 0.945693 0.373762 
1535384816850 0.220698 0.933191 -0.28363 -0.618757 -0.949997 0.271536 0.154189 -0.241921 0.220903 0.235419 0.946456 0.373027 
1535384817633 0.228499 0.931558 -0.282821 -0.629789 -0.948427 0.278567 0.151283 -0.242046 0.219714 0.233667 0.947167 0.372319 
1535384817665 0.22859 0.931644 -0.282464 -0.629905 -0.94843 0.278569 0.151259 -0.242043 0.219605 0.233321 0.947278 0.372434 
1535384817990 0.22895 0.931274 -0.28339 -0.630274 -0.948281 0.27913 0.15116 -0.242137 0.219874 0.234125 0.947017 0.372167 
1535384818209 0.229482 0.930984 -0.283912 -0.631045 -0.948188 0.279685 0.150717 -0.24231 0.219721 0.234616 0.946931 0.372155 
1535384818422 0.229741 0.9308 -0.284306 -0.631862 -0.948098 0.280026 0.15065 -0.242251 0.219838 0.23494 0.946823 0.37217 
1535384818656 0.230104 0.930527 -0.284905 -0.632668 -0.948034 0.280444 0.150276 -0.242291 0.219736 0.235521 0.946703 0.372055 
1535384818872 0.230368 0.930284 -0.285485 -0.633481 -0.947964 0.280797 0.15006 -0.242317 0.219762 0.236061 0.946562 0.371969 
1535384819106 0.230957 0.93003 -0.285836 -0.634255 -0.947825 0.281412 0.149786 -0.242388 0.219743 0.236328 0.9465 0.372011 
1535384819325 0.231521 0.92973 -0.286356 -0.635031 -0.947684 0.282037 0.1495 -0.242485 0.219757 0.236762 0.946388 0.371937 
1535384819544 0.231723 0.929485 -0.286987 -0.635855 -0.947641 0.282325 0.149227 -0.242478 0.219728 0.237382 0.94624 0.371804 
1535384819764 0.232023 0.929248 -0.287512 -0.636671 -0.947583 0.282679 0.148925 -0.242506 0.219662 0.237888 0.946128 0.37181 
1535384819801 0.232186 0.929159 -0.287669 -0.636813 -0.947551 0.282852 0.148803 -0.242568 0.219629 0.238031 0.9461 0.371767 
1535384819817 0.232187 0.929149 -0.2877 -0.63687 -0.947555 0.282853 0.148775 -0.242554 0.219611 0.238068 0.946094 0.371757 
1535384820265 0.231923 0.929125 -0.287991 -0.637151 -0.947557 0.282715 0.149022 -0.242652 0.21988 0.238327 0.945967 0.371923 
1535384820532 0.231798 0.929118 -0.288112 -0.637466 -0.94753 0.282677 0.149266 -0.242699 0.220128 0.238396 0.945892 0.372056 
1535384820825 0.231689 0.929078 -0.288332 -0.637842 -0.947497 0.282674 0.149486 -0.242738 0.220388 0.238559 0.94579 0.372194 
1535384821119 0.231497 0.929033 -0.28863 -0.638218 -0.947506 0.282579 0.149605 -0.242799 0.220549 0.238845 0.94568 0.372281 
1535384821398 0.231338 0.928958 -0.288997 -0.63858 -0.947467 0.282571 0.149868 -0.242863 0.220883 0.239145 0.945527 0.372393 
1535384821685 0.231152 0.928884 -0.289383 -0.639014 -0.947456 0.282517 0.150039 -0.242928 0.221124 0.239496 0.945381 0.372489 
1535384821981 0.231094 0.928833 -0.289592 -0.639322 -0.947402 0.282569 0.150282 -0.242975 0.221416 0.239631 0.945279 0.372614 
1535384822292 0.230831 0.928818 -0.289853 -0.639695 -0.947413 0.282417 0.150499 -0.243 0.221645 0.23987 0.945164 0.372692 
1535384822424 0.23073 0.92881 -0.289958 -0.64 -0.947346 0.282436 0.150879 -0.242963 0.222033 0.239878 0.945071 0.37287 
1535384822452 0.230668 0.928829 -0.289947 -0.640013 -0.947362 0.282375 0.150896 -0.242932 0.222031 0.239878 0.945072 0.372881 
1535384822652 0.23058 0.929033 -0.289363 -0.639745 -0.94748 0.282092 0.150683 -0.243153 0.221616 0.239421 0.945285 0.372824 
1535384822765 0.230039 0.929238 -0.289134 -0.639836 -0.947616 0.281534 0.150874 -0.243191 0.221599 0.239281 0.945325 0.372749 
1535384822855 0.229792 0.929468 -0.288592 -0.639938 -0.947687 0.281198 0.151054 -0.243334 0.221551 0.238784 0.945462 0.372795 
1535384822962 0.229266 0.929759 -0.288073 -0.639995 -0.947786 0.280641 0.151464 -0.243383 0.22167 0.238306 0.945554 0.372974 
1535384823060 0.22881 0.930009 -0.287628 -0.64015 -0.947908 0.28012 0.151665 -0.243398 0.22162 0.237943 0.945657 0.372958 
1535384823159 0.228494 0.930168 -0.287365 -0.640232 -0.947986 0.279774 0.151819 -0.243566 0.221615 0.237728 0.945713 0.372987 
1535384823268 0.228152 0.9304 -0.286884 -0.640299 -0.94809 0.279345 0.151956 -0.243708 0.22152 0.237323 0.945837 0.373051 
1535384823352 0.227556 0.930646 -0.286559 -0.640372 -0.948239 0.278717 0.152184 -0.24372 0.221499 0.237096 0.945898 0.373069 
1535384823384 0.227562 0.930687 -0.286423 -0.640389 -0.948235 0.278703 0.152234 -0.243738 0.22151 0.236954 0.945931 0.373069 
1535384823403 0.22758 0.930706 -0.286345 -0.640399 -0.948231 0.278707 0.152249 -0.24376 0.221505 0.236872 0.945953 0.373066 
1535384823459 0.227366 0.930831 -0.286109 -0.640441 -0.948294 0.278452 0.152324 -0.243835 0.221455 0.236683 0.946012 0.37308 
1535384823580 0.226726 0.931062 -0.285865 -0.640499 -0.948438 0.27781 0.152599 -0.243833 0.221495 0.236527 0.946042 0.37319 
1535384823643 0.226364 0.931264 -0.285495 -0.640522 -0.948586 0.277338 0.152541 -0.243972 0.221234 0.236287 0.946163 0.373159 
1535384823757 0.22612 0.931369 -0.285345 -0.640585 -0.948653 0.27707 0.152606 -0.244187 0.221193 0.236186 0.946197 0.373109 
1535384823823 0.225833 0.931566 -0.28493 -0.640606 -0.948734 0.276716 0.152751 -0.244331 0.221142 0.235826 0.946299 0.373095 
1535384823930 0.225309 0.93179 -0.28461 -0.640653 -0.948817 0.276206 0.153156 -0.24435 0.22132 0.235535 0.94633 0.373137 
1535384823998 0.225018 0.931953 -0.284308 -0.640695 -0.948905 0.275858 0.153236 -0.244534 0.221238 0.2353 0.946408 0.373139 
1535384824118 0.224708 0.932132 -0.283965 -0.64078 -0.948949 0.275537 0.153543 -0.244658 0.221365 0.234965 0.946461 0.373222 
1535384824139 0.224558 0.932207 -0.283838 -0.640785 -0.949002 0.275355 0.153544 -0.244696 0.221291 0.234883 0.946499 0.373211 
1535384824165 0.224384 0.9323 -0.28367 -0.6408 -0.949062 0.275141 0.153554 -0.24475 0.221208 0.234766 0.946548 0.373193 
1535384824290 0.224345 0.932336 -0.283581 -0.640835 -0.949046 0.275115 0.1537 -0.244632 0.221318 0.234649 0.946551 0.37321 
1535384824308 0.224525 0.932278 -0.283631 -0.64083 -0.948985 0.275314 0.153717 -0.244628 0.221395 0.234649 0.946533 0.373214 
1535384824321 0.224845 0.932172 -0.283725 -0.640814 -0.948879 0.275669 0.153739 -0.244636 0.221526 0.234653 0.946501 0.373221 
1535384824374 0.225239 0.932044 -0.283835 -0.640742 -0.948771 0.276078 0.153668 -0.244708 0.221586 0.234683 0.94648 0.373193 
1535384824441 0.225358 0.932056 -0.283698 -0.640678 -0.948767 0.276144 0.153576 -0.244709 0.221483 0.234554 0.946536 0.373156 
1535384824499 0.225731 0.932065 -0.283372 -0.640631 -0.948682 0.276442 0.153562 -0.244695 0.221466 0.234166 0.946636 0.373133 
1535384824537 0.225963 0.932041 -0.283266 -0.640616 -0.948596 0.27668 0.153668 -0.244682 0.221599 0.233982 0.94665 0.373107 
1535384824564 0.226005 0.932037 -0.283247 -0.640612 -0.948575 0.276728 0.153708 -0.244674 0.221644 0.233942 0.946649 0.373089 
1535384824658 0.226354 0.931946 -0.283268 -0.640604 -0.9485 0.277056 0.153581 -0.244679 0.221611 0.233916 0.946664 0.373007 
1535384824675 0.226436 0.931945 -0.283205 -0.640595 -0.948486 0.277119 0.153555 -0.244681 0.221586 0.233846 0.946687 0.372997 
1535384824866 0.226918 0.931967 -0.282746 -0.640408 -0.948403 0.27747 0.153434 -0.244557 0.221449 0.23334 0.946844 0.37307 
1535384825004 0.227586 0.931819 -0.282697 -0.640176 -0.948329 0.27801 0.152915 -0.244531 0.221082 0.233289 0.946942 0.373193 
1535384825140 0.228153 0.931801 -0.282301 -0.639988 -0.948263 0.278413 0.152588 -0.244318 0.220778 0.232882 0.947113 0.37322 
1535384825301 0.228972 0.931681 -0.282032 -0.639829 -0.948088 0.279128 0.152368 -0.244258 0.220681 0.232503 0.947229 0.373263 
1535384825446 0.229592 0.931608 -0.281771 -0.63963 -0.947973 0.279642 0.152145 -0.244113 0.220534 0.23218 0.947342 0.373266 
1535384825575 0.230311 0.931498 -0.281547 -0.639425 -0.94787 0.280218 0.151723 -0.244045 0.220224 0.231926 0.947476 0.373255 
1535384825723 0.230976 0.931446 -0.281173 -0.639213 -0.947792 0.280705 0.151312 -0.243922 0.219866 0.231544 0.947653 0.373299 
1535384825863 0.231647 0.931397 -0.280785 -0.639054 -0.947661 0.281249 0.151119 -0.24376 0.219723 0.231082 0.947799 0.373413 
1535384825903 0.23203 0.931323 -0.280712 -0.639002 -0.947572 0.281599 0.151026 -0.243768 0.219702 0.230952 0.947835 0.373437 
1535384826042 0.232394 0.931256 -0.280635 -0.638884 -0.947526 0.281889 0.150772 -0.243785 0.219515 0.230871 0.947899 0.373471 
1535384826223 0.231965 0.931358 -0.280652 -0.638572 -0.94766 0.281452 0.150751 -0.243562 0.219393 0.230994 0.947897 0.373602 
1535384826401 0.232337 0.931229 -0.280771 -0.638195 -0.947607 0.281787 0.150458 -0.243499 0.219228 0.231104 0.947908 0.373632 
1535384826604 0.232338 0.931249 -0.280702 -0.637879 -0.947661 0.28172 0.150242 -0.243302 0.218992 0.231103 0.947963 0.37379 
1535384826775 0.23269 0.93116 -0.280708 -0.637529 -0.947628 0.282001 0.149923 -0.243185 0.218762 0.231121 0.948012 0.373858 
1535384826936 0.232883 0.931127 -0.280657 -0.637151 -0.947635 0.28212 0.149655 -0.243113 0.218527 0.231109 0.948069 0.373964 
1535384827106 0.233234 0.93101 -0.280753 -0.63682 -0.947586 0.282432 0.149375 -0.242972 0.218363 0.231198 0.948085 0.374091 
1535384827294 0.233289 0.931009 -0.280709 -0.636442 -0.947666 0.282378 0.148969 -0.242875 0.217958 0.231266 0.948162 0.374146 
1535384827480 0.233467 0.930981 -0.280654 -0.636148 -0.947664 0.282496 0.148759 -0.242661 0.217775 0.231235 0.948211 0.37426 
1535384827516 0.233444 0.930999 -0.280615 -0.636041 -0.947684 0.282452 0.148714 -0.242605 0.217712 0.231218 0.94823 0.374313 
1535384827686 0.2337 0.930915 -0.280682 -0.635873 -0.947642 0.282685 0.148537 -0.242623 0.21762 0.231273 0.948237 0.374325 
1535384827913 0.233888 0.930947 -0.280419 -0.635303 -0.947476 0.28295 0.14909 -0.242373 0.21814 0.23082 0.948229 0.374567 
1535384828108 0.233716 0.931007 -0.280363 -0.6349 -0.947512 0.282783 0.14918 -0.242103 0.21817 0.230782 0.948231 0.374665 
1535384828314 0.234109 0.930861 -0.280518 -0.634381 -0.947361 0.283242 0.149271 -0.241997 0.218405 0.230806 0.948171 0.374725 
1535384828520 0.234014 0.930918 -0.28041 -0.633889 -0.947386 0.283131 0.149318 -0.241762 0.218396 0.230714 0.948195 0.374795 
1535384828739 0.234492 0.930784 -0.280453 -0.633381 -0.947201 0.283667 0.14948 -0.241661 0.218689 0.230594 0.948157 0.374945 
1535384829016 0.234556 0.930854 -0.280168 -0.632382 -0.947161 0.283707 0.149652 -0.241281 0.21879 0.230263 0.948214 0.375249 
1535384829234 0.23483 0.930744 -0.280305 -0.631817 -0.94705 0.284037 0.149732 -0.241057 0.218979 0.230301 0.948161 0.375372 
1535384829263 0.234861 0.930761 -0.280223 -0.631689 -0.947044 0.284052 0.149742 -0.24103 0.218972 0.230215 0.948184 0.375397 
1535384829454 0.234705 0.930733 -0.280444 -0.631628 -0.947048 0.283975 0.149863 -0.240933 0.219122 0.23042 0.948099 0.375382 
1535384829642 0.234653 0.930651 -0.28076 -0.631184 -0.946874 0.284172 0.150586 -0.240812 0.219927 0.230509 0.947891 0.375591 
1535384829828 0.234655 0.93062 -0.280862 -0.630716 -0.946735 0.284336 0.151149 -0.240695 0.220522 0.230434 0.947771 0.375752 
1535384830011 0.23431 0.9306 -0.281217 -0.630322 -0.946684 0.284205 0.151713 -0.24045 0.221107 0.230676 0.947576 0.37586 
1535384830205 0.234355 0.930502 -0.281504 -0.629875 -0.946554 0.284419 0.152123 -0.240404 0.221616 0.230808 0.947425 0.37599 
1535384830407 0.23421 0.930478 -0.281701 -0.629467 -0.946453 0.284455 0.152681 -0.240179 0.222197 0.230858 0.947277 0.376154 
1535384830587 0.234297 0.930376 -0.281966 -0.628966 -0.946294 0.284724 0.153163 -0.240211 0.222782 0.230937 0.94712 0.3763 
1535384830770 0.233973 0.930384 -0.282209 -0.628582 -0.946232 0.284602 0.153774 -0.239911 0.223386 0.231056 0.946949 0.376418 
1535384830959 0.234126 0.93027 -0.282459 -0.628108 -0.946055 0.284934 0.154249 -0.239858 0.223975 0.231108 0.946797 0.376569 
1535384830998 0.233994 0.930293 -0.282491 -0.627975 -0.946025 0.284877 0.154538 -0.239738 0.224241 0.231082 0.94674 0.376649 
1535384831018 0.233904 0.930298 -0.282551 -0.627935 -0.946025 0.284824 0.154633 -0.23971 0.224332 0.231131 0.946707 0.376672 
1535384831386 0.234193 0.930132 -0.282858 -0.627727 -0.945988 0.285116 0.154323 -0.239665 0.224188 0.231439 0.946666 0.376715 
1535384831543 0.234152 0.930084 -0.283048 -0.627434 -0.94598 0.285127 0.154352 -0.239528 0.224265 0.231616 0.946604 0.376861 
1535384831727 0.234201 0.929995 -0.283301 -0.627149 -0.945984 0.2852 0.154195 -0.239372 0.224198 0.231886 0.946554 0.376923 
1535384831895 0.234321 0.929913 -0.28347 -0.626826 -0.945946 0.285351 0.154147 -0.239273 0.224231 0.232028 0.946511 0.377048 
1535384832070 0.234433 0.929805 -0.283731 -0.626484 -0.945895 0.285524 0.154135 -0.239254 0.224328 0.232246 0.946435 0.377199 
1535384832245 0.23432 0.929765 -0.283956 -0.626242 -0.945893 0.285485 0.154224 -0.239014 0.224458 0.232454 0.946353 0.377335 
1535384832424 0.234382 0.929707 -0.284097 -0.625942 -0.94586 0.285586 0.15424 -0.238864 0.224532 0.232564 0.946308 0.377468 
1535384832612 0.234432 0.929614 -0.284357 -0.625626 -0.945849 0.285676 0.154142 -0.238771 0.224526 0.232823 0.946246 0.377541 
1535384832665 0.234301 0.929638 -0.284388 -0.625495 -0.945865 0.285572 0.154235 -0.238622 0.224596 0.232855 0.946222 0.377616 
1535384832682 0.234288 0.92964 -0.284391 -0.625462 -0.945867 0.285561 0.154238 -0.238606 0.224597 0.232861 0.94622 0.377629 
1535384832844 0.234262 0.929531 -0.284769 -0.625392 -0.945825 0.28565 0.154335 -0.238575 0.224803 0.233187 0.94609 0.377652 
1535384832985 0.234551 0.92926 -0.285415 -0.625124 -0.945577 0.286216 0.154803 -0.238628 0.225543 0.233572 0.945819 0.377715 
1535384833120 0.23444 0.929177 -0.285777 -0.624885 -0.94549 0.286289 0.155202 -0.238537 0.226025 0.233814 0.945645 0.377833 
1535384833254 0.234255 0.929041 -0.286368 -0.624694 -0.945417 0.286335 0.155561 -0.238356 0.22652 0.234296 0.945407 0.377937 
1535384833378 0.234142 0.928964 -0.286711 -0.624459 -0.945347 0.286385 0.155891 -0.238249 0.226927 0.23454 0.945249 0.378053 
1535384833514 0.234526 0.928748 -0.287095 -0.624196 -0.945127 0.286946 0.156196 -0.238284 0.227447 0.234709 0.945082 0.378185 
1535384833623 0.234399 0.928636 -0.287564 -0.62397 -0.945063 0.287001 0.156479 -0.238209 0.227843 0.235088 0.944892 0.378288 
1535384833761 0.234292 0.928519 -0.288026 -0.623746 -0.944947 0.287125 0.156956 -0.238036 0.228436 0.235396 0.944672 0.378444 
1535384833784 0.234249 0.928517 -0.28807 -0.623682 -0.944933 0.287116 0.157054 -0.23799 0.228537 0.235417 0.944643 0.378476 
1535384833810 0.234246 0.928499 -0.288128 -0.623604 -0.944906 0.287152 0.157152 -0.237968 0.228652 0.235441 0.944609 0.37851 
1535384834097 0.234342 0.92842 -0.288307 -0.623524 -0.944908 0.287247 0.156964 -0.237917 0.228544 0.235641 0.944585 0.378482 
1535384834176 0.234258 0.928372 -0.288529 -0.623374 -0.944885 0.28725 0.157099 -0.237779 0.228726 0.235825 0.944495 0.37857 
1535384834362 0.234544 0.928217 -0.288796 -0.623119 -0.94478 0.287603 0.157083 -0.237829 0.228866 0.236005 0.944416 0.378674 
1535384834511 0.234537 0.928199 -0.288858 -0.622936 -0.944747 0.287643 0.157211 -0.237651 0.229011 0.236026 0.944376 0.378788 
1535384834709 0.234827 0.928006 -0.289241 -0.622718 -0.944649 0.288011 0.157125 -0.237663 0.229118 0.236333 0.944273 0.378866 
1535384834847 0.234807 0.927978 -0.289349 -0.622522 -0.944653 0.288012 0.157101 -0.237537 0.229123 0.236446 0.944244 0.378952 
1535384835045 0.235051 0.927848 -0.289566 -0.622254 -0.944587 0.288286 0.156991 -0.237608 0.229142 0.236619 0.944196 0.379053 
1535384835181 0.235047 0.927788 -0.289764 -0.622107 -0.944526 0.28838 0.157187 -0.237378 0.229398 0.236743 0.944102 0.379139 
1535384835341 0.235172 0.927652 -0.290097 -0.621914 -0.944482 0.288568 0.157104 -0.237405 0.22945 0.237045 0.944014 0.379187 
1535384835356 0.235149 0.92765 -0.290121 -0.621888 -0.944486 0.288552 0.157108 -0.237389 0.229456 0.237072 0.944006 0.379199 
1535384835372 0.235151 0.927642 -0.290146 -0.621875 -0.944486 0.288559 0.157099 -0.237388 0.229456 0.237097 0.943999 0.379202 
1535384835524 0.235272 0.927759 -0.289671 -0.621805 -0.944493 0.288555 0.157065 -0.237355 0.229304 0.23664 0.944151 0.379206 
1535384835568 0.235035 0.927896 -0.289426 -0.62168 -0.944532 0.288308 0.157282 -0.237155 0.229385 0.236405 0.94419 0.379278 
1535384835710 0.235439 0.927743 -0.289588 -0.621448 -0.944387 0.288767 0.157314 -0.237306 0.22957 0.236445 0.944135 0.379315 
1535384835752 0.235369 0.927823 -0.28939 -0.621295 -0.944421 0.288649 0.157326 -0.237183 0.229503 0.236276 0.944194 0.379352 
1535384835866 0.235352 0.927831 -0.289377 -0.621139 -0.944442 0.288613 0.157262 -0.23708 0.22943 0.236288 0.944208 0.379338 
1535384835917 0.235264 0.927895 -0.289244 -0.620998 -0.944463 0.288508 0.157329 -0.236928 0.229434 0.236167 0.944238 0.379402 
1535384836054 0.235551 0.927806 -0.289296 -0.62079 -0.944423 0.288758 0.157113 -0.237057 0.229307 0.236209 0.944258 0.379437 
1535384836098 0.235331 0.927903 -0.289163 -0.620674 -0.944473 0.288531 0.157228 -0.236888 0.229325 0.236106 0.94428 0.379496 
1535384836119 0.235249 0.927943 -0.289101 -0.620622 -0.944493 0.288442 0.157272 -0.236815 0.229328 0.236055 0.944291 0.379521 
1535384836307 0.235592 0.927897 -0.28897 -0.620304 -0.944395 0.28876 0.157276 -0.236871 0.229379 0.235849 0.944331 0.379549 
1535384836361 0.235553 0.928011 -0.288635 -0.620068 -0.944373 0.288699 0.15752 -0.23672 0.229509 0.235475 0.944392 0.379626 
1535384836501 0.235439 0.928109 -0.288414 -0.619852 -0.944403 0.288551 0.157611 -0.236522 0.229502 0.235272 0.944445 0.379655 
1535384836553 0.235413 0.928179 -0.288209 -0.619619 -0.944403 0.288498 0.157707 -0.236417 0.229528 0.23506 0.944491 0.379716 
1535384836681 0.235588 0.928167 -0.288105 -0.61933 -0.944359 0.288648 0.157697 -0.236428 0.22953 0.234923 0.944525 0.379723 
1535384836746 0.235519 0.928275 -0.287813 -0.619095 -0.944362 0.288547 0.157866 -0.23627 0.22959 0.234619 0.944586 0.379787 
1535384836871 0.23547 0.92835 -0.287612 -0.618876 -0.944345 0.288495 0.158059 -0.236084 0.229709 0.234387 0.944615 0.379811 
1535384836914 0.235357 0.928442 -0.287408 -0.61873 -0.944364 0.288362 0.158188 -0.235952 0.229746 0.234187 0.944655 0.379876 
1535384836924 0.235342 0.928459 -0.287364 -0.618693 -0.944365 0.288343 0.158218 -0.235923 0.229758 0.234141 0.944663 0.37989 
1535384837271 0.235563 0.928347 -0.287546 -0.618307 -0.944256 0.28864 0.158326 -0.235866 0.229979 0.234221 0.94459 0.379971 
1535384837445 0.235621 0.928379 -0.287394 -0.617974 -0.944224 0.288687 0.158431 -0.235693 0.230051 0.234035 0.944618 0.380102 
1535384837631 0.235734 0.9284 -0.287233 -0.617564 -0.944224 0.288739 0.158339 -0.235628 0.229937 0.233886 0.944683 0.380196 
1535384837809 0.235775 0.928409 -0.28717 -0.61719 -0.944182 0.2888 0.158477 -0.235469 0.230067 0.233775 0.944679 0.380315 
1535384837989 0.235922 0.928405 -0.287063 -0.616786 -0.944146 0.288921 0.158472 -0.235369 0.230065 0.233643 0.944712 0.380374 
1535384838170 0.236169 0.9284 -0.286874 -0.616334 -0.944057 0.289153 0.158579 -0.235329 0.230175 0.233374 0.944752 0.380526 
1535384838341 0.236113 0.928454 -0.286746 -0.615999 -0.944039 0.289109 0.158764 -0.235061 0.230306 0.233214 0.944759 0.380642 
1535384838522 0.23625 0.928456 -0.286628 -0.61558 -0.944045 0.289179 0.1586 -0.235007 0.23014 0.23312 0.944823 0.38072 
1535384838553 0.236129 0.928497 -0.286593 -0.6155 -0.94407 0.289063 0.158662 -0.234921 0.230161 0.2331 0.944823 0.380752 
1535384838580 0.236035 0.928537 -0.286544 -0.615407 -0.944092 0.288966 0.158708 -0.234852 0.230168 0.233063 0.94483 0.380783 
1535384838850 0.236452 0.928359 -0.286774 -0.615212 -0.943944 0.289449 0.158713 -0.234881 0.230349 0.233171 0.94476 0.380812 
1535384839008 0.236731 0.92827 -0.286834 -0.614893 -0.94382 0.28978 0.158847 -0.234805 0.230572 0.233116 0.944719 0.380965 
1535384839161 0.236704 0.928231 -0.286981 -0.614617 -0.943748 0.289859 0.159129 -0.23464 0.230892 0.233171 0.944627 0.38108 
1535384839316 0.237142 0.928105 -0.287027 -0.614279 -0.943583 0.290339 0.159228 -0.234597 0.231116 0.233074 0.944596 0.381107 
1535384839468 0.237091 0.928026 -0.287325 -0.613992 -0.943536 0.290403 0.159394 -0.234487 0.231362 0.233311 0.944477 0.381137 
1535384839615 0.237068 0.928041 -0.287294 -0.613723 -0.943481 0.290437 0.159657 -0.234255 0.231609 0.233207 0.944443 0.381253 
1535384839770 0.237378 0.927948 -0.28734 -0.613383 -0.943339 0.290805 0.159825 -0.234221 0.231869 0.23312 0.9444 0.38139 
1535384839920 0.23763 0.927836 -0.287493 -0.613083 -0.943197 0.291151 0.160033 -0.234129 0.232189 0.233134 0.944318 0.381498 
1535384839974 0.237635 0.927848 -0.287451 -0.61292 -0.943183 0.291161 0.160095 -0.234073 0.232239 0.233075 0.944321 0.381552 
1535384840000 0.237504 0.92789 -0.287423 -0.612882 -0.943215 0.291033 0.160144 -0.233984 0.232245 0.233067 0.944321 0.381567 
1535384840273 0.23781 0.927718 -0.287727 -0.612694 -0.943067 0.291448 0.16026 -0.233931 0.232533 0.233234 0.944209 0.381603 
1535384840441 0.237893 0.927693 -0.287737 -0.61236 -0.94298 0.291595 0.160505 -0.233802 0.232802 0.233147 0.944164 0.381733 
1535384840619 0.23798 0.927613 -0.287924 -0.612063 -0.942872 0.291796 0.160768 -0.233624 0.233146 0.233216 0.944062 0.381834 
1535384840788 0.238223 0.927523 -0.288012 -0.611721 -0.942755 0.292099 0.160907 -0.233544 0.233373 0.233193 0.944012 0.38193 
1535384840982 0.238299 0.927504 -0.28801 -0.611302 -0.942686 0.292221 0.161088 -0.233364 0.233572 0.233116 0.943981 0.382096 
1535384841145 0.238499 0.927399 -0.288183 -0.611072 -0.942587 0.292491 0.161178 -0.233284 0.233767 0.233197 0.943913 0.382141 
1535384841307 0.238624 0.927342 -0.288264 -0.610759 -0.942507 0.292673 0.161319 -0.233157 0.233965 0.233196 0.943865 0.38225 
1535384841475 0.23875 0.927246 -0.288466 -0.610453 -0.942437 0.292866 0.161378 -0.233043 0.234119 0.233332 0.943793 0.382339 
1535384841505 0.238834 0.927233 -0.288439 -0.610339 -0.942404 0.292953 0.161413 -0.233028 0.234166 0.233275 0.943795 0.382379 
1535384841525 0.238882 0.927225 -0.288425 -0.610261 -0.942383 0.293004 0.161439 -0.233019 0.2342 0.233242 0.943795 0.382407 
1535384841684 0.238625 0.927281 -0.288458 -0.610153 -0.94244 0.292774 0.161528 -0.232846 0.234234 0.23331 0.94377 0.38243 
1535384841824 0.238759 0.92722 -0.288544 -0.609843 -0.942347 0.292975 0.161702 -0.232801 0.234469 0.233301 0.943713 0.382508 
1535384841948 0.238731 0.92722 -0.288568 -0.609524 -0.942307 0.292999 0.161891 -0.232767 0.234659 0.233271 0.943674 0.382597 
1535384842085 0.238592 0.927251 -0.288583 -0.609238 -0.942292 0.29292 0.162125 -0.232658 0.234862 0.233247 0.943629 0.382681 
1535384842224 0.238466 0.92728 -0.288594 -0.608995 -0.942252 0.292872 0.162439 -0.232415 0.235147 0.233192 0.943572 0.382752 
1535384842354 0.23854 0.927227 -0.288703 -0.608665 -0.942181 0.293014 0.162598 -0.232437 0.235359 0.233224 0.943511 0.382848 
1535384842488 0.238366 0.927287 -0.288651 -0.608403 -0.942207 0.292856 0.162729 -0.232255 0.23543 0.23318 0.943504 0.382908 
1535384842628 0.238341 0.927258 -0.288766 -0.608099 -0.942181 0.292885 0.162831 -0.232183 0.235561 0.233261 0.943451 0.382941 
1535384842668 0.238258 0.927266 -0.288808 -0.608033 -0.942179 0.292836 0.16293 -0.23207 0.235652 0.233289 0.943421 0.382958 
1535384842693 0.238224 0.92727 -0.288823 -0.607981 -0.942172 0.292822 0.162994 -0.232027 0.235713 0.233292 0.943406 0.382979 
1535384842893 0.23817 0.927287 -0.288813 -0.607828 -0.942196 0.292758 0.162971 -0.23199 0.235674 0.233304 0.943412 0.38301 
1535384843046 0.238176 0.927223 -0.289016 -0.607595 -0.942196 0.292798 0.162898 -0.231913 0.235666 0.233511 0.943363 0.38308 
1535384843167 0.238197 0.927278 -0.28882 -0.607306 -0.942181 0.292793 0.162994 -0.231811 0.235705 0.233296 0.943407 0.383184 
1535384843293 0.23805 0.927319 -0.288811 -0.607051 -0.942238 0.292632 0.162956 -0.231681 0.235627 0.233337 0.943416 0.383264 
1535384843424 0.23795 0.927346 -0.288806 -0.606836 -0.942272 0.292526 0.162945 -0.231464 0.23559 0.233361 0.943419 0.383319 
1535384843547 0.238012 0.927281 -0.288965 -0.60655 -0.94226 0.29261 0.162868 -0.23145 0.235578 0.233516 0.943384 0.383345 
1535384843674 0.237817 0.927374 -0.288825 -0.606307 -0.942319 0.29239 0.16292 -0.231258 0.235537 0.233421 0.943418 0.383439 
1535384843792 0.2378 0.927349 -0.288921 -0.606061 -0.942299 0.292414 0.162992 -0.231137 0.235635 0.233491 0.943376 0.383542 
1535384843820 0.237882 0.927303 -0.289 -0.606018 -0.942269 0.292516 0.162981 -0.231166 0.23567 0.233546 0.943354 0.38355 
1535384843840 0.2379 0.927291 -0.289026 -0.605979 -0.942262 0.29254 0.162981 -0.231174 0.235683 0.233564 0.943346 0.383563 
1535384844004 0.238077 0.927296 -0.288862 -0.60591 -0.9422 0.292697 0.163056 -0.231178 0.23575 0.233346 0.943383 0.383538 
1535384844208 0.237563 0.927548 -0.288475 -0.605781 -0.94228 0.292188 0.163506 -0.230935 0.235949 0.232982 0.943423 0.383563 
1535384844430 0.237818 0.927522 -0.28835 -0.605608 -0.942112 0.292512 0.163896 -0.230971 0.236363 0.23268 0.943394 0.383572 
1535384844632 0.237827 0.927548 -0.288259 -0.605528 -0.942064 0.292549 0.164107 -0.230907 0.236547 0.232529 0.943385 0.383586 
1535384844832 0.23785 0.927609 -0.288043 -0.605398 -0.941982 0.292607 0.164471 -0.230849 0.236848 0.232212 0.943388 0.383594 
1535384845063 0.237838 0.927677 -0.287835 -0.605179 -0.941924 0.292619 0.164783 -0.230851 0.237092 0.231927 0.943397 0.383613 
1535384845253 0.237711 0.927753 -0.287695 -0.605117 -0.941884 0.292543 0.165145 -0.230697 0.237377 0.231719 0.943376 0.383621 
1535384845490 0.237959 0.927747 -0.287509 -0.604917 -0.941709 0.292856 0.165587 -0.23072 0.237821 0.231347 0.943356 0.383637 
1535384845714 0.237774 0.927869 -0.287267 -0.604799 -0.941735 0.292657 0.165795 -0.230613 0.237906 0.231108 0.943393 0.383662 
1535384845737 0.237784 0.927872 -0.28725 -0.604785 -0.94173 0.292665 0.165805 -0.23062 0.237914 0.231086 0.943396 0.383666 
1535384845805 0.237852 0.927849 -0.287268 -0.604782 -0.941708 0.292738 0.165801 -0.230655 0.237933 0.231086 0.943391 0.383657 
1535384845958 0.238319 0.927865 -0.28683 -0.605068 -0.941824 0.292878 0.164892 -0.230639 0.237004 0.230846 0.943684 0.383599 
1535384846115 0.238525 0.927853 -0.286696 -0.605022 -0.941857 0.292968 0.164547 -0.230711 0.236668 0.230779 0.943785 0.383493 
1535384846282 0.238736 0.927887 -0.286412 -0.605163 -0.941893 0.293032 0.164227 -0.230664 0.236312 0.230562 0.943927 0.383452 
1535384846448 0.238921 0.928014 -0.285844 -0.605153 -0.941956 0.293001 0.16392 -0.230648 0.235872 0.230088 0.944152 0.383482 
1535384846605 0.238999 0.928027 -0.285737 -0.605235 -0.941998 0.292996 0.163686 -0.230616 0.235624 0.230043 0.944225 0.383417 
1535384846773 0.23914 0.928131 -0.28528 -0.605294 -0.942091 0.292925 0.16328 -0.230562 0.235111 0.229713 0.944434 0.383336 
1535384846935 0.239394 0.928107 -0.285146 -0.605341 -0.94211 0.293061 0.162921 -0.230584 0.234774 0.229636 0.944536 0.383262 
1535384847124 0.239486 0.928232 -0.284662 -0.605443 -0.942173 0.292979 0.162703 -0.23045 0.234427 0.229236 0.94472 0.383308 
1535384848112 0.235808 0.927551 -0.289901 -0.590867 -0.942451 0.291034 0.164577 -0.223848 0.237025 0.234409 0.9428 0.393134 
1535384849037 0.232614 0.92675 -0.295 -0.576163 -0.942781 0.289362 0.165633 -0.217184 0.238862 0.239592 0.941032 0.403209 
1535384849962 0.22971 0.925767 -0.300315 -0.56142 -0.943087 0.287963 0.166325 -0.210754 0.240458 0.245017 0.939227 0.413238 
1535384850889 0.226452 0.924927 -0.305335 -0.546734 -0.943353 0.286312 0.167662 -0.203993 0.242496 0.250071 0.937369 0.423338 
1535384851811 0.223437 0.923918 -0.310567 -0.532019 -0.943598 0.284899 0.168685 -0.197487 0.244331 0.25536 0.935464 0.433399 
1535384852710 0.220293 0.92291 -0.315767 -0.517297 -0.943906 0.283332 0.1696 -0.19088 0.245993 0.260692 0.933556 0.443474 
1535384853609 0.217269 0.921848 -0.320923 -0.502584 -0.94412 0.281948 0.170713 -0.184335 0.247855 0.265899 0.931593 0.453556 
1535384854476 0.21423 0.920702 -0.326209 -0.487908 -0.944382 0.280535 0.171589 -0.177815 0.249495 0.271307 0.929594 0.463564 
1535384854490 0.214433 0.920647 -0.326232 -0.487813 -0.944351 0.280714 0.171469 -0.177901 0.24944 0.271309 0.929608 0.463655 
1535384857906 0.21448 0.920644 -0.326209 -0.487794 -0.94436 0.280732 0.171387 -0.177956 0.249364 0.271299 0.929631 0.463624 
1535384857922 0.21448 0.920645 -0.326208 -0.487794 -0.94436 0.280732 0.171387 -0.177956 0.249364 0.271299 0.929631 0.463624 
1535384858459 0.214106 0.920779 -0.326074 -0.48779 -0.944331 0.280479 0.171962 -0.177934 0.249796 0.271103 0.929572 0.463732 
1535384858975 0.213891 0.920741 -0.326322 -0.487874 -0.944278 0.280433 0.172326 -0.178034 0.250179 0.27128 0.929418 0.463663 
1535384859654 0.213608 0.920802 -0.326336 -0.487865 -0.944257 0.280261 0.17272 -0.178135 0.2505 0.271251 0.92934 0.463706 
1535384860204 0.213185 0.920904 -0.326324 -0.487902 -0.944269 0.279952 0.173157 -0.178118 0.250816 0.271223 0.929263 0.463732 
1535384860775 0.213034 0.920915 -0.326394 -0.487879 -0.944209 0.279925 0.173526 -0.178246 0.251169 0.271217 0.929169 0.463746 
1535384861308 0.212508 0.921004 -0.326484 -0.48793 -0.944272 0.279507 0.173859 -0.17824 0.251379 0.271343 0.929075 0.463699 
1535384861846 0.212362 0.921002 -0.326585 -0.487935 -0.94419 0.279512 0.174294 -0.178364 0.251809 0.271345 0.928959 0.463721 
1535384862375 0.211966 0.921048 -0.326712 -0.488018 -0.944198 0.279251 0.174668 -0.178387 0.252112 0.271457 0.928844 0.463717 
1535384862936 0.211688 0.921143 -0.326624 -0.487953 -0.944166 0.279075 0.175122 -0.178466 0.252465 0.271316 0.928789 0.463777 
1535384862953 0.211688 0.921143 -0.326624 -0.487953 -0.944166 0.279075 0.175122 -0.178466 0.252465 0.271316 0.928789 0.463777 
1535384863204 0.211963 0.921042 -0.32673 -0.488017 -0.944149 0.279306 0.174848 -0.178382 0.2523 0.27142 0.928804 0.463712 
1535384863461 0.211728 0.921098 -0.326725 -0.488031 -0.944218 0.279066 0.174854 -0.178348 0.252236 0.271478 0.928804 0.463707 
1535384863724 0.211754 0.921084 -0.326749 -0.488013 -0.944218 0.279089 0.174821 -0.1784 0.252217 0.271503 0.928802 0.463704 
1535384864006 0.211519 0.921139 -0.326744 -0.488005 -0.944272 0.278865 0.174885 -0.178412 0.252211 0.271544 0.928791 0.463726 
1535384864276 0.211678 0.921098 -0.326759 -0.488026 -0.944207 0.27905 0.174943 -0.178454 0.252322 0.271497 0.928775 0.463716 
1535384864532 0.211595 0.921125 -0.326735 -0.488032 -0.944182 0.279014 0.175133 -0.178462 0.252482 0.27144 0.928748 0.463778 
1535384864785 0.211531 0.921144 -0.326724 -0.48803 -0.944189 0.27896 0.175183 -0.178475 0.252512 0.271432 0.928742 0.463775 
1535384865095 0.211482 0.921154 -0.326728 -0.488029 -0.944196 0.278918 0.175209 -0.17849 0.252525 0.271442 0.928736 0.463768 
1535384865385 0.211447 0.921154 -0.326751 -0.488032 -0.944205 0.278888 0.175209 -0.178506 0.252521 0.271472 0.928728 0.463759 
1535384865401 0.211445 0.921154 -0.326752 -0.488032 -0.944206 0.278887 0.175209 -0.178507 0.252521 0.271474 0.928728 0.463758 
1535384865615 0.211446 0.921152 -0.326756 -0.488033 -0.944205 0.278888 0.175207 -0.178509 0.25252 0.271478 0.928727 0.463757 
1535384865821 0.211448 0.921151 -0.326758 -0.488034 -0.944205 0.278891 0.175206 -0.178511 0.252521 0.271479 0.928726 0.463757 
1535384866026 0.211448 0.921151 -0.326759 -0.488035 -0.944205 0.278891 0.175205 -0.178512 0.25252 0.27148 0.928726 0.463756 
1535384866242 0.211446 0.921151 -0.32676 -0.488036 -0.944206 0.278889 0.175205 -0.178513 0.25252 0.271482 0.928726 0.463756 
1535384866448 0.211443 0.921151 -0.326761 -0.488036 -0.944207 0.278885 0.175204 -0.178515 0.252519 0.271485 0.928725 0.463756 
1535384866661 0.211438 0.921151 -0.326763 -0.488037 -0.944208 0.278882 0.175204 -0.178518 0.252518 0.271487 0.928725 0.463755 
1535384866884 0.211437 0.921151 -0.326765 -0.488036 -0.944208 0.27888 0.175204 -0.178521 0.252517 0.27149 0.928724 0.463754 
1535384867090 0.211437 0.92115 -0.326768 -0.488036 -0.944208 0.278881 0.175203 -0.178524 0.252518 0.271492 0.928723 0.463753 
1535384867333 0.211437 0.921149 -0.326771 -0.488035 -0.944208 0.278882 0.175204 -0.178529 0.25252 0.271495 0.928722 0.463752 
1535384867361 0.211437 0.921149 -0.326771 -0.488035 -0.944208 0.278882 0.175204 -0.178529 0.25252 0.271495 0.928722 0.463752 
1535384867610 0.21144 0.921147 -0.326773 -0.488036 -0.944207 0.278885 0.175202 -0.178531 0.252519 0.271497 0.928721 0.463751 
1535384867873 0.211442 0.921146 -0.326775 -0.488037 -0.944207 0.278888 0.175201 -0.178532 0.252519 0.271498 0.928721 0.463751 
1535384868126 0.211442 0.921146 -0.326775 -0.488037 -0.944207 0.278888 0.175201 -0.178532 0.252519 0.271498 0.928721 0.463751 
1535384868387 0.211442 0.921146 -0.326775 -0.488038 -0.944206 0.278888 0.175202 -0.178533 0.25252 0.271498 0.928721 0.463751 
1535384868650 0.211442 0.921146 -0.326775 -0.488038 -0.944206 0.278888 0.175202 -0.178533 0.25252 0.271498 0.928721 0.46375 
1535384868932 0.211441 0.921146 -0.326775 -0.488037 -0.944206 0.278888 0.175203 -0.178533 0.252521 0.271498 0.928721 0.46375 
1535384869184 0.21144 0.921147 -0.326775 -0.488037 -0.944207 0.278887 0.175204 -0.178534 0.252521 0.271498 0.92872 0.46375 
1535384869468 0.211437 0.921147 -0.326775 -0.488037 -0.944207 0.278883 0.175205 -0.178535 0.252522 0.271498 0.92872 0.46375 
1535384869734 0.211432 0.921149 -0.326775 -0.488036 -0.944208 0.278879 0.175207 -0.178535 0.252522 0.271499 0.92872 0.46375 
1535384869754 0.211432 0.921149 -0.326775 -0.488036 -0.944208 0.278879 0.175207 -0.178535 0.252522 0.271499 0.92872 0.46375 
1535384869782 0.211431 0.921149 -0.326775 -0.488036 -0.944208 0.278878 0.175207 -0.178535 0.252522 0.271499 0.92872 0.46375 
1535384869994 0.211431 0.921149 -0.326775 -0.488037 -0.944209 0.278878 0.175206 -0.178536 0.252521 0.2715 0.92872 0.463749 
1535384870164 0.211431 0.921148 -0.326776 -0.488037 -0.944209 0.278878 0.175206 -0.178536 0.252521 0.2715 0.92872 0.463749 
1535384870308 0.211431 0.921148 -0.326776 -0.488037 -0.944209 0.278878 0.175206 -0.178536 0.252521 0.271501 0.92872 0.463749 
1535384870458 0.21143 0.921149 -0.326776 -0.488037 -0.944209 0.278877 0.175206 -0.178536 0.252521 0.271501 0.92872 0.463749 
1535384870593 0.211429 0.921149 -0.326776 -0.488037 -0.944209 0.278876 0.175206 -0.178536 0.252521 0.271501 0.92872 0.463749 
1535384870742 0.211428 0.921149 -0.326776 -0.488037 -0.944209 0.278875 0.175207 -0.178537 0.252521 0.271501 0.92872 0.463749 
1535384870892 0.211426 0.92115 -0.326776 -0.488037 -0.94421 0.278873 0.175207 -0.178537 0.252521 0.271501 0.92872 0.463749 
1535384871064 0.211423 0.92115 -0.326776 -0.488037 -0.94421 0.278871 0.175208 -0.178537 0.252521 0.271502 0.928719 0.463749 
1535384871082 0.211423 0.92115 -0.326776 -0.488037 -0.94421 0.278871 0.175209 -0.178537 0.252521 0.271502 0.928719 0.463749 
1535384871275 0.211423 0.92115 -0.326776 -0.488037 -0.944211 0.27887 0.175207 -0.178537 0.25252 0.271502 0.92872 0.463749 
1535384871489 0.211423 0.92115 -0.326776 -0.488037 -0.944211 0.27887 0.175207 -0.178538 0.25252 0.271503 0.928719 0.463749 
1535384871698 0.211422 0.92115 -0.326776 -0.488037 -0.944211 0.27887 0.175207 -0.178538 0.25252 0.271503 0.928719 0.463749 
1535384871908 0.211422 0.92115 -0.326776 -0.488037 -0.944211 0.278869 0.175208 -0.178538 0.25252 0.271503 0.928719 0.463749 
1535384872149 0.211421 0.921151 -0.326776 -0.488037 -0.944211 0.278868 0.175208 -0.178538 0.25252 0.271503 0.928719 0.463749 
1535384872358 0.21142 0.921151 -0.326776 -0.488037 -0.944211 0.278867 0.175208 -0.178538 0.25252 0.271503 0.928719 0.463749 
1535384872569 0.211418 0.921151 -0.326776 -0.488037 -0.944212 0.278866 0.175208 -0.178538 0.25252 0.271503 0.928719 0.463749 
1535384872774 0.211417 0.921152 -0.326776 -0.488037 -0.944212 0.278865 0.175209 -0.178538 0.252521 0.271503 0.928719 0.463749 
1535384873021 0.211416 0.921152 -0.326776 -0.488037 -0.944212 0.278864 0.17521 -0.178538 0.252521 0.271503 0.928719 0.463749 
1535384873041 0.211416 0.921152 -0.326776 -0.488037 -0.944212 0.278864 0.17521 -0.178538 0.252521 0.271503 0.928719 0.463749 
1535384873302 0.211416 0.921152 -0.326776 -0.488037 -0.944212 0.278864 0.175209 -0.178539 0.25252 0.271504 0.928719 0.463748 
1535384873567 0.211416 0.921152 -0.326776 -0.488037 -0.944212 0.278864 0.175209 -0.178539 0.25252 0.271504 0.928719 0.463748 
1535384873827 0.211416 0.921152 -0.326776 -0.488037 -0.944212 0.278864 0.175209 -0.178539 0.25252 0.271504 0.928719 0.463748 
1535384874094 0.211416 0.921152 -0.326777 -0.488037 -0.944212 0.278863 0.175209 -0.178539 0.25252 0.271504 0.928719 0.463748 
1535384874349 0.211415 0.921152 -0.326776 -0.488037 -0.944213 0.278862 0.175209 -0.178539 0.25252 0.271505 0.928719 0.463748 
1535384874607 0.211414 0.921152 -0.326776 -0.488037 -0.944213 0.278862 0.17521 -0.178539 0.25252 0.271504 0.928719 0.463748 
1535384874879 0.211413 0.921153 -0.326776 -0.488037 -0.944213 0.278861 0.17521 -0.178539 0.25252 0.271504 0.928719 0.463748 
1535384875145 0.211412 0.921153 -0.326776 -0.488037 -0.944213 0.27886 0.175211 -0.178539 0.252521 0.271504 0.928719 0.463748 
1535384875430 0.21141 0.921153 -0.326776 -0.488037 -0.944213 0.278858 0.175211 -0.178539 0.252521 0.271505 0.928719 0.463748 
1535384875447 0.21141 0.921153 -0.326776 -0.488037 -0.944213 0.278858 0.175211 -0.178539 0.252521 0.271504 0.928719 0.463748 
1535384875644 0.21141 0.921153 -0.326776 -0.488037 -0.944214 0.278858 0.17521 -0.17854 0.25252 0.271505 0.928719 0.463748 
1535384875863 0.21141 0.921153 -0.326776 -0.488037 -0.944214 0.278858 0.17521 -0.17854 0.25252 0.271505 0.928719 0.463748 
1535384876087 0.21141 0.921153 -0.326776 -0.488037 -0.944214 0.278857 0.17521 -0.17854 0.252519 0.271505 0.928719 0.463748 
1535384876309 0.211409 0.921153 -0.326776 -0.488037 -0.944214 0.278857 0.175211 -0.17854 0.25252 0.271506 0.928719 0.463748 
1535384876605 0.211407 0.921154 -0.326776 -0.488037 -0.944214 0.278855 0.175211 -0.17854 0.25252 0.271506 0.928719 0.463748 
1535384876821 0.211406 0.921154 -0.326776 -0.488037 -0.944215 0.278854 0.175212 -0.17854 0.25252 0.271506 0.928719 0.463748 
1535384877044 0.211405 0.921155 -0.326776 -0.488037 -0.944215 0.278853 0.175212 -0.17854 0.252519 0.271506 0.928719 0.463748 
1535384877299 0.211403 0.921155 -0.326776 -0.488037 -0.944215 0.278851 0.175212 -0.17854 0.252519 0.271506 0.928719 0.463748 
1535384877314 0.211403 0.921155 -0.326776 -0.488037 -0.944215 0.278851 0.175212 -0.17854 0.252519 0.271506 0.928719 0.463748 
1535384877526 0.211402 0.921155 -0.326776 -0.488037 -0.944216 0.27885 0.175211 -0.17854 0.252518 0.271507 0.928719 0.463748 
1535384877758 0.211402 0.921155 -0.326776 -0.488037 -0.944216 0.27885 0.175211 -0.17854 0.252518 0.271507 0.928719 0.463748 
1535384877996 0.211402 0.921155 -0.326776 -0.488037 -0.944216 0.27885 0.175211 -0.17854 0.252518 0.271507 0.928719 0.463748 
1535384878225 0.211401 0.921155 -0.326776 -0.488037 -0.944216 0.278849 0.175212 -0.17854 0.252518 0.271507 0.928719 0.463748 
1535384878442 0.2114 0.921156 -0.326776 -0.488037 -0.944216 0.278848 0.175212 -0.17854 0.252518 0.271507 0.928719 0.463748 
1535384878676 0.211399 0.921156 -0.326776 -0.488037 -0.944217 0.278847 0.175212 -0.17854 0.252518 0.271508 0.928719 0.463748 
1535384878892 0.211398 0.921156 -0.326776 -0.488037 -0.944217 0.278846 0.175212 -0.17854 0.252518 0.271507 0.928719 0.463748 
1535384879128 0.211397 0.921156 -0.326776 -0.488037 -0.944217 0.278845 0.175213 -0.17854 0.252518 0.271508 0.928719 0.463748 
