1533289563634 -0.329001 0.94127 -0.0759585 -0.514016 -0.915342 -0.298093 0.27072 -0.264917 0.232177 0.158595 0.959657 0.332875 
1533289567202 -0.329003 0.941269 -0.0759573 -0.514016 -0.915342 -0.298095 0.270719 -0.264916 0.232177 0.158594 0.959657 0.332876 
1533289568162 -0.280886 0.954531 -0.0998674 -0.524581 -0.930766 -0.245552 0.270884 -0.260338 0.234045 0.169041 0.957417 0.337698 
1533289569109 -0.231875 0.964831 -0.123835 -0.535154 -0.943515 -0.192104 0.269955 -0.255764 0.236672 0.179436 0.954876 0.342471 
1533289570409 -0.132393 0.976286 -0.171282 -0.556283 -0.96094 -0.0840509 0.263684 -0.246594 0.243035 0.199502 0.94928 0.352039 
1533289571764 -0.0317616 0.975504 -0.217675 -0.577464 -0.967305 0.0248258 0.252398 -0.237387 0.25162 0.218575 0.942822 0.361643 
1533289572761 0.0185666 0.970527 -0.240275 -0.588017 -0.966358 0.079078 0.244742 -0.232776 0.256529 0.227648 0.939345 0.366367 
1533289574098 0.118557 0.951489 -0.283924 -0.608667 -0.956094 0.186569 0.225999 -0.223813 0.268007 0.244665 0.931832 0.375817 
1533289574118 0.118644 0.951488 -0.283892 -0.608679 -0.956093 0.186635 0.225951 -0.223827 0.267974 0.24462 0.931854 0.37586 
1533289574633 0.128407 0.948951 -0.288102 -0.610879 -0.954486 0.197113 0.223838 -0.222836 0.2692 0.246247 0.931071 0.376832 
1533289575013 0.133385 0.947603 -0.29027 -0.611985 -0.95363 0.202455 0.222713 -0.222361 0.26981 0.247103 0.930668 0.377286 
1533289575515 0.143326 0.944867 -0.294422 -0.614198 -0.951851 0.213066 0.220412 -0.221409 0.270992 0.248655 0.929911 0.378302 
1533289575933 0.148332 0.94342 -0.296575 -0.615254 -0.950859 0.218474 0.219402 -0.220972 0.271782 0.249457 0.929465 0.378838 
1533289576329 0.153301 0.941982 -0.298612 -0.61639 -0.949903 0.223763 0.218208 -0.220447 0.272366 0.250201 0.929094 0.379289 
1533289576865 0.163192 0.938983 -0.302786 -0.618538 -0.94787 0.23436 0.215913 -0.21955 0.2737 0.251766 0.928279 0.380277 
1533289576885 0.163215 0.938969 -0.302818 -0.618544 -0.947868 0.234387 0.215892 -0.219554 0.273692 0.251794 0.928274 0.380287 
1533289577181 0.163629 0.938407 -0.304332 -0.618393 -0.948268 0.234686 0.213801 -0.219325 0.272055 0.253604 0.928262 0.380609 
1533289577549 0.164714 0.93716 -0.307572 -0.618102 -0.949052 0.235515 0.209361 -0.218919 0.268643 0.257417 0.928207 0.38122 
1533289577836 0.165106 0.936579 -0.309128 -0.617957 -0.949448 0.235782 0.207255 -0.218639 0.266998 0.259282 0.928162 0.381582 
1533289578203 0.166215 0.935315 -0.312345 -0.617673 -0.950185 0.236611 0.202888 -0.218222 0.263668 0.263062 0.92805 0.382204 
1533289578506 0.166605 0.934719 -0.313917 -0.617559 -0.950566 0.236865 0.200796 -0.21792 0.262043 0.264945 0.927975 0.382551 
1533289578796 0.167181 0.934042 -0.31562 -0.617418 -0.950956 0.237269 0.198458 -0.217712 0.260255 0.266962 0.9279 0.382796 
1533289579090 0.167665 0.933447 -0.31712 -0.617305 -0.951313 0.237584 0.196362 -0.217507 0.258636 0.268757 0.927835 0.38315 
1533289579103 0.1677 0.93343 -0.317152 -0.6173 -0.951309 0.237622 0.196337 -0.217528 0.258629 0.268784 0.927829 0.383142 
1533289579332 0.167067 0.93336 -0.317692 -0.617122 -0.951514 0.237043 0.196041 -0.217407 0.258283 0.269536 0.927707 0.383169 
1533289579585 0.166638 0.933276 -0.318164 -0.616916 -0.951707 0.236617 0.195616 -0.217421 0.257847 0.270202 0.927635 0.383262 
1533289579787 0.166388 0.933185 -0.318562 -0.616694 -0.951827 0.236386 0.195312 -0.217502 0.257566 0.270718 0.927562 0.383334 
1533289580050 0.165779 0.933091 -0.319154 -0.616507 -0.952057 0.235808 0.194888 -0.217412 0.257107 0.271544 0.927448 0.383425 
1533289580260 0.165453 0.932998 -0.319594 -0.616295 -0.952171 0.235535 0.194664 -0.217439 0.256897 0.2721 0.927343 0.38349 
1533289580488 0.16497 0.932922 -0.320065 -0.616064 -0.95235 0.235079 0.194337 -0.217405 0.256541 0.272754 0.92725 0.383577 
1533289580719 0.164483 0.932849 -0.320527 -0.615879 -0.952557 0.234588 0.193917 -0.217369 0.256088 0.273424 0.927178 0.383664 
1533289580986 0.164058 0.932747 -0.321042 -0.615679 -0.952744 0.234175 0.193498 -0.217376 0.255665 0.274126 0.927087 0.383762 
1533289581211 0.163636 0.932699 -0.321397 -0.615476 -0.952905 0.233759 0.193208 -0.217363 0.255334 0.274645 0.927024 0.383833 
1533289581226 0.163641 0.932693 -0.321411 -0.615472 -0.952907 0.233763 0.193191 -0.217371 0.255322 0.274661 0.927023 0.383834 
1533289581440 0.163562 0.932672 -0.321512 -0.615378 -0.952952 0.233675 0.193074 -0.217395 0.255204 0.274807 0.927013 0.383858 
1533289581650 0.163115 0.93266 -0.321775 -0.615278 -0.953164 0.233166 0.192645 -0.217275 0.254699 0.275281 0.927011 0.383948 
1533289582000 0.163152 0.932701 -0.321637 -0.615174 -0.953289 0.23303 0.192192 -0.217297 0.254209 0.275257 0.927152 0.384045 
1533289582216 0.16297 0.932592 -0.322045 -0.615057 -0.953382 0.232876 0.191915 -0.217326 0.253975 0.275756 0.927068 0.384063 
1533289582495 0.162783 0.932619 -0.32206 -0.614969 -0.953515 0.232594 0.191597 -0.217246 0.253596 0.275901 0.927129 0.384108 
1533289582717 0.16257 0.932561 -0.322337 -0.614845 -0.953674 0.232318 0.191142 -0.217257 0.253136 0.27633 0.927127 0.384198 
1533289582731 0.16256 0.932564 -0.322332 -0.61484 -0.953676 0.232307 0.191142 -0.217252 0.253132 0.276329 0.927128 0.384203 
1533289582975 0.162347 0.932524 -0.322555 -0.614795 -0.953777 0.232082 0.19091 -0.217212 0.252888 0.276652 0.927098 0.384244 
1533289583221 0.162431 0.932453 -0.322721 -0.614678 -0.953755 0.232204 0.190876 -0.217335 0.25292 0.276792 0.927048 0.384271 
1533289583452 0.162238 0.932352 -0.323109 -0.614684 -0.953773 0.232118 0.190888 -0.217257 0.252974 0.277203 0.92691 0.384319 
1533289583633 0.162313 0.932272 -0.323301 -0.614598 -0.95378 0.232206 0.190748 -0.217358 0.252901 0.277397 0.926872 0.384344 
1533289583861 0.162 0.932238 -0.323557 -0.614536 -0.953838 0.23196 0.190756 -0.217243 0.252882 0.277719 0.926781 0.384374 
1533289584041 0.162174 0.932118 -0.323814 -0.614483 -0.953831 0.232151 0.190557 -0.217359 0.252795 0.27796 0.926732 0.384413 
1533289584228 0.162139 0.932003 -0.324161 -0.614416 -0.953813 0.232215 0.190569 -0.217418 0.252886 0.27829 0.926608 0.384481 
1533289584466 0.161664 0.931936 -0.324593 -0.614303 -0.953923 0.231826 0.190491 -0.217326 0.252775 0.278842 0.926473 0.384535 
1533289584480 0.161647 0.931931 -0.324614 -0.614298 -0.953927 0.231814 0.190489 -0.217324 0.252773 0.278866 0.926466 0.384537 
1533289584697 0.161163 0.931985 -0.324701 -0.614272 -0.95402 0.231366 0.190565 -0.217377 0.252728 0.279059 0.92642 0.384542 
1533289584922 0.160639 0.932026 -0.324843 -0.614147 -0.954027 0.230994 0.19098 -0.217702 0.253035 0.27923 0.926285 0.384547 
1533289585149 0.160193 0.932045 -0.325008 -0.614137 -0.954031 0.230689 0.19133 -0.217749 0.253304 0.279418 0.926155 0.384527 
1533289585345 0.16007 0.931994 -0.325215 -0.614065 -0.95401 0.230663 0.191468 -0.217995 0.253462 0.27961 0.926053 0.384542 
1533289585576 0.159439 0.93204 -0.325392 -0.614071 -0.954109 0.230116 0.191632 -0.21803 0.253487 0.279906 0.925957 0.384503 
1533289585777 0.159259 0.932 -0.325596 -0.613995 -0.954127 0.230003 0.191678 -0.218268 0.253532 0.280134 0.925876 0.384475 
1533289585983 0.15878 0.932057 -0.325665 -0.61399 -0.954152 0.22963 0.192 -0.218283 0.253738 0.280248 0.925785 0.384519 
1533289586209 0.158576 0.932044 -0.325803 -0.613952 -0.95415 0.229507 0.192157 -0.218438 0.253873 0.280394 0.925704 0.384526 
1533289586223 0.158573 0.932043 -0.325809 -0.613951 -0.954149 0.229506 0.19216 -0.218443 0.253877 0.280399 0.925701 0.384526 
1533289586497 0.157964 0.932078 -0.326004 -0.613856 -0.954279 0.228946 0.192188 -0.21874 0.253771 0.28074 0.925627 0.384535 
1533289586713 0.157348 0.932167 -0.326047 -0.613831 -0.954394 0.228364 0.192307 -0.218816 0.253719 0.280919 0.925587 0.384572 
1533289586891 0.157248 0.932142 -0.326167 -0.613755 -0.95443 0.228273 0.192235 -0.219036 0.253645 0.281075 0.92556 0.384557 
1533289587077 0.156893 0.932154 -0.326302 -0.613701 -0.954519 0.227935 0.192195 -0.219195 0.253531 0.281307 0.92552 0.384518 
1533289587316 0.155965 0.932228 -0.326536 -0.613638 -0.954697 0.227087 0.192314 -0.219387 0.253433 0.281749 0.925413 0.384467 
1533289587568 0.155491 0.932252 -0.326695 -0.613598 -0.954771 0.226681 0.192429 -0.219519 0.253448 0.281998 0.925333 0.384454 
1533289587768 0.155179 0.932272 -0.326786 -0.61355 -0.954844 0.226383 0.192416 -0.219661 0.253363 0.282171 0.925304 0.384447 
1533289587782 0.155172 0.932271 -0.326792 -0.613546 -0.954846 0.226377 0.192415 -0.21967 0.253361 0.282178 0.925302 0.384446 
1533289587996 0.155087 0.932246 -0.326904 -0.613506 -0.954763 0.226429 0.192765 -0.219736 0.253724 0.28222 0.925189 0.384389 
1533289588197 0.155064 0.932148 -0.327192 -0.613328 -0.954613 0.226637 0.19326 -0.220055 0.254301 0.282374 0.924984 0.384396 
1533289588537 0.15498 0.932056 -0.327494 -0.613267 -0.95451 0.226751 0.193637 -0.220142 0.25474 0.282586 0.924799 0.384351 
1533289588743 0.154658 0.932093 -0.327543 -0.613229 -0.954482 0.226549 0.194008 -0.22016 0.255038 0.282629 0.924704 0.384318 
1533289588965 0.154952 0.931981 -0.32772 -0.613121 -0.954319 0.226988 0.194296 -0.220395 0.255468 0.282643 0.92458 0.384319 
1533289589164 0.154622 0.931992 -0.327847 -0.6131 -0.954275 0.226815 0.194718 -0.220383 0.255836 0.282748 0.924447 0.384329 
1533289589365 0.154578 0.931907 -0.328109 -0.61303 -0.954163 0.22696 0.195097 -0.220484 0.256279 0.282912 0.924274 0.384247 
1533289589551 0.154475 0.93186 -0.328289 -0.612939 -0.954108 0.22698 0.195341 -0.220633 0.256546 0.283048 0.924158 0.384167 
1533289589567 0.154478 0.931863 -0.32828 -0.612928 -0.954103 0.226987 0.195359 -0.220653 0.256563 0.283035 0.924157 0.384177 
1533289589920 0.154554 0.931843 -0.328301 -0.6128 -0.954113 0.227036 0.195249 -0.220682 0.256478 0.28306 0.924173 0.384082 
1533289590094 0.154484 0.93193 -0.328087 -0.612722 -0.954151 0.226898 0.195229 -0.220636 0.256382 0.282885 0.924253 0.384099 
1533289590279 0.154922 0.931906 -0.327948 -0.61258 -0.954104 0.227251 0.195046 -0.220788 0.256291 0.28268 0.924341 0.384079 
1533289590480 0.154722 0.931944 -0.327934 -0.612487 -0.954172 0.227022 0.194979 -0.220714 0.256157 0.282738 0.924361 0.384016 
1533289590716 0.154997 0.931862 -0.328038 -0.612351 -0.95414 0.227286 0.194826 -0.22087 0.25611 0.282797 0.924356 0.383939 
1533289590907 0.154776 0.931978 -0.327814 -0.612241 -0.954228 0.226976 0.19476 -0.220752 0.255918 0.282665 0.924449 0.383902 
1533289591090 0.154984 0.931946 -0.327806 -0.612144 -0.954223 0.227136 0.194596 -0.22086 0.25581 0.282641 0.924487 0.383849 
1533289591249 0.154966 0.931974 -0.327734 -0.612022 -0.954251 0.227077 0.194527 -0.220848 0.255715 0.282596 0.924527 0.383827 
1533289591433 0.155272 0.931939 -0.327688 -0.611919 -0.954233 0.227319 0.194335 -0.22094 0.255598 0.282516 0.924584 0.383761 
1533289591447 0.155269 0.931946 -0.327671 -0.611912 -0.954236 0.227308 0.194329 -0.220933 0.255586 0.282502 0.924591 0.383758 
1533289591652 0.155065 0.932008 -0.327591 -0.611785 -0.954233 0.227142 0.194542 -0.220908 0.255724 0.282431 0.924574 0.383705 
1533289591945 0.154705 0.932092 -0.327521 -0.611451 -0.954251 0.226835 0.194807 -0.22105 0.255872 0.2824 0.924543 0.383637 
1533289592152 0.154516 0.932157 -0.327425 -0.611313 -0.954298 0.22662 0.194829 -0.221068 0.255812 0.282357 0.924573 0.383636 
1533289592363 0.154339 0.932239 -0.327277 -0.611186 -0.954277 0.226479 0.195098 -0.221038 0.256 0.282202 0.924568 0.383619 
1533289592575 0.154344 0.932265 -0.3272 -0.611011 -0.954277 0.226467 0.195111 -0.221154 0.255996 0.282125 0.924593 0.383616 
1533289592786 0.154103 0.932322 -0.327152 -0.610885 -0.954247 0.226308 0.195442 -0.221108 0.256252 0.282066 0.92454 0.383534 
1533289592959 0.153895 0.932373 -0.327103 -0.610749 -0.954295 0.226087 0.195462 -0.221172 0.256198 0.282072 0.924553 0.383521 
1533289593168 0.153598 0.932484 -0.326927 -0.610579 -0.954304 0.225815 0.195733 -0.221138 0.256343 0.281924 0.924558 0.383518 
1533289593184 0.153605 0.932483 -0.326926 -0.610568 -0.954301 0.225824 0.195737 -0.221149 0.256349 0.281919 0.924558 0.383517 
1533289593442 0.152974 0.93239 -0.327488 -0.610294 -0.954333 0.22543 0.196038 -0.221147 0.256609 0.282544 0.924295 0.383555 
1533289593677 0.152713 0.932361 -0.32769 -0.610125 -0.954368 0.225235 0.196088 -0.221167 0.256632 0.282792 0.924212 0.3836 
1533289593865 0.15281 0.932245 -0.327977 -0.609965 -0.954319 0.225423 0.196109 -0.221336 0.256755 0.283028 0.924106 0.383605 
1533289594073 0.152372 0.932185 -0.328351 -0.609816 -0.95434 0.225147 0.196326 -0.221278 0.256939 0.283444 0.923927 0.383603 
1533289594314 0.151838 0.932078 -0.328901 -0.609529 -0.95438 0.224814 0.196513 -0.221347 0.257107 0.284059 0.923692 0.383684 
1533289594521 0.151545 0.931996 -0.329268 -0.60939 -0.954381 0.224669 0.196673 -0.221383 0.257275 0.284442 0.923527 0.383676 
1533289594706 0.151533 0.931907 -0.329524 -0.609216 -0.954362 0.224735 0.196692 -0.221556 0.257354 0.28468 0.923432 0.383655 
1533289594719 0.151473 0.931912 -0.32954 -0.609215 -0.954369 0.224685 0.196715 -0.221533 0.257364 0.284705 0.923421 0.383654 
1533289594913 0.151316 0.931888 -0.329678 -0.609147 -0.954372 0.224592 0.196805 -0.221535 0.257443 0.284856 0.923353 0.383617 
1533289595065 0.151093 0.931935 -0.329648 -0.609012 -0.954415 0.224369 0.196851 -0.22152 0.257415 0.284878 0.923354 0.383625 
1533289595256 0.150932 0.931954 -0.329669 -0.608898 -0.954445 0.224218 0.196879 -0.221554 0.2574 0.284935 0.92334 0.383621 
1533289595450 0.150651 0.931997 -0.329674 -0.608792 -0.954499 0.223946 0.196924 -0.221554 0.257362 0.285007 0.923329 0.383622 
1533289595621 0.150439 0.932031 -0.329676 -0.608668 -0.954544 0.223736 0.196947 -0.221581 0.257321 0.285061 0.923323 0.383631 
1533289596043 0.149814 0.932091 -0.329792 -0.608438 -0.954634 0.223187 0.197133 -0.221513 0.257351 0.285298 0.923242 0.383633 
1533289596309 0.149819 0.932078 -0.329824 -0.608278 -0.954634 0.223198 0.197122 -0.22164 0.25735 0.285329 0.923233 0.383637 
1533289596509 0.149518 0.932133 -0.329806 -0.608222 -0.954675 0.22292 0.197237 -0.221558 0.257372 0.285367 0.923215 0.383637 
1533289596525 0.149533 0.932128 -0.329814 -0.608215 -0.954672 0.222937 0.197234 -0.221571 0.257375 0.285371 0.923213 0.383637 
1533289596775 0.149337 0.932192 -0.329721 -0.608035 -0.954719 0.222715 0.197253 -0.221484 0.257312 0.285333 0.923242 0.383649 
1533289596998 0.149498 0.932152 -0.329763 -0.607908 -0.954719 0.222847 0.197105 -0.221605 0.257218 0.285364 0.923258 0.383616 
1533289597221 0.149377 0.932184 -0.329726 -0.607847 -0.954756 0.222706 0.197088 -0.221554 0.257154 0.285367 0.923275 0.38362 
1533289597397 0.149612 0.93213 -0.329773 -0.607761 -0.954736 0.222917 0.196946 -0.221645 0.257091 0.28538 0.923289 0.383592 
1533289597566 0.149587 0.932128 -0.32979 -0.607669 -0.954783 0.222849 0.196793 -0.221659 0.256929 0.285441 0.923315 0.383568 
1533289597735 0.14973 0.93209 -0.329832 -0.60754 -0.954792 0.222956 0.196628 -0.221761 0.256813 0.28548 0.923336 0.383531 
1533289597933 0.149511 0.932142 -0.329785 -0.607482 -0.95485 0.222716 0.196619 -0.22165 0.256725 0.285498 0.923354 0.38351 
1533289598129 0.149702 0.932098 -0.329821 -0.607358 -0.954835 0.222885 0.196502 -0.221782 0.256672 0.285507 0.923366 0.383494 
1533289598139 0.149711 0.932096 -0.329823 -0.607351 -0.954834 0.222894 0.196497 -0.221789 0.256669 0.285508 0.923367 0.383494 
1533289598457 0.149603 0.932124 -0.329795 -0.607288 -0.954864 0.222772 0.196489 -0.221763 0.256621 0.285514 0.923378 0.383485 
1533289598681 0.149353 0.932223 -0.329628 -0.607213 -0.954934 0.222469 0.196491 -0.221721 0.256506 0.285426 0.923437 0.383485 
1533289598926 0.149354 0.93224 -0.329579 -0.607168 -0.95489 0.222509 0.196661 -0.221769 0.25667 0.28534 0.923419 0.383441 
1533289599097 0.14912 0.932353 -0.329364 -0.607084 -0.954969 0.222199 0.196628 -0.221709 0.256511 0.285211 0.923502 0.383442 
1533289599268 0.148927 0.932411 -0.329288 -0.607006 -0.955028 0.22197 0.1966 -0.221682 0.256404 0.2852 0.923536 0.383432 
1533289599400 0.148907 0.932422 -0.329265 -0.60695 -0.955048 0.221927 0.196548 -0.22172 0.256338 0.285197 0.923555 0.383416 
1533289599663 0.148945 0.93251 -0.328998 -0.606806 -0.955048 0.221901 0.196581 -0.221805 0.256318 0.284929 0.923643 0.383385 
1533289599812 0.148647 0.932565 -0.328979 -0.606793 -0.955102 0.22161 0.196645 -0.221748 0.256289 0.284978 0.923636 0.383366 
1533289600005 0.148434 0.932614 -0.328935 -0.606716 -0.955144 0.221392 0.196686 -0.221722 0.256256 0.284986 0.923643 0.383354 
1533289600018 0.148437 0.932615 -0.32893 -0.606708 -0.955145 0.221392 0.196682 -0.221728 0.256251 0.284981 0.923646 0.383354 
1533289600248 0.148294 0.93267 -0.328839 -0.606627 -0.955103 0.22131 0.196976 -0.221764 0.256489 0.284865 0.923615 0.383323 
1533289600429 0.148177 0.932724 -0.32874 -0.60659 -0.95505 0.221259 0.197292 -0.221785 0.256755 0.284729 0.923583 0.383335 
1533289600577 0.148042 0.932766 -0.32868 -0.606534 -0.954979 0.221223 0.197675 -0.221839 0.257096 0.284618 0.923523 0.383305 
1533289600826 0.147941 0.932819 -0.328575 -0.606497 -0.954846 0.22127 0.198263 -0.221795 0.257647 0.284408 0.923434 0.383231 
1533289601007 0.147772 0.932843 -0.328582 -0.606447 -0.954826 0.221166 0.198477 -0.221884 0.257819 0.28441 0.923385 0.383229 
1533289601179 0.147724 0.932869 -0.328532 -0.6064 -0.95471 0.221246 0.198943 -0.22192 0.258274 0.284264 0.923303 0.38323 
1533289601344 0.147651 0.932945 -0.328349 -0.606348 -0.954614 0.221256 0.199392 -0.221922 0.258671 0.284006 0.923271 0.38323 
1533289601530 0.147359 0.933022 -0.32826 -0.606273 -0.954635 0.220992 0.199586 -0.221963 0.258761 0.283958 0.923261 0.38321 
1533289601719 0.147211 0.933054 -0.328236 -0.606216 -0.954558 0.220959 0.199993 -0.221946 0.259131 0.283879 0.923181 0.383148 
1533289601733 0.147207 0.933057 -0.32823 -0.606213 -0.954554 0.220958 0.200011 -0.221948 0.259146 0.28387 0.92318 0.383149 
1533289602061 0.147009 0.932969 -0.32857 -0.606128 -0.954579 0.220852 0.200007 -0.221963 0.259165 0.284243 0.92306 0.383184 
1533289602316 0.146906 0.932946 -0.328681 -0.606053 -0.954571 0.220806 0.200095 -0.221929 0.259253 0.284354 0.923001 0.3832 
1533289602534 0.146705 0.932794 -0.329201 -0.605946 -0.954627 0.220703 0.199943 -0.221913 0.259161 0.284932 0.922849 0.383226 
1533289602713 0.146962 0.932712 -0.329318 -0.605851 -0.954553 0.221005 0.199963 -0.222036 0.259289 0.284965 0.922802 0.383262 
1533289602930 0.146709 0.932693 -0.329485 -0.605777 -0.954618 0.220777 0.199907 -0.221935 0.259195 0.285204 0.922755 0.383309 
1533289603132 0.146822 0.932596 -0.329709 -0.605682 -0.954578 0.220955 0.199898 -0.222042 0.259275 0.285384 0.922677 0.383309 
1533289603321 0.146725 0.932509 -0.329997 -0.605643 -0.954605 0.220912 0.199816 -0.222045 0.259231 0.285699 0.922592 0.38331 
1533289603527 0.146431 0.932479 -0.330213 -0.605569 -0.954646 0.220689 0.199867 -0.221956 0.259246 0.28597 0.922504 0.383325 
1533289603541 0.146431 0.932476 -0.330222 -0.605566 -0.954645 0.220692 0.199869 -0.221958 0.25925 0.285978 0.9225 0.383325 
1533289603850 0.146466 0.932452 -0.330274 -0.605552 -0.954625 0.220753 0.199897 -0.221985 0.259303 0.28601 0.922475 0.383314 
1533289604096 0.146507 0.932458 -0.330237 -0.605506 -0.954569 0.220838 0.200072 -0.222023 0.259488 0.285922 0.92245 0.383286 
1533289604254 0.146417 0.932496 -0.330171 -0.605463 -0.954585 0.220738 0.200108 -0.222023 0.259481 0.285877 0.922466 0.383279 
1533289604574 0.146392 0.932575 -0.329959 -0.605302 -0.954527 0.220737 0.200384 -0.222131 0.259707 0.28562 0.922482 0.383248 
1533289604705 0.146295 0.932579 -0.329992 -0.605301 -0.954526 0.220671 0.200462 -0.2221 0.259766 0.285659 0.922453 0.383237 
1533289604872 0.146171 0.932596 -0.329997 -0.605272 -0.9545 0.220605 0.200654 -0.222067 0.259929 0.285653 0.92241 0.383209 
1533289605058 0.146058 0.932636 -0.329934 -0.605183 -0.954484 0.220524 0.200824 -0.222119 0.260054 0.285585 0.922395 0.383157 
1533289605072 0.146031 0.932651 -0.329905 -0.605175 -0.95449 0.22049 0.20083 -0.222119 0.260045 0.285563 0.922405 0.383155 
1533289605088 0.146011 0.932665 -0.329873 -0.605166 -0.954495 0.220462 0.200837 -0.222118 0.260038 0.285538 0.922415 0.383151 
1533289605297 0.145698 0.932721 -0.329854 -0.605102 -0.954506 0.220207 0.201066 -0.222058 0.260175 0.285552 0.922371 0.383097 
1533289605430 0.14577 0.932711 -0.32985 -0.605068 -0.954474 0.220297 0.201121 -0.222103 0.260253 0.285515 0.922361 0.383093 
1533289605648 0.14605 0.932683 -0.329805 -0.604991 -0.954415 0.220565 0.201106 -0.222265 0.260311 0.285399 0.92238 0.383093 
1533289605833 0.145933 0.932736 -0.329708 -0.604927 -0.954434 0.220433 0.201156 -0.222226 0.260304 0.285329 0.922404 0.383101 
1533289606030 0.145733 0.932815 -0.329574 -0.604834 -0.954418 0.220269 0.201413 -0.222223 0.260476 0.285199 0.922396 0.383086 
1533289606175 0.145578 0.932852 -0.329536 -0.604796 -0.954437 0.220123 0.201486 -0.222214 0.260495 0.285189 0.922393 0.383065 
1533289606356 0.14538 0.932924 -0.32942 -0.604757 -0.954464 0.219916 0.201583 -0.222166 0.260506 0.285113 0.922414 0.383056 
1533289606370 0.145389 0.932924 -0.329416 -0.604755 -0.95446 0.219926 0.201589 -0.22217 0.260514 0.285105 0.922414 0.383055 
1533289606553 0.14546 0.932916 -0.329406 -0.604725 -0.954443 0.219997 0.201592 -0.222217 0.260537 0.285076 0.922417 0.383054 
1533289606725 0.145374 0.93294 -0.329378 -0.604656 -0.954494 0.219869 0.201489 -0.222169 0.260397 0.285099 0.922449 0.383035 
1533289606782 0.145378 0.932925 -0.329417 -0.604638 -0.954539 0.219832 0.20132 -0.222165 0.260233 0.285174 0.922472 0.383014 
1533289606926 0.145341 0.932939 -0.329395 -0.604589 -0.954572 0.219763 0.201239 -0.222146 0.260132 0.285183 0.922498 0.383002 
1533289607167 0.145343 0.932938 -0.329395 -0.604544 -0.954621 0.21971 0.201061 -0.222112 0.259949 0.285225 0.922536 0.38293 
1533289607374 0.145432 0.932947 -0.329332 -0.604456 -0.954655 0.219728 0.200883 -0.222154 0.259777 0.285183 0.922598 0.3829 
1533289607506 0.145486 0.932968 -0.329248 -0.604396 -0.95467 0.219734 0.200802 -0.222186 0.259689 0.28511 0.922645 0.3829 
1533289607521 0.14548 0.932972 -0.329239 -0.604392 -0.954673 0.219724 0.200799 -0.222181 0.259682 0.285104 0.922649 0.382902 
1533289607538 0.145472 0.932977 -0.329228 -0.604388 -0.954676 0.219713 0.200797 -0.222175 0.259675 0.285096 0.922654 0.382904 
1533289607748 0.145487 0.932983 -0.329205 -0.604338 -0.954682 0.219712 0.200769 -0.222261 0.259645 0.285077 0.922668 0.382903 
1533289607925 0.14554 0.932979 -0.329192 -0.604299 -0.954651 0.219784 0.200837 -0.222313 0.259728 0.285034 0.922658 0.382899 
1533289608077 0.14519 0.933065 -0.329104 -0.604242 -0.954657 0.219491 0.20113 -0.222263 0.259903 0.28498 0.922625 0.382911 
1533289608192 0.144993 0.933109 -0.329066 -0.604202 -0.954661 0.219328 0.20129 -0.222196 0.259999 0.284961 0.922604 0.3829 
1533289608333 0.145034 0.933087 -0.32911 -0.60418 -0.954636 0.219396 0.201333 -0.222233 0.260066 0.28498 0.922579 0.382885 
1533289608529 0.145135 0.93307 -0.329115 -0.60413 -0.954598 0.219516 0.201382 -0.222321 0.260149 0.284945 0.922566 0.382905 
1533289608645 0.145055 0.933089 -0.329095 -0.604108 -0.954597 0.219452 0.201459 -0.222341 0.2602 0.284931 0.922557 0.382905 
1533289608658 0.145022 0.933097 -0.329088 -0.604105 -0.954598 0.219424 0.201485 -0.222341 0.260215 0.284927 0.922553 0.382905 
1533289608854 0.144904 0.933137 -0.329026 -0.604056 -0.954555 0.219366 0.201748 -0.222382 0.260436 0.28484 0.922518 0.382891 
1533289608984 0.144819 0.933156 -0.329009 -0.604015 -0.954536 0.21932 0.201893 -0.222442 0.260556 0.284812 0.922493 0.382882 
1533289609140 0.144785 0.933159 -0.329015 -0.603971 -0.954493 0.219341 0.20207 -0.222507 0.26073 0.284786 0.922451 0.382868 
1533289609321 0.144317 0.93327 -0.328906 -0.603946 -0.954463 0.218992 0.202589 -0.222454 0.261098 0.284691 0.922377 0.382875 
1533289609510 0.144465 0.933253 -0.32889 -0.603876 -0.954373 0.219201 0.202791 -0.22257 0.261348 0.284587 0.922338 0.382942 
1533289609650 0.144252 0.933308 -0.328827 -0.603869 -0.954363 0.219034 0.203018 -0.22253 0.261502 0.284535 0.92231 0.382959 
1533289609827 0.144052 0.933362 -0.328761 -0.603853 -0.954341 0.21889 0.203275 -0.222515 0.261692 0.284468 0.922277 0.382996 
1533289609840 0.144052 0.933362 -0.328761 -0.603851 -0.954339 0.218892 0.20328 -0.222519 0.261697 0.284466 0.922276 0.382999 
1533289610189 0.143892 0.933388 -0.328758 -0.60382 -0.9544 0.218702 0.203201 -0.22246 0.261566 0.284527 0.922295 0.383012 
1533289610465 0.143869 0.933272 -0.329097 -0.603821 -0.954496 0.218654 0.202801 -0.222431 0.261227 0.284945 0.922262 0.382986 
1533289610706 0.144013 0.933273 -0.329031 -0.603738 -0.954549 0.218692 0.202511 -0.222499 0.260955 0.284912 0.922349 0.382992 
1533289610895 0.143759 0.933217 -0.3293 -0.603705 -0.954701 0.218389 0.202121 -0.222411 0.260538 0.285327 0.922339 0.383018 
1533289611132 0.143742 0.93322 -0.329301 -0.603664 -0.954848 0.218216 0.201614 -0.222399 0.260009 0.285451 0.922449 0.382992 
1533289611295 0.143797 0.933199 -0.329337 -0.603616 -0.954879 0.218232 0.201449 -0.222421 0.259864 0.285509 0.922472 0.383027 
1533289611461 0.143943 0.933139 -0.329442 -0.603562 -0.954906 0.218335 0.201205 -0.222476 0.259681 0.285624 0.922488 0.383059 
1533289611627 0.143843 0.933098 -0.329601 -0.603543 -0.955004 0.218186 0.200905 -0.222458 0.259378 0.285871 0.922497 0.383039 
1533289611640 0.143833 0.933094 -0.329616 -0.603542 -0.955017 0.218167 0.200861 -0.222456 0.259333 0.285899 0.922501 0.383029 
1533289611812 0.143803 0.933083 -0.329662 -0.603537 -0.955063 0.218103 0.200715 -0.222451 0.259184 0.285985 0.922516 0.383024 
1533289611966 0.143789 0.933033 -0.329809 -0.603498 -0.955056 0.218131 0.200714 -0.222482 0.259214 0.286126 0.922464 0.38305 
1533289612206 0.143555 0.933003 -0.329996 -0.60342 -0.955116 0.217927 0.200653 -0.222442 0.259124 0.28638 0.922411 0.383072 
1533289612360 0.143394 0.93299 -0.330102 -0.603394 -0.955142 0.217798 0.20067 -0.222391 0.259119 0.28652 0.922369 0.383079 
1533289612534 0.143272 0.932974 -0.3302 -0.603353 -0.955175 0.217689 0.20063 -0.22237 0.259064 0.286655 0.922342 0.383088 
1533289612672 0.14334 0.932928 -0.330302 -0.603336 -0.955179 0.217758 0.200536 -0.222432 0.259011 0.286753 0.922326 0.383087 
1533289612815 0.143431 0.932871 -0.330422 -0.603273 -0.95518 0.217852 0.20043 -0.222528 0.258958 0.286865 0.922306 0.383093 
1533289612965 0.14317 0.932887 -0.330491 -0.603244 -0.95524 0.217601 0.200417 -0.222431 0.258882 0.287004 0.922285 0.383107 
1533289612978 0.143151 0.932881 -0.330517 -0.603244 -0.955243 0.217589 0.200416 -0.222426 0.258881 0.287034 0.922276 0.383107 
1533289613242 0.143143 0.932855 -0.330594 -0.603231 -0.955233 0.21761 0.200439 -0.222437 0.25892 0.287103 0.922243 0.383107 
1533289613537 0.143247 0.93283 -0.330619 -0.603179 -0.955162 0.217774 0.2006 -0.222518 0.259126 0.287059 0.922199 0.383077 
1533289613674 0.143122 0.932847 -0.330624 -0.603181 -0.955159 0.217683 0.200714 -0.222496 0.259207 0.287072 0.922172 0.383088 
1533289613832 0.143014 0.932842 -0.330685 -0.603184 -0.955129 0.217646 0.200895 -0.22247 0.259375 0.287116 0.922111 0.383075 
1533289614036 0.143056 0.932837 -0.330681 -0.603125 -0.955047 0.217768 0.201151 -0.222551 0.259653 0.28704 0.922057 0.383064 
1533289614079 0.143102 0.932824 -0.330698 -0.603111 -0.95504 0.217815 0.201133 -0.222589 0.259653 0.287048 0.922054 0.383063 
1533289614267 0.142867 0.932851 -0.330724 -0.603121 -0.955061 0.217618 0.20125 -0.222528 0.259708 0.287109 0.92202 0.383052 
1533289614468 0.142957 0.932831 -0.330741 -0.603077 -0.955008 0.217748 0.201358 -0.222606 0.259851 0.287075 0.92199 0.383051 
1533289614613 0.142915 0.932814 -0.330806 -0.603064 -0.954968 0.217775 0.20152 -0.222612 0.260022 0.287109 0.921931 0.383008 
1533289614627 0.142904 0.932813 -0.330815 -0.603064 -0.954967 0.217769 0.201533 -0.222611 0.260034 0.287117 0.921925 0.383003 
1533289614910 0.14301 0.932798 -0.33081 -0.60306 -0.954939 0.217881 0.201544 -0.222607 0.260077 0.287081 0.921924 0.382988 
1533289615082 0.143152 0.932822 -0.330683 -0.603041 -0.954959 0.217939 0.201383 -0.222618 0.259923 0.28696 0.922005 0.382971 
1533289615336 0.143405 0.932877 -0.330418 -0.603004 -0.955018 0.21801 0.201027 -0.222632 0.259568 0.286727 0.922178 0.382944 
1533289615609 0.143433 0.932908 -0.330317 -0.602996 -0.955054 0.21797 0.200898 -0.2226 0.259418 0.286655 0.922242 0.38293 
1533289615785 0.143661 0.932909 -0.330215 -0.602998 -0.955076 0.218099 0.200655 -0.222556 0.259212 0.286554 0.922332 0.382927 
