1534194297754 0.246802 0.967447 -0.0559842 -0.560635 -0.956736 0.252441 0.144671 -0.230265 0.154095 0.0178568 0.987895 0.384183 
1534194301826 0.246806 0.967446 -0.0559865 -0.560635 -0.956735 0.252445 0.144671 -0.230265 0.154095 0.0178586 0.987895 0.384182 
1534194302628 0.237707 0.965582 -0.10558 -0.566408 -0.95696 0.251434 0.144944 -0.231112 0.166502 0.0665821 0.983791 0.386986 
1534194303427 0.227186 0.961261 -0.156091 -0.572241 -0.95726 0.249888 0.145631 -0.231963 0.178995 0.116335 0.976948 0.38997 
1534194304227 0.215995 0.954404 -0.206057 -0.578094 -0.957558 0.248311 0.146374 -0.232795 0.190866 0.165695 0.967531 0.392992 
1534194305029 0.204278 0.94495 -0.255617 -0.583943 -0.957818 0.246858 0.147123 -0.233602 0.202125 0.214781 0.955518 0.395934 
1534194306168 0.17932 0.918554 -0.352283 -0.595642 -0.958267 0.244124 0.148758 -0.235308 0.222642 0.310906 0.923996 0.401868 
1534194306988 0.165903 0.901683 -0.399304 -0.601424 -0.958477 0.242676 0.149765 -0.236171 0.231942 0.357877 0.904504 0.404891 
1534194307798 0.152063 0.882377 -0.445295 -0.607279 -0.958605 0.241402 0.150999 -0.236942 0.240733 0.403901 0.88256 0.407845 
1534194308599 0.137925 0.860918 -0.48969 -0.613679 -0.95872 0.240177 0.152222 -0.238392 0.248663 0.448481 0.858505 0.410726 
1534194308627 0.137763 0.860732 -0.490063 -0.613749 -0.95873 0.240126 0.152238 -0.238433 0.248713 0.448865 0.85829 0.410851 
1534194308907 0.136592 0.858952 -0.493502 -0.614168 -0.95871 0.240057 0.152473 -0.238322 0.249436 0.452299 0.856275 0.410964 
1534194309189 0.135206 0.856596 -0.497959 -0.61468 -0.958684 0.240053 0.15264 -0.238384 0.250287 0.456747 0.853662 0.411328 
1534194309463 0.133675 0.854272 -0.502344 -0.615185 -0.95873 0.239822 0.152714 -0.238431 0.250933 0.461199 0.851075 0.411652 
1534194309742 0.132273 0.851807 -0.506882 -0.615717 -0.958737 0.239773 0.152748 -0.238513 0.251648 0.465762 0.848374 0.411978 
1534194310010 0.130877 0.849317 -0.511402 -0.616261 -0.958743 0.23973 0.152776 -0.238584 0.252354 0.470309 0.845652 0.412288 
1534194310281 0.129514 0.846858 -0.515809 -0.616782 -0.958716 0.239754 0.152907 -0.238641 0.253158 0.474711 0.842948 0.412627 
1534194310554 0.128031 0.844356 -0.520261 -0.617314 -0.958719 0.239665 0.153031 -0.238653 0.253901 0.479191 0.840184 0.41296 
1534194310823 0.12646 0.841837 -0.524708 -0.617854 -0.958758 0.239458 0.153114 -0.238675 0.254542 0.483705 0.8374 0.413331 
1534194311085 0.124975 0.839269 -0.529159 -0.618365 -0.958784 0.239332 0.153147 -0.238737 0.255176 0.488209 0.834588 0.413608 
1534194311106 0.12488 0.839139 -0.529387 -0.618395 -0.95878 0.239324 0.153185 -0.238734 0.255239 0.488435 0.834436 0.413667 
1534194311246 0.124979 0.839202 -0.529265 -0.618386 -0.958739 0.239439 0.15326 -0.238742 0.255343 0.488272 0.8345 0.413752 
1534194311287 0.125411 0.839493 -0.528699 -0.618373 -0.958655 0.239754 0.153295 -0.238805 0.255448 0.487615 0.834852 0.413703 
1534194311384 0.12544 0.839653 -0.528438 -0.61849 -0.958629 0.239774 0.153427 -0.238786 0.255531 0.48733 0.834993 0.413409 
1534194311429 0.125612 0.83996 -0.52791 -0.618497 -0.958563 0.239904 0.15363 -0.238775 0.255691 0.486737 0.83529 0.413323 
1534194311525 0.125903 0.840148 -0.527541 -0.618609 -0.95845 0.240226 0.153835 -0.238812 0.255974 0.486254 0.835485 0.413181 
1534194311568 0.126218 0.840428 -0.52702 -0.61863 -0.958337 0.240534 0.154059 -0.238831 0.256241 0.485618 0.835773 0.413137 
1534194311661 0.126626 0.840617 -0.52662 -0.618754 -0.958167 0.241026 0.154345 -0.23891 0.256674 0.485046 0.835972 0.413006 
1534194311719 0.126912 0.840911 -0.526082 -0.618809 -0.958038 0.241341 0.154653 -0.238885 0.257015 0.484379 0.836254 0.412944 
1534194311803 0.127034 0.841148 -0.525673 -0.618947 -0.957958 0.241489 0.154915 -0.238814 0.257251 0.483893 0.836462 0.412835 
1534194311824 0.127145 0.841283 -0.52543 -0.61896 -0.957935 0.241555 0.154958 -0.23882 0.257284 0.483626 0.836607 0.412811 
1534194311840 0.127236 0.841375 -0.525262 -0.618966 -0.957914 0.241618 0.154991 -0.238828 0.257318 0.483435 0.836707 0.412789 
1534194311983 0.127062 0.841587 -0.524963 -0.618941 -0.957796 0.241679 0.155619 -0.238917 0.25784 0.483034 0.836777 0.412647 
1534194312098 0.127018 0.84195 -0.524392 -0.618844 -0.957536 0.242033 0.156666 -0.239076 0.258825 0.482225 0.83694 0.41275 
1534194312203 0.126663 0.842387 -0.523776 -0.618817 -0.957449 0.241866 0.157456 -0.239069 0.259323 0.481545 0.837177 0.412631 
1534194312312 0.126565 0.842781 -0.523164 -0.618808 -0.957299 0.241971 0.158207 -0.239133 0.259924 0.480801 0.837418 0.41254 
1534194312411 0.126644 0.843082 -0.522661 -0.618807 -0.957064 0.242356 0.159033 -0.23924 0.260748 0.480079 0.837577 0.412516 
1534194312519 0.126637 0.843569 -0.521876 -0.6187 -0.956926 0.242458 0.159708 -0.239462 0.261258 0.479171 0.837937 0.41248 
1534194312625 0.126468 0.843851 -0.521461 -0.618695 -0.956725 0.242645 0.160628 -0.239442 0.262076 0.47858 0.83802 0.412385 
1534194312720 0.126312 0.844316 -0.520746 -0.618661 -0.9566 0.242641 0.161375 -0.239497 0.262606 0.477762 0.838321 0.41232 
1534194312737 0.126283 0.844377 -0.520654 -0.61866 -0.956559 0.24268 0.161558 -0.239503 0.262768 0.477635 0.838342 0.412309 
1534194312754 0.126263 0.844432 -0.520569 -0.618659 -0.956534 0.242697 0.161681 -0.239515 0.26287 0.477528 0.838372 0.412302 
1534194312770 0.126259 0.844478 -0.520495 -0.618657 -0.956512 0.242721 0.161777 -0.239526 0.262952 0.477434 0.838399 0.412299 
1534194312877 0.126008 0.844478 -0.520556 -0.618608 -0.956534 0.242538 0.161919 -0.239642 0.262992 0.477526 0.838334 0.412347 
1534194312916 0.125439 0.844212 -0.521125 -0.618567 -0.956704 0.241991 0.161734 -0.239706 0.262645 0.478275 0.838016 0.412356 
1534194312980 0.125155 0.844105 -0.521367 -0.618439 -0.95687 0.24156 0.161393 -0.239956 0.262175 0.478681 0.837931 0.412418 
1534194313091 0.124661 0.843953 -0.521731 -0.618297 -0.957001 0.241089 0.161322 -0.240345 0.261931 0.479186 0.837719 0.412521 
1534194313123 0.124348 0.843954 -0.521804 -0.618254 -0.95708 0.240766 0.161334 -0.240447 0.261792 0.479347 0.83767 0.412582 
1534194313213 0.124 0.843884 -0.522 -0.618174 -0.957148 0.240467 0.161379 -0.240629 0.261709 0.47962 0.83754 0.412674 
1534194313235 0.123735 0.843903 -0.522032 -0.618165 -0.957215 0.240187 0.161396 -0.240646 0.261588 0.479726 0.837517 0.412691 
1534194313252 0.123534 0.843905 -0.522076 -0.61816 -0.957261 0.23999 0.161421 -0.240654 0.261517 0.479822 0.837484 0.412695 
1534194313380 0.123314 0.843837 -0.522238 -0.618036 -0.957253 0.239901 0.161602 -0.240844 0.261651 0.479986 0.837348 0.412736 
1534194313484 0.122912 0.843786 -0.522415 -0.61788 -0.957263 0.23967 0.161883 -0.241132 0.261802 0.480191 0.837183 0.412715 
1534194313583 0.122471 0.843589 -0.522836 -0.617741 -0.957356 0.239308 0.161865 -0.241491 0.261667 0.480717 0.836924 0.412674 
1534194313687 0.121748 0.843518 -0.523121 -0.617655 -0.957472 0.238705 0.16207 -0.241648 0.26158 0.481142 0.836707 0.412643 
1534194313775 0.121388 0.843466 -0.523287 -0.617465 -0.957517 0.238434 0.162205 -0.241985 0.261584 0.481367 0.836576 0.412677 
1534194313887 0.12074 0.843482 -0.523412 -0.617315 -0.957601 0.237905 0.162488 -0.242166 0.261578 0.481601 0.836443 0.412725 
1534194314014 0.120128 0.843395 -0.523692 -0.617151 -0.957666 0.237462 0.162752 -0.242427 0.261621 0.481971 0.836216 0.412739 
1534194314123 0.119618 0.843378 -0.523837 -0.617055 -0.957752 0.237016 0.162893 -0.242631 0.261538 0.482222 0.836098 0.412785 
1534194314143 0.119499 0.843367 -0.523882 -0.617029 -0.957783 0.236893 0.162888 -0.242692 0.261478 0.4823 0.836072 0.412783 
1534194314160 0.119392 0.84336 -0.523918 -0.617011 -0.957811 0.236784 0.162887 -0.242735 0.261428 0.482366 0.836049 0.412782 
1534194314328 0.1189 0.843493 -0.523815 -0.616603 -0.957793 0.236493 0.163414 -0.242765 0.261717 0.482276 0.836011 0.412807 
1534194314378 0.118868 0.843615 -0.523627 -0.61629 -0.957766 0.236486 0.163582 -0.24287 0.26183 0.482067 0.836096 0.412804 
1534194314474 0.118709 0.843699 -0.523527 -0.616029 -0.957797 0.23631 0.163651 -0.243061 0.261787 0.482006 0.836145 0.412736 
1534194314615 0.118111 0.843812 -0.523479 -0.615469 -0.957821 0.235887 0.164124 -0.24329 0.261972 0.482014 0.836082 0.412688 
1534194314679 0.117645 0.843949 -0.523364 -0.615189 -0.957856 0.23551 0.16446 -0.243261 0.262053 0.481959 0.836088 0.412695 
1534194314760 0.117555 0.844011 -0.523284 -0.614916 -0.957829 0.235488 0.164646 -0.243396 0.26219 0.481862 0.836101 0.41266 
1534194314784 0.117582 0.844018 -0.523266 -0.614792 -0.95783 0.235501 0.164626 -0.243528 0.262177 0.481843 0.836117 0.412648 
1534194314800 0.117542 0.844038 -0.523243 -0.614721 -0.957838 0.235455 0.164641 -0.24358 0.262164 0.48183 0.836128 0.412646 
1534194314834 0.117334 0.844119 -0.523159 -0.614562 -0.957862 0.235265 0.164772 -0.243621 0.262168 0.481781 0.836155 0.412638 
1534194314972 0.116476 0.844129 -0.523336 -0.614411 -0.957921 0.234657 0.165297 -0.243297 0.262337 0.482061 0.83594 0.412644 
1534194315137 0.115866 0.844331 -0.523145 -0.613761 -0.958037 0.234026 0.165521 -0.243578 0.262185 0.482014 0.836016 0.412835 
1534194315199 0.115319 0.844535 -0.522937 -0.613489 -0.9581 0.233528 0.165861 -0.243479 0.262196 0.481899 0.836078 0.412943 
1534194315304 0.115167 0.844468 -0.523078 -0.613181 -0.958123 0.233416 0.16588 -0.243681 0.262176 0.48207 0.835986 0.412936 
1534194315359 0.114634 0.844579 -0.523016 -0.612888 -0.958228 0.232877 0.166033 -0.243705 0.262027 0.482136 0.835995 0.41297 
1534194315463 0.114111 0.844613 -0.523075 -0.612616 -0.958283 0.23246 0.166302 -0.243702 0.262055 0.482277 0.835904 0.412961 
1534194315487 0.11392 0.84466 -0.52304 -0.612488 -0.95831 0.232284 0.166393 -0.243698 0.26204 0.482279 0.835908 0.412977 
1534194315504 0.11383 0.844678 -0.523032 -0.612398 -0.958326 0.232196 0.166423 -0.243726 0.26202 0.482291 0.835907 0.412985 
1534194315520 0.113789 0.844665 -0.523061 -0.612301 -0.958335 0.232159 0.166422 -0.243795 0.262005 0.482331 0.835889 0.412985 
1534194315698 0.113073 0.844552 -0.5234 -0.612038 -0.958464 0.231538 0.166545 -0.243527 0.261842 0.482828 0.835653 0.413092 
1534194315742 0.11292 0.844444 -0.523606 -0.611832 -0.958544 0.231335 0.166366 -0.243613 0.261615 0.483113 0.835559 0.413171 
1534194315846 0.113156 0.8443 -0.523787 -0.611503 -0.958534 0.231537 0.166141 -0.243896 0.26155 0.483268 0.83549 0.413275 
1534194315895 0.112772 0.844282 -0.523899 -0.611321 -0.958594 0.231208 0.166256 -0.243807 0.261497 0.483457 0.835397 0.413336 
1534194315996 0.112356 0.844153 -0.524196 -0.611144 -0.95868 0.230844 0.166263 -0.243755 0.261359 0.483856 0.83521 0.41338 
1534194316039 0.112098 0.844198 -0.524179 -0.610916 -0.95873 0.230585 0.166332 -0.243729 0.261285 0.483901 0.835207 0.413447 
1534194316063 0.112114 0.844169 -0.524222 -0.610839 -0.95874 0.230585 0.166274 -0.243783 0.261242 0.483951 0.835191 0.413459 
1534194316079 0.112211 0.844113 -0.524291 -0.610788 -0.958743 0.230655 0.166163 -0.243872 0.261191 0.484015 0.83517 0.413461 
1534194316097 0.112264 0.844081 -0.524332 -0.610756 -0.958748 0.230687 0.166089 -0.243925 0.261149 0.484057 0.835159 0.413462 
1534194316181 0.111823 0.84411 -0.524379 -0.610625 -0.958825 0.230276 0.166216 -0.243766 0.261057 0.484201 0.835104 0.413523 
1534194316236 0.111446 0.843958 -0.524703 -0.61052 -0.9589 0.229964 0.166216 -0.243659 0.260943 0.484614 0.8349 0.413573 
1534194316298 0.111364 0.843858 -0.524883 -0.61033 -0.95895 0.229854 0.16608 -0.243698 0.260794 0.484841 0.834815 0.413647 
1534194316375 0.111355 0.843665 -0.525195 -0.610144 -0.958978 0.229858 0.165911 -0.24379 0.260693 0.485175 0.834652 0.413687 
1534194316431 0.11131 0.843553 -0.525384 -0.609939 -0.959039 0.229753 0.165705 -0.243869 0.260489 0.485419 0.834574 0.413738 
1534194316561 0.110876 0.843343 -0.525812 -0.609621 -0.959167 0.229324 0.165554 -0.243805 0.260201 0.485986 0.834334 0.413834 
1534194316585 0.110723 0.843304 -0.525907 -0.609529 -0.959193 0.229199 0.165579 -0.243773 0.260171 0.486113 0.834269 0.413857 
1534194316601 0.110601 0.843282 -0.525968 -0.609449 -0.959232 0.22906 0.165543 -0.243752 0.260078 0.486216 0.834238 0.413884 
1534194316736 0.110655 0.84339 -0.525784 -0.60936 -0.959158 0.229196 0.165784 -0.243924 0.260328 0.485966 0.834306 0.413822 
1534194316773 0.1102 0.84359 -0.525558 -0.609366 -0.959118 0.228941 0.166371 -0.243853 0.26067 0.485738 0.834332 0.41376 
1534194316873 0.109913 0.843691 -0.525456 -0.609334 -0.958986 0.228984 0.167067 -0.24391 0.261274 0.485543 0.834257 0.413758 
1534194316919 0.109725 0.843801 -0.525319 -0.609205 -0.958901 0.228997 0.16754 -0.244027 0.261667 0.485345 0.834248 0.413753 
1534194317009 0.109369 0.843883 -0.525261 -0.609037 -0.958843 0.228867 0.168048 -0.244142 0.262027 0.485264 0.834183 0.413752 
1534194317057 0.10891 0.844044 -0.525098 -0.608954 -0.958773 0.228673 0.168712 -0.244103 0.262476 0.485075 0.834151 0.413716 
1534194317150 0.108666 0.844157 -0.524967 -0.608794 -0.958632 0.228751 0.169403 -0.244202 0.26309 0.484841 0.834094 0.413663 
1534194317201 0.10814 0.844247 -0.524931 -0.608727 -0.958609 0.228451 0.169937 -0.244196 0.26339 0.484826 0.834008 0.413622 
1534194317221 0.108003 0.844278 -0.524909 -0.608704 -0.958581 0.228412 0.17015 -0.244187 0.263549 0.484791 0.833978 0.413611 
1534194317237 0.108006 0.844305 -0.524866 -0.60868 -0.958536 0.228488 0.170302 -0.244186 0.263712 0.484709 0.833974 0.413613 
1534194317254 0.108006 0.844341 -0.524808 -0.608649 -0.958503 0.228537 0.170422 -0.244197 0.263832 0.484623 0.833986 0.413624 
1534194317271 0.107975 0.844361 -0.524782 -0.608627 -0.958496 0.228524 0.170476 -0.244208 0.263869 0.484594 0.833991 0.413624 
1534194317287 0.107927 0.844381 -0.524759 -0.608603 -0.95849 0.228499 0.170542 -0.244221 0.263909 0.48457 0.833993 0.413619 
1534194317314 0.107795 0.844406 -0.524746 -0.608572 -0.958499 0.228397 0.170632 -0.244241 0.263933 0.484575 0.833982 0.413605 
1534194317389 0.107641 0.844506 -0.524617 -0.608481 -0.958467 0.22833 0.170898 -0.244282 0.26411 0.484433 0.834009 0.413562 
1534194317422 0.107454 0.844709 -0.524328 -0.608409 -0.958474 0.22814 0.171114 -0.24428 0.264162 0.484168 0.834146 0.413555 
1534194317480 0.10712 0.844838 -0.524189 -0.608287 -0.958437 0.227965 0.171552 -0.244344 0.26443 0.484025 0.834144 0.41348 
1534194317501 0.107098 0.844834 -0.5242 -0.608252 -0.958407 0.228009 0.171663 -0.244381 0.264549 0.484012 0.834114 0.413454 
1534194317517 0.107087 0.844838 -0.524196 -0.608214 -0.95837 0.228068 0.171789 -0.244418 0.264686 0.483978 0.83409 0.413434 
1534194317534 0.10707 0.844847 -0.524185 -0.608177 -0.958341 0.228108 0.171899 -0.244453 0.264799 0.483943 0.834075 0.413421 
1534194317554 0.107088 0.844913 -0.524074 -0.608109 -0.958318 0.228139 0.171987 -0.244516 0.264876 0.483812 0.834127 0.413399 
1534194317571 0.107052 0.844951 -0.524021 -0.608066 -0.958317 0.228107 0.172034 -0.24456 0.264893 0.483762 0.83415 0.413373 
1534194317644 0.106819 0.84504 -0.523924 -0.608035 -0.958365 0.22785 0.172107 -0.244481 0.264814 0.483726 0.834196 0.413361 
1534194317665 0.106625 0.845112 -0.523848 -0.607994 -0.958437 0.227579 0.172066 -0.244394 0.264631 0.483729 0.834252 0.413375 
1534194317680 0.106432 0.845124 -0.523868 -0.607967 -0.958502 0.22734 0.172019 -0.244329 0.264473 0.48382 0.834249 0.413368 
1534194317719 0.106096 0.84516 -0.523879 -0.607876 -0.95863 0.226892 0.171896 -0.244237 0.264144 0.483968 0.834268 0.41335 
1534194317736 0.106069 0.845164 -0.523876 -0.607821 -0.958664 0.226813 0.171814 -0.244258 0.264033 0.483997 0.834286 0.413346 
1534194317753 0.106133 0.845154 -0.52388 -0.607759 -0.95867 0.226842 0.171738 -0.244318 0.263983 0.484002 0.834299 0.413337 
1534194317770 0.106207 0.845144 -0.523882 -0.607702 -0.958666 0.226897 0.171687 -0.244379 0.263967 0.483994 0.834309 0.413331 
1534194317786 0.106269 0.845139 -0.523876 -0.60764 -0.958668 0.226934 0.171631 -0.244437 0.263937 0.483984 0.834324 0.413327 
1534194317827 0.106186 0.845175 -0.523835 -0.607534 -0.958683 0.226844 0.171665 -0.244506 0.263916 0.483963 0.834343 0.413322 
1534194317884 0.105665 0.84518 -0.523933 -0.607558 -0.958699 0.2265 0.172029 -0.244429 0.264066 0.484117 0.834206 0.413338 
1534194317921 0.105245 0.845028 -0.524262 -0.607591 -0.958634 0.226415 0.1725 -0.244354 0.264469 0.48442 0.833902 0.413427 
1534194317957 0.104783 0.844967 -0.524453 -0.607501 -0.958601 0.226218 0.172946 -0.244303 0.264774 0.484619 0.83369 0.413532 
1534194317981 0.104525 0.844909 -0.524598 -0.607406 -0.958586 0.226108 0.17317 -0.244328 0.264928 0.484772 0.833552 0.413573 
1534194318003 0.104455 0.844883 -0.524655 -0.607327 -0.95858 0.226086 0.173233 -0.244379 0.264979 0.484828 0.833503 0.41358 
1534194318018 0.104461 0.844847 -0.524711 -0.607285 -0.958572 0.226116 0.173239 -0.24443 0.265006 0.484876 0.833467 0.413574 
1534194318035 0.104476 0.84477 -0.524832 -0.607217 -0.958558 0.226176 0.173237 -0.244535 0.26505 0.484983 0.833391 0.413559 
1534194318156 0.104205 0.844793 -0.524849 -0.607182 -0.958688 0.225767 0.173051 -0.244447 0.264686 0.485133 0.833419 0.413602 
1534194318170 0.104341 0.844805 -0.524802 -0.607198 -0.958721 0.225784 0.172846 -0.244414 0.264513 0.485104 0.833491 0.413603 
1534194318186 0.104488 0.844814 -0.524758 -0.607213 -0.958759 0.2258 0.172613 -0.244384 0.264316 0.485081 0.833567 0.413594 
1534194318203 0.104632 0.844821 -0.524718 -0.607227 -0.958796 0.225818 0.172387 -0.244358 0.264127 0.48506 0.833639 0.413585 
1534194318300 0.104658 0.844991 -0.52444 -0.607204 -0.95906 0.225292 0.171605 -0.244219 0.263157 0.48501 0.833975 0.413535 
1534194318314 0.104743 0.844983 -0.524436 -0.607156 -0.959124 0.225228 0.171331 -0.244232 0.26289 0.485053 0.834034 0.413547 
1534194318337 0.104853 0.844998 -0.524389 -0.607077 -0.959213 0.225124 0.170967 -0.244257 0.26252 0.485074 0.834138 0.413585 
1534194318355 0.104941 0.845034 -0.524313 -0.607004 -0.959284 0.225034 0.170686 -0.244284 0.262224 0.485054 0.834243 0.413613 
1534194318370 0.105 0.845054 -0.524269 -0.606943 -0.959317 0.225002 0.170544 -0.244294 0.26208 0.485033 0.8343 0.413626 
1534194318387 0.10505 0.845009 -0.524332 -0.606925 -0.959334 0.225016 0.170431 -0.244309 0.261999 0.485106 0.834284 0.413616 
1534194318404 0.105096 0.844959 -0.524403 -0.60693 -0.959351 0.225027 0.170317 -0.244324 0.261916 0.485187 0.834262 0.413597 
1534194318420 0.105081 0.844923 -0.524464 -0.606937 -0.95937 0.224995 0.170254 -0.244327 0.261853 0.485265 0.834237 0.413567 
1534194318513 0.104354 0.844959 -0.524552 -0.606858 -0.959365 0.224555 0.170862 -0.24422 0.262162 0.485406 0.834057 0.4135 
1534194318534 0.104226 0.845018 -0.524482 -0.606738 -0.959339 0.224506 0.17107 -0.244234 0.262307 0.485326 0.834058 0.41352 
1534194318554 0.104153 0.845043 -0.524456 -0.606635 -0.959322 0.224485 0.171193 -0.244268 0.262398 0.485292 0.83405 0.41353 
1534194318585 0.10414 0.845032 -0.524476 -0.60653 -0.959319 0.224487 0.171209 -0.244316 0.262415 0.48531 0.834034 0.413516 
1534194318610 0.104163 0.845009 -0.524509 -0.606468 -0.959322 0.224503 0.171172 -0.244365 0.262396 0.485343 0.834021 0.413493 
1534194318622 0.104205 0.844986 -0.524538 -0.606434 -0.959327 0.224526 0.171112 -0.244409 0.26236 0.485373 0.834015 0.413473 
1534194318639 0.104258 0.844947 -0.52459 -0.606381 -0.959349 0.224531 0.170985 -0.24448 0.262259 0.485438 0.834008 0.413442 
1534194318656 0.104283 0.844916 -0.524634 -0.606314 -0.959374 0.22451 0.170872 -0.244543 0.262158 0.485502 0.834003 0.413413 
1534194318746 0.103672 0.844991 -0.524635 -0.606144 -0.959472 0.223934 0.171074 -0.244456 0.26204 0.485637 0.833961 0.413375 
1534194318808 0.103128 0.845024 -0.524689 -0.605956 -0.959377 0.22377 0.171821 -0.24447 0.262603 0.485656 0.833774 0.41341 
1534194318847 0.103036 0.845 -0.524746 -0.60581 -0.959319 0.223829 0.172067 -0.244596 0.26285 0.48567 0.833688 0.413468 
1534194318901 0.102972 0.844925 -0.52488 -0.605616 -0.959285 0.223878 0.172193 -0.244768 0.263 0.485778 0.833577 0.4135 
1534194318947 0.102761 0.844882 -0.52499 -0.605447 -0.959299 0.223738 0.172296 -0.244839 0.26303 0.485918 0.833486 0.413465 
1534194319011 0.102032 0.844986 -0.524964 -0.605252 -0.959386 0.223101 0.172639 -0.244742 0.262998 0.486029 0.833432 0.413425 
1534194319036 0.101863 0.845002 -0.524972 -0.605171 -0.959406 0.222957 0.172717 -0.244759 0.262992 0.486067 0.833411 0.413409 
1534194319052 0.101798 0.844998 -0.524991 -0.605099 -0.959409 0.222912 0.172754 -0.244802 0.263004 0.486095 0.833391 0.413393 
1534194319076 0.101787 0.84498 -0.525022 -0.605007 -0.959398 0.222933 0.172792 -0.244874 0.263051 0.486117 0.833363 0.413375 
1534194319255 0.101185 0.844897 -0.525272 -0.604849 -0.959456 0.222485 0.173043 -0.24464 0.263069 0.486466 0.833154 0.413512 
1534194319283 0.101263 0.844802 -0.525409 -0.604693 -0.959427 0.222619 0.173034 -0.244773 0.263146 0.48657 0.833069 0.413547 
1534194319361 0.101481 0.844611 -0.525674 -0.604519 -0.959383 0.222895 0.172921 -0.245066 0.263221 0.486775 0.832925 0.413601 
1534194319412 0.101249 0.844669 -0.525626 -0.604366 -0.959394 0.222713 0.173092 -0.245029 0.26327 0.486757 0.832921 0.413691 
1534194319465 0.100996 0.84464 -0.525721 -0.604197 -0.95939 0.222578 0.173294 -0.245009 0.263385 0.486869 0.832819 0.413779 
1534194319511 0.10099 0.844584 -0.525812 -0.604029 -0.959378 0.222614 0.17331 -0.245114 0.263428 0.48695 0.832758 0.413839 
1534194319531 0.101015 0.844535 -0.525886 -0.603949 -0.959374 0.222653 0.173282 -0.245199 0.263433 0.487017 0.832717 0.413861 
1534194319548 0.101037 0.844497 -0.525944 -0.603884 -0.959371 0.222685 0.173259 -0.245265 0.263436 0.48707 0.832685 0.413878 
1534194319569 0.101023 0.844456 -0.526012 -0.603832 -0.95937 0.222692 0.173257 -0.245309 0.263447 0.487137 0.832642 0.413894 
1534194319585 0.100963 0.844424 -0.526075 -0.603789 -0.959373 0.222659 0.173279 -0.245329 0.263456 0.487208 0.832598 0.413911 
1534194319602 0.100894 0.844419 -0.526096 -0.603763 -0.959378 0.222611 0.173318 -0.245318 0.263467 0.487238 0.832577 0.413923 
1534194319709 0.100404 0.844508 -0.526046 -0.603709 -0.959411 0.222221 0.173633 -0.245145 0.263533 0.487261 0.832543 0.413963 
1534194319751 0.0999084 0.844616 -0.525968 -0.603585 -0.959478 0.221758 0.173852 -0.245056 0.263475 0.487286 0.832546 0.413994 
1534194319833 0.0996595 0.844525 -0.52616 -0.603298 -0.959441 0.221705 0.174126 -0.245202 0.263706 0.487466 0.832367 0.414106 
1534194319885 0.0995239 0.844412 -0.526368 -0.603123 -0.959412 0.221713 0.174274 -0.245346 0.263862 0.487659 0.832205 0.414145 
1534194319913 0.0992918 0.844416 -0.526406 -0.603048 -0.959411 0.221572 0.174461 -0.2453 0.263954 0.487717 0.832142 0.414183 
1534194319932 0.0990901 0.844422 -0.526434 -0.603001 -0.959411 0.221446 0.17462 -0.245242 0.264029 0.487764 0.832091 0.41421 
1534194319946 0.0989293 0.84445 -0.526419 -0.602963 -0.959418 0.221325 0.174735 -0.245194 0.264065 0.487769 0.832076 0.414235 
1534194319962 0.0987584 0.844493 -0.526382 -0.602925 -0.95943 0.221184 0.174847 -0.24514 0.264085 0.487759 0.832076 0.414259 
1534194319982 0.0986809 0.844509 -0.52637 -0.602906 -0.959429 0.221134 0.174919 -0.245111 0.264119 0.487754 0.832068 0.414274 
1534194320101 0.0991839 0.844123 -0.526895 -0.602939 -0.959509 0.221421 0.174113 -0.245242 0.263638 0.488291 0.831905 0.414125 
1534194320121 0.0989937 0.844083 -0.526996 -0.602889 -0.959578 0.221191 0.174026 -0.245191 0.263459 0.488466 0.831859 0.414146 
1534194320141 0.0987884 0.844039 -0.527104 -0.602832 -0.95964 0.220964 0.173972 -0.245132 0.263311 0.488643 0.831802 0.41415 
1534194320174 0.0986217 0.843953 -0.527273 -0.602763 -0.959692 0.220793 0.1739 -0.245106 0.263182 0.488869 0.831711 0.414121 
1534194320193 0.0986827 0.843947 -0.527272 -0.602718 -0.959703 0.220813 0.173816 -0.245145 0.26312 0.488872 0.831728 0.414122 
1534194320212 0.0987328 0.843945 -0.527266 -0.602692 -0.959709 0.220833 0.173756 -0.245171 0.263078 0.488866 0.831745 0.414136 
1534194320226 0.0987357 0.843941 -0.527271 -0.602675 -0.959715 0.220824 0.173733 -0.245172 0.263054 0.488876 0.831747 0.414151 
1534194320243 0.0987051 0.843941 -0.527277 -0.60266 -0.959723 0.220791 0.173732 -0.245156 0.263037 0.488892 0.831743 0.414164 
1534194320356 0.0985513 0.844084 -0.527076 -0.602606 -0.959803 0.2205 0.173658 -0.244964 0.262802 0.488775 0.831886 0.414177 
1534194320388 0.098885 0.844263 -0.526728 -0.602626 -0.959802 0.220648 0.173476 -0.245006 0.262681 0.4884 0.832144 0.414133 
1534194320402 0.0991349 0.844363 -0.52652 -0.602666 -0.959792 0.220787 0.173356 -0.245023 0.262624 0.488164 0.8323 0.414072 
1534194320446 0.0992472 0.844404 -0.526433 -0.602749 -0.959795 0.220837 0.173277 -0.24495 0.262571 0.48807 0.832372 0.413953 
1534194320483 0.0994515 0.844507 -0.52623 -0.602728 -0.959824 0.220874 0.173068 -0.244934 0.262387 0.487876 0.832544 0.413924 
1534194320501 0.0996362 0.844553 -0.526121 -0.602713 -0.959815 0.220989 0.172973 -0.244947 0.262352 0.487744 0.832633 0.413927 
1534194320520 0.0999761 0.844686 -0.525843 -0.602676 -0.959808 0.221166 0.172786 -0.244973 0.262248 0.487433 0.832847 0.413944 
1534194320534 0.100174 0.844768 -0.525673 -0.602653 -0.959808 0.221259 0.172664 -0.244989 0.262171 0.487249 0.83298 0.413949 
1534194320550 0.100416 0.844876 -0.525454 -0.602622 -0.959812 0.221364 0.172507 -0.244999 0.262064 0.487014 0.83315 0.41395 
1534194320570 0.10047 0.844924 -0.525366 -0.602606 -0.959835 0.221339 0.172411 -0.245 0.261958 0.486943 0.833225 0.413945 
1534194320589 0.100474 0.844936 -0.525345 -0.6026 -0.959854 0.221301 0.172353 -0.245002 0.261887 0.486938 0.833251 0.413941 
1534194320604 0.100462 0.84493 -0.525358 -0.602601 -0.959863 0.22128 0.172333 -0.245002 0.261861 0.486959 0.833247 0.413935 
1534194320620 0.100406 0.844913 -0.525396 -0.602609 -0.95987 0.221238 0.172347 -0.24499 0.261856 0.487007 0.83322 0.413924 
1534194320637 0.100343 0.844851 -0.525508 -0.602626 -0.959859 0.22124 0.172403 -0.244974 0.261918 0.487115 0.833138 0.413906 
1534194320657 0.100163 0.844733 -0.525731 -0.602661 -0.959853 0.22118 0.172515 -0.244948 0.26201 0.487345 0.832974 0.413888 
1534194320674 0.100047 0.844676 -0.525845 -0.602685 -0.959851 0.221131 0.172587 -0.24492 0.262061 0.487466 0.832887 0.413878 
1534194320690 0.100001 0.844669 -0.525866 -0.602697 -0.959851 0.221105 0.17262 -0.244896 0.262079 0.487491 0.832867 0.413874 
1534194320708 0.100018 0.844693 -0.525824 -0.602707 -0.959846 0.221119 0.172635 -0.244869 0.262093 0.487443 0.832891 0.413876 
1534194320732 0.100096 0.844727 -0.525754 -0.602714 -0.959831 0.221182 0.172635 -0.244846 0.262117 0.487355 0.832934 0.413879 
1534194320763 0.10045 0.844881 -0.525438 -0.602682 -0.95981 0.221386 0.172489 -0.244841 0.262057 0.486994 0.833164 0.413873 
1534194320792 0.100621 0.84497 -0.525263 -0.602663 -0.959858 0.221373 0.172241 -0.24485 0.261818 0.486847 0.833326 0.413808 
1534194320812 0.100761 0.845029 -0.525141 -0.602649 -0.959923 0.221318 0.17195 -0.244872 0.261526 0.486769 0.833463 0.413761 
1534194320844 0.101018 0.84514 -0.524913 -0.602625 -0.960034 0.221232 0.171439 -0.244916 0.261018 0.486616 0.833712 0.413731 
1534194320864 0.101257 0.84519 -0.524786 -0.602614 -0.96009 0.221257 0.171095 -0.244945 0.26072 0.486517 0.833862 0.413722 
1534194320874 0.101359 0.84521 -0.524734 -0.60261 -0.96011 0.221274 0.170957 -0.244953 0.260605 0.486475 0.833923 0.413716 
1534194320891 0.101519 0.845248 -0.524642 -0.602613 -0.960147 0.22129 0.170731 -0.244949 0.260408 0.486401 0.834027 0.413702 
1534194320908 0.101652 0.845283 -0.52456 -0.602622 -0.960181 0.221295 0.170529 -0.24493 0.260228 0.486338 0.83412 0.413682 
1534194320924 0.101686 0.845311 -0.524509 -0.602633 -0.960213 0.221247 0.170411 -0.244904 0.260096 0.486312 0.834177 0.41366 
1534194320941 0.101709 0.845339 -0.524458 -0.602644 -0.96024 0.221202 0.170321 -0.244877 0.25999 0.486283 0.834227 0.41364 
1534194321036 0.101531 0.845347 -0.52448 -0.602646 -0.960179 0.221205 0.17066 -0.244833 0.260284 0.486267 0.834144 0.413608 
1534194321046 0.101389 0.845366 -0.524477 -0.60263 -0.960158 0.221153 0.170847 -0.244849 0.260417 0.486258 0.834108 0.413637 
1534194321062 0.101229 0.845379 -0.524487 -0.602607 -0.960109 0.221143 0.171136 -0.244876 0.260661 0.486241 0.834042 0.413692 
1534194321081 0.101143 0.845387 -0.524491 -0.602588 -0.960047 0.221203 0.171403 -0.244919 0.260921 0.486199 0.833985 0.413757 
1534194321099 0.10118 0.845333 -0.524571 -0.602583 -0.959958 0.221409 0.171636 -0.244961 0.261235 0.4862 0.833886 0.413801 
1534194321117 0.101199 0.845267 -0.524673 -0.602587 -0.959911 0.22153 0.171744 -0.244984 0.261401 0.486259 0.8338 0.413804 
1534194321132 0.101199 0.845204 -0.524775 -0.602596 -0.959863 0.22164 0.17187 -0.244995 0.261576 0.486319 0.83371 0.41379 
1534194321149 0.101177 0.845173 -0.52483 -0.602606 -0.959842 0.221675 0.17194 -0.244989 0.261661 0.486357 0.833661 0.413768 
1534194321167 0.101141 0.845149 -0.524874 -0.602618 -0.959827 0.221689 0.172006 -0.244974 0.26173 0.486391 0.833619 0.413739 
1534194321204 0.101074 0.845153 -0.524881 -0.602634 -0.959872 0.221562 0.171918 -0.244954 0.26159 0.486442 0.833633 0.41372 
1534194321224 0.101088 0.845157 -0.524872 -0.602635 -0.959944 0.221436 0.171679 -0.244977 0.261321 0.486493 0.833688 0.413722 
1534194321236 0.101086 0.845154 -0.524877 -0.602634 -0.960003 0.221325 0.17149 -0.244994 0.261104 0.486548 0.833724 0.413719 
1534194321255 0.101057 0.845159 -0.524875 -0.602633 -0.960087 0.22115 0.171249 -0.245002 0.260809 0.486619 0.833775 0.413719 
1534194321271 0.10118 0.84516 -0.524849 -0.602634 -0.96014 0.221125 0.170981 -0.24499 0.260563 0.486629 0.833846 0.413726 
1534194321296 0.101266 0.845183 -0.524797 -0.602626 -0.960188 0.22108 0.170769 -0.244938 0.260353 0.486611 0.833922 0.413739 
1534194321313 0.101284 0.845203 -0.524761 -0.602619 -0.960226 0.221015 0.170643 -0.2449 0.260207 0.486605 0.833971 0.413748 
1534194321330 0.101261 0.845222 -0.524734 -0.602614 -0.96028 0.220894 0.170497 -0.244869 0.260018 0.486627 0.834017 0.413752 
1534194321346 0.101206 0.845221 -0.524747 -0.602613 -0.960331 0.220764 0.170374 -0.244845 0.259848 0.486688 0.834035 0.413752 
1534194321365 0.10112 0.845141 -0.524892 -0.602629 -0.96036 0.220685 0.170316 -0.244819 0.259777 0.486863 0.833955 0.413743 
1534194321380 0.101064 0.845093 -0.52498 -0.602641 -0.960365 0.220656 0.170324 -0.2448 0.259779 0.486959 0.833898 0.413737 
1534194321396 0.101032 0.845041 -0.52507 -0.60266 -0.96035 0.220681 0.170374 -0.24479 0.259846 0.487037 0.833831 0.413718 
1534194321414 0.101037 0.845028 -0.525089 -0.602674 -0.960326 0.220733 0.170443 -0.244796 0.259934 0.487036 0.833805 0.413705 
1534194321430 0.101062 0.845008 -0.525117 -0.602688 -0.960286 0.22083 0.170542 -0.244807 0.260071 0.487027 0.833767 0.413689 
1534194321447 0.100964 0.844991 -0.525163 -0.602704 -0.96027 0.220806 0.170664 -0.244829 0.260168 0.487068 0.833713 0.413678 
1534194321473 0.100889 0.845024 -0.525125 -0.602702 -0.960256 0.220776 0.170782 -0.244869 0.26025 0.487025 0.833713 0.41369 
1534194321493 0.100878 0.84504 -0.525101 -0.6027 -0.960246 0.220783 0.170831 -0.244896 0.260292 0.486993 0.833718 0.413703 
1534194321511 0.100914 0.845024 -0.52512 -0.602705 -0.960231 0.220838 0.170842 -0.244915 0.260332 0.486997 0.833704 0.413707 
1534194321528 0.100957 0.845004 -0.525143 -0.602709 -0.960222 0.220887 0.170829 -0.244929 0.260348 0.487008 0.833692 0.413706 
1534194321543 0.100973 0.844993 -0.525159 -0.602711 -0.960231 0.220884 0.170782 -0.244937 0.260309 0.487029 0.833692 0.413708 
1534194321561 0.100955 0.844978 -0.525186 -0.602711 -0.96026 0.220823 0.170697 -0.24494 0.260208 0.487082 0.833692 0.413701 
1534194321577 0.100975 0.844936 -0.52525 -0.602716 -0.960259 0.220851 0.170667 -0.244937 0.260205 0.487143 0.833658 0.413681 
1534194321614 0.100958 0.844862 -0.525372 -0.602725 -0.960203 0.22097 0.170829 -0.2449 0.260418 0.487217 0.833548 0.413656 
1534194321628 0.100957 0.844869 -0.52536 -0.602722 -0.960166 0.221036 0.170952 -0.244884 0.260556 0.487174 0.83353 0.413656 
1534194321648 0.100949 0.844869 -0.525362 -0.602722 -0.960082 0.221189 0.171227 -0.24485 0.260869 0.487105 0.833472 0.413645 
1534194321665 0.100869 0.844864 -0.525386 -0.602725 -0.960013 0.221269 0.171506 -0.244813 0.261151 0.487077 0.8334 0.41363 
1534194321682 0.100715 0.844871 -0.525405 -0.602728 -0.959983 0.221229 0.171726 -0.244784 0.261321 0.487085 0.833343 0.413623 
1534194321701 0.100454 0.844898 -0.525411 -0.602731 -0.959948 0.221128 0.172055 -0.24474 0.261552 0.487084 0.833271 0.413627 
1534194321721 0.100311 0.844908 -0.525422 -0.602734 -0.959905 0.221115 0.172307 -0.244708 0.261762 0.487071 0.833212 0.413635 
1534194321741 0.100274 0.844922 -0.525407 -0.602733 -0.959879 0.221137 0.172424 -0.244697 0.261872 0.487037 0.833197 0.41366 
1534194321758 0.100322 0.844938 -0.525372 -0.602729 -0.959878 0.221163 0.172397 -0.244707 0.261858 0.486998 0.833224 0.413698 
1534194321778 0.100392 0.844959 -0.525324 -0.602721 -0.959924 0.221114 0.172206 -0.244741 0.261664 0.486983 0.833294 0.41374 
1534194321800 0.100536 0.844937 -0.525332 -0.602717 -0.959968 0.221127 0.171943 -0.244782 0.261446 0.487016 0.833344 0.413738 
1534194321812 0.100636 0.84491 -0.525356 -0.602717 -0.959995 0.221146 0.171766 -0.244808 0.261307 0.487054 0.833365 0.413722 
1534194321828 0.100732 0.844885 -0.525378 -0.602717 -0.960018 0.221171 0.171608 -0.244828 0.261187 0.487086 0.833384 0.413702 
1534194321845 0.100781 0.844873 -0.525388 -0.602717 -0.960026 0.221189 0.171538 -0.244837 0.261138 0.487099 0.833392 0.413687 
1534194321868 0.100738 0.844879 -0.525387 -0.602716 -0.960023 0.221167 0.171585 -0.244831 0.261167 0.487098 0.833383 0.413677 
1534194321888 0.10069 0.844886 -0.525385 -0.602717 -0.959961 0.221251 0.171823 -0.244798 0.261413 0.487048 0.833335 0.413666 
1534194321905 0.100497 0.8449 -0.525399 -0.60272 -0.959911 0.221221 0.172138 -0.244752 0.261669 0.487037 0.833261 0.413651 
1534194321928 0.100257 0.844917 -0.525418 -0.602727 -0.959842 0.221199 0.172555 -0.244695 0.262016 0.487018 0.833163 0.413653 
1534194321946 0.100133 0.844931 -0.52542 -0.602728 -0.959779 0.221235 0.172858 -0.244659 0.262294 0.486978 0.833099 0.413674 
1534194321961 0.100052 0.844934 -0.52543 -0.60273 -0.959724 0.221286 0.173095 -0.244634 0.262524 0.486949 0.833044 0.413691 
1534194322051 0.0998989 0.84482 -0.525643 -0.602744 -0.959678 0.221315 0.173312 -0.24465 0.26275 0.487134 0.832864 0.413772 
1534194322065 0.0999195 0.844784 -0.525695 -0.602747 -0.959733 0.221239 0.17311 -0.244681 0.262544 0.48723 0.832873 0.413764 
1534194322081 0.0999286 0.844748 -0.525751 -0.602749 -0.959828 0.221079 0.172785 -0.244729 0.262192 0.487364 0.832905 0.413756 
1534194322098 0.0999518 0.844708 -0.525812 -0.602751 -0.959921 0.220934 0.172455 -0.244778 0.261843 0.487501 0.832935 0.413746 
1534194322115 0.100026 0.844673 -0.525854 -0.602753 -0.959955 0.220927 0.172273 -0.244806 0.261689 0.487565 0.832946 0.413741 
1534194322131 0.100118 0.844628 -0.525909 -0.602754 -0.960002 0.220909 0.17203 -0.244845 0.26148 0.48765 0.832962 0.413738 
1534194322151 0.100169 0.844594 -0.525954 -0.602754 -0.960029 0.220903 0.171892 -0.244872 0.261364 0.487713 0.832962 0.413743 
1534194322168 0.100174 0.844562 -0.526005 -0.602757 -0.96004 0.220895 0.171839 -0.24489 0.261321 0.487772 0.832941 0.413763 
1534194322185 0.100176 0.844513 -0.526082 -0.602756 -0.960049 0.220896 0.171789 -0.244922 0.261287 0.487855 0.832902 0.413793 
1534194322202 0.100177 0.84444 -0.526199 -0.602755 -0.960041 0.220933 0.171782 -0.244954 0.261314 0.487964 0.83283 0.413813 
1534194322219 0.100143 0.844375 -0.52631 -0.602758 -0.960035 0.220945 0.171801 -0.244981 0.26135 0.488072 0.832756 0.413837 
1534194322253 0.0999638 0.844315 -0.52644 -0.602761 -0.96006 0.22081 0.171838 -0.245012 0.261328 0.488237 0.832666 0.413876 
1534194322296 0.0997531 0.844366 -0.526398 -0.602753 -0.9601 0.22059 0.171896 -0.245019 0.261261 0.488248 0.832681 0.41391 
1534194322318 0.0995972 0.84447 -0.526262 -0.602736 -0.960157 0.220355 0.17188 -0.245026 0.261112 0.488175 0.83277 0.413932 
1534194322339 0.0994527 0.84461 -0.526063 -0.602716 -0.960227 0.220089 0.171829 -0.245041 0.260909 0.488051 0.832906 0.413957 
1534194322360 0.0993271 0.84466 -0.526008 -0.602717 -0.960276 0.219905 0.171791 -0.245068 0.260777 0.488049 0.832949 0.413962 
1534194322376 0.0992481 0.844649 -0.52604 -0.602729 -0.960302 0.219811 0.171764 -0.245099 0.260709 0.48811 0.832934 0.413959 
1534194322393 0.0991819 0.844633 -0.526078 -0.602742 -0.960323 0.219736 0.171741 -0.245127 0.260657 0.488171 0.832915 0.413959 
1534194322413 0.0991491 0.84463 -0.52609 -0.602747 -0.960334 0.219697 0.171731 -0.245139 0.26063 0.488195 0.832909 0.41396 
1534194322430 0.0989847 0.844598 -0.526172 -0.602769 -0.960378 0.219525 0.171707 -0.245179 0.260532 0.488328 0.832862 0.413963 
1534194322447 0.0988892 0.844528 -0.526301 -0.60279 -0.960388 0.219469 0.171719 -0.245192 0.260528 0.488473 0.832778 0.413958 
1534194322463 0.0988109 0.844478 -0.526396 -0.602805 -0.960399 0.219418 0.171725 -0.2452 0.260519 0.488582 0.832717 0.413956 
1534194322480 0.0987581 0.844458 -0.526439 -0.602812 -0.960409 0.219374 0.171726 -0.245204 0.260503 0.488637 0.83269 0.413958 
1534194322497 0.0987579 0.844462 -0.526433 -0.602812 -0.960411 0.219368 0.171721 -0.245207 0.260495 0.488633 0.832695 0.413963 
1534194322517 0.0987754 0.844472 -0.526412 -0.602808 -0.960406 0.219384 0.171727 -0.245202 0.260505 0.488607 0.832707 0.413973 
1534194322530 0.0987886 0.844481 -0.526396 -0.602804 -0.960401 0.219399 0.171737 -0.245194 0.260519 0.488586 0.832714 0.413979 
1534194322547 0.098802 0.84452 -0.526331 -0.602794 -0.960405 0.219387 0.17173 -0.24519 0.2605 0.488524 0.832757 0.413989 
1534194322563 0.0988755 0.844615 -0.526165 -0.602773 -0.96041 0.219391 0.171696 -0.245193 0.260453 0.488358 0.832869 0.414013 
1534194322580 0.0989052 0.844662 -0.526083 -0.602763 -0.960415 0.219386 0.171679 -0.245195 0.260426 0.488278 0.832925 0.414025 
1534194322648 0.0987536 0.844622 -0.526177 -0.602775 -0.960436 0.219267 0.171713 -0.245192 0.260406 0.488402 0.832858 0.414036 
1534194322665 0.0986297 0.84452 -0.526363 -0.602798 -0.960439 0.219218 0.171756 -0.245187 0.260439 0.4886 0.832732 0.414024 
1534194322679 0.0984798 0.844362 -0.526645 -0.602833 -0.960456 0.219146 0.171754 -0.245187 0.260435 0.488905 0.832554 0.414009 
1534194322696 0.0983807 0.844254 -0.526836 -0.602857 -0.960475 0.219086 0.171727 -0.24519 0.260403 0.489118 0.832439 0.414002 
1534194322712 0.0983185 0.844158 -0.527002 -0.602878 -0.960488 0.219053 0.171691 -0.245194 0.260376 0.489299 0.83234 0.413998 
1534194322729 0.0982933 0.844102 -0.527095 -0.60289 -0.9605 0.219034 0.171651 -0.2452 0.260342 0.489403 0.83229 0.414 
1534194322752 0.0982832 0.844037 -0.527202 -0.602903 -0.960508 0.219033 0.171604 -0.245207 0.260315 0.489516 0.832232 0.41401 
1534194322769 0.0982774 0.843993 -0.527273 -0.602906 -0.960505 0.21905 0.171601 -0.245217 0.26033 0.489584 0.832187 0.414016 
1534194322786 0.0982258 0.843935 -0.527376 -0.602902 -0.960507 0.219033 0.17161 -0.245217 0.260341 0.489692 0.832121 0.414027 
1534194322802 0.0981778 0.843891 -0.527455 -0.6029 -0.960513 0.219007 0.17161 -0.245215 0.260337 0.48978 0.83207 0.414036 
1534194322819 0.0981154 0.843829 -0.527567 -0.602907 -0.960519 0.218978 0.171614 -0.245209 0.260338 0.4899 0.831999 0.414041 
1534194322861 0.0980117 0.843741 -0.527727 -0.602918 -0.960546 0.218893 0.171574 -0.245195 0.260279 0.490089 0.831906 0.414049 
1534194322906 0.0983886 0.843736 -0.527665 -0.602902 -0.960525 0.219164 0.171343 -0.245217 0.260213 0.489977 0.831993 0.414109 
1534194322928 0.0985826 0.843731 -0.527636 -0.602891 -0.960542 0.219252 0.171134 -0.245233 0.260077 0.489946 0.832054 0.414116 
1534194322961 0.0987555 0.843687 -0.527674 -0.602894 -0.960598 0.219266 0.170801 -0.245235 0.259804 0.490015 0.832098 0.414083 
1534194322983 0.0988025 0.84361 -0.527787 -0.60291 -0.96063 0.21926 0.170633 -0.245223 0.25967 0.490149 0.832061 0.414069 
1534194322998 0.0988301 0.843517 -0.527931 -0.602929 -0.960666 0.219239 0.170457 -0.245217 0.259527 0.490319 0.832005 0.414064 
