1533678365448 0.573246 0.816057 -0.0737539 -0.401 -0.819028 0.573323 -0.0222395 -0.285331 0.0241361 0.0731552 0.997028 0.405738 
1533678371560 0.573246 0.816057 -0.0737517 -0.400999 -0.819028 0.573323 -0.0222392 -0.28533 0.0241351 0.0731532 0.997029 0.405739 
1533678372826 0.531099 0.830868 -0.166106 -0.425189 -0.844108 0.535853 -0.0185539 -0.279834 0.0735924 0.150065 0.985933 0.411515 
1533678374386 0.432607 0.832339 -0.3465 -0.47423 -0.887126 0.461526 0.00106718 -0.268432 0.160807 0.306928 0.938049 0.421755 
1533678375377 0.375536 0.820325 -0.431324 -0.498898 -0.905813 0.423355 0.0165156 -0.262966 0.196152 0.384497 0.902046 0.42746 
1533678376372 0.315053 0.799069 -0.512085 -0.523426 -0.921626 0.386411 0.0359484 -0.257454 0.226601 0.460625 0.858182 0.432931 
1533678377344 0.25121 0.769339 -0.587377 -0.547988 -0.934772 0.350306 0.0590427 -0.251869 0.251186 0.534231 0.807157 0.438326 
1533678378317 0.185265 0.731273 -0.656443 -0.572383 -0.944905 0.316018 0.0853653 -0.24644 0.269873 0.604461 0.74953 0.443636 
1533678379286 0.11693 0.685476 -0.718644 -0.597012 -0.952181 0.283046 0.115053 -0.240932 0.282276 0.670826 0.685794 0.449107 
1533678380245 0.0475032 0.632671 -0.772963 -0.621561 -0.956353 0.252178 0.147634 -0.236318 0.288328 0.732212 0.617035 0.454205 
1533678380288 0.0466316 0.632012 -0.773554 -0.621901 -0.956425 0.251697 0.147987 -0.236178 0.28823 0.732946 0.616209 0.454192 
1533678380618 0.0413615 0.627466 -0.777545 -0.623694 -0.956561 0.24964 0.150571 -0.235715 0.288584 0.737541 0.610535 0.45465 
1533678380948 0.0343849 0.621585 -0.782592 -0.62616 -0.956735 0.246849 0.154027 -0.235008 0.288923 0.743437 0.60318 0.455256 
1533678381275 0.0274994 0.615615 -0.787567 -0.628601 -0.956969 0.243901 0.157235 -0.234395 0.288884 0.749353 0.595832 0.455906 
1533678381607 0.0203612 0.609629 -0.792426 -0.63109 -0.957172 0.240837 0.160686 -0.233669 0.288804 0.755216 0.588423 0.45654 
1533678381942 0.013273 0.603379 -0.797344 -0.633609 -0.957293 0.237992 0.164162 -0.232961 0.288813 0.761113 0.58077 0.457052 
1533678382271 0.00621571 0.597238 -0.80204 -0.636082 -0.957435 0.235017 0.167586 -0.232258 0.288582 0.766859 0.573278 0.45769 
1533678382599 -0.000992075 0.591034 -0.806646 -0.638532 -0.957529 0.232023 0.171183 -0.231477 0.288335 0.772557 0.565702 0.45823 
1533678383069 -0.0149287 0.578224 -0.815741 -0.643466 -0.957558 0.226599 0.178145 -0.230201 0.287854 0.783779 0.550301 0.459391 
1533678383110 -0.0156549 0.577801 -0.816028 -0.643749 -0.957542 0.226302 0.178606 -0.230004 0.287867 0.784177 0.549726 0.459541 
1533678383126 -0.0158722 0.577655 -0.816127 -0.64381 -0.957555 0.226169 0.178705 -0.229957 0.287812 0.784323 0.549547 0.459538 
1533678383213 -0.0159358 0.577428 -0.816286 -0.643826 -0.957606 0.226043 0.178594 -0.230051 0.28764 0.784527 0.549346 0.459496 
1533678383297 -0.0164622 0.576685 -0.816801 -0.643968 -0.957599 0.225908 0.178798 -0.230107 0.287632 0.785111 0.548514 0.459415 
1533678383374 -0.017349 0.576142 -0.817165 -0.644305 -0.957532 0.22568 0.179445 -0.229885 0.287804 0.785575 0.54776 0.459604 
1533678383457 -0.0181349 0.57549 -0.817608 -0.644571 -0.957563 0.225268 0.179798 -0.2298 0.287653 0.786172 0.546982 0.459771 
1533678383549 -0.0189332 0.574577 -0.818231 -0.6449 -0.957633 0.224797 0.180015 -0.229828 0.287369 0.786973 0.545978 0.459731 
1533678383709 -0.0207024 0.573198 -0.819155 -0.64548 -0.95752 0.224342 0.181181 -0.229482 0.287623 0.788108 0.544204 0.459927 
1533678383801 -0.0213267 0.572385 -0.819708 -0.645771 -0.957579 0.22398 0.181314 -0.229556 0.28738 0.788802 0.543327 0.459971 
1533678383841 -0.0216547 0.572128 -0.819878 -0.645868 -0.957566 0.223874 0.181515 -0.229498 0.287399 0.789019 0.543002 0.460007 
1533678383960 -0.022211 0.571871 -0.820043 -0.64599 -0.957594 0.223515 0.181808 -0.229396 0.287263 0.789307 0.542656 0.460039 
1533678384075 -0.0216756 0.572443 -0.819658 -0.645739 -0.957573 0.223773 0.181604 -0.229664 0.287376 0.788818 0.543305 0.459991 
1533678384195 -0.0222844 0.572508 -0.819597 -0.645747 -0.957602 0.223307 0.182022 -0.229601 0.287231 0.788904 0.543258 0.459952 
1533678384321 -0.0226224 0.572607 -0.819518 -0.645765 -0.957509 0.223335 0.182479 -0.229595 0.287515 0.788823 0.543224 0.460006 
1533678384452 -0.0231335 0.572716 -0.819427 -0.645766 -0.957485 0.223063 0.182935 -0.229561 0.287554 0.788821 0.543207 0.460097 
1533678384579 -0.0235623 0.572806 -0.819352 -0.645762 -0.957484 0.222784 0.183282 -0.229563 0.287523 0.788835 0.543203 0.460115 
1533678384704 -0.0239198 0.572839 -0.819319 -0.645773 -0.957513 0.222477 0.183503 -0.229627 0.287397 0.788897 0.543179 0.460123 
1533678384833 -0.0242708 0.572923 -0.81925 -0.645766 -0.957502 0.222273 0.183808 -0.229679 0.287404 0.788894 0.54318 0.460162 
1533678384944 -0.0246784 0.572995 -0.819187 -0.645771 -0.957524 0.221943 0.184088 -0.229702 0.287294 0.788935 0.543179 0.460196 
1533678384971 -0.0247822 0.573001 -0.81918 -0.645772 -0.957529 0.221864 0.184158 -0.229711 0.287269 0.788952 0.543167 0.460203 
1533678384988 -0.0248279 0.573006 -0.819175 -0.645771 -0.957528 0.221839 0.184195 -0.229719 0.28727 0.788956 0.543161 0.460208 
1533678385004 -0.0248681 0.573011 -0.81917 -0.64577 -0.957522 0.22183 0.184238 -0.229729 0.287287 0.788955 0.543154 0.460215 
1533678385021 -0.02488 0.573021 -0.819163 -0.645768 -0.957508 0.221859 0.184277 -0.229738 0.287333 0.788939 0.543152 0.460224 
1533678385038 -0.0248782 0.573031 -0.819156 -0.645768 -0.957495 0.221893 0.184302 -0.229743 0.287376 0.788923 0.543154 0.460232 
1533678385054 -0.0248608 0.573036 -0.819153 -0.645767 -0.957484 0.221931 0.18431 -0.229747 0.287412 0.788908 0.543156 0.460239 
1533678385071 -0.0248334 0.573031 -0.819157 -0.645768 -0.957479 0.221963 0.184298 -0.229753 0.287432 0.788903 0.543153 0.460244 
1533678385088 -0.0248002 0.573023 -0.819164 -0.645767 -0.957475 0.221996 0.184279 -0.229758 0.287447 0.7889 0.54315 0.460251 
1533678385104 -0.0247704 0.573009 -0.819175 -0.645765 -0.957475 0.222019 0.184253 -0.229756 0.287451 0.788904 0.543142 0.460256 
1533678385121 -0.0247226 0.572997 -0.819184 -0.645761 -0.957465 0.222077 0.184233 -0.229751 0.287487 0.788896 0.543135 0.460261 
1533678385161 -0.0247008 0.572997 -0.819185 -0.645755 -0.957458 0.222112 0.184231 -0.229746 0.287515 0.788885 0.543134 0.460278 
1533678385178 -0.0247224 0.573009 -0.819176 -0.645751 -0.957458 0.222095 0.18425 -0.229746 0.287512 0.788882 0.543141 0.460288 
1533678385194 -0.0247417 0.573023 -0.819165 -0.645746 -0.957455 0.222089 0.184275 -0.229747 0.287522 0.788873 0.543149 0.460297 
1533678385299 -0.025009 0.573087 -0.819113 -0.645712 -0.957531 0.2217 0.184346 -0.229729 0.287244 0.788936 0.543204 0.460365 
1533678385313 -0.0250044 0.57301 -0.819167 -0.645714 -0.957564 0.22163 0.18426 -0.229739 0.287135 0.789012 0.543152 0.46037 
1533678385333 -0.0249505 0.572897 -0.819247 -0.645718 -0.957564 0.221687 0.184188 -0.229746 0.287138 0.789078 0.543055 0.46037 
1533678385364 -0.024903 0.572772 -0.819336 -0.64572 -0.957561 0.221754 0.184125 -0.229751 0.287153 0.78915 0.542942 0.460368 
1533678385428 -0.0248989 0.572699 -0.819387 -0.645694 -0.957561 0.221772 0.184102 -0.229746 0.287152 0.789198 0.542873 0.460423 
1533678385450 -0.0249398 0.572626 -0.819437 -0.645675 -0.95762 0.221601 0.184001 -0.229767 0.286952 0.789299 0.542832 0.460444 
1533678385470 -0.0249636 0.572561 -0.819482 -0.645654 -0.957671 0.221463 0.183906 -0.229791 0.286782 0.789385 0.542796 0.460471 
1533678385507 -0.0250066 0.572497 -0.819526 -0.645607 -0.957703 0.221361 0.183859 -0.229806 0.28667 0.78946 0.542746 0.460529 
1533678385656 -0.0251666 0.572458 -0.819548 -0.645529 -0.957797 0.221012 0.18379 -0.229877 0.286341 0.789586 0.542736 0.460595 
1533678385762 -0.0252343 0.572376 -0.819603 -0.645601 -0.957703 0.221247 0.183995 -0.229973 0.286649 0.78958 0.542583 0.460486 
1533678385860 -0.0257004 0.572232 -0.819689 -0.645601 -0.957778 0.220786 0.184162 -0.230033 0.286359 0.789813 0.542396 0.460509 
1533678385953 -0.0258476 0.572125 -0.819759 -0.645496 -0.957817 0.220609 0.184168 -0.230269 0.286213 0.789939 0.542289 0.460573 
1533678386047 -0.0264001 0.571962 -0.819855 -0.645484 -0.957841 0.220237 0.184489 -0.230297 0.286083 0.790161 0.542035 0.460603 
1533678386146 -0.0268077 0.571809 -0.819949 -0.645459 -0.957872 0.219933 0.184692 -0.230378 0.285942 0.790357 0.541824 0.460632 
1533678386247 -0.0269822 0.571735 -0.819995 -0.645392 -0.95787 0.219845 0.184804 -0.230565 0.285931 0.790435 0.541716 0.460745 
1533678386343 -0.0272281 0.571653 -0.820043 -0.645336 -0.957887 0.219664 0.184933 -0.230719 0.285852 0.790544 0.541598 0.460827 
1533678386442 -0.0276516 0.571473 -0.820155 -0.645324 -0.957906 0.219387 0.185162 -0.230803 0.285746 0.790751 0.541352 0.460825 
1533678386482 -0.0277902 0.571442 -0.820172 -0.645312 -0.957939 0.219216 0.185194 -0.230843 0.285623 0.790821 0.541315 0.460837 
1533678386499 -0.0278454 0.571427 -0.82018 -0.645298 -0.95796 0.219129 0.185192 -0.230881 0.285549 0.790856 0.541302 0.460845 
1533678386647 -0.0279865 0.57132 -0.82025 -0.645243 -0.958014 0.218914 0.185164 -0.231083 0.285352 0.790993 0.541206 0.460886 
1533678386771 -0.0284558 0.571254 -0.82028 -0.645225 -0.958048 0.21854 0.185429 -0.231153 0.285191 0.791144 0.54107 0.460916 
1533678386891 -0.0286637 0.571034 -0.820426 -0.645127 -0.958086 0.218353 0.185452 -0.231441 0.285042 0.791354 0.540842 0.460946 
1533678387008 -0.0292088 0.57095 -0.820465 -0.645132 -0.958114 0.217953 0.18578 -0.231467 0.284894 0.791525 0.540669 0.460937 
1533678387126 -0.0296351 0.570725 -0.820606 -0.645089 -0.958149 0.217637 0.185967 -0.231625 0.284731 0.791774 0.540391 0.460946 
1533678387255 -0.0300182 0.570625 -0.820662 -0.64502 -0.958185 0.217318 0.186155 -0.231773 0.284569 0.791934 0.540241 0.461024 
1533678387391 -0.0304301 0.570531 -0.820712 -0.644971 -0.958196 0.21705 0.186413 -0.231903 0.28449 0.792075 0.540076 0.461078 
1533678387520 -0.0307931 0.570406 -0.820785 -0.644918 -0.958246 0.216709 0.186553 -0.232057 0.284283 0.792259 0.539916 0.461091 
1533678387548 -0.0308826 0.570387 -0.820795 -0.644903 -0.958251 0.216643 0.186604 -0.232093 0.284256 0.792291 0.539883 0.46109 
1533678387564 -0.0309223 0.57037 -0.820805 -0.644899 -0.95826 0.216597 0.186612 -0.232107 0.284222 0.792315 0.539865 0.461089 
1533678387580 -0.0309625 0.57034 -0.820825 -0.64489 -0.95827 0.21655 0.186614 -0.232134 0.284183 0.79235 0.539835 0.461087 
1533678387597 -0.0309659 0.570316 -0.820841 -0.644882 -0.95827 0.216554 0.186611 -0.232159 0.284184 0.792366 0.539811 0.461084 
1533678387614 -0.0309546 0.570299 -0.820854 -0.644874 -0.958268 0.216571 0.186602 -0.232181 0.284192 0.792374 0.539795 0.461084 
1533678387661 -0.0308472 0.570185 -0.820937 -0.644838 -0.958277 0.216639 0.186475 -0.232293 0.284172 0.792437 0.539712 0.461082 
1533678387739 -0.0310125 0.569869 -0.82115 -0.644634 -0.958282 0.216592 0.186504 -0.23248 0.284138 0.792677 0.539378 0.461132 
1533678387759 -0.0312488 0.569758 -0.821218 -0.64458 -0.958302 0.216412 0.186611 -0.23251 0.284044 0.792806 0.539237 0.461167 
1533678387774 -0.0314378 0.569688 -0.82126 -0.644541 -0.958285 0.216354 0.186763 -0.232512 0.284079 0.792872 0.539122 0.461196 
1533678387842 -0.0315342 0.569517 -0.821374 -0.644423 -0.95814 0.216737 0.187064 -0.232598 0.284558 0.792891 0.538843 0.461285 
1533678387869 -0.0316469 0.569417 -0.82144 -0.644384 -0.958185 0.216562 0.187034 -0.232673 0.284393 0.793011 0.538753 0.46129 
1533678387886 -0.0317337 0.569326 -0.821499 -0.644351 -0.958215 0.216445 0.187018 -0.232731 0.284283 0.793108 0.538668 0.461285 
1533678387902 -0.0317768 0.569243 -0.821555 -0.644316 -0.958234 0.216384 0.186993 -0.232793 0.284216 0.793184 0.538592 0.461281 
1533678387919 -0.0317715 0.569186 -0.821595 -0.644287 -0.958241 0.21638 0.18696 -0.232849 0.284192 0.793225 0.538543 0.461281 
1533678387979 -0.0316583 0.569129 -0.821639 -0.644204 -0.958195 0.216594 0.186949 -0.232941 0.28436 0.793208 0.538479 0.461304 
1533678388038 -0.0319907 0.56929 -0.821514 -0.644074 -0.958103 0.216603 0.18741 -0.232754 0.284633 0.79309 0.538509 0.461369 
1533678388075 -0.0320363 0.569341 -0.821477 -0.643905 -0.958042 0.216732 0.187573 -0.232789 0.284833 0.793018 0.538509 0.46142 
1533678388112 -0.0322018 0.569359 -0.821458 -0.643768 -0.958075 0.216529 0.187635 -0.232868 0.284701 0.793061 0.538517 0.461463 
1533678388157 -0.03241 0.56931 -0.821484 -0.643624 -0.958091 0.216363 0.187745 -0.23294 0.284624 0.793141 0.538439 0.461498 
1533678388193 -0.0324144 0.569214 -0.82155 -0.643494 -0.95807 0.216442 0.187763 -0.233055 0.284696 0.793189 0.538331 0.461512 
1533678388220 -0.03239 0.569142 -0.821601 -0.643384 -0.958058 0.216506 0.187748 -0.233162 0.284737 0.793223 0.538258 0.461524 
1533678388238 -0.0323762 0.569104 -0.821628 -0.643313 -0.95807 0.216492 0.187707 -0.233245 0.2847 0.793254 0.538232 0.461532 
1533678388253 -0.032354 0.569064 -0.821656 -0.643231 -0.958084 0.216474 0.187652 -0.233344 0.284653 0.793287 0.538208 0.461544 
1533678388270 -0.0323627 0.569049 -0.821667 -0.64319 -0.958091 0.216454 0.187642 -0.233385 0.284631 0.793304 0.538195 0.461552 
1533678388292 -0.0324752 0.56906 -0.821654 -0.643157 -0.958097 0.216364 0.187717 -0.233369 0.284599 0.79332 0.538188 0.461566 
1533678388397 -0.0332775 0.569136 -0.82157 -0.643016 -0.958101 0.215821 0.188316 -0.233142 0.28449 0.793414 0.538108 0.461692 
1533678388433 -0.0337397 0.569145 -0.821545 -0.642813 -0.958153 0.215379 0.188559 -0.233146 0.284261 0.793528 0.538061 0.461794 
1533678388474 -0.0337232 0.569088 -0.821585 -0.642669 -0.958119 0.215497 0.188596 -0.233256 0.284377 0.793536 0.537987 0.461876 
1533678388521 -0.0335717 0.569056 -0.821613 -0.642522 -0.958135 0.215558 0.188447 -0.233473 0.284342 0.793542 0.537996 0.461949 
1533678388556 -0.0336521 0.569051 -0.821613 -0.642352 -0.958147 0.215473 0.188481 -0.233595 0.28429 0.79357 0.537984 0.462005 
1533678388594 -0.0338455 0.569099 -0.821572 -0.64218 -0.958175 0.215261 0.188583 -0.233653 0.284175 0.793592 0.538011 0.462089 
1533678388610 -0.0339513 0.56913 -0.821546 -0.64213 -0.958185 0.215158 0.18865 -0.233648 0.284129 0.793598 0.538027 0.462123 
1533678388626 -0.0341304 0.569146 -0.821528 -0.642073 -0.958194 0.215015 0.188768 -0.233624 0.284078 0.793625 0.538014 0.462157 
1533678388643 -0.0342681 0.569146 -0.821522 -0.642033 -0.958198 0.214914 0.188861 -0.233604 0.284046 0.793653 0.53799 0.462174 
1533678388781 -0.0343687 0.569096 -0.821553 -0.641994 -0.958182 0.214907 0.188952 -0.233684 0.284089 0.793691 0.537911 0.462273 
1533678388815 -0.0347868 0.569175 -0.82148 -0.64185 -0.958205 0.214554 0.189233 -0.233637 0.283958 0.79373 0.537923 0.462353 
1533678388881 -0.0349973 0.56922 -0.82144 -0.64164 -0.958186 0.214461 0.189435 -0.233729 0.283997 0.793722 0.537913 0.462491 
1533678388991 -0.0355968 0.569164 -0.821453 -0.641334 -0.958217 0.214001 0.189799 -0.233843 0.283819 0.793886 0.537765 0.462637 
1533678389036 -0.0360234 0.569223 -0.821393 -0.64121 -0.958224 0.213693 0.190113 -0.23379 0.283742 0.793927 0.537745 0.462711 
1533678389070 -0.0362298 0.569246 -0.821369 -0.641106 -0.95823 0.213535 0.190256 -0.233815 0.283693 0.793954 0.537732 0.462764 
1533678389087 -0.0362466 0.569253 -0.821363 -0.641058 -0.958217 0.213559 0.190295 -0.233841 0.283736 0.793942 0.537727 0.462787 
1533678389103 -0.0362598 0.569261 -0.821357 -0.640998 -0.958199 0.2136 0.190341 -0.233875 0.283795 0.793925 0.53772 0.462814 
1533678389120 -0.0363099 0.569263 -0.821354 -0.640946 -0.958189 0.213596 0.190398 -0.233895 0.283824 0.793925 0.537705 0.462838 
1533678389138 -0.036351 0.569248 -0.821362 -0.640908 -0.958193 0.21356 0.190415 -0.233921 0.283803 0.793945 0.537686 0.46286 
1533678389243 -0.0367442 0.569208 -0.821372 -0.640869 -0.958227 0.213219 0.190627 -0.233872 0.283638 0.794065 0.537596 0.462959 
1533678389275 -0.0371234 0.569247 -0.821328 -0.640727 -0.958283 0.212807 0.190806 -0.233859 0.2834 0.794148 0.5376 0.463006 
1533678389319 -0.037291 0.569314 -0.821274 -0.640571 -0.958235 0.212817 0.191037 -0.233894 0.283541 0.794097 0.5376 0.463071 
1533678389368 -0.0374618 0.569326 -0.821258 -0.640429 -0.958238 0.212693 0.191157 -0.233967 0.283506 0.794122 0.537583 0.463145 
1533678389423 -0.0376908 0.569363 -0.821222 -0.64029 -0.958247 0.212511 0.191316 -0.234008 0.283447 0.794144 0.537581 0.463246 
1533678389457 -0.0379413 0.569372 -0.821204 -0.64019 -0.958267 0.212288 0.191461 -0.234022 0.283345 0.794197 0.537556 0.463303 
1533678389473 -0.0380331 0.569341 -0.821221 -0.64015 -0.958267 0.212237 0.191521 -0.234035 0.283335 0.794233 0.537509 0.463319 
1533678389490 -0.0381327 0.569319 -0.821232 -0.640099 -0.958254 0.212213 0.191612 -0.234047 0.283364 0.794255 0.53746 0.463339 
1533678389507 -0.0381962 0.569322 -0.821227 -0.640064 -0.958247 0.212191 0.191672 -0.234049 0.28338 0.794259 0.537446 0.463353 
1533678389523 -0.0382068 0.569326 -0.821224 -0.640037 -0.958235 0.212216 0.191703 -0.234062 0.283419 0.79425 0.537439 0.463367 
1533678389663 -0.0383143 0.569362 -0.821193 -0.639955 -0.958224 0.212167 0.191811 -0.234052 0.28344 0.794236 0.537448 0.463401 
1533678389682 -0.0385832 0.56938 -0.821168 -0.639887 -0.958289 0.211806 0.191887 -0.234055 0.283185 0.79432 0.537459 0.463412 
1533678389779 -0.038868 0.569434 -0.821118 -0.639635 -0.958269 0.211663 0.192145 -0.23416 0.283214 0.79432 0.537444 0.463539 
1533678389814 -0.0390043 0.569382 -0.821147 -0.63953 -0.958292 0.211521 0.192187 -0.234249 0.283117 0.794395 0.537384 0.463577 
1533678389851 -0.0392157 0.569343 -0.821164 -0.639451 -0.958314 0.211329 0.192288 -0.234285 0.283014 0.794474 0.537322 0.463616 
1533678389868 -0.0393643 0.569336 -0.821162 -0.639404 -0.95833 0.211187 0.192362 -0.234292 0.282938 0.794517 0.537298 0.463641 
1533678389884 -0.0394162 0.569338 -0.821158 -0.639378 -0.958328 0.211159 0.192404 -0.234294 0.282938 0.794523 0.537289 0.463655 
1533678389901 -0.039449 0.569344 -0.821152 -0.639333 -0.958303 0.211206 0.192477 -0.234298 0.283018 0.794506 0.537272 0.463679 
1533678389918 -0.0394638 0.56935 -0.821148 -0.639313 -0.958286 0.211242 0.192521 -0.234296 0.283073 0.794492 0.537264 0.463692 
1533678389935 -0.0394886 0.569367 -0.821134 -0.639304 -0.958265 0.211282 0.192585 -0.234276 0.283143 0.794469 0.537261 0.463711 
1533678390040 -0.0397101 0.569454 -0.821064 -0.639239 -0.95828 0.211072 0.192737 -0.234244 0.283058 0.794463 0.537315 0.4638 
1533678390063 -0.0399433 0.5695 -0.82102 -0.639154 -0.958307 0.210833 0.192867 -0.234236 0.282936 0.794493 0.537334 0.463832 
1533678390090 -0.0401471 0.569483 -0.821022 -0.639063 -0.958297 0.210729 0.193027 -0.234247 0.282939 0.794533 0.537274 0.463861 
1533678390143 -0.0402517 0.569428 -0.821055 -0.638931 -0.958256 0.21079 0.193167 -0.234331 0.283065 0.794556 0.537173 0.463914 
1533678390180 -0.0403044 0.569348 -0.821108 -0.638857 -0.958277 0.210714 0.193144 -0.234432 0.282985 0.794633 0.537101 0.463949 
1533678390197 -0.040335 0.569334 -0.821116 -0.638801 -0.958298 0.210639 0.193124 -0.234498 0.282911 0.794663 0.537096 0.463983 
1533678390213 -0.0403749 0.569361 -0.821096 -0.638756 -0.958312 0.210567 0.193133 -0.234529 0.282858 0.794663 0.537124 0.464018 
1533678390230 -0.0404249 0.569389 -0.821074 -0.638729 -0.958319 0.210508 0.193163 -0.234534 0.282827 0.794659 0.537146 0.464046 
1533678390247 -0.0404821 0.569416 -0.821052 -0.638718 -0.958314 0.210477 0.19322 -0.234514 0.282835 0.794648 0.537159 0.464068 
1533678390263 -0.0405359 0.569441 -0.821032 -0.638714 -0.958305 0.210461 0.193282 -0.234482 0.282858 0.794634 0.537166 0.464084 
1533678390380 -0.0408275 0.569625 -0.82089 -0.638619 -0.958195 0.210532 0.193747 -0.234307 0.283186 0.794483 0.537217 0.464209 
1533678390424 -0.0410918 0.569642 -0.820865 -0.638499 -0.95827 0.210142 0.193799 -0.234387 0.282894 0.794574 0.537236 0.464277 
1533678390456 -0.0411911 0.569668 -0.820842 -0.638425 -0.958288 0.210022 0.193845 -0.234431 0.282822 0.794587 0.537255 0.464323 
1533678390490 -0.0411963 0.569676 -0.820836 -0.638352 -0.958285 0.210024 0.193855 -0.234485 0.282829 0.794581 0.53726 0.464351 
1533678390507 -0.0412191 0.56967 -0.820839 -0.638318 -0.958295 0.209982 0.193851 -0.234513 0.282792 0.794597 0.537256 0.464359 
1533678390523 -0.0412766 0.569659 -0.820844 -0.638281 -0.95831 0.209906 0.193862 -0.234538 0.282735 0.794625 0.537245 0.464368 
1533678390543 -0.0413901 0.569655 -0.820841 -0.638241 -0.95833 0.209775 0.193904 -0.234548 0.28265 0.794662 0.537235 0.46438 
1533678390560 -0.0414804 0.569662 -0.820832 -0.638216 -0.958341 0.209681 0.193949 -0.234543 0.282599 0.794682 0.537233 0.464391 
1533678390704 -0.0416123 0.569739 -0.820772 -0.638124 -0.958243 0.209852 0.194251 -0.234499 0.282912 0.794582 0.537215 0.464497 
1533678390724 -0.0418236 0.569708 -0.820782 -0.638079 -0.958288 0.209592 0.194309 -0.234513 0.282729 0.794672 0.537178 0.464513 
1533678390748 -0.041985 0.569684 -0.82079 -0.638024 -0.958322 0.209393 0.194353 -0.234541 0.282588 0.794742 0.53715 0.464534 
1533678390785 -0.0420827 0.569668 -0.820797 -0.637937 -0.958351 0.20925 0.194364 -0.234616 0.282475 0.794791 0.537136 0.464573 
1533678390812 -0.0421436 0.569671 -0.820792 -0.637886 -0.958359 0.209187 0.194393 -0.234653 0.282439 0.794806 0.537133 0.464599 
1533678390829 -0.0421866 0.56968 -0.820783 -0.637858 -0.958357 0.209162 0.194431 -0.234663 0.28244 0.794805 0.537133 0.464616 
1533678390845 -0.0422552 0.569692 -0.820772 -0.63783 -0.958356 0.209116 0.194484 -0.234661 0.282432 0.79481 0.537131 0.464632 
1533678390862 -0.0423327 0.569705 -0.820758 -0.637798 -0.958351 0.209074 0.194552 -0.234654 0.282437 0.794811 0.537127 0.464648 
1533678390879 -0.0423858 0.569724 -0.820742 -0.637771 -0.958341 0.209063 0.194615 -0.234647 0.282464 0.7948 0.537129 0.464663 
1533678390895 -0.0424047 0.569743 -0.820728 -0.63775 -0.95833 0.209079 0.194655 -0.234644 0.2825 0.794782 0.537136 0.464677 
1533678390912 -0.0424144 0.569759 -0.820716 -0.637734 -0.958319 0.209098 0.194686 -0.23464 0.282534 0.794766 0.537143 0.46469 
1533678391023 -0.042518 0.569798 -0.820684 -0.637678 -0.958306 0.209058 0.194796 -0.234633 0.282565 0.794749 0.537151 0.464735 
1533678391056 -0.0428877 0.569746 -0.820701 -0.637598 -0.95837 0.208641 0.194924 -0.234636 0.282289 0.794895 0.53708 0.464748 
1533678391083 -0.0430651 0.569697 -0.820725 -0.637539 -0.958395 0.208464 0.194992 -0.234655 0.282178 0.794977 0.537018 0.464756 
1533678391099 -0.0431478 0.569664 -0.820744 -0.6375 -0.958402 0.208397 0.195029 -0.234673 0.282142 0.795018 0.536975 0.464763 
1533678391116 -0.0431558 0.56966 -0.820747 -0.637462 -0.958394 0.208415 0.195049 -0.234695 0.282168 0.795016 0.536964 0.464774 
1533678391133 -0.0431753 0.56968 -0.820731 -0.637425 -0.958397 0.208389 0.195063 -0.234712 0.282155 0.795008 0.536983 0.464787 
1533678391149 -0.0432317 0.569697 -0.820717 -0.637398 -0.95841 0.208309 0.195082 -0.23472 0.2821 0.795017 0.536998 0.464798 
1533678391166 -0.0432929 0.569709 -0.820705 -0.637383 -0.958426 0.208222 0.195099 -0.23472 0.282038 0.795031 0.53701 0.464806 
1533678391183 -0.0433203 0.569712 -0.820702 -0.63738 -0.95844 0.208163 0.195092 -0.234729 0.281986 0.795045 0.537017 0.464812 
1533678391199 -0.0433273 0.569718 -0.820697 -0.637382 -0.958445 0.208142 0.195089 -0.234733 0.281967 0.795046 0.537025 0.464819 
1533678391293 -0.0433356 0.56984 -0.820612 -0.63731 -0.958382 0.208284 0.195245 -0.234699 0.282179 0.794921 0.537098 0.464894 
1533678391317 -0.0435057 0.56987 -0.820583 -0.637231 -0.958396 0.208126 0.19535 -0.234702 0.282108 0.794942 0.537106 0.464936 
1533678391347 -0.0436932 0.569847 -0.820588 -0.637155 -0.958413 0.207956 0.195444 -0.234726 0.28202 0.795002 0.537063 0.464969 
1533678391363 -0.0437612 0.569833 -0.820594 -0.637081 -0.958416 0.207905 0.195483 -0.234777 0.281998 0.795026 0.537039 0.464997 
1533678391380 -0.0437892 0.569828 -0.820597 -0.637027 -0.958419 0.207879 0.195496 -0.23482 0.281984 0.795036 0.537031 0.465016 
1533678391397 -0.0437843 0.569819 -0.820603 -0.636998 -0.958409 0.207913 0.19551 -0.23485 0.282019 0.795034 0.537016 0.465034 
1533678391413 -0.0437891 0.569809 -0.820609 -0.636992 -0.958392 0.207961 0.195544 -0.234856 0.282077 0.795028 0.536994 0.465051 
1533678391430 -0.0438192 0.569811 -0.820607 -0.636995 -0.95838 0.207973 0.195588 -0.234841 0.282113 0.795024 0.536982 0.465061 
1533678391447 -0.0438676 0.569837 -0.820586 -0.637007 -0.958376 0.207946 0.195637 -0.234803 0.282118 0.795013 0.536996 0.465073 
1533678391463 -0.0439138 0.569869 -0.820561 -0.637022 -0.958374 0.207912 0.195681 -0.234757 0.282117 0.794998 0.537017 0.465086 
1533678391480 -0.0439654 0.569891 -0.820543 -0.637035 -0.95837 0.207885 0.195732 -0.234715 0.282124 0.794989 0.537027 0.465097 
1533678391572 -0.0439512 0.569972 -0.820488 -0.636909 -0.958372 0.207868 0.195738 -0.234769 0.282118 0.794936 0.537109 0.465161 
1533678391599 -0.0441626 0.569967 -0.82048 -0.636808 -0.95847 0.207452 0.195702 -0.234848 0.281754 0.795048 0.537135 0.465191 
1533678391615 -0.0442697 0.569964 -0.820476 -0.636758 -0.958492 0.207319 0.195736 -0.234871 0.281663 0.795084 0.537128 0.465207 
1533678391633 -0.0443677 0.569939 -0.820488 -0.636727 -0.958488 0.20727 0.195807 -0.234875 0.281661 0.795115 0.537084 0.465216 
1533678391652 -0.0444231 0.569918 -0.8205 -0.636691 -0.95845 0.207345 0.195913 -0.234869 0.281781 0.795111 0.537027 0.465227 
1533678391669 -0.044436 0.569908 -0.820506 -0.636672 -0.958414 0.207439 0.195988 -0.234861 0.2819 0.795094 0.53699 0.465234 
1533678391686 -0.0444059 0.569903 -0.820511 -0.636681 -0.958406 0.207483 0.195981 -0.234865 0.281932 0.795086 0.536985 0.465241 
1533678391702 -0.0443743 0.56991 -0.820508 -0.636697 -0.958411 0.207488 0.19595 -0.23487 0.281919 0.795079 0.537002 0.46525 
1533678391812 -0.0444298 0.569979 -0.820457 -0.636689 -0.958407 0.207447 0.196015 -0.234817 0.281926 0.795041 0.537055 0.465297 
1533678391826 -0.0445754 0.569986 -0.820445 -0.636658 -0.958451 0.207222 0.196037 -0.234827 0.281752 0.795094 0.537066 0.465308 
1533678391856 -0.0447105 0.570056 -0.820389 -0.636564 -0.95845 0.207117 0.196152 -0.234853 0.281734 0.795072 0.53711 0.465337 
1533678391872 -0.0447256 0.570091 -0.820363 -0.63652 -0.958435 0.20714 0.1962 -0.234874 0.281782 0.795041 0.537131 0.465353 
1533678391889 -0.0447558 0.570111 -0.820348 -0.636486 -0.958434 0.20712 0.19623 -0.234891 0.281783 0.795032 0.537143 0.465365 
1533678391906 -0.0448433 0.570071 -0.820371 -0.636457 -0.958442 0.207048 0.196267 -0.234902 0.281743 0.795079 0.537095 0.46537 
1533678391922 -0.0449053 0.569992 -0.820423 -0.636445 -0.958431 0.207056 0.196312 -0.234906 0.281769 0.795134 0.537 0.465365 
1533678391939 -0.0449604 0.569916 -0.820472 -0.636437 -0.958425 0.207053 0.196343 -0.234908 0.28178 0.795188 0.536913 0.465361 
1533678391956 -0.0449744 0.569881 -0.820496 -0.63644 -0.958426 0.207049 0.196342 -0.234914 0.281774 0.795215 0.536877 0.465361 
1533678391972 -0.0449766 0.569865 -0.820507 -0.63645 -0.958447 0.206993 0.196301 -0.234921 0.281704 0.795241 0.536875 0.465364 
1533678392075 -0.0450401 0.569959 -0.820438 -0.636404 -0.958427 0.206983 0.196407 -0.234882 0.281761 0.795176 0.536942 0.46542 
1533678392112 -0.0453182 0.570071 -0.820344 -0.636278 -0.958433 0.206751 0.196622 -0.23488 0.281695 0.795156 0.537006 0.465473 
1533678392129 -0.045353 0.570117 -0.820311 -0.63621 -0.958422 0.206747 0.196678 -0.23491 0.281726 0.795124 0.537036 0.46551 
1533678392149 -0.0453363 0.570127 -0.820305 -0.636149 -0.958431 0.206731 0.196652 -0.234971 0.281699 0.795121 0.537055 0.465541 
1533678392166 -0.0453087 0.570109 -0.820319 -0.636134 -0.958436 0.206739 0.196618 -0.235009 0.281686 0.795132 0.537046 0.465555 
1533678392182 -0.0452777 0.570036 -0.820371 -0.636151 -0.958429 0.206797 0.196591 -0.235036 0.281715 0.795169 0.536976 0.465561 
1533678392199 -0.0452811 0.569982 -0.820409 -0.636168 -0.958416 0.206847 0.196606 -0.235036 0.281761 0.795195 0.536913 0.465563 
1533678392216 -0.0453507 0.569948 -0.820428 -0.636191 -0.958414 0.206813 0.19665 -0.234999 0.281755 0.795228 0.536867 0.465566 
1533678392232 -0.0453779 0.569936 -0.820435 -0.636211 -0.9584 0.206836 0.196692 -0.234953 0.281797 0.795231 0.536841 0.465563 
1533678392313 -0.0455618 0.569877 -0.820466 -0.636202 -0.958411 0.206695 0.196788 -0.234904 0.281732 0.795309 0.536759 0.465548 
1533678392336 -0.045699 0.569881 -0.820455 -0.636126 -0.95844 0.206518 0.19683 -0.234957 0.281609 0.795352 0.53676 0.465555 
1533678392353 -0.0457478 0.569897 -0.820441 -0.63607 -0.958441 0.206479 0.196867 -0.234991 0.281598 0.795351 0.536767 0.465561 
1533678392369 -0.0457591 0.569915 -0.820429 -0.636015 -0.958437 0.20648 0.196889 -0.235029 0.281612 0.795339 0.536779 0.465568 
1533678392386 -0.0457753 0.569918 -0.820426 -0.635968 -0.958441 0.206455 0.196892 -0.235064 0.281593 0.795343 0.536782 0.465575 
1533678392403 -0.0458107 0.569921 -0.820421 -0.635953 -0.958444 0.206422 0.196912 -0.235058 0.281577 0.795349 0.536781 0.465581 
1533678392423 -0.0457989 0.569911 -0.820429 -0.635962 -0.958443 0.206436 0.196904 -0.235056 0.281583 0.795353 0.536773 0.465584 
1533678392440 -0.0457986 0.56991 -0.82043 -0.635979 -0.958435 0.206459 0.196919 -0.235034 0.281611 0.795347 0.536766 0.465586 
1533678392456 -0.0458115 0.569883 -0.820448 -0.636014 -0.958447 0.206422 0.196898 -0.235009 0.281567 0.795376 0.536747 0.465584 
1533678392550 -0.0458862 0.569891 -0.820438 -0.635994 -0.958426 0.20643 0.196993 -0.23496 0.281627 0.795369 0.536726 0.465606 
1533678392574 -0.0460393 0.569925 -0.820406 -0.635921 -0.958444 0.206268 0.197077 -0.23499 0.281543 0.795386 0.536745 0.465642 
1533678392590 -0.0461573 0.569964 -0.820372 -0.635867 -0.958449 0.206163 0.197161 -0.235002 0.281505 0.795386 0.536765 0.46568 
1533678392610 -0.0462502 0.569999 -0.820342 -0.635825 -0.958445 0.206104 0.197243 -0.235003 0.281504 0.795375 0.536781 0.465717 
1533678392627 -0.0462624 0.570019 -0.820328 -0.635799 -0.958424 0.20615 0.197297 -0.234995 0.281573 0.795349 0.536783 0.465743 
1533678392644 -0.0462696 0.570027 -0.820322 -0.635783 -0.95841 0.206182 0.197331 -0.234988 0.28162 0.795335 0.53678 0.465761 
1533678392661 -0.0462484 0.570018 -0.82033 -0.635779 -0.958412 0.206194 0.19731 -0.235 0.281617 0.795339 0.536776 0.465763 
1533678392677 -0.046172 0.569991 -0.820353 -0.635785 -0.958414 0.206247 0.197245 -0.235025 0.281623 0.795345 0.536764 0.465757 
1533678392694 -0.046082 0.569959 -0.82038 -0.635794 -0.958413 0.206317 0.197174 -0.235044 0.28164 0.795349 0.536749 0.465748 
1533678392711 -0.0460264 0.569934 -0.820401 -0.6358 -0.958416 0.206352 0.197123 -0.235052 0.281639 0.795358 0.536736 0.465733 
1533678392737 -0.0460054 0.569893 -0.82043 -0.635803 -0.958438 0.206314 0.197055 -0.235058 0.281566 0.795397 0.536715 0.465709 
1533678392754 -0.0460366 0.569883 -0.820435 -0.635801 -0.958449 0.206264 0.197054 -0.235057 0.281524 0.795417 0.536708 0.465702 
1533678392771 -0.0460914 0.569883 -0.820432 -0.635793 -0.958456 0.206207 0.197079 -0.235048 0.281491 0.795432 0.536703 0.465701 
1533678392787 -0.0462262 0.569884 -0.820424 -0.635768 -0.958489 0.206021 0.197112 -0.235039 0.281356 0.795479 0.536704 0.465704 
1533678392804 -0.0464268 0.569904 -0.820399 -0.63572 -0.958527 0.205773 0.197187 -0.235022 0.281193 0.79553 0.536715 0.46571 
1533678392821 -0.046537 0.569926 -0.820377 -0.635685 -0.958545 0.205643 0.197237 -0.235017 0.281115 0.795548 0.536729 0.465717 
1533678392837 -0.0465508 0.569937 -0.820368 -0.635665 -0.958541 0.205642 0.197257 -0.23502 0.281126 0.795539 0.536736 0.46572 
1533678392854 -0.0465252 0.569947 -0.820363 -0.635647 -0.958527 0.205696 0.197268 -0.235027 0.281178 0.795518 0.53674 0.465724 
1533678392871 -0.0464863 0.569947 -0.820366 -0.635637 -0.95852 0.205744 0.197255 -0.235046 0.28121 0.795506 0.536741 0.46573 
1533678392887 -0.0464241 0.569942 -0.820372 -0.635629 -0.958507 0.205822 0.197233 -0.235072 0.281262 0.795489 0.536738 0.465739 
1533678392914 -0.0463281 0.569934 -0.820384 -0.635608 -0.958482 0.205961 0.197211 -0.235115 0.281364 0.795459 0.536729 0.465763 
1533678392935 -0.0462981 0.569929 -0.820389 -0.635591 -0.958472 0.206011 0.197208 -0.235142 0.281403 0.79545 0.536723 0.465785 
1533678392952 -0.0463331 0.569933 -0.820384 -0.635569 -0.958463 0.206012 0.197251 -0.235137 0.281429 0.795447 0.536714 0.465798 
1533678392969 -0.046425 0.569938 -0.820375 -0.635544 -0.958464 0.205944 0.197315 -0.235118 0.281408 0.79546 0.536705 0.465807 
1533678392989 -0.0466062 0.569935 -0.820367 -0.635515 -0.958495 0.205736 0.197384 -0.235098 0.281275 0.795517 0.536691 0.465815 
1533678393006 -0.0466946 0.569927 -0.820368 -0.635498 -0.958504 0.205651 0.197427 -0.235087 0.281228 0.795545 0.536674 0.46582 
1533678393022 -0.0467548 0.569918 -0.820371 -0.635485 -0.958508 0.205602 0.197461 -0.23508 0.281206 0.795564 0.536658 0.465823 
1533678393039 -0.0467945 0.569905 -0.820377 -0.635473 -0.958509 0.205574 0.197483 -0.235079 0.281195 0.79558 0.53664 0.465826 
1533678393066 -0.0468082 0.569851 -0.820414 -0.635461 -0.958522 0.205541 0.197454 -0.23512 0.281148 0.795627 0.536594 0.465829 
1533678393082 -0.0468218 0.569816 -0.820437 -0.635449 -0.958535 0.205502 0.19743 -0.235153 0.281101 0.795662 0.536567 0.465832 
1533678393099 -0.046861 0.56977 -0.820467 -0.63543 -0.958564 0.205405 0.197391 -0.235201 0.280996 0.79572 0.536536 0.465837 
1533678393116 -0.0469014 0.569714 -0.820503 -0.635403 -0.958595 0.205304 0.197348 -0.235265 0.280885 0.795786 0.536496 0.465854 
1533678393132 -0.0469341 0.569668 -0.820534 -0.635375 -0.958609 0.205253 0.197332 -0.235313 0.28083 0.795833 0.536456 0.465872 
1533678393149 -0.0469833 0.569661 -0.820536 -0.635358 -0.958616 0.205203 0.197353 -0.235322 0.2808 0.795851 0.536444 0.465891 
1533678393166 -0.047026 0.569686 -0.820516 -0.635349 -0.958612 0.205177 0.197396 -0.235308 0.280805 0.795839 0.53646 0.465915 
1533678393183 -0.0470466 0.569721 -0.82049 -0.635346 -0.958593 0.205208 0.197455 -0.235277 0.280865 0.795806 0.536477 0.465934 
1533678393199 -0.0470691 0.569768 -0.820457 -0.635346 -0.958567 0.205257 0.197533 -0.23523 0.280952 0.79576 0.536499 0.465953 
1533678393216 -0.0470956 0.569802 -0.820431 -0.635345 -0.958544 0.205296 0.197605 -0.235191 0.281026 0.795726 0.536512 0.46597 
1533678393249 -0.04705 0.569861 -0.820393 -0.635332 -0.958485 0.20548 0.1977 -0.235138 0.281235 0.795636 0.536535 0.465985 
1533678393266 -0.0470789 0.569877 -0.82038 -0.635325 -0.95848 0.205471 0.197734 -0.235121 0.281248 0.795627 0.536542 0.465989 
1533678393305 -0.0473051 0.569919 -0.820338 -0.635289 -0.95852 0.205192 0.197828 -0.235084 0.281072 0.795669 0.536572 0.466005 
1533678393332 -0.0475259 0.569916 -0.820327 -0.635262 -0.958598 0.20482 0.197834 -0.235097 0.280768 0.795767 0.536586 0.466012 
1533678393377 -0.047593 0.569904 -0.820332 -0.635192 -0.95865 0.204631 0.19778 -0.23518 0.280581 0.795824 0.536599 0.466027 
1533678393425 -0.0476901 0.569768 -0.82042 -0.63509 -0.958624 0.204671 0.197864 -0.235289 0.280653 0.795911 0.536433 0.466067 
1533678393456 -0.0478554 0.569731 -0.820437 -0.635026 -0.958604 0.204622 0.198009 -0.23532 0.280692 0.79595 0.536355 0.466123 
1533678393488 -0.0480654 0.569732 -0.820424 -0.63498 -0.95859 0.20452 0.198186 -0.235305 0.280706 0.795976 0.536308 0.466174 
1533678393519 -0.0482113 0.569775 -0.820385 -0.634922 -0.958599 0.204384 0.198282 -0.235315 0.28065 0.79598 0.536332 0.46622 
1533678393552 -0.0482354 0.569792 -0.820372 -0.634844 -0.958608 0.204337 0.198286 -0.235393 0.280614 0.795979 0.536351 0.466262 
1533678393573 -0.0482655 0.56979 -0.820372 -0.63479 -0.958617 0.20429 0.198288 -0.235445 0.280576 0.795993 0.53635 0.466284 
1533678393589 -0.0483065 0.569794 -0.820367 -0.634743 -0.958618 0.204258 0.198317 -0.235473 0.280567 0.795998 0.536348 0.466301 
1533678393606 -0.048334 0.569799 -0.820362 -0.634705 -0.958614 0.204251 0.198346 -0.235493 0.280577 0.795997 0.536345 0.466314 
1533678393631 -0.0483576 0.569792 -0.820365 -0.634662 -0.95861 0.204248 0.198369 -0.235517 0.280587 0.796002 0.536331 0.466327 
1533678393743 -0.0489195 0.569756 -0.820357 -0.634615 -0.958633 0.203804 0.198712 -0.235375 0.280409 0.796142 0.536217 0.466372 
1533678393764 -0.0490933 0.56975 -0.82035 -0.634569 -0.958659 0.203613 0.198784 -0.235392 0.280291 0.796195 0.5362 0.466404 
1533678393788 -0.0491795 0.569773 -0.820329 -0.634495 -0.958657 0.203553 0.198853 -0.235446 0.280282 0.796194 0.536206 0.466459 
1533678393860 -0.0491536 0.569744 -0.820351 -0.634285 -0.958566 0.203838 0.199003 -0.235604 0.280599 0.796142 0.536118 0.466598 
1533678393893 -0.049402 0.569723 -0.82035 -0.634216 -0.958605 0.203561 0.199098 -0.235621 0.280422 0.796228 0.536083 0.466644 
1533678393910 -0.0495464 0.569721 -0.820343 -0.634188 -0.95861 0.203447 0.199189 -0.235599 0.280379 0.796258 0.53606 0.466658 
1533678393927 -0.0496017 0.56972 -0.820341 -0.634178 -0.958609 0.203412 0.19923 -0.235588 0.280372 0.796268 0.536049 0.466662 
1533678393943 -0.0496017 0.56972 -0.820341 -0.634178 -0.958609 0.203412 0.19923 -0.235588 0.280372 0.796268 0.536049 0.466662 
1533678393967 -0.0496245 0.569718 -0.820341 -0.634175 -0.958609 0.203397 0.199246 -0.235583 0.280369 0.796273 0.536043 0.466664 
1533678394086 -0.0496263 0.569732 -0.820331 -0.634052 -0.958552 0.203554 0.199359 -0.235712 0.280563 0.796223 0.536016 0.46679 
1533678394109 -0.0497601 0.569732 -0.820323 -0.633993 -0.958611 0.203294 0.199341 -0.235777 0.280338 0.796289 0.536036 0.466818 
1533678394148 -0.0498604 0.569752 -0.820303 -0.63389 -0.958649 0.203111 0.199343 -0.235867 0.280189 0.796322 0.536065 0.466871 
1533678394220 -0.0502235 0.56957 -0.820407 -0.633816 -0.958612 0.20301 0.199624 -0.235858 0.28025 0.796478 0.535801 0.466864 
1533678394250 -0.0504313 0.569586 -0.820383 -0.633778 -0.958659 0.202728 0.199684 -0.235869 0.280051 0.796538 0.535815 0.46688 
1533678394277 -0.0505716 0.569599 -0.820365 -0.633729 -0.958692 0.202534 0.199723 -0.2359 0.279914 0.796578 0.535828 0.466897 
1533678394293 -0.0505348 0.569614 -0.820357 -0.633695 -0.958673 0.202612 0.199738 -0.235926 0.279988 0.796548 0.535835 0.466909 
1533678394309 -0.0505069 0.569624 -0.820352 -0.633668 -0.95866 0.202663 0.199744 -0.23595 0.280034 0.796528 0.53584 0.46692 
1533678394326 -0.0504864 0.569628 -0.820351 -0.633643 -0.958656 0.20269 0.19974 -0.235979 0.280055 0.796518 0.535844 0.466928 
1533678394343 -0.0504747 0.569626 -0.820353 -0.633617 -0.958659 0.202689 0.199725 -0.236012 0.280046 0.796519 0.535846 0.466936 
1533678394359 -0.0505121 0.569629 -0.820349 -0.633604 -0.958669 0.202635 0.199733 -0.23602 0.280005 0.796531 0.53585 0.466942 
1533678394376 -0.0505653 0.569639 -0.820338 -0.633601 -0.958674 0.202581 0.199763 -0.236008 0.279978 0.796538 0.535854 0.466951 
1533678394436 -0.0508442 0.569653 -0.820311 -0.633561 -0.95868 0.202366 0.199951 -0.235924 0.279906 0.796583 0.535825 0.466979 
1533678394463 -0.0511343 0.56963 -0.820309 -0.633484 -0.958708 0.202091 0.200096 -0.235891 0.279758 0.796668 0.535775 0.466996 
1533678394488 -0.0513803 0.569633 -0.820292 -0.633388 -0.958734 0.201846 0.200219 -0.235879 0.279624 0.796729 0.535755 0.467025 
1533678394531 -0.05153 0.569689 -0.820243 -0.633251 -0.958712 0.20179 0.20038 -0.235914 0.279671 0.796702 0.53577 0.467098 
1533678394715 -0.0512551 0.570426 -0.819748 -0.633206 -0.958595 0.202135 0.200594 -0.235825 0.280124 0.796087 0.536447 0.467099 
1533678394959 -0.0497598 0.572311 -0.818525 -0.633132 -0.957962 0.204496 0.20122 -0.235728 0.282545 0.794129 0.538077 0.466782 
1533678395128 -0.0492499 0.57323 -0.817913 -0.633032 -0.957665 0.205455 0.201657 -0.235654 0.28364 0.793219 0.538844 0.466545 
1533678395297 -0.0486521 0.574174 -0.817286 -0.632882 -0.957388 0.206406 0.202 -0.235667 0.284677 0.792288 0.539666 0.466433 
1533678395467 -0.0479611 0.575278 -0.81655 -0.632769 -0.957092 0.20743 0.202355 -0.235623 0.285787 0.791219 0.540646 0.466342 
1533678395632 -0.0475038 0.576257 -0.815887 -0.632697 -0.956812 0.208273 0.202811 -0.235522 0.286799 0.790285 0.541476 0.466215 
1533678395801 -0.0468049 0.577322 -0.815174 -0.632576 -0.956528 0.209268 0.203128 -0.235526 0.28786 0.789244 0.54243 0.466107 
1533678395968 -0.0461476 0.578287 -0.814527 -0.632483 -0.956156 0.210494 0.203615 -0.235445 0.289201 0.788211 0.543218 0.465994 
