1535148775740 0.153449 0.944681 -0.289883 -0.495475 -0.961534 0.210381 0.17661 -0.161858 0.227826 0.251631 0.940626 0.449687 
1535148781017 0.15345 0.944681 -0.289882 -0.495475 -0.961534 0.210381 0.17661 -0.161857 0.227826 0.251631 0.940626 0.449688 
1535148782219 0.173781 0.941929 -0.287348 -0.523148 -0.957578 0.229739 0.173967 -0.178068 0.22988 0.244926 0.941895 0.434832 
1535148783509 0.193609 0.938815 -0.284853 -0.551133 -0.953367 0.248556 0.171203 -0.194336 0.23153 0.238423 0.943159 0.419415 
1535148785184 0.223219 0.933544 -0.280479 -0.593091 -0.94638 0.276489 0.167091 -0.218686 0.233536 0.228142 0.945205 0.396487 
1535148786591 0.242324 0.929536 -0.277925 -0.621098 -0.941328 0.294619 0.164623 -0.234802 0.234905 0.221726 0.946392 0.380893 
1535148787091 0.239254 0.930374 -0.277781 -0.618699 -0.942224 0.291553 0.164956 -0.232904 0.234458 0.222266 0.946376 0.381927 
1535148787883 0.246478 0.928601 -0.277396 -0.626612 -0.940159 0.298585 0.164162 -0.23809 0.235267 0.220334 0.946627 0.377827 
1535148788477 0.24927 0.928013 -0.276868 -0.630827 -0.939382 0.3012 0.163826 -0.240492 0.235426 0.219248 0.946839 0.375346 
1535148789073 0.244657 0.927864 -0.281446 -0.627508 -0.940487 0.297698 0.163891 -0.238549 0.235854 0.224599 0.945478 0.377513 
1535148789363 0.244529 0.926598 -0.285693 -0.627772 -0.940253 0.298583 0.163626 -0.239224 0.236918 0.228613 0.944249 0.37775 
1535148789611 0.243754 0.925855 -0.288749 -0.628205 -0.940333 0.298499 0.163316 -0.239699 0.237398 0.231712 0.943373 0.377738 
1535148789788 0.243655 0.925405 -0.290272 -0.628452 -0.940221 0.298808 0.163397 -0.240024 0.237944 0.233107 0.942891 0.377849 
1535148789896 0.243285 0.925117 -0.291496 -0.628617 -0.940319 0.298669 0.163085 -0.240161 0.237934 0.234423 0.942567 0.377766 
1535148790112 0.243423 0.925342 -0.290668 -0.628787 -0.940205 0.298731 0.163629 -0.240257 0.238244 0.233456 0.942729 0.377727 
1535148790324 0.243236 0.925476 -0.290397 -0.62928 -0.940229 0.298529 0.16386 -0.240531 0.238341 0.233183 0.942772 0.377579 
1535148790543 0.243142 0.925445 -0.290576 -0.629734 -0.940221 0.298503 0.163953 -0.241022 0.238467 0.233342 0.942701 0.377325 
1535148790840 0.242553 0.925567 -0.290679 -0.630752 -0.940249 0.298081 0.164558 -0.241687 0.238955 0.233397 0.942564 0.376955 
1535148791074 0.242202 0.925582 -0.290923 -0.631284 -0.940266 0.297862 0.164858 -0.24209 0.239244 0.233616 0.942436 0.376654 
1535148791315 0.242045 0.925627 -0.290911 -0.63171 -0.940262 0.297753 0.165076 -0.242473 0.239419 0.233577 0.942401 0.376457 
1535148791641 0.241438 0.925719 -0.291123 -0.632759 -0.940312 0.297316 0.165581 -0.243066 0.239837 0.233769 0.942247 0.376026 
1535148792038 0.240939 0.925814 -0.291235 -0.63298 -0.940387 0.296912 0.165877 -0.243088 0.240042 0.233907 0.942161 0.375825 
1535148792061 0.240938 0.925814 -0.291233 -0.63298 -0.940388 0.29691 0.165877 -0.243088 0.240041 0.233906 0.942161 0.375825 
1535148792264 0.241388 0.925965 -0.29038 -0.632988 -0.940369 0.297092 0.165656 -0.243392 0.239662 0.233077 0.942463 0.37586 
1535148792434 0.24093 0.926257 -0.289828 -0.633238 -0.940588 0.296459 0.165549 -0.243373 0.239263 0.232723 0.942652 0.375633 
1535148792674 0.241221 0.926531 -0.28871 -0.63357 -0.940555 0.296496 0.165672 -0.243913 0.239101 0.231584 0.942974 0.375449 
1535148792843 0.240954 0.926837 -0.287947 -0.633816 -0.940722 0.29601 0.165592 -0.243975 0.238712 0.230978 0.943221 0.375276 
1535148793018 0.240787 0.927046 -0.287416 -0.634008 -0.940835 0.295687 0.165525 -0.244123 0.238434 0.230554 0.943395 0.375101 
1535148793257 0.240868 0.927368 -0.286306 -0.634367 -0.940894 0.295489 0.165543 -0.244559 0.23812 0.22951 0.943729 0.374889 
1535148793641 0.2406 0.927584 -0.285831 -0.634526 -0.94101 0.295103 0.165573 -0.244587 0.237932 0.229133 0.943868 0.374724 
1535148793656 0.2406 0.927585 -0.28583 -0.634503 -0.941014 0.295098 0.165556 -0.244588 0.237915 0.229137 0.943871 0.374746 
1535148793694 0.240614 0.927556 -0.285909 -0.634407 -0.941002 0.295135 0.165562 -0.24452 0.23795 0.229205 0.943846 0.37483 
1535148793815 0.241537 0.927351 -0.285797 -0.634396 -0.940746 0.296014 0.165449 -0.244718 0.238029 0.2289 0.9439 0.374864 
1535148793977 0.242214 0.927441 -0.28493 -0.634573 -0.9406 0.296478 0.165444 -0.244472 0.237915 0.227932 0.944163 0.374472 
1535148794002 0.242472 0.927492 -0.284546 -0.634583 -0.940545 0.296646 0.165459 -0.2445 0.237871 0.227509 0.944276 0.374463 
1535148794030 0.242769 0.927531 -0.284163 -0.6346 -0.940465 0.296864 0.165523 -0.244538 0.237886 0.227062 0.94438 0.374445 
1535148794661 0.243722 0.927519 -0.283386 -0.634702 -0.940228 0.297627 0.165501 -0.244582 0.237848 0.226111 0.944617 0.374222 
1535148794903 0.244465 0.927413 -0.283094 -0.634309 -0.940163 0.298162 0.1649 -0.244373 0.237338 0.225843 0.94481 0.37455 
1535148795119 0.245816 0.927348 -0.282135 -0.633985 -0.940013 0.299091 0.164075 -0.244117 0.236539 0.224878 0.94524 0.374451 
1535148795357 0.247442 0.927238 -0.281072 -0.633662 -0.939746 0.300306 0.163381 -0.243912 0.235901 0.223708 0.945677 0.374494 
1535148795577 0.24898 0.927144 -0.280024 -0.633324 -0.939539 0.301403 0.162548 -0.243774 0.235105 0.222622 0.946132 0.374474 
1535148795628 0.249519 0.927082 -0.279749 -0.633217 -0.939434 0.301835 0.162355 -0.243754 0.234955 0.222295 0.946246 0.374487 
1535148795649 0.249579 0.927095 -0.279652 -0.633174 -0.939446 0.301848 0.16226 -0.243762 0.234843 0.222221 0.946291 0.374485 
1535148795864 0.249213 0.92728 -0.279365 -0.632887 -0.939467 0.30152 0.162748 -0.243577 0.235147 0.221895 0.946292 0.374606 
1535148796137 0.249199 0.92744 -0.278845 -0.631931 -0.939375 0.301505 0.163306 -0.243241 0.23553 0.221245 0.946349 0.374837 
1535148796176 0.249333 0.927485 -0.278577 -0.631743 -0.939339 0.301586 0.163362 -0.243216 0.235531 0.220946 0.946418 0.374875 
1535148796493 0.248771 0.927552 -0.278855 -0.630941 -0.939252 0.301319 0.164351 -0.242827 0.236469 0.221029 0.946165 0.375214 
1535148797044 0.247457 0.927613 -0.27982 -0.626631 -0.938603 0.30116 0.168307 -0.241409 0.240394 0.220991 0.945184 0.376459 
1535148797074 0.247866 0.927457 -0.279975 -0.626454 -0.938391 0.301674 0.168566 -0.241553 0.240799 0.220945 0.945092 0.376556 
1535148797108 0.247961 0.927401 -0.280075 -0.626367 -0.938279 0.301863 0.168854 -0.241586 0.24114 0.220919 0.945011 0.376652 
1535148797311 0.247855 0.92753 -0.279742 -0.626268 -0.938468 0.301554 0.168353 -0.24128 0.24051 0.220802 0.945199 0.376602 
1535148797580 0.247894 0.927625 -0.279392 -0.625477 -0.938719 0.301287 0.16743 -0.240777 0.23949 0.220766 0.945467 0.376758 
1535148797733 0.248616 0.927458 -0.279307 -0.625148 -0.938605 0.301891 0.166981 -0.240843 0.239188 0.220645 0.945571 0.376896 
1535148797882 0.248704 0.927498 -0.279093 -0.624865 -0.938662 0.301863 0.166711 -0.240718 0.238872 0.220512 0.945682 0.377027 
1535148798113 0.249013 0.927455 -0.278961 -0.62431 -0.938662 0.302059 0.166355 -0.240468 0.238549 0.220425 0.945784 0.377183 
1535148798519 0.249344 0.927366 -0.278961 -0.624084 -0.938622 0.30233 0.166086 -0.240435 0.238361 0.220426 0.945831 0.377254 
1535148798744 0.248921 0.927401 -0.279223 -0.623863 -0.938643 0.302058 0.166467 -0.240178 0.238723 0.220653 0.945687 0.377402 
1535148798931 0.249188 0.927296 -0.279335 -0.623439 -0.938466 0.302432 0.166786 -0.240143 0.239139 0.220586 0.945597 0.377553 
1535148799186 0.24903 0.927205 -0.279777 -0.62275 -0.938417 0.302444 0.167038 -0.239822 0.239495 0.22095 0.945422 0.377809 
1535148799359 0.249352 0.927017 -0.280114 -0.62239 -0.938253 0.302885 0.167161 -0.239754 0.239803 0.221136 0.945301 0.377922 
1535148799631 0.249317 0.926938 -0.280406 -0.621687 -0.938154 0.303003 0.1675 -0.239382 0.240226 0.221304 0.945154 0.378155 
1535148799824 0.24979 0.926645 -0.280953 -0.621265 -0.93794 0.303636 0.167554 -0.239515 0.24057 0.221664 0.944982 0.378265 
1535148800163 0.249691 0.926625 -0.281104 -0.621092 -0.937937 0.303596 0.167642 -0.239352 0.240684 0.221799 0.944921 0.378295 
1535148800379 0.249668 0.926608 -0.281183 -0.620856 -0.937911 0.303617 0.167746 -0.239224 0.240807 0.221844 0.94488 0.378353 
1535148800559 0.250086 0.926399 -0.281498 -0.620494 -0.937725 0.304143 0.167838 -0.239233 0.241101 0.221994 0.944769 0.378544 
1535148800796 0.249863 0.92643 -0.281594 -0.619893 -0.937744 0.303984 0.168015 -0.238749 0.241255 0.222083 0.944709 0.378655 
1535148801086 0.249891 0.926309 -0.281968 -0.618906 -0.937587 0.304216 0.168471 -0.238294 0.241835 0.22227 0.944517 0.379065 
1535148801254 0.250222 0.926111 -0.282325 -0.618579 -0.937437 0.304655 0.168517 -0.238213 0.242077 0.222495 0.944402 0.379112 
1535148801366 0.250331 0.925998 -0.282601 -0.618379 -0.937388 0.304826 0.168476 -0.238158 0.242153 0.222732 0.944327 0.379136 
1535148801547 0.250206 0.926037 -0.282582 -0.618311 -0.937421 0.304704 0.168512 -0.23807 0.242152 0.222736 0.944326 0.379153 
1535148801756 0.250288 0.926092 -0.282331 -0.61777 -0.937263 0.304861 0.169107 -0.237792 0.24268 0.222293 0.944295 0.379373 
1535148801907 0.25068 0.925931 -0.282509 -0.61749 -0.937071 0.305349 0.169292 -0.237771 0.243017 0.222293 0.944208 0.379444 
1535148802055 0.250547 0.925984 -0.282454 -0.617258 -0.937085 0.305231 0.169428 -0.237544 0.243101 0.222234 0.9442 0.379479 
1535148802204 0.250703 0.925893 -0.282614 -0.616965 -0.937004 0.305445 0.169488 -0.237532 0.243251 0.22232 0.944141 0.379513 
1535148802337 0.25029 0.925986 -0.282673 -0.616768 -0.937091 0.305083 0.16966 -0.237236 0.243342 0.222426 0.944093 0.379552 
1535148802484 0.250695 0.925848 -0.282769 -0.616467 -0.93692 0.305545 0.169775 -0.237275 0.243584 0.22237 0.944044 0.379645 
1535148802843 0.250733 0.925848 -0.282733 -0.616263 -0.936845 0.305634 0.170028 -0.237115 0.243833 0.222245 0.944009 0.379762 
1535148803082 0.250546 0.9258 -0.283058 -0.616206 -0.936876 0.305533 0.17004 -0.237126 0.243906 0.222587 0.943909 0.379675 
1535148803297 0.250165 0.925646 -0.283895 -0.615754 -0.936679 0.305595 0.171009 -0.236956 0.24505 0.223138 0.943483 0.379898 
1535148803482 0.250264 0.925397 -0.284619 -0.615412 -0.936425 0.30603 0.171619 -0.23694 0.245918 0.223574 0.943154 0.379923 
1535148803532 0.250054 0.925416 -0.284743 -0.615271 -0.936443 0.305888 0.171777 -0.236823 0.246065 0.223692 0.943088 0.37996 
1535148803660 0.250159 0.925305 -0.28501 -0.615103 -0.936321 0.306123 0.172023 -0.236918 0.246422 0.223827 0.942962 0.38004 
1535148803698 0.250048 0.925309 -0.285097 -0.615053 -0.936326 0.306055 0.172114 -0.236871 0.246514 0.223907 0.942919 0.380059 
1535148803929 0.250175 0.925348 -0.284857 -0.614706 -0.936423 0.306013 0.171664 -0.236531 0.246019 0.223801 0.943074 0.380213 
1535148804022 0.25062 0.925282 -0.284681 -0.614432 -0.936394 0.306323 0.171266 -0.236573 0.245673 0.223651 0.943199 0.380319 
1535148804211 0.250507 0.925251 -0.284879 -0.614063 -0.936446 0.306232 0.171144 -0.236259 0.245591 0.223901 0.943162 0.380405 
1535148804438 0.250682 0.925141 -0.285082 -0.613702 -0.93644 0.3064 0.170877 -0.236071 0.245434 0.224127 0.943149 0.380519 
1535148804595 0.250962 0.925082 -0.285029 -0.613426 -0.936409 0.306617 0.17066 -0.236119 0.245269 0.224074 0.943204 0.380613 
1535148804845 0.250914 0.925158 -0.284826 -0.613278 -0.936386 0.306566 0.170876 -0.235839 0.245405 0.223832 0.943226 0.380654 
1535148805007 0.251203 0.925118 -0.2847 -0.612907 -0.936312 0.306815 0.170833 -0.235855 0.245391 0.223655 0.943272 0.380701 
1535148805307 0.25137 0.925253 -0.284113 -0.611959 -0.93632 0.306819 0.170786 -0.235311 0.245191 0.22309 0.943457 0.38088 
1535148805552 0.251779 0.925269 -0.283698 -0.611304 -0.936231 0.307113 0.17074 -0.235033 0.245108 0.222619 0.943591 0.381032 
1535148805717 0.252422 0.925152 -0.283509 -0.610875 -0.936053 0.307697 0.170669 -0.235107 0.24513 0.222298 0.94366 0.381148 
1535148805827 0.252568 0.925152 -0.283377 -0.610604 -0.936025 0.307801 0.170633 -0.235065 0.245085 0.222152 0.943706 0.381208 
1535148805850 0.252609 0.925143 -0.283371 -0.610607 -0.936012 0.307841 0.170631 -0.235069 0.245091 0.222135 0.943709 0.381213 
1535148806149 0.252906 0.92495 -0.283736 -0.610326 -0.9358 0.308312 0.170944 -0.235042 0.245594 0.222288 0.943542 0.381328 
1535148806443 0.252497 0.925029 -0.283841 -0.609199 -0.935738 0.308097 0.171671 -0.234402 0.246251 0.222254 0.943379 0.381617 
1535148806643 0.253106 0.924792 -0.284074 -0.608749 -0.935396 0.308881 0.172124 -0.234434 0.246924 0.222156 0.943226 0.381796 
1535148806892 0.253111 0.924698 -0.284373 -0.607985 -0.935265 0.309058 0.17252 -0.234095 0.247416 0.222297 0.943064 0.381953 
1535148807080 0.253293 0.924625 -0.28445 -0.60763 -0.935084 0.309364 0.172949 -0.233932 0.247912 0.222178 0.942962 0.382159 
1535148807184 0.253521 0.924543 -0.284513 -0.607375 -0.934986 0.309627 0.173012 -0.233925 0.24805 0.222153 0.942931 0.382215 
1535148807367 0.253445 0.924576 -0.284473 -0.607356 -0.935032 0.309523 0.172947 -0.233789 0.247953 0.222159 0.942955 0.382191 
1535148807676 0.254338 0.924689 -0.283307 -0.606412 -0.935093 0.309886 0.171966 -0.233114 0.246808 0.22118 0.943486 0.382416 
1535148807945 0.255381 0.924687 -0.282373 -0.605642 -0.935046 0.310496 0.171117 -0.232736 0.245905 0.220331 0.94392 0.38262 
1535148807969 0.25539 0.924711 -0.282287 -0.605546 -0.935064 0.31047 0.171065 -0.23269 0.245828 0.220268 0.943955 0.382638 
1535148807985 0.255472 0.924706 -0.282229 -0.605474 -0.935058 0.310524 0.171003 -0.232683 0.245767 0.220214 0.943983 0.382652 
1535148808004 0.255605 0.92468 -0.282194 -0.605425 -0.935032 0.310635 0.170941 -0.23271 0.245725 0.220167 0.944005 0.382663 
1535148808056 0.255825 0.924635 -0.28214 -0.605345 -0.934993 0.310816 0.170825 -0.232762 0.245644 0.220097 0.944042 0.382678 
1535148808235 0.255144 0.92509 -0.281266 -0.60514 -0.935138 0.31004 0.171442 -0.232473 0.245803 0.21928 0.944191 0.382707 
1535148808401 0.255578 0.925198 -0.280514 -0.604706 -0.935 0.310332 0.171662 -0.232395 0.245874 0.218408 0.944375 0.382738 
1535148808442 0.255468 0.925351 -0.280111 -0.604552 -0.935049 0.310137 0.171752 -0.232195 0.245803 0.21804 0.944478 0.382763 
1535148808561 0.255625 0.925434 -0.279693 -0.60431 -0.934997 0.310217 0.171891 -0.232208 0.24584 0.217572 0.944577 0.382784 
1535148808612 0.255549 0.92555 -0.279378 -0.60413 -0.935031 0.310074 0.171962 -0.232103 0.245787 0.217283 0.944657 0.382805 
1535148808994 0.255782 0.925718 -0.278608 -0.603775 -0.934957 0.310162 0.172204 -0.232008 0.245826 0.21644 0.94484 0.382833 
1535148809195 0.25542 0.925778 -0.278741 -0.603897 -0.935096 0.309805 0.172091 -0.23188 0.245674 0.216694 0.944822 0.382825 
1535148809397 0.255781 0.926019 -0.277605 -0.60329 -0.935094 0.309855 0.172016 -0.2317 0.245307 0.215589 0.94517 0.382779 
1535148809465 0.255713 0.926237 -0.276939 -0.603022 -0.935182 0.309606 0.171988 -0.231503 0.245044 0.215009 0.94537 0.382789 
1535148809693 0.256065 0.926788 -0.274764 -0.602086 -0.935179 0.309457 0.172271 -0.231003 0.244686 0.21284 0.945953 0.382945 
1535148809735 0.256259 0.926877 -0.274282 -0.601828 -0.93516 0.309522 0.172254 -0.231011 0.244554 0.212356 0.946096 0.382945 
1535148810095 0.256613 0.927068 -0.273304 -0.601496 -0.93513 0.309621 0.172238 -0.230829 0.244297 0.211376 0.946382 0.382983 
1535148810123 0.256611 0.927048 -0.273373 -0.60151 -0.93513 0.309633 0.172218 -0.230849 0.2443 0.211446 0.946366 0.382972 
1535148810143 0.256651 0.926987 -0.273542 -0.601556 -0.93513 0.309693 0.172111 -0.230939 0.244259 0.211625 0.946336 0.382955 
1535148810297 0.25658 0.927124 -0.273144 -0.601561 -0.935167 0.309536 0.172191 -0.230707 0.244191 0.211254 0.946437 0.382977 
1535148810470 0.25728 0.927394 -0.271564 -0.601094 -0.935296 0.309636 0.171309 -0.230542 0.242957 0.209918 0.947051 0.38288 
1535148810507 0.25757 0.927507 -0.270905 -0.600894 -0.935305 0.309715 0.171116 -0.230378 0.242614 0.209305 0.947275 0.382863 
1535148810707 0.258301 0.927971 -0.268609 -0.600246 -0.935402 0.309736 0.170546 -0.229967 0.24146 0.207205 0.948031 0.382825 
1535148810835 0.25895 0.928109 -0.267504 -0.599884 -0.935409 0.309995 0.170037 -0.229903 0.240738 0.206195 0.948435 0.382763 
1535148811011 0.259156 0.928043 -0.267535 -0.60013 -0.935316 0.31023 0.170124 -0.229905 0.24088 0.206141 0.948411 0.382769 
1535148811089 0.259134 0.928149 -0.267187 -0.600361 -0.93539 0.310087 0.169977 -0.229919 0.240615 0.205877 0.948535 0.382726 
1535148811263 0.259624 0.928439 -0.265698 -0.600499 -0.935614 0.309977 0.16894 -0.229746 0.239211 0.20473 0.949138 0.382502 
1535148811320 0.260066 0.928528 -0.264954 -0.600529 -0.935615 0.310161 0.168599 -0.229757 0.238727 0.204048 0.949407 0.382396 
1535148811501 0.261031 0.928715 -0.263345 -0.600588 -0.935658 0.310529 0.167678 -0.229795 0.237501 0.202632 0.950018 0.382297 
1535148811548 0.261412 0.928785 -0.26272 -0.600664 -0.935683 0.31067 0.167277 -0.229759 0.236983 0.202095 0.950261 0.382147 
1535148811623 0.261344 0.928901 -0.262377 -0.600744 -0.935775 0.310481 0.167114 -0.229584 0.236696 0.201852 0.950385 0.382121 
1535148812651 0.255341 0.9284 -0.269952 -0.586627 -0.936955 0.306499 0.167849 -0.22311 0.238571 0.210074 0.948131 0.391833 
1535148815268 0.213318 0.919964 -0.328879 -0.47262 -0.944214 0.280584 0.172433 -0.171328 0.250911 0.273749 0.928496 0.473427 
1535148817451 0.214175 0.919657 -0.329181 -0.472324 -0.943848 0.281633 0.172725 -0.171374 0.251556 0.273703 0.928335 0.473988 
1535148817471 0.214175 0.919657 -0.329181 -0.472324 -0.943848 0.281634 0.172725 -0.171374 0.251556 0.273703 0.928335 0.473988 
1535148817494 0.214175 0.919657 -0.329181 -0.472324 -0.943848 0.281634 0.172725 -0.171374 0.251556 0.273703 0.928335 0.473988 
1535148817513 0.214175 0.919657 -0.329181 -0.472324 -0.943848 0.281634 0.172725 -0.171375 0.251557 0.273703 0.928335 0.473988 
1535148817537 0.214177 0.919657 -0.329179 -0.472324 -0.943847 0.281635 0.172725 -0.171375 0.251556 0.273701 0.928336 0.473989 
1535148818969 0.214211 0.919654 -0.329166 -0.472321 -0.943839 0.281665 0.172721 -0.171379 0.251558 0.273681 0.928341 0.474007 
1535148818985 0.214211 0.919654 -0.329166 -0.472321 -0.943839 0.281665 0.172721 -0.171379 0.251558 0.273681 0.928341 0.474007 
1535148819002 0.214211 0.919654 -0.329166 -0.472321 -0.943839 0.281665 0.172721 -0.171379 0.251558 0.273681 0.928341 0.474007 
1535148819017 0.214211 0.919654 -0.329166 -0.472321 -0.943839 0.281666 0.172721 -0.171379 0.251558 0.273681 0.928341 0.474007 
1535148819035 0.214212 0.919654 -0.329166 -0.472321 -0.943839 0.281666 0.172721 -0.171379 0.251558 0.273681 0.928341 0.474007 
1535148819054 0.214212 0.919654 -0.329165 -0.472321 -0.943839 0.281666 0.172721 -0.171379 0.251558 0.27368 0.928341 0.474007 
1535148819077 0.214213 0.919654 -0.329163 -0.472321 -0.943839 0.281666 0.17272 -0.171379 0.251557 0.273678 0.928342 0.474008 
1535148819093 0.214213 0.919654 -0.329164 -0.472321 -0.943839 0.281667 0.17272 -0.171379 0.251557 0.273678 0.928342 0.474008 
1535148819114 0.214214 0.919655 -0.329162 -0.47232 -0.943839 0.281667 0.17272 -0.171379 0.251557 0.273677 0.928343 0.474009 
1535148819478 0.214221 0.919656 -0.329154 -0.472319 -0.943838 0.281671 0.172719 -0.17138 0.251555 0.273668 0.928346 0.474014 
1535148819498 0.214221 0.919656 -0.329154 -0.472319 -0.943838 0.281671 0.172719 -0.17138 0.251555 0.273668 0.928346 0.474014 
1535148819518 0.214221 0.919656 -0.329154 -0.472319 -0.943838 0.281672 0.172719 -0.17138 0.251555 0.273668 0.928346 0.474015 
1535148819536 0.214221 0.919656 -0.329154 -0.472319 -0.943837 0.281672 0.172719 -0.17138 0.251555 0.273668 0.928346 0.474015 
1535148819560 0.214221 0.919656 -0.329154 -0.472319 -0.943837 0.281672 0.172719 -0.17138 0.251555 0.273668 0.928346 0.474015 
1535148819570 0.214222 0.919656 -0.329154 -0.472319 -0.943837 0.281672 0.172719 -0.17138 0.251555 0.273668 0.928346 0.474015 
1535148819586 0.214222 0.919656 -0.329153 -0.472319 -0.943838 0.281672 0.172718 -0.17138 0.251555 0.273667 0.928346 0.474016 
1535148819608 0.214222 0.919656 -0.329153 -0.472319 -0.943837 0.281672 0.172719 -0.17138 0.251555 0.273667 0.928346 0.474016 
1535148819631 0.214223 0.919656 -0.329153 -0.472319 -0.943837 0.281673 0.172718 -0.17138 0.251555 0.273666 0.928346 0.474016 
1535148820107 0.214227 0.919657 -0.329148 -0.472318 -0.943836 0.281676 0.172718 -0.17138 0.251555 0.273661 0.928348 0.47402 
1535148820129 0.214227 0.919657 -0.329148 -0.472318 -0.943836 0.281676 0.172718 -0.17138 0.251555 0.273661 0.928348 0.47402 
1535148820144 0.214228 0.919656 -0.329148 -0.472318 -0.943836 0.281677 0.172718 -0.17138 0.251555 0.273661 0.928348 0.47402 
1535148820164 0.214228 0.919657 -0.329148 -0.472318 -0.943836 0.281676 0.172718 -0.17138 0.251555 0.273661 0.928348 0.47402 
1535148820181 0.214228 0.919657 -0.329148 -0.472318 -0.943836 0.281677 0.172718 -0.17138 0.251555 0.27366 0.928348 0.47402 
1535148820203 0.214228 0.919656 -0.329148 -0.472318 -0.943836 0.281677 0.172718 -0.17138 0.251555 0.273661 0.928348 0.47402 
1535148820224 0.214228 0.919657 -0.329147 -0.472318 -0.943836 0.281677 0.172718 -0.17138 0.251555 0.27366 0.928348 0.474021 
1535148820244 0.214229 0.919657 -0.329147 -0.472318 -0.943836 0.281677 0.172718 -0.171381 0.251555 0.27366 0.928348 0.474021 
1535148820262 0.214229 0.919657 -0.329147 -0.472318 -0.943836 0.281677 0.172718 -0.171381 0.251555 0.27366 0.928348 0.474021 
1535148820629 0.214231 0.919657 -0.329145 -0.472318 -0.943835 0.281679 0.172718 -0.171381 0.251555 0.273657 0.928349 0.474023 
1535148820646 0.214231 0.919657 -0.329144 -0.472318 -0.943835 0.281679 0.172718 -0.171381 0.251555 0.273656 0.928349 0.474023 
1535148820674 0.214232 0.919657 -0.329145 -0.472318 -0.943835 0.28168 0.172718 -0.171381 0.251555 0.273657 0.928349 0.474023 
1535148820690 0.214232 0.919657 -0.329144 -0.472318 -0.943835 0.28168 0.172718 -0.171381 0.251555 0.273656 0.928349 0.474023 
1535148820721 0.214232 0.919657 -0.329144 -0.472317 -0.943835 0.28168 0.172719 -0.171381 0.251555 0.273656 0.928349 0.474024 
1535148820736 0.214232 0.919657 -0.329144 -0.472318 -0.943835 0.28168 0.172719 -0.171381 0.251555 0.273656 0.928349 0.474024 
1535148820757 0.214233 0.919657 -0.329144 -0.472317 -0.943835 0.28168 0.172718 -0.171381 0.251555 0.273655 0.928349 0.474024 
1535148820780 0.214233 0.919657 -0.329144 -0.472318 -0.943835 0.281681 0.172719 -0.171381 0.251555 0.273656 0.928349 0.474024 
1535148820950 0.214234 0.919657 -0.329143 -0.472317 -0.943835 0.281682 0.172719 -0.171381 0.251556 0.273655 0.92835 0.474025 
1535148820967 0.214234 0.919657 -0.329143 -0.472317 -0.943835 0.281682 0.172719 -0.171381 0.251556 0.273654 0.92835 0.474025 
1535148820987 0.214234 0.919657 -0.329143 -0.472317 -0.943835 0.281682 0.172719 -0.171381 0.251555 0.273654 0.92835 0.474025 
1535148821005 0.214234 0.919657 -0.329143 -0.472317 -0.943835 0.281682 0.172719 -0.171381 0.251556 0.273654 0.92835 0.474025 
1535148821033 0.214234 0.919657 -0.329143 -0.472317 -0.943834 0.281682 0.172719 -0.171381 0.251556 0.273654 0.92835 0.474025 
1535148821062 0.214235 0.919657 -0.329143 -0.472317 -0.943834 0.281682 0.172719 -0.171381 0.251556 0.273654 0.92835 0.474025 
1535148821080 0.214235 0.919657 -0.329143 -0.472317 -0.943834 0.281682 0.172719 -0.171381 0.251556 0.273654 0.92835 0.474025 
1535148821258 0.214236 0.919657 -0.329142 -0.472317 -0.943834 0.281683 0.172719 -0.171381 0.251556 0.273653 0.92835 0.474026 
1535148821279 0.214236 0.919657 -0.329142 -0.472317 -0.943834 0.281683 0.172719 -0.171381 0.251556 0.273653 0.92835 0.474026 
1535148821302 0.214236 0.919657 -0.329142 -0.472317 -0.943834 0.281683 0.172719 -0.171381 0.251556 0.273652 0.92835 0.474026 
1535148821321 0.214236 0.919657 -0.329142 -0.472317 -0.943834 0.281683 0.172719 -0.171381 0.251556 0.273653 0.92835 0.474026 
1535148821335 0.214236 0.919657 -0.329142 -0.472317 -0.943834 0.281683 0.172719 -0.171381 0.251556 0.273652 0.92835 0.474027 
1535148821354 0.214236 0.919657 -0.329141 -0.472317 -0.943834 0.281684 0.172719 -0.171381 0.251556 0.273652 0.92835 0.474027 
1535148821376 0.214236 0.919657 -0.329142 -0.472317 -0.943834 0.281684 0.172719 -0.171381 0.251556 0.273652 0.92835 0.474027 
1535148821509 0.214237 0.919657 -0.32914 -0.472317 -0.943834 0.281684 0.172719 -0.171381 0.251556 0.273651 0.928351 0.474027 
1535148821528 0.214237 0.919657 -0.32914 -0.472317 -0.943834 0.281684 0.172719 -0.171381 0.251556 0.273651 0.928351 0.474027 
1535148821545 0.214237 0.919657 -0.32914 -0.472317 -0.943834 0.281684 0.172719 -0.171381 0.251556 0.273651 0.928351 0.474027 
1535148821563 0.214237 0.919657 -0.329141 -0.472317 -0.943834 0.281684 0.172719 -0.171381 0.251556 0.273651 0.92835 0.474027 
1535148821580 0.214237 0.919657 -0.329141 -0.472317 -0.943834 0.281684 0.172719 -0.171381 0.251556 0.273651 0.92835 0.474028 
1535148821601 0.214237 0.919657 -0.329141 -0.472317 -0.943834 0.281684 0.172719 -0.171381 0.251556 0.273651 0.92835 0.474028 
1535148821621 0.214238 0.919657 -0.329141 -0.472317 -0.943833 0.281685 0.172719 -0.171382 0.251556 0.273651 0.92835 0.474028 
1535148821637 0.214238 0.919657 -0.32914 -0.472317 -0.943834 0.281685 0.172719 -0.171382 0.251556 0.273651 0.928351 0.474028 
1535148821733 0.214238 0.919657 -0.32914 -0.472317 -0.943833 0.281685 0.172719 -0.171382 0.251557 0.27365 0.928351 0.474028 
1535148821750 0.214238 0.919657 -0.32914 -0.472317 -0.943833 0.281685 0.172719 -0.171382 0.251556 0.27365 0.928351 0.474028 
1535148821767 0.214238 0.919657 -0.32914 -0.472317 -0.943833 0.281686 0.172719 -0.171382 0.251556 0.27365 0.928351 0.474028 
1535148821785 0.214238 0.919657 -0.32914 -0.472317 -0.943833 0.281686 0.172719 -0.171382 0.251557 0.27365 0.928351 0.474028 
1535148821805 0.214238 0.919657 -0.32914 -0.472317 -0.943833 0.281686 0.172719 -0.171382 0.251557 0.27365 0.928351 0.474028 
1535148821821 0.214238 0.919657 -0.32914 -0.472317 -0.943833 0.281686 0.17272 -0.171382 0.251557 0.27365 0.928351 0.474028 
1535148821840 0.214239 0.919657 -0.32914 -0.472317 -0.943833 0.281686 0.172719 -0.171382 0.251557 0.27365 0.928351 0.474028 
1535148821855 0.214239 0.919657 -0.32914 -0.472317 -0.943833 0.281686 0.17272 -0.171382 0.251557 0.27365 0.928351 0.474028 
1535148821871 0.214238 0.919657 -0.32914 -0.472317 -0.943833 0.281686 0.17272 -0.171382 0.251557 0.27365 0.928351 0.474028 
