1535119028593 0.256126 0.92962 -0.264966 -0.601373 -0.93765 0.305558 0.165669 -0.230627 0.234972 0.206013 0.949919 0.382442 
1535119033568 0.256126 0.92962 -0.264966 -0.601373 -0.93765 0.305558 0.165669 -0.230627 0.234972 0.206013 0.949919 0.382442 
1535119034449 0.256086 0.928849 -0.267693 -0.607928 -0.937677 0.305991 0.164716 -0.233272 0.234908 0.208828 0.94932 0.380369 
1535119035405 0.255315 0.928842 -0.268451 -0.611414 -0.937891 0.305382 0.164628 -0.234319 0.234894 0.209746 0.949121 0.379423 
1535119036547 0.253264 0.927748 -0.274119 -0.62857 -0.938393 0.304467 0.16346 -0.240447 0.23511 0.215833 0.947702 0.374476 
1535119037422 0.252999 0.927569 -0.274968 -0.631909 -0.938429 0.304396 0.163386 -0.24174 0.235251 0.216702 0.947469 0.373576 
1535119037456 0.252999 0.927569 -0.274968 -0.631909 -0.938429 0.304396 0.163386 -0.24174 0.235251 0.216702 0.947469 0.373576 
1535119037890 0.251432 0.927211 -0.277601 -0.632288 -0.938341 0.30383 0.164934 -0.241933 0.237273 0.219015 0.946432 0.37349 
1535119038767 0.247319 0.92606 -0.285037 -0.633284 -0.937978 0.302589 0.169227 -0.242951 0.242964 0.225505 0.94346 0.373501 
1535119039433 0.247319 0.92606 -0.285037 -0.633284 -0.937978 0.302589 0.169227 -0.242951 0.242964 0.225505 0.94346 0.373501 
1535119039477 0.247319 0.92606 -0.285037 -0.633284 -0.937978 0.302589 0.169227 -0.242951 0.242964 0.225505 0.94346 0.373501 
1535119039887 0.246023 0.925987 -0.286393 -0.633828 -0.938372 0.30155 0.168894 -0.243219 0.242755 0.227192 0.943109 0.373825 
1535119040755 0.24456 0.925795 -0.288259 -0.634455 -0.938789 0.300462 0.168515 -0.243647 0.242622 0.229402 0.942608 0.374088 
1535119041296 0.243134 0.926685 -0.286601 -0.634867 -0.939467 0.29851 0.168209 -0.243895 0.24143 0.228355 0.943168 0.374211 
1535119042440 0.240979 0.928105 -0.283815 -0.635508 -0.940497 0.2955 0.167767 -0.244483 0.239572 0.226499 0.944089 0.37456 
1535119043159 0.240635 0.928956 -0.28131 -0.635571 -0.941093 0.29424 0.166636 -0.244933 0.23757 0.22464 0.945038 0.374407 
1535119043675 0.240114 0.929901 -0.278622 -0.63572 -0.941757 0.292759 0.165487 -0.245249 0.235456 0.222659 0.946036 0.37424 
1535119043897 0.240081 0.930138 -0.277856 -0.63572 -0.941876 0.292487 0.165288 -0.245313 0.23501 0.222023 0.946296 0.374221 
1535119044683 0.243449 0.929488 -0.2771 -0.635354 -0.941247 0.295353 0.163772 -0.245132 0.234066 0.22095 0.946781 0.373904 
1535119045560 0.246132 0.928983 -0.276422 -0.634553 -0.940448 0.297896 0.163756 -0.244683 0.234471 0.219655 0.946982 0.374162 
1535119046857 0.248967 0.928445 -0.27569 -0.633661 -0.939688 0.300494 0.163372 -0.244403 0.234525 0.218388 0.947262 0.374347 
1535119047252 0.249306 0.928296 -0.275885 -0.633091 -0.939593 0.300857 0.163251 -0.244084 0.234547 0.21852 0.947226 0.374655 
1535119048071 0.250676 0.927564 -0.277106 -0.631121 -0.939242 0.302369 0.162471 -0.243271 0.23449 0.219542 0.947003 0.375312 
1535119048912 0.251264 0.927237 -0.277664 -0.630324 -0.939083 0.303032 0.162156 -0.243013 0.234499 0.220005 0.946894 0.375614 
1535119048951 0.251264 0.927237 -0.277664 -0.630324 -0.939083 0.303032 0.162156 -0.243013 0.234499 0.220005 0.946894 0.375614 
1535119049309 0.251254 0.927237 -0.277676 -0.629562 -0.939067 0.303042 0.162231 -0.242689 0.234574 0.219995 0.946878 0.37596 
1535119049878 0.25119 0.927184 -0.277908 -0.627673 -0.939046 0.303057 0.162323 -0.241763 0.234726 0.220195 0.946794 0.376589 
1535119050609 0.251285 0.926923 -0.278692 -0.626236 -0.938967 0.303336 0.162262 -0.241126 0.234942 0.220908 0.946574 0.376999 
1535119050637 0.251285 0.926923 -0.278692 -0.626236 -0.938967 0.303336 0.162262 -0.241126 0.234942 0.220908 0.946574 0.376999 
1535119051085 0.250466 0.926966 -0.279287 -0.625298 -0.938556 0.303246 0.164786 -0.2408 0.237444 0.220853 0.945962 0.377292 
1535119051694 0.249389 0.926723 -0.28105 -0.623273 -0.937323 0.303932 0.170442 -0.240351 0.243373 0.220929 0.944437 0.377874 
1535119052216 0.249001 0.926705 -0.281455 -0.622899 -0.937106 0.303926 0.171642 -0.24018 0.244603 0.221014 0.944099 0.377914 
1535119052249 0.249001 0.926705 -0.281455 -0.622899 -0.937106 0.303926 0.171642 -0.24018 0.244603 0.221014 0.944099 0.377914 
1535119052608 0.249108 0.9266 -0.281705 -0.62252 -0.936901 0.304234 0.172217 -0.239976 0.24528 0.221029 0.943919 0.378087 
1535119053183 0.249214 0.926108 -0.283224 -0.621008 -0.936454 0.304996 0.173295 -0.239495 0.246872 0.222039 0.943267 0.378408 
1535119053901 0.249185 0.925937 -0.283808 -0.620342 -0.936215 0.305299 0.17405 -0.239141 0.247806 0.222334 0.942953 0.37854 
1535119053931 0.249185 0.925937 -0.283808 -0.620342 -0.936215 0.305299 0.17405 -0.239141 0.247806 0.222334 0.942953 0.37854 
1535119054304 0.249121 0.925861 -0.284113 -0.620087 -0.936243 0.305285 0.173924 -0.23896 0.247765 0.222671 0.942884 0.378684 
1535119054911 0.249857 0.925154 -0.285764 -0.618858 -0.936179 0.306178 0.172697 -0.238699 0.247266 0.224376 0.942611 0.379142 
1535119055681 0.249788 0.925032 -0.28622 -0.618429 -0.936282 0.30612 0.172239 -0.23844 0.246944 0.224959 0.942556 0.37936 
1535119055711 0.249788 0.925032 -0.28622 -0.618429 -0.936282 0.30612 0.172239 -0.23844 0.246944 0.224959 0.942556 0.37936 
1535119056008 0.249863 0.925041 -0.286125 -0.618247 -0.936266 0.30617 0.17224 -0.238281 0.246932 0.224852 0.942585 0.379473 
1535119056502 0.250465 0.924898 -0.286062 -0.617229 -0.936238 0.306611 0.171603 -0.237845 0.246425 0.224842 0.94272 0.379693 
1535119057091 0.250904 0.924801 -0.28599 -0.616816 -0.936156 0.306984 0.171384 -0.237704 0.24629 0.224731 0.942782 0.379843 
1535119057121 0.250904 0.924801 -0.28599 -0.616816 -0.936156 0.306984 0.171384 -0.237704 0.24629 0.224731 0.942782 0.379843 
1535119057437 0.25111 0.924714 -0.286091 -0.616594 -0.936152 0.307153 0.171104 -0.237672 0.246096 0.224859 0.942802 0.379875 
1535119058093 0.251243 0.925189 -0.284431 -0.615303 -0.936447 0.306672 0.170351 -0.236737 0.244834 0.223555 0.94344 0.38019 
1535119058604 0.251626 0.925144 -0.284242 -0.614775 -0.936443 0.306912 0.16994 -0.236535 0.244456 0.223415 0.943571 0.380268 
1535119059006 0.252221 0.925291 -0.283233 -0.613514 -0.936436 0.307155 0.169539 -0.235864 0.243869 0.222468 0.943947 0.380673 
1535119059515 0.25244 0.925266 -0.283118 -0.613275 -0.936451 0.307276 0.169236 -0.235744 0.243584 0.222404 0.944036 0.380715 
1535119059549 0.25244 0.925266 -0.283118 -0.613275 -0.936451 0.307276 0.169236 -0.235744 0.243584 0.222404 0.944036 0.380715 
1535119059724 0.252721 0.925195 -0.283102 -0.613026 -0.936443 0.30748 0.168913 -0.235715 0.243326 0.222421 0.944098 0.380751 
1535119059977 0.252382 0.925269 -0.28316 -0.612816 -0.93638 0.307307 0.169573 -0.235539 0.243918 0.222348 0.943963 0.380945 
1535119060290 0.252363 0.925189 -0.283442 -0.611769 -0.93613 0.307573 0.170471 -0.235159 0.244897 0.222317 0.943716 0.381312 
1535119060556 0.25258 0.925003 -0.283853 -0.611058 -0.935911 0.308001 0.170897 -0.234932 0.245507 0.222496 0.943516 0.381449 
1535119060745 0.252687 0.924861 -0.284222 -0.610393 -0.935665 0.308368 0.171581 -0.234645 0.246333 0.22258 0.94328 0.3817 
1535119060773 0.252687 0.924861 -0.284222 -0.610393 -0.935665 0.308368 0.171581 -0.234645 0.246333 0.22258 0.94328 0.3817 
1535119060966 0.253086 0.924651 -0.28455 -0.610084 -0.935483 0.308877 0.171658 -0.234779 0.246615 0.222747 0.943167 0.381723 
1535119061295 0.25335 0.924711 -0.284117 -0.609012 -0.935345 0.309109 0.171994 -0.233992 0.246868 0.222172 0.943237 0.382076 
1535119061654 0.253766 0.924525 -0.284353 -0.608683 -0.935243 0.30954 0.171774 -0.23399 0.246828 0.222349 0.943206 0.382077 
1535119061904 0.25454 0.924327 -0.284305 -0.607671 -0.934952 0.310342 0.171909 -0.233664 0.247132 0.222054 0.943196 0.382327 
1535119061932 0.25454 0.924327 -0.284305 -0.607671 -0.934952 0.310342 0.171909 -0.233664 0.247132 0.222054 0.943196 0.382327 
1535119062221 0.254749 0.924312 -0.284165 -0.607398 -0.934891 0.310519 0.17192 -0.233616 0.247147 0.221867 0.943236 0.382402 
1535119062703 0.255407 0.92458 -0.282701 -0.606103 -0.934776 0.310816 0.172006 -0.232931 0.246902 0.22033 0.94366 0.382547 
1535119063269 0.255971 0.924602 -0.282116 -0.605551 -0.93463 0.311239 0.172038 -0.232748 0.246872 0.219637 0.943829 0.382678 
1535119063297 0.256105 0.924609 -0.281974 -0.605302 -0.934626 0.311312 0.171929 -0.232627 0.246749 0.219509 0.943891 0.38265 
1535119063591 0.255989 0.925082 -0.280524 -0.604931 -0.934708 0.310887 0.172252 -0.232356 0.246559 0.218113 0.944264 0.382784 
1535119063938 0.256144 0.92521 -0.279957 -0.604584 -0.93477 0.310837 0.172004 -0.232285 0.246161 0.217638 0.944478 0.382713 
1535119064302 0.256715 0.926197 -0.276146 -0.602947 -0.934905 0.310418 0.172026 -0.231574 0.245051 0.214008 0.945595 0.382763 
1535119064516 0.256921 0.926454 -0.275092 -0.602539 -0.934872 0.310399 0.172241 -0.231393 0.244962 0.212923 0.945863 0.382821 
1535119065076 0.257298 0.927415 -0.271475 -0.601042 -0.934765 0.310088 0.173375 -0.230608 0.244972 0.209156 0.946701 0.382913 
1535119065683 0.259349 0.928186 -0.266849 -0.600372 -0.934941 0.310563 0.171572 -0.230073 0.242125 0.204991 0.948343 0.382603 
1535119066430 0.259843 0.928316 -0.265915 -0.600249 -0.934914 0.31077 0.17134 -0.229921 0.241696 0.204086 0.948647 0.382646 
1535119066474 0.259843 0.928316 -0.265915 -0.600249 -0.934914 0.31077 0.17134 -0.229921 0.241696 0.204086 0.948647 0.382646 
1535119066483 0.259843 0.928316 -0.265915 -0.600249 -0.934914 0.31077 0.17134 -0.229921 0.241696 0.204086 0.948647 0.382646 
1535119066501 0.259843 0.928316 -0.265915 -0.600249 -0.934914 0.31077 0.17134 -0.229921 0.241696 0.204086 0.948647 0.382646 
1535119066664 0.260287 0.928532 -0.264725 -0.600085 -0.934995 0.310804 0.170836 -0.229782 0.240904 0.20305 0.949071 0.382586 
1535119066906 0.260287 0.928532 -0.264725 -0.600085 -0.934995 0.310804 0.170836 -0.229782 0.240904 0.20305 0.949071 0.382586 
1535119066947 0.261385 0.929057 -0.261784 -0.600515 -0.935229 0.310865 0.169441 -0.229899 0.2388 0.200539 0.950136 0.382237 
1535119067067 0.261385 0.929057 -0.261784 -0.600515 -0.935229 0.310865 0.169441 -0.229899 0.2388 0.200539 0.950136 0.382237 
1535119067273 0.262648 0.929502 -0.258925 -0.600824 -0.935489 0.311045 0.167665 -0.229847 0.236382 0.198185 0.951234 0.381801 
1535119067434 0.262648 0.929502 -0.258925 -0.600824 -0.935489 0.311045 0.167665 -0.229847 0.236382 0.198185 0.951234 0.381801 
1535119067450 0.262648 0.929502 -0.258925 -0.600824 -0.935489 0.311045 0.167665 -0.229847 0.236382 0.198185 0.951234 0.381801 
1535119067467 0.262648 0.929502 -0.258925 -0.600824 -0.935489 0.311045 0.167665 -0.229847 0.236382 0.198185 0.951234 0.381801 
1535119067483 0.262648 0.929502 -0.258925 -0.600824 -0.935489 0.311045 0.167665 -0.229847 0.236382 0.198185 0.951234 0.381801 
1535119067500 0.262648 0.929502 -0.258925 -0.600824 -0.935489 0.311045 0.167665 -0.229847 0.236382 0.198185 0.951234 0.381801 
1535119067515 0.262648 0.929502 -0.258925 -0.600824 -0.935489 0.311045 0.167665 -0.229847 0.236382 0.198185 0.951234 0.381801 
1535119067532 0.262648 0.929502 -0.258925 -0.600824 -0.935489 0.311045 0.167665 -0.229847 0.236382 0.198185 0.951234 0.381801 
1535119067553 0.262648 0.929502 -0.258925 -0.600824 -0.935489 0.311045 0.167665 -0.229847 0.236382 0.198185 0.951234 0.381801 
1535119072514 0.213568 0.919984 -0.328661 -0.472688 -0.944006 0.280942 0.172983 -0.171171 0.251477 0.273315 0.928471 0.473592 
1535119073167 0.214188 0.919794 -0.328789 -0.472297 -0.943878 0.281536 0.172717 -0.171359 0.25143 0.273343 0.928475 0.473927 
1535119073887 0.218328 0.920391 -0.324367 -0.484984 -0.942799 0.28474 0.173361 -0.177413 0.25192 0.267963 0.92991 0.465224 
1535119075164 0.230232 0.921969 -0.311394 -0.523102 -0.939336 0.294153 0.176416 -0.195316 0.254248 0.251887 0.933762 0.438984 
1535119076228 0.237802 0.923011 -0.302492 -0.548538 -0.937003 0.300035 0.178896 -0.207074 0.255881 0.240894 0.936213 0.421504 
1535119077305 0.237802 0.923011 -0.302492 -0.548538 -0.937003 0.300035 0.178896 -0.207074 0.255881 0.240894 0.936213 0.421504 
1535119077477 0.245947 0.923578 -0.294131 -0.574003 -0.934449 0.306548 0.181199 -0.219029 0.257516 0.230285 0.938432 0.404008 
1535119077792 0.245947 0.923578 -0.294131 -0.574003 -0.934449 0.306548 0.181199 -0.219029 0.257516 0.230285 0.938432 0.404008 
1535119078112 0.245947 0.923578 -0.294131 -0.574003 -0.934449 0.306548 0.181199 -0.219029 0.257516 0.230285 0.938432 0.404008 
1535119078427 0.24995 0.923919 -0.289651 -0.586648 -0.933167 0.309666 0.182499 -0.22501 0.25831 0.224677 0.939572 0.395373 
1535119078844 0.248328 0.924287 -0.289873 -0.58448 -0.933537 0.308221 0.183051 -0.223558 0.258536 0.22515 0.939397 0.396875 
1535119079383 0.248328 0.924287 -0.289873 -0.58448 -0.933537 0.308221 0.183051 -0.223558 0.258536 0.22515 0.939397 0.396875 
1535119079690 0.251737 0.923902 -0.288155 -0.591668 -0.932635 0.311115 0.182755 -0.227439 0.258497 0.222737 0.939983 0.391854 
1535119080334 0.252653 0.924329 -0.285978 -0.596964 -0.932196 0.311719 0.183962 -0.229529 0.259187 0.220109 0.940412 0.388252 
1535119080830 0.253081 0.924266 -0.285803 -0.597728 -0.932048 0.312118 0.184032 -0.229998 0.259299 0.219807 0.940451 0.387745 
1535119081311 0.253063 0.924381 -0.285446 -0.598591 -0.931977 0.312095 0.184434 -0.230292 0.259574 0.219356 0.940481 0.387174 
1535119081797 0.253063 0.924381 -0.285446 -0.598591 -0.931977 0.312095 0.184434 -0.230292 0.259574 0.219356 0.940481 0.387174 
