1530653986234 0.752534 0.366504 -0.547145 -0.484189 -0.643543 0.232888 -0.729119 -0.240864 -0.139802 0.900798 0.411118 0.467895 
1530653992458 0.752534 0.366505 -0.547144 -0.484189 -0.643544 0.232889 -0.729119 -0.240864 -0.139802 0.900798 0.411119 0.467895 
1530653993295 0.721738 0.373101 -0.583001 -0.495706 -0.681112 0.232893 -0.694153 -0.23589 -0.123212 0.898085 0.422211 0.469535 
1530653994122 0.689437 0.379569 -0.616932 -0.506605 -0.716543 0.232701 -0.657584 -0.230895 -0.106038 0.89542 0.43241 0.471117 
1530653994995 0.655001 0.38633 -0.649402 -0.517836 -0.750435 0.231998 -0.618889 -0.225793 -0.0884354 0.892707 0.441875 0.472787 
1530653995821 0.619365 0.392927 -0.679703 -0.528959 -0.781952 0.231236 -0.578862 -0.220902 -0.0702788 0.890021 0.45047 0.474464 
1530653996659 0.581864 0.399363 -0.708479 -0.540221 -0.811641 0.229772 -0.537069 -0.215851 -0.0516969 0.887532 0.457836 0.47606 
1530653997485 0.54306 0.405914 -0.735064 -0.551407 -0.839054 0.228155 -0.493897 -0.210879 -0.0327711 0.884974 0.464485 0.477716 
1530653998655 0.461366 0.418641 -0.782228 -0.573803 -0.88719 0.223586 -0.403613 -0.20079 0.00592647 0.880198 0.474569 0.480988 
1530653999504 0.418984 0.424908 -0.802437 -0.584684 -0.907637 0.220759 -0.357016 -0.195439 0.0254465 0.877906 0.478157 0.482684 
1530653999528 0.418929 0.424886 -0.802478 -0.584689 -0.907661 0.220763 -0.356952 -0.195431 0.0254929 0.877915 0.478137 0.48268 
1530653999872 0.414634 0.425615 -0.80432 -0.585851 -0.909577 0.220406 -0.352265 -0.194941 0.0273475 0.877652 0.478518 0.482894 
1530654000219 0.410252 0.426209 -0.80625 -0.587002 -0.911496 0.220181 -0.347411 -0.194472 0.0294513 0.87742 0.478818 0.48301 
1530654000549 0.406041 0.42671 -0.808114 -0.588145 -0.91331 0.220003 -0.342729 -0.194066 0.031542 0.877221 0.479049 0.483162 
1530654000881 0.401761 0.427359 -0.809909 -0.589277 -0.915135 0.219637 -0.338065 -0.193674 0.0334109 0.876997 0.479333 0.483348 
1530654001325 0.392898 0.428444 -0.813675 -0.591604 -0.918815 0.21903 -0.328336 -0.192649 0.0375454 0.876619 0.479717 0.483621 
1530654001667 0.388415 0.429312 -0.815368 -0.592766 -0.920642 0.218616 -0.323458 -0.192179 0.0393877 0.876298 0.480156 0.483908 
1530654002007 0.383989 0.429869 -0.817169 -0.593931 -0.922408 0.21829 -0.318611 -0.19168 0.0414187 0.876106 0.480335 0.483982 
1530654002333 0.379578 0.430464 -0.818915 -0.595062 -0.924139 0.21798 -0.313769 -0.191165 0.0434408 0.875891 0.480549 0.484152 
1530654002347 0.379533 0.430444 -0.818946 -0.595066 -0.924159 0.217928 -0.313748 -0.191163 0.0434204 0.875914 0.48051 0.484142 
1530654002566 0.379135 0.430561 -0.819069 -0.595178 -0.924308 0.218026 -0.313239 -0.191109 0.0437105 0.875832 0.480632 0.484231 
1530654002744 0.378708 0.430759 -0.819163 -0.595303 -0.924478 0.217966 -0.312779 -0.191062 0.0438174 0.87575 0.480773 0.484279 
1530654002926 0.378225 0.430707 -0.819413 -0.59539 -0.924664 0.217919 -0.312263 -0.191004 0.0440716 0.875787 0.480682 0.484229 
1530654003096 0.377766 0.430874 -0.819537 -0.59551 -0.924849 0.217779 -0.311812 -0.190964 0.0441261 0.875739 0.480763 0.484274 
1530654003274 0.377381 0.430934 -0.819682 -0.595646 -0.924989 0.217919 -0.311298 -0.190942 0.0444753 0.875675 0.480848 0.48433 
1530654003494 0.376801 0.43079 -0.820025 -0.595778 -0.925211 0.217837 -0.310696 -0.190885 0.0447867 0.875767 0.480653 0.484207 
1530654003718 0.376003 0.430999 -0.820282 -0.595999 -0.92552 0.217777 -0.309816 -0.19083 0.0451079 0.875679 0.480783 0.484364 
1530654003904 0.375688 0.430865 -0.820496 -0.596086 -0.925638 0.217746 -0.309486 -0.190835 0.0453124 0.875752 0.48063 0.484298 
1530654004279 0.375631 0.430722 -0.820597 -0.596076 -0.92566 0.217674 -0.309469 -0.19085 0.0453277 0.875841 0.480467 0.484214 
1530654004994 0.35957 0.452258 -0.816194 -0.595471 -0.932568 0.204213 -0.297682 -0.193239 0.0320483 0.868193 0.49519 0.482113 
1530654005698 0.342742 0.473305 -0.811487 -0.594919 -0.939239 0.19006 -0.285846 -0.19552 0.0189389 0.860151 0.509687 0.479882 
1530654006408 0.325908 0.493895 -0.806133 -0.59426 -0.945381 0.175906 -0.274431 -0.197991 0.00626401 0.851542 0.524249 0.477689 
1530654007155 0.308437 0.514237 -0.800267 -0.593673 -0.951224 0.161222 -0.26302 -0.200365 -0.00623322 0.842359 0.538881 0.475568 
1530654007879 0.290702 0.534018 -0.793925 -0.59305 -0.956638 0.146323 -0.251859 -0.202736 -0.0183275 0.832715 0.553398 0.473399 
1530654008595 0.272532 0.553183 -0.787219 -0.59247 -0.961675 0.131001 -0.240873 -0.20505 -0.0301198 0.822695 0.567685 0.471205 
1530654009387 0.254157 0.572001 -0.779884 -0.591832 -0.966269 0.115507 -0.23018 -0.20746 -0.0415813 0.812079 0.582064 0.468985 
1530654010091 0.23544 0.590078 -0.772253 -0.591225 -0.970463 0.0997039 -0.219685 -0.209774 -0.0526347 0.801166 0.596123 0.466796 
1530654010756 0.216566 0.6077 -0.764068 -0.590572 -0.974205 0.0836689 -0.209582 -0.21203 -0.063434 0.789747 0.610144 0.464763 
1530654011139 0.216347 0.607915 -0.763959 -0.590606 -0.97425 0.0835433 -0.209421 -0.211967 -0.0634867 0.789595 0.610336 0.464836 
1530654011795 0.197505 0.624979 -0.755244 -0.590563 -0.977501 0.0673594 -0.199887 -0.214416 -0.0740524 0.77773 0.624221 0.462288 
1530654012517 0.177951 0.641828 -0.745916 -0.59056 -0.980431 0.050785 -0.1902 -0.216793 -0.0841944 0.765165 0.638305 0.459875 
1530654013170 0.158418 0.658056 -0.736115 -0.590523 -0.982876 0.0340349 -0.181098 -0.219183 -0.094119 0.752199 0.652179 0.457434 
1530654013837 0.138249 0.673774 -0.725889 -0.590542 -0.984967 0.0168859 -0.171918 -0.221465 -0.103577 0.738744 0.665979 0.455038 
1530654014480 0.118082 0.688902 -0.715171 -0.590515 -0.986584 -0.00037427 -0.163256 -0.223838 -0.112735 0.724854 0.679616 0.452629 
1530654015180 0.0976687 0.703495 -0.703958 -0.590502 -0.987798 -0.0176933 -0.154731 -0.226223 -0.121308 0.71048 0.693183 0.450254 
1530654015824 0.0770813 0.717333 -0.692454 -0.590518 -0.988571 -0.0352635 -0.146574 -0.228521 -0.129561 0.695838 0.706416 0.447796 
1530654016482 0.0562868 0.730639 -0.68044 -0.590491 -0.988907 -0.0530294 -0.138745 -0.230864 -0.137456 0.680702 0.719549 0.445391 
1530654017118 0.0352835 0.743142 -0.668202 -0.590405 -0.988824 -0.070952 -0.131123 -0.233011 -0.144853 0.665361 0.732334 0.443188 
1530654017482 0.035179 0.743185 -0.66816 -0.590423 -0.988804 -0.0711288 -0.131177 -0.232983 -0.145014 0.665294 0.732362 0.443158 
1530654018073 0.0171625 0.753674 -0.657025 -0.590909 -0.988363 -0.0865444 -0.125093 -0.235008 -0.151141 0.651526 0.743418 0.440912 
1530654018670 -0.00123124 0.763798 -0.645454 -0.591455 -0.987597 -0.10227 -0.119138 -0.236996 -0.157008 0.637301 0.75445 0.43873 
1530654019283 -0.0198448 0.773362 -0.633654 -0.592004 -0.986491 -0.118224 -0.113396 -0.238944 -0.162609 0.622843 0.765261 0.436497 
1530654019905 -0.0383427 0.782502 -0.621466 -0.592507 -0.985074 -0.13404 -0.107997 -0.240938 -0.167809 0.608049 0.775962 0.434267 
1530654020502 -0.0570412 0.790923 -0.609251 -0.59303 -0.983314 -0.150096 -0.10279 -0.242881 -0.172745 0.593222 0.786287 0.431995 
1530654021109 -0.0756208 0.798983 -0.59658 -0.593563 -0.981242 -0.166028 -0.0979778 -0.244893 -0.177332 0.57798 0.79655 0.429778 
1530654021766 -0.0943312 0.80648 -0.583689 -0.594055 -0.978836 -0.182088 -0.0933981 -0.246915 -0.181606 0.562525 0.806588 0.427515 
1530654022370 -0.113108 0.813453 -0.570527 -0.594596 -0.976135 -0.198112 -0.0889456 -0.248825 -0.185381 0.546851 0.816448 0.425328 
1530654022971 -0.131888 0.819823 -0.557221 -0.595005 -0.973122 -0.214137 -0.0847271 -0.250643 -0.188783 0.53107 0.82603 0.423239 
1530654023341 -0.132074 0.819869 -0.557109 -0.595021 -0.973086 -0.214311 -0.0847022 -0.250608 -0.18884 0.530928 0.826108 0.423267 
1530654023916 -0.147848 0.824032 -0.546911 -0.595638 -0.969765 -0.229347 -0.0833974 -0.252407 -0.194154 0.518046 0.833026 0.42124 
1530654024687 -0.18026 0.831317 -0.525755 -0.596986 -0.962252 -0.259845 -0.0809452 -0.255789 -0.203906 0.491318 0.846776 0.417383 
1530654025265 -0.196608 0.834299 -0.515064 -0.59768 -0.958049 -0.275196 -0.08006 -0.257414 -0.208537 0.477716 0.853405 0.415394 
1530654025863 -0.212668 0.837017 -0.504157 -0.598307 -0.953676 -0.290158 -0.0794402 -0.259229 -0.212778 0.463908 0.85995 0.413449 
1530654026424 -0.228835 0.839158 -0.493405 -0.598974 -0.949011 -0.305202 -0.0789324 -0.260909 -0.216825 0.450184 0.866211 0.411457 
1530654027023 -0.244909 0.841024 -0.482388 -0.599633 -0.944117 -0.320075 -0.0787074 -0.262649 -0.220595 0.436154 0.872415 0.409517 
1530654027579 -0.261224 0.842417 -0.47127 -0.60031 -0.938912 -0.335078 -0.0785293 -0.264298 -0.224066 0.421967 0.878486 0.407614 
1530654028187 -0.277507 0.84346 -0.459962 -0.600897 -0.933447 -0.349991 -0.0786265 -0.265829 -0.227301 0.407531 0.884451 0.405856 
1530654028399 -0.277464 0.843512 -0.459893 -0.60086 -0.933464 -0.349939 -0.0786591 -0.265894 -0.227285 0.407469 0.884483 0.405863 
1530654028696 -0.275673 0.841736 -0.464203 -0.600815 -0.934129 -0.348492 -0.0771735 -0.266371 -0.226731 0.412351 0.88236 0.405918 
1530654028982 -0.273987 0.839895 -0.468516 -0.600734 -0.934716 -0.347214 -0.0758209 -0.26683 -0.226357 0.417156 0.880195 0.406028 
1530654029363 -0.270556 0.83624 -0.476971 -0.60063 -0.935982 -0.344415 -0.0729146 -0.267781 -0.22525 0.426709 0.875889 0.406182 
1530654029752 -0.267161 0.832399 -0.485528 -0.600517 -0.937217 -0.341646 -0.0700221 -0.268698 -0.224165 0.436338 0.871412 0.406315 
1530654030065 -0.265483 0.830402 -0.489848 -0.600466 -0.937806 -0.340307 -0.0686345 -0.269185 -0.223693 0.441161 0.869102 0.406387 
1530654030367 -0.263743 0.828485 -0.494016 -0.600414 -0.938445 -0.338827 -0.0672152 -0.269655 -0.223073 0.445879 0.866851 0.406442 
1530654030680 -0.262127 0.826464 -0.498244 -0.600386 -0.939023 -0.3375 -0.0658067 -0.270116 -0.222544 0.450612 0.864536 0.406469 
1530654031022 -0.261962 0.826454 -0.498347 -0.600358 -0.939079 -0.337343 -0.0658087 -0.270145 -0.222502 0.450748 0.864476 0.406488 
1530654031490 -0.252713 0.825182 -0.505185 -0.60031 -0.942677 -0.3276 -0.0635469 -0.269698 -0.217936 0.460167 0.860669 0.40733 
1530654031977 -0.243249 0.823706 -0.51219 -0.600243 -0.946267 -0.317532 -0.0612557 -0.269214 -0.213094 0.469768 0.856685 0.408162 
1530654032459 -0.233879 0.822083 -0.519115 -0.600195 -0.949682 -0.307568 -0.0592069 -0.268788 -0.208336 0.479147 0.852651 0.409038 
1530654033085 -0.215171 0.818278 -0.533032 -0.600103 -0.956211 -0.28742 -0.0552322 -0.267791 -0.198399 0.497806 0.844291 0.410655 
1530654033577 -0.205815 0.81612 -0.539989 -0.600047 -0.959299 -0.277289 -0.0534507 -0.26736 -0.193355 0.50701 0.839973 0.411491 
1530654034051 -0.196431 0.813917 -0.546767 -0.599979 -0.962318 -0.266969 -0.0516889 -0.266932 -0.18804 0.51601 0.835688 0.412377 
1530654034535 -0.187102 0.811422 -0.553704 -0.599924 -0.965211 -0.256655 -0.0499599 -0.266454 -0.18265 0.525093 0.831214 0.413167 
1530654035012 -0.177887 0.80882 -0.560505 -0.599923 -0.967968 -0.246377 -0.0483244 -0.266031 -0.177181 0.533955 0.82674 0.41392 
1530654035402 -0.177729 0.808793 -0.560594 -0.599897 -0.968009 -0.246216 -0.0483324 -0.266053 -0.177118 0.53407 0.826679 0.413957 
1530654035815 -0.170711 0.805796 -0.567055 -0.599819 -0.96976 -0.239279 -0.048075 -0.265825 -0.174423 0.5417 0.822276 0.414645 
1530654036330 -0.156746 0.799273 -0.580166 -0.599675 -0.973092 -0.225434 -0.0476665 -0.265182 -0.168887 0.557083 0.813102 0.415957 
1530654036746 -0.149655 0.795795 -0.586783 -0.599602 -0.974717 -0.218333 -0.0475079 -0.264865 -0.165921 0.564838 0.808349 0.416649 
1530654037259 -0.135594 0.788741 -0.599585 -0.599433 -0.977767 -0.204232 -0.0475439 -0.264379 -0.159954 0.579808 0.798898 0.417978 
1530654037800 -0.121692 0.781174 -0.612339 -0.599279 -0.980603 -0.190122 -0.0476644 -0.263759 -0.153653 0.59466 0.789158 0.419368 
1530654038225 -0.114718 0.777272 -0.618618 -0.599238 -0.981957 -0.182966 -0.0477934 -0.263508 -0.150334 0.601973 0.784237 0.419973 
1530654038309 -0.11459 0.777258 -0.618659 -0.599218 -0.981975 -0.182854 -0.0478453 -0.263565 -0.150312 0.602026 0.784201 0.419968 
1530654038662 -0.111724 0.774513 -0.622613 -0.599129 -0.982322 -0.180776 -0.0486094 -0.263549 -0.150202 0.606176 0.781019 0.420207 
1530654039001 -0.1084 0.771752 -0.626617 -0.598978 -0.982714 -0.178349 -0.0496555 -0.263736 -0.150078 0.610402 0.777744 0.420417 
1530654039327 -0.10545 0.768879 -0.630639 -0.598916 -0.983068 -0.176173 -0.0504114 -0.263754 -0.149862 0.614645 0.774437 0.420647 
1530654039665 -0.102297 0.765968 -0.634688 -0.598799 -0.983425 -0.173892 -0.0513542 -0.263849 -0.149703 0.618915 0.77106 0.420829 
1530654040008 -0.099041 0.763151 -0.638585 -0.598649 -0.983781 -0.17154 -0.0524229 -0.264042 -0.14955 0.623036 0.767764 0.421079 
1530654040374 -0.096062 0.760172 -0.642581 -0.598598 -0.984109 -0.16939 -0.0532693 -0.264054 -0.14934 0.627252 0.764364 0.421301 
1530654040713 -0.0928552 0.757247 -0.646494 -0.598462 -0.984451 -0.167062 -0.0542861 -0.264205 -0.149112 0.631401 0.760985 0.421485 
1530654041050 -0.0896174 0.754296 -0.650389 -0.598334 -0.984793 -0.164694 -0.0553112 -0.264362 -0.148836 0.635541 0.757585 0.421701 
1530654041402 -0.086622 0.751209 -0.654356 -0.598293 -0.985085 -0.162606 -0.0562704 -0.26437 -0.148673 0.639723 0.75409 0.421857 
1530654041757 -0.0865227 0.751247 -0.654325 -0.598274 -0.985117 -0.162429 -0.0562249 -0.264393 -0.14852 0.639722 0.75412 0.421911 
1530654042140 -0.0814878 0.748699 -0.657883 -0.598327 -0.986031 -0.156766 -0.0562724 -0.264035 -0.145264 0.644108 0.751015 0.422493 
1530654042527 -0.0763884 0.74593 -0.66163 -0.598421 -0.986937 -0.150968 -0.0562564 -0.263622 -0.141848 0.648689 0.747717 0.423016 
1530654042897 -0.0714107 0.74326 -0.665181 -0.59852 -0.987779 -0.145322 -0.0563369 -0.263165 -0.138539 0.653029 0.744554 0.423555 
1530654043271 -0.0664342 0.740483 -0.668784 -0.598624 -0.988604 -0.139596 -0.0563575 -0.262706 -0.135091 0.657418 0.741318 0.424106 
1530654043663 -0.0614077 0.737623 -0.672415 -0.598713 -0.989401 -0.133798 -0.0564169 -0.262284 -0.131582 0.661824 0.738021 0.424699 
1530654044042 -0.0563747 0.734782 -0.675957 -0.598775 -0.990169 -0.127953 -0.0565085 -0.261901 -0.128012 0.666126 0.734772 0.425256 
1530654044406 -0.0512772 0.73194 -0.679437 -0.59885 -0.990887 -0.122136 -0.0567912 -0.261535 -0.124551 0.670334 0.731533 0.42583 
1530654044838 -0.0462859 0.728852 -0.683105 -0.598968 -0.991568 -0.116381 -0.0569877 -0.261058 -0.121036 0.674707 0.728094 0.426322 
1530654045210 -0.0414078 0.725826 -0.686631 -0.599056 -0.99222 -0.110625 -0.0571037 -0.260714 -0.117406 0.678924 0.72476 0.426836 
1530654045240 -0.0414016 0.725854 -0.686602 -0.599059 -0.992229 -0.110572 -0.0570628 -0.260689 -0.117338 0.678904 0.72479 0.426876 
1530654045453 -0.0416465 0.725458 -0.687005 -0.599026 -0.992071 -0.111631 -0.0577394 -0.260865 -0.118578 0.679153 0.724355 0.426748 
1530654045667 -0.0414952 0.72511 -0.687381 -0.598892 -0.991929 -0.112398 -0.0586871 -0.261168 -0.119815 0.679398 0.723922 0.426581 
1530654045899 -0.0416039 0.72467 -0.687839 -0.59883 -0.991776 -0.113347 -0.059429 -0.261365 -0.121031 0.67971 0.723426 0.426438 
1530654046103 -0.0418006 0.724273 -0.688245 -0.598788 -0.991614 -0.114383 -0.0601448 -0.261517 -0.122285 0.67996 0.722981 0.42629 
1530654046304 -0.0419365 0.723949 -0.688578 -0.598702 -0.991462 -0.115319 -0.0608596 -0.261726 -0.123465 0.680147 0.722604 0.426137 
1530654046686 -0.0417955 0.723214 -0.689358 -0.598506 -0.991138 -0.117084 -0.0627416 -0.262255 -0.126088 0.680627 0.721699 0.425838 
1530654046908 -0.0419752 0.722781 -0.689802 -0.598475 -0.99098 -0.11806 -0.0634024 -0.262394 -0.127264 0.680918 0.721217 0.425679 
1530654047120 -0.0421445 0.722358 -0.690234 -0.598381 -0.99083 -0.118985 -0.0640248 -0.26259 -0.128377 0.681206 0.720748 0.425523 
1530654047134 -0.0421283 0.722335 -0.690258 -0.598379 -0.990827 -0.118994 -0.0640511 -0.262594 -0.128403 0.681228 0.720722 0.425514 
1530654047339 -0.0427425 0.722298 -0.69026 -0.598343 -0.990787 -0.119509 -0.0637039 -0.262675 -0.128505 0.681177 0.720752 0.425456 
1530654047535 -0.0431134 0.722251 -0.690286 -0.598322 -0.990728 -0.120008 -0.0636866 -0.262858 -0.128837 0.68114 0.720728 0.42533 
1530654047910 -0.043914 0.722421 -0.690057 -0.598265 -0.990685 -0.120608 -0.0632187 -0.263031 -0.128897 0.680853 0.720989 0.425407 
1530654048116 -0.0442914 0.722316 -0.690143 -0.598258 -0.990626 -0.121111 -0.0631812 -0.263117 -0.12922 0.680875 0.72091 0.425297 
1530654048280 -0.0448236 0.722226 -0.690203 -0.59821 -0.99057 -0.12167 -0.062985 -0.263256 -0.129466 0.680871 0.720869 0.425185 
1530654048471 -0.0453118 0.722247 -0.69015 -0.598142 -0.990522 -0.122157 -0.0628052 -0.263449 -0.129667 0.680762 0.720936 0.425077 
1530654048672 -0.0459946 0.722147 -0.690209 -0.598158 -0.990464 -0.122792 -0.0624703 -0.263509 -0.129865 0.680754 0.720908 0.425008 
1530654048904 -0.046659 0.722134 -0.690177 -0.598127 -0.990397 -0.12346 -0.0622209 -0.26363 -0.130141 0.680647 0.72096 0.424935 
1530654049126 -0.0471414 0.722052 -0.690231 -0.598095 -0.990337 -0.124007 -0.0620859 -0.263775 -0.130423 0.680634 0.720921 0.424827 
1530654049142 -0.0471642 0.722052 -0.690229 -0.598096 -0.990336 -0.124025 -0.0620719 -0.263776 -0.130425 0.680631 0.720924 0.424826 
1530654049304 -0.0471823 0.722108 -0.690169 -0.598103 -0.990314 -0.124141 -0.0621852 -0.263777 -0.130583 0.68055 0.720971 0.4248 
1530654049461 -0.0471915 0.722236 -0.690035 -0.598094 -0.990259 -0.124423 -0.0625054 -0.263798 -0.131 0.680363 0.721072 0.42478 
1530654049615 -0.0471545 0.722316 -0.689954 -0.598061 -0.990218 -0.124609 -0.0627779 -0.263876 -0.13132 0.680244 0.721126 0.424757 
1530654049789 -0.0471519 0.722429 -0.689835 -0.598019 -0.990173 -0.12483 -0.0630479 -0.263948 -0.13166 0.680083 0.721216 0.424734 
1530654049967 -0.047287 0.7225 -0.689752 -0.598032 -0.990121 -0.125157 -0.0632199 -0.2639 -0.132004 0.679948 0.721281 0.424699 
1530654050124 -0.04748 0.722578 -0.689656 -0.598044 -0.990051 -0.1256 -0.0634347 -0.26384 -0.132457 0.679783 0.721353 0.424653 
1530654050274 -0.0472967 0.722703 -0.689539 -0.597999 -0.990042 -0.125549 -0.0636788 -0.263924 -0.132592 0.67966 0.721444 0.424653 
1530654050429 -0.0473563 0.722811 -0.689421 -0.597984 -0.989983 -0.125865 -0.0639592 -0.263953 -0.133005 0.679487 0.721531 0.424628 
1530654050606 -0.0473081 0.722972 -0.689256 -0.597964 -0.989941 -0.126044 -0.0642634 -0.263983 -0.133337 0.679282 0.721662 0.424622 
1530654050619 -0.0472956 0.722981 -0.689247 -0.59796 -0.989939 -0.126047 -0.0642873 -0.263988 -0.133356 0.679272 0.721669 0.424621 
1530654050751 -0.0473561 0.722949 -0.689276 -0.597959 -0.989937 -0.12609 -0.0642373 -0.263987 -0.133351 0.679298 0.721645 0.424615 
1530654050953 -0.0474502 0.722766 -0.689462 -0.597979 -0.989927 -0.126201 -0.0641677 -0.263983 -0.133389 0.679473 0.721474 0.424595 
1530654051151 -0.0474921 0.722659 -0.689571 -0.597979 -0.989928 -0.126226 -0.0641043 -0.263997 -0.133367 0.679581 0.721376 0.424601 
1530654051288 -0.0475136 0.722607 -0.689624 -0.597959 -0.989938 -0.126189 -0.0640198 -0.264027 -0.133284 0.679644 0.721332 0.424633 
1530654051426 -0.0475714 0.722536 -0.689695 -0.597941 -0.989938 -0.126222 -0.0639519 -0.264053 -0.133262 0.679713 0.721271 0.424649 
1530654051551 -0.0475803 0.722423 -0.689812 -0.597938 -0.989934 -0.126259 -0.0639467 -0.264077 -0.133292 0.679826 0.721159 0.424661 
1530654051682 -0.0476121 0.722343 -0.689894 -0.597924 -0.989934 -0.126282 -0.0639023 -0.264106 -0.13328 0.679907 0.721085 0.424696 
1530654051830 -0.047614 0.72224 -0.690002 -0.597888 -0.989934 -0.126293 -0.0638831 -0.264125 -0.133282 0.680015 0.720983 0.4247 
1530654051978 -0.0476688 0.722171 -0.69007 -0.597876 -0.989935 -0.12632 -0.0638126 -0.264136 -0.133253 0.680083 0.720924 0.424716 
1530654051992 -0.0476714 0.722167 -0.690075 -0.597874 -0.989935 -0.126321 -0.0638088 -0.264138 -0.133251 0.680087 0.72092 0.424718 
1530654052319 -0.0477555 0.722315 -0.689913 -0.597824 -0.989968 -0.126176 -0.0635768 -0.264168 -0.132973 0.679956 0.721095 0.424754 
1530654052511 -0.0479572 0.722212 -0.690007 -0.597862 -0.989982 -0.126214 -0.0632982 -0.264148 -0.132803 0.680059 0.72103 0.424715 
1530654052682 -0.0481161 0.722378 -0.689822 -0.597848 -0.990004 -0.126156 -0.0630554 -0.264144 -0.132575 0.679893 0.721228 0.424697 
1530654052865 -0.0484358 0.722507 -0.689665 -0.597875 -0.990049 -0.126066 -0.0625377 -0.264148 -0.132128 0.679773 0.721423 0.424684 
1530654053048 -0.0485779 0.722441 -0.689724 -0.597901 -0.990074 -0.126007 -0.0622521 -0.264171 -0.131883 0.679854 0.721391 0.424617 
1530654053178 -0.0486466 0.72253 -0.689625 -0.597892 -0.990092 -0.125937 -0.0621045 -0.264187 -0.131722 0.679772 0.721498 0.424599 
1530654053382 -0.0487756 0.722743 -0.689394 -0.597879 -0.990127 -0.1258 -0.061833 -0.264214 -0.131415 0.679571 0.721743 0.42464 
1530654053548 -0.0489486 0.722718 -0.689407 -0.597887 -0.99015 -0.125764 -0.0615394 -0.264223 -0.131178 0.679604 0.721755 0.424648 
1530654053709 -0.0487318 0.722809 -0.689327 -0.597867 -0.990145 -0.12568 -0.061786 -0.26428 -0.131294 0.679523 0.72181 0.424649 
1530654053723 -0.0486817 0.722799 -0.689341 -0.597868 -0.990142 -0.125674 -0.0618495 -0.264288 -0.131337 0.679535 0.721792 0.424647 
1530654053896 -0.0486564 0.722845 -0.689295 -0.597861 -0.990142 -0.125659 -0.0618821 -0.264294 -0.131347 0.679489 0.721833 0.424644 
1530654053913 -0.0486943 0.722892 -0.689244 -0.597855 -0.990145 -0.125654 -0.0618355 -0.264289 -0.131306 0.67944 0.721886 0.42465 
1530654053979 -0.0487678 0.722981 -0.689145 -0.597841 -0.990152 -0.125644 -0.0617438 -0.264279 -0.131226 0.679347 0.721988 0.424658 
1530654054169 -0.0488266 0.723074 -0.689042 -0.597818 -0.990164 -0.125599 -0.0616378 -0.264285 -0.131112 0.679256 0.722095 0.42463 
1530654054315 -0.0488019 0.723084 -0.689034 -0.597809 -0.990169 -0.125561 -0.0616358 -0.264299 -0.131084 0.679252 0.722103 0.424615 
1530654054482 -0.0487726 0.723107 -0.689012 -0.597796 -0.990175 -0.125515 -0.0616348 -0.264319 -0.13105 0.679236 0.722125 0.424607 
1530654054663 -0.0487229 0.723159 -0.688961 -0.597777 -0.990182 -0.125452 -0.0616543 -0.264347 -0.131018 0.679193 0.722172 0.424606 
1530654054677 -0.0487188 0.723162 -0.688958 -0.597776 -0.990182 -0.125448 -0.0616569 -0.264349 -0.131017 0.67919 0.722174 0.424606 
1530654054851 -0.0485683 0.723304 -0.68882 -0.597769 -0.990163 -0.125466 -0.0619318 -0.264355 -0.131219 0.679036 0.722282 0.424604 
1530654055026 -0.0484478 0.723316 -0.688815 -0.597766 -0.990123 -0.125613 -0.0622644 -0.264326 -0.131561 0.678995 0.722258 0.424585 
1530654055165 -0.0483118 0.723418 -0.688718 -0.597743 -0.990084 -0.125742 -0.0626253 -0.264297 -0.131905 0.678863 0.72232 0.424584 
1530654055306 -0.0482661 0.723529 -0.688604 -0.597755 -0.990031 -0.125984 -0.0629801 -0.264232 -0.132321 0.6787 0.722397 0.424596 
1530654055502 -0.0478846 0.723766 -0.688383 -0.597718 -0.989948 -0.126206 -0.0638312 -0.264211 -0.133077 0.678407 0.722534 0.424617 
1530654055707 -0.0476522 0.723795 -0.688368 -0.597661 -0.98991 -0.126288 -0.0642607 -0.26421 -0.133444 0.67836 0.72251 0.424589 
1530654055903 -0.0476405 0.723888 -0.688271 -0.597677 -0.989873 -0.126464 -0.064492 -0.264173 -0.133727 0.678228 0.722582 0.424598 
1530654056082 -0.0475104 0.724019 -0.688142 -0.597691 -0.98982 -0.126657 -0.0649215 -0.264139 -0.134162 0.678052 0.722666 0.424588 
1530654056096 -0.0475122 0.724021 -0.688139 -0.597692 -0.989816 -0.126677 -0.0649409 -0.264134 -0.13419 0.678046 0.722667 0.424585 
1530654056411 -0.0478257 0.724353 -0.687768 -0.597663 -0.989817 -0.126792 -0.064707 -0.26406 -0.134074 0.67767 0.723041 0.424611 
1530654056642 -0.0480235 0.724522 -0.687577 -0.597637 -0.989831 -0.126798 -0.0644773 -0.26403 -0.133899 0.677488 0.723243 0.424572 
1530654056855 -0.0485836 0.72501 -0.687022 -0.5976 -0.989859 -0.126876 -0.0638924 -0.263942 -0.133489 0.676951 0.723822 0.424552 
1530654057034 -0.0488193 0.725254 -0.686748 -0.597609 -0.989854 -0.126989 -0.0637425 -0.263901 -0.133439 0.676669 0.724095 0.424509 
1530654057225 -0.049085 0.725594 -0.686371 -0.597584 -0.989864 -0.127031 -0.0635018 -0.263871 -0.133267 0.676297 0.724474 0.424495 
1530654057391 -0.0492814 0.725786 -0.686153 -0.597555 -0.989867 -0.127091 -0.0633366 -0.263868 -0.133172 0.676079 0.724695 0.424488 
1530654057551 -0.0495883 0.72605 -0.685852 -0.597526 -0.989869 -0.127198 -0.0630837 -0.263832 -0.133041 0.675775 0.725002 0.4245 
1530654057731 -0.049877 0.726319 -0.685546 -0.597501 -0.989877 -0.127271 -0.0628215 -0.263802 -0.132878 0.675473 0.725314 0.424512 
1530654057745 -0.0498917 0.726333 -0.68553 -0.5975 -0.989877 -0.127273 -0.0628067 -0.263802 -0.132868 0.675457 0.725331 0.424513 
1530654057972 -0.0500006 0.726363 -0.68549 -0.597466 -0.989859 -0.127413 -0.062808 -0.26377 -0.132962 0.675398 0.725368 0.424473 
1530654058229 -0.0501917 0.726673 -0.685148 -0.597409 -0.98983 -0.127621 -0.0628441 -0.263719 -0.133106 0.675025 0.725688 0.42452 
1530654058417 -0.0502888 0.726652 -0.685163 -0.597351 -0.989802 -0.127809 -0.0629001 -0.263654 -0.133276 0.675012 0.725669 0.424493 
1530654058691 -0.0505209 0.72697 -0.684808 -0.59731 -0.989798 -0.127909 -0.0627628 -0.263584 -0.13322 0.674651 0.726016 0.424658 
1530654058842 -0.0506695 0.726982 -0.684784 -0.597298 -0.989786 -0.128036 -0.062688 -0.263496 -0.13325 0.674614 0.726045 0.42462 
1530654059082 -0.0509305 0.727141 -0.684596 -0.597256 -0.989743 -0.128361 -0.0627065 -0.263329 -0.133472 0.674381 0.72622 0.424549 
1530654059271 -0.0511403 0.727421 -0.684283 -0.597169 -0.989711 -0.128593 -0.0627326 -0.26325 -0.133627 0.674034 0.726513 0.424639 
1530654059455 -0.0512384 0.727541 -0.684148 -0.597101 -0.98968 -0.128787 -0.0628346 -0.2632 -0.133824 0.673868 0.726631 0.424658 
1530654059468 -0.0512467 0.727555 -0.684133 -0.597099 -0.98968 -0.128786 -0.0628252 -0.263199 -0.133815 0.673853 0.726647 0.424662 
1530654059711 -0.0513917 0.727886 -0.68377 -0.597037 -0.989673 -0.128861 -0.062792 -0.263148 -0.133817 0.673481 0.726991 0.424697 
1530654059881 -0.0516065 0.728002 -0.68363 -0.597001 -0.989618 -0.129222 -0.0629044 -0.263069 -0.134135 0.673287 0.727113 0.424648 
1530654060075 -0.0518203 0.728322 -0.683273 -0.596925 -0.98957 -0.129534 -0.0630243 -0.262966 -0.134409 0.67288 0.727438 0.424642 
1530654060246 -0.0520452 0.728719 -0.682832 -0.596881 -0.989535 -0.129775 -0.063074 -0.262864 -0.134578 0.672404 0.727848 0.424736 
1530654060441 -0.0525703 0.728893 -0.682606 -0.596878 -0.989472 -0.130318 -0.0629513 -0.262697 -0.13484 0.67211 0.72807 0.424721 
1530654060642 -0.0526437 0.729143 -0.682334 -0.596801 -0.989439 -0.130493 -0.0631069 -0.262651 -0.135053 0.671805 0.728312 0.424693 
1530654060838 -0.0530178 0.729369 -0.682063 -0.596757 -0.989397 -0.130852 -0.0630207 -0.262517 -0.135215 0.671489 0.728573 0.424673 
1530654061006 -0.0531624 0.729686 -0.681713 -0.596707 -0.989337 -0.131187 -0.0632667 -0.262428 -0.135597 0.67108 0.728879 0.4247 
1530654061196 -0.0534044 0.729935 -0.681427 -0.596612 -0.989325 -0.131334 -0.0631487 -0.262369 -0.135589 0.67078 0.729157 0.424726 
1530654061210 -0.0533868 0.729941 -0.681422 -0.596607 -0.989323 -0.131336 -0.0631774 -0.26237 -0.135611 0.670773 0.729159 0.424724 
1530654061473 -0.0539973 0.730223 -0.681072 -0.596552 -0.989341 -0.131497 -0.0625488 -0.262271 -0.135233 0.670435 0.72954 0.424822 
1530654061698 -0.0543248 0.730442 -0.680811 -0.596478 -0.989342 -0.131623 -0.0622747 -0.262136 -0.135098 0.670172 0.729807 0.424839 
1530654061874 -0.0547648 0.730492 -0.680722 -0.596443 -0.989353 -0.131761 -0.0618 -0.26202 -0.134837 0.67009 0.729931 0.424819 
1530654062063 -0.0552333 0.730676 -0.680486 -0.596403 -0.989359 -0.131927 -0.061354 -0.261881 -0.134605 0.669856 0.730188 0.424821 
1530654062231 -0.0557299 0.730851 -0.680258 -0.596362 -0.989367 -0.132095 -0.0608656 -0.261742 -0.134342 0.669633 0.730441 0.42483 
1530654062413 -0.0562981 0.73106 -0.679986 -0.596322 -0.989369 -0.132316 -0.0603414 -0.261584 -0.134086 0.66936 0.730738 0.424879 
1530654062613 -0.0567601 0.731409 -0.679573 -0.596246 -0.989392 -0.132378 -0.0598379 -0.261457 -0.133726 0.668967 0.731163 0.42497 
1530654062803 -0.0571164 0.7315 -0.679445 -0.596187 -0.989402 -0.132474 -0.0594506 -0.261356 -0.133497 0.668848 0.731314 0.424979 
1530654062975 -0.0576148 0.731643 -0.679248 -0.596145 -0.989411 -0.132635 -0.0589423 -0.261211 -0.133217 0.66866 0.731538 0.424983 
1530654062989 -0.0576532 0.731653 -0.679235 -0.59614 -0.989412 -0.132647 -0.0589029 -0.261201 -0.133195 0.668647 0.731554 0.424982 
1530654063202 -0.0583571 0.731505 -0.679334 -0.596073 -0.989389 -0.133077 -0.0583048 -0.261082 -0.133054 0.668724 0.731509 0.424949 
1530654063398 -0.0594348 0.731539 -0.679204 -0.59604 -0.989371 -0.133629 -0.0573493 -0.260938 -0.132714 0.668576 0.731706 0.425029 
1530654063586 -0.0602079 0.731435 -0.679248 -0.595964 -0.98935 -0.13407 -0.0566755 -0.260794 -0.132521 0.668602 0.731717 0.425047 
1530654063779 -0.0611508 0.731441 -0.679158 -0.595876 -0.989334 -0.134542 -0.0558203 -0.260672 -0.132204 0.668501 0.731867 0.425102 
1530654063961 -0.0618181 0.731429 -0.67911 -0.595791 -0.989328 -0.134853 -0.0551851 -0.260611 -0.131944 0.668451 0.731959 0.42513 
1530654064142 -0.0625791 0.73133 -0.679147 -0.595722 -0.989324 -0.135191 -0.054419 -0.260526 -0.131613 0.668491 0.731982 0.425156 
1530654064352 -0.0635012 0.731229 -0.67917 -0.595657 -0.989309 -0.135647 -0.053546 -0.260372 -0.131282 0.668509 0.732025 0.425167 
1530654064565 -0.0646298 0.731144 -0.679155 -0.595612 -0.989269 -0.136308 -0.0526008 -0.260172 -0.131033 0.668468 0.732107 0.425201 
1530654064738 -0.0652035 0.731115 -0.679132 -0.595525 -0.989251 -0.13663 -0.0521102 -0.260102 -0.130888 0.668434 0.732164 0.425208 
1530654064752 -0.065303 0.731102 -0.679136 -0.595517 -0.989245 -0.136701 -0.0520394 -0.260092 -0.130885 0.668433 0.732165 0.425212 
1530654064940 -0.0650561 0.731299 -0.678947 -0.595433 -0.989196 -0.136838 -0.052605 -0.259926 -0.131375 0.668189 0.7323 0.425219 
1530654065281 -0.0652349 0.731549 -0.678661 -0.595324 -0.989037 -0.137693 -0.0533543 -0.259265 -0.132478 0.66774 0.732511 0.425294 
1530654065494 -0.0650771 0.731516 -0.678711 -0.595201 -0.988961 -0.138012 -0.0539247 -0.259112 -0.133117 0.66771 0.732423 0.425174 
1530654065729 -0.0651712 0.73166 -0.678547 -0.59516 -0.988881 -0.13844 -0.0542995 -0.258805 -0.133667 0.667464 0.732547 0.425238 
1530654065942 -0.0650246 0.731747 -0.678467 -0.595073 -0.988819 -0.138682 -0.0548043 -0.258594 -0.134194 0.667318 0.732584 0.425236 
1530654066124 -0.0653553 0.731944 -0.678223 -0.595067 -0.98874 -0.139192 -0.0549395 -0.258233 -0.134616 0.666996 0.7328 0.425341 
1530654066344 -0.0650587 0.732027 -0.678162 -0.594931 -0.988676 -0.139383 -0.0556061 -0.258071 -0.135229 0.666865 0.732806 0.425246 
1530654066530 -0.0653572 0.732172 -0.677977 -0.594934 -0.988596 -0.139884 -0.0557644 -0.25772 -0.135667 0.666601 0.732965 0.425352 
1530654066544 -0.0653575 0.732195 -0.677952 -0.594927 -0.98859 -0.139916 -0.0558059 -0.2577 -0.135717 0.666569 0.732985 0.425364 
1530654066777 -0.0654353 0.73293 -0.67715 -0.594848 -0.988527 -0.140194 -0.0562179 -0.25751 -0.136136 0.665702 0.733695 0.425323 
1530654066983 -0.0655041 0.733584 -0.676435 -0.594791 -0.988478 -0.140407 -0.0565477 -0.257267 -0.136459 0.664937 0.734328 0.425263 
1530654067233 -0.0659373 0.734781 -0.675092 -0.59469 -0.98831 -0.141294 -0.057257 -0.256657 -0.137458 0.663425 0.735508 0.425053 
1530654067443 -0.0659609 0.735538 -0.674265 -0.594607 -0.988264 -0.141463 -0.0576397 -0.256441 -0.13778 0.66255 0.736236 0.425003 
1530654067641 -0.0660417 0.736173 -0.673563 -0.594547 -0.988201 -0.141744 -0.0580283 -0.256164 -0.138192 0.661783 0.736848 0.424922 
1530654067947 -0.0660926 0.736783 -0.672891 -0.594441 -0.98812 -0.142098 -0.0585353 -0.255886 -0.138744 0.661029 0.737422 0.424767 
1530654068203 -0.0663921 0.737448 -0.672132 -0.594437 -0.988039 -0.142551 -0.0588067 -0.25552 -0.13918 0.660189 0.738092 0.424713 
1530654068407 -0.0663969 0.738148 -0.671364 -0.59435 -0.988003 -0.14266 -0.0591389 -0.255391 -0.13943 0.659383 0.738765 0.424704 
1530654068421 -0.0663715 0.738156 -0.671358 -0.594346 -0.987996 -0.142685 -0.0592073 -0.255383 -0.139497 0.659369 0.738765 0.42469 
1530654068663 -0.0673808 0.738177 -0.671234 -0.594318 -0.988082 -0.142692 -0.0577354 -0.25516 -0.138398 0.659344 0.738994 0.42475 
1530654068905 -0.0683252 0.73813 -0.67119 -0.594225 -0.988135 -0.142823 -0.0564783 -0.254993 -0.13755 0.659367 0.739131 0.424737 
1530654069154 -0.0694282 0.738157 -0.671047 -0.594166 -0.98818 -0.143048 -0.0551145 -0.254757 -0.136675 0.659289 0.739364 0.42475 
1530654069390 -0.0704788 0.73817 -0.670923 -0.594136 -0.988226 -0.143235 -0.0537809 -0.254524 -0.135799 0.659233 0.739574 0.42478 
1530654069597 -0.0714176 0.738194 -0.670797 -0.594096 -0.988282 -0.143322 -0.052503 -0.254316 -0.134897 0.659187 0.73978 0.424816 
1530654069813 -0.0726531 0.738171 -0.67069 -0.5941 -0.988313 -0.143642 -0.0510349 -0.253975 -0.134012 0.659144 0.73998 0.424835 
1530654070027 -0.07352 0.738125 -0.670646 -0.593989 -0.988377 -0.143651 -0.0497532 -0.253868 -0.133063 0.659193 0.740107 0.424845 
1530654070318 -0.0756354 0.738106 -0.670432 -0.593906 -0.988461 -0.143992 -0.0470128 -0.253372 -0.131237 0.65914 0.74048 0.424885 
1530654070332 -0.0756561 0.738099 -0.670438 -0.593907 -0.988462 -0.143997 -0.046985 -0.25336 -0.13122 0.659148 0.740477 0.424885 
1530654070547 -0.0756052 0.738232 -0.670296 -0.593798 -0.98839 -0.144329 -0.0474726 -0.253063 -0.131789 0.658925 0.740574 0.424954 
1530654070805 -0.0758902 0.738361 -0.670122 -0.593793 -0.988326 -0.144742 -0.0475548 -0.25255 -0.132107 0.65869 0.740726 0.424964 
1530654071002 -0.0758727 0.738379 -0.670104 -0.593675 -0.988281 -0.144959 -0.0478296 -0.252279 -0.132454 0.658623 0.740724 0.424924 
1530654071239 -0.0761468 0.738655 -0.669769 -0.593568 -0.988135 -0.14576 -0.0484097 -0.251511 -0.133384 0.658136 0.74099 0.425023 
1530654071451 -0.0762636 0.738694 -0.669712 -0.593499 -0.988078 -0.146078 -0.0486066 -0.251143 -0.133735 0.658021 0.741028 0.425038 
1530654071685 -0.0764634 0.738776 -0.669599 -0.593442 -0.987985 -0.146601 -0.0489253 -0.25072 -0.134309 0.657813 0.741109 0.425045 
1530654071926 -0.0764182 0.739014 -0.669341 -0.593346 -0.98796 -0.146692 -0.0491666 -0.250389 -0.134522 0.657525 0.741326 0.425159 
1530654072139 -0.0766518 0.738989 -0.669343 -0.59332 -0.98787 -0.147213 -0.0494022 -0.25003 -0.135044 0.657437 0.741309 0.425157 
1530654072155 -0.0766597 0.739004 -0.669325 -0.593317 -0.987864 -0.147243 -0.0494291 -0.249999 -0.135082 0.657413 0.741324 0.425169 
1530654072417 -0.0784187 0.73929 -0.668805 -0.593189 -0.987912 -0.147614 -0.047337 -0.249487 -0.133721 0.657008 0.741929 0.425092 
1530654072656 -0.079275 0.739489 -0.668484 -0.593126 -0.98796 -0.147654 -0.0461766 -0.249249 -0.132852 0.656775 0.742292 0.425102 
1530654072890 -0.0800759 0.739609 -0.668257 -0.593039 -0.987989 -0.147776 -0.0451662 -0.248979 -0.132158 0.656613 0.742558 0.425061 
1530654073173 -0.0809669 0.739827 -0.667908 -0.593 -0.988017 -0.147919 -0.0440748 -0.248713 -0.131404 0.656335 0.742938 0.425084 
1530654073392 -0.0818679 0.74007 -0.667529 -0.592962 -0.988032 -0.148122 -0.0430426 -0.248416 -0.13073 0.656016 0.743339 0.425096 
1530654073598 -0.0827483 0.740192 -0.667285 -0.592922 -0.988037 -0.148371 -0.0420575 -0.248111 -0.130136 0.655822 0.743614 0.425077 
1530654073832 -0.083614 0.740409 -0.666935 -0.592823 -0.988063 -0.148498 -0.0409834 -0.247889 -0.129383 0.655548 0.743988 0.425069 
1530654074053 -0.0846447 0.740529 -0.666672 -0.592825 -0.988049 -0.148879 -0.0399241 -0.247511 -0.128819 0.655326 0.744281 0.425048 
1530654074227 -0.0846487 0.740504 -0.6667 -0.592793 -0.988058 -0.148835 -0.0398609 -0.247518 -0.128746 0.655364 0.74426 0.425025 
1530654074487 -0.0850382 0.740196 -0.666992 -0.592789 -0.988108 -0.148718 -0.0390614 -0.247135 -0.128107 0.655738 0.74404 0.425075 
1530654074702 -0.0851779 0.739929 -0.667271 -0.592719 -0.988183 -0.148391 -0.0384061 -0.246918 -0.127435 0.656114 0.743825 0.425075 
1530654074911 -0.0854944 0.739681 -0.667504 -0.592684 -0.988241 -0.148199 -0.0376491 -0.246604 -0.126772 0.656436 0.743653 0.425103 
1530654075095 -0.0858249 0.739523 -0.667638 -0.592652 -0.988311 -0.147936 -0.0368166 -0.246269 -0.125994 0.656674 0.743576 0.425174 
1530654075299 -0.0860247 0.739158 -0.668015 -0.592595 -0.988381 -0.147649 -0.0360937 -0.245952 -0.125311 0.657149 0.743272 0.425187 
1530654075495 -0.08642 0.73901 -0.668129 -0.592566 -0.988437 -0.147475 -0.03527 -0.245619 -0.124597 0.657355 0.743209 0.425311 
1530654075702 -0.0866659 0.73864 -0.668506 -0.592528 -0.988493 -0.147263 -0.034563 -0.245319 -0.123976 0.657818 0.742903 0.425254 
1530654075888 -0.0868512 0.738465 -0.668675 -0.592452 -0.988569 -0.146921 -0.0338544 -0.245012 -0.123243 0.658091 0.742784 0.425324 
1530654076106 -0.0872121 0.738125 -0.669003 -0.592406 -0.988636 -0.146676 -0.0329509 -0.244688 -0.122449 0.658527 0.742529 0.425298 
1530654076137 -0.0872472 0.738115 -0.66901 -0.592406 -0.988637 -0.146677 -0.0328976 -0.24464 -0.122411 0.658538 0.742525 0.425305 
1530654076369 -0.0877303 0.737618 -0.669494 -0.592386 -0.988677 -0.146611 -0.0319737 -0.24439 -0.12174 0.659109 0.742129 0.425294 
1530654076600 -0.0882107 0.737233 -0.669855 -0.592339 -0.988751 -0.146353 -0.030869 -0.244111 -0.120793 0.659597 0.74185 0.425418 
1530654076850 -0.088587 0.736665 -0.67043 -0.592331 -0.988825 -0.146063 -0.0298354 -0.243783 -0.119904 0.660295 0.741373 0.425351 
1530654077067 -0.0891338 0.736334 -0.670722 -0.592306 -0.988869 -0.145969 -0.0288355 -0.243526 -0.119137 0.660686 0.741148 0.425401 
1530654077303 -0.0896674 0.735975 -0.671045 -0.592265 -0.988929 -0.145772 -0.0277326 -0.243245 -0.11823 0.661129 0.740898 0.425475 
1530654077508 -0.0902622 0.735504 -0.671481 -0.592295 -0.988963 -0.145738 -0.0266943 -0.242892 -0.117494 0.66166 0.740541 0.425526 
1530654077729 -0.0906756 0.735197 -0.671761 -0.592234 -0.989038 -0.145419 -0.0256493 -0.242616 -0.116544 0.662071 0.740324 0.42563 
1530654077982 -0.0916821 0.734237 -0.672674 -0.59224 -0.989118 -0.145205 -0.0236823 -0.241999 -0.115064 0.663183 0.73956 0.425649 
1530654078003 -0.0917968 0.734272 -0.67262 -0.592233 -0.98912 -0.145218 -0.0235369 -0.241948 -0.114959 0.663141 0.739614 0.425702 
1530654078232 -0.0921289 0.734439 -0.672392 -0.592254 -0.989137 -0.145176 -0.023044 -0.241676 -0.114539 0.662965 0.739836 0.425608 
1530654078458 -0.0924313 0.734678 -0.67209 -0.592232 -0.989169 -0.145047 -0.0225156 -0.241344 -0.114026 0.662729 0.740127 0.425537 
1530654078662 -0.0926544 0.734912 -0.671803 -0.59223 -0.98922 -0.144781 -0.0219491 -0.241013 -0.113395 0.662528 0.740404 0.425499 
1530654078899 -0.0930185 0.735034 -0.671619 -0.592211 -0.989236 -0.144755 -0.021415 -0.240643 -0.112961 0.662398 0.740587 0.425411 
1530654079128 -0.0934166 0.735345 -0.671223 -0.592219 -0.989265 -0.144648 -0.0207863 -0.240324 -0.112376 0.662076 0.740964 0.425403 
1530654079328 -0.0937413 0.735571 -0.670931 -0.592222 -0.989296 -0.144518 -0.0202189 -0.23999 -0.111834 0.661854 0.741244 0.425366 
1530654079549 -0.0938566 0.735814 -0.670648 -0.592177 -0.989354 -0.144186 -0.0197375 -0.239704 -0.111221 0.661656 0.741513 0.425301 
1530654079811 -0.0943763 0.736026 -0.670342 -0.592217 -0.98936 -0.144234 -0.0190773 -0.239256 -0.110728 0.661409 0.741807 0.425252 
1530654080024 -0.0944518 0.736269 -0.670064 -0.592178 -0.989405 -0.143968 -0.0187268 -0.239057 -0.110256 0.661196 0.742067 0.425213 
1530654080041 -0.0945191 0.736269 -0.670056 -0.592189 -0.9894 -0.14401 -0.0186746 -0.239011 -0.110244 0.661188 0.742076 0.425208 
1530654080263 -0.0942843 0.736092 -0.670283 -0.592186 -0.98943 -0.143794 -0.0187354 -0.238814 -0.110174 0.661432 0.741869 0.425188 
1530654080499 -0.0943276 0.735683 -0.670725 -0.592177 -0.989436 -0.143778 -0.0185529 -0.238207 -0.110085 0.66189 0.741474 0.425178 
1530654080683 -0.0945993 0.735566 -0.670816 -0.592245 -0.989425 -0.143891 -0.0182504 -0.237805 -0.109949 0.661995 0.7414 0.42525 
1530654080873 -0.0943715 0.7354 -0.671029 -0.592229 -0.989452 -0.143696 -0.0183274 -0.237613 -0.109902 0.662222 0.741204 0.425307 
1530654081093 -0.0942979 0.735079 -0.671392 -0.592232 -0.989483 -0.143504 -0.018142 -0.237321 -0.109683 0.66262 0.740881 0.425211 
