1532543507856 0.249075 0.698604 -0.670756 -0.581336 -0.956928 0.284195 -0.0593463 -0.252933 0.149166 0.656647 0.7393 0.406173 
1532543514226 0.249076 0.698605 -0.670755 -0.581336 -0.956928 0.284195 -0.0593484 -0.252933 0.149164 0.656646 0.739301 0.406173 
1532543514367 0.249076 0.698605 -0.670755 -0.581336 -0.956928 0.284195 -0.0593484 -0.252933 0.149164 0.656646 0.739301 0.406173 
1532543514655 0.248406 0.698208 -0.671416 -0.581398 -0.95709 0.283705 -0.059072 -0.252943 0.14924 0.65728 0.738722 0.40609 
1532543514995 0.24798 0.697966 -0.671826 -0.581421 -0.957175 0.283475 -0.058802 -0.252968 0.149404 0.657637 0.738371 0.406034 
1532543515011 0.24798 0.697966 -0.671826 -0.581421 -0.957175 0.283475 -0.058802 -0.252968 0.149404 0.657637 0.738371 0.406034 
1532543515032 0.24798 0.697966 -0.671826 -0.581421 -0.957175 0.283475 -0.058802 -0.252968 0.149404 0.657637 0.738371 0.406034 
1532543515045 0.24798 0.697966 -0.671826 -0.581421 -0.957175 0.283475 -0.058802 -0.252968 0.149404 0.657637 0.738371 0.406034 
1532543515069 0.24798 0.697966 -0.671826 -0.581421 -0.957175 0.283475 -0.058802 -0.252968 0.149404 0.657637 0.738371 0.406034 
1532543515089 0.24798 0.697966 -0.671826 -0.581421 -0.957175 0.283475 -0.058802 -0.252968 0.149404 0.657637 0.738371 0.406034 
1532543515117 0.24798 0.697966 -0.671826 -0.581421 -0.957175 0.283475 -0.058802 -0.252968 0.149404 0.657637 0.738371 0.406034 
1532543515174 0.24798 0.697966 -0.671826 -0.581421 -0.957175 0.283475 -0.058802 -0.252968 0.149404 0.657637 0.738371 0.406034 
1532543515218 0.24798 0.697966 -0.671826 -0.581421 -0.957175 0.283475 -0.058802 -0.252968 0.149404 0.657637 0.738371 0.406034 
1532543515274 0.247889 0.697904 -0.671923 -0.581421 -0.957193 0.283428 -0.0587456 -0.252987 0.149443 0.657723 0.738287 0.406017 
1532543515320 0.247891 0.697903 -0.671923 -0.581421 -0.957192 0.28343 -0.0587454 -0.252987 0.149445 0.657722 0.738287 0.406017 
1532543515394 0.247891 0.697903 -0.671923 -0.581421 -0.957192 0.28343 -0.0587454 -0.252987 0.149445 0.657722 0.738287 0.406017 
1532543515736 0.247894 0.697901 -0.671925 -0.58142 -0.957191 0.283434 -0.0587454 -0.25299 0.149448 0.657722 0.738286 0.406017 
1532543516209 0.253833 0.70004 -0.667468 -0.581151 -0.957021 0.281851 -0.0683424 -0.252414 0.140284 0.656129 0.741496 0.405601 
1532543516754 0.256751 0.701118 -0.665216 -0.580982 -0.956929 0.280927 -0.0732543 -0.252127 0.135517 0.655373 0.743049 0.405372 
1532543517288 0.259819 0.702025 -0.663065 -0.580809 -0.956752 0.280182 -0.0782539 -0.2519 0.130843 0.654721 0.74446 0.405063 
1532543517647 0.261405 0.702503 -0.661934 -0.580719 -0.956614 0.279976 -0.0806415 -0.251772 0.128675 0.654295 0.745212 0.404981 
1532543518033 0.264093 0.702809 -0.660541 -0.581303 -0.956212 0.280362 -0.0840042 -0.251544 0.126151 0.653801 0.746076 0.404778 
1532543518427 0.265668 0.702988 -0.659718 -0.5815 -0.955943 0.280727 -0.0858188 -0.251513 0.124871 0.653452 0.746597 0.404712 
1532543518827 0.268435 0.703176 -0.658397 -0.582067 -0.955509 0.281106 -0.0893468 -0.251267 0.122253 0.653088 0.747349 0.404391 
1532543519307 0.274014 0.703843 -0.655378 -0.583096 -0.954591 0.281906 -0.0963617 -0.250834 0.116932 0.652023 0.749128 0.403913 
1532543519320 0.274014 0.703843 -0.655378 -0.583096 -0.954591 0.281906 -0.0963617 -0.250834 0.116932 0.652023 0.749128 0.403913 
1532543519596 0.274063 0.703864 -0.655335 -0.583124 -0.954581 0.281923 -0.0964083 -0.25079 0.116896 0.651992 0.74916 0.403906 
1532543519973 0.275889 0.704007 -0.654415 -0.583539 -0.954241 0.282324 -0.0985726 -0.250703 0.115361 0.651666 0.749682 0.403638 
1532543520331 0.278005 0.704283 -0.653221 -0.583979 -0.953785 0.283124 -0.100667 -0.250626 0.114045 0.651019 0.750446 0.403474 
1532543520679 0.279812 0.704478 -0.652239 -0.584504 -0.95345 0.283465 -0.102864 -0.250403 0.112421 0.65066 0.751001 0.403177 
1532543521057 0.282823 0.704858 -0.650528 -0.585178 -0.952813 0.284424 -0.106066 -0.25022 0.110265 0.649829 0.75204 0.402864 
1532543521089 0.282823 0.704858 -0.650528 -0.585178 -0.952813 0.284424 -0.106066 -0.25022 0.110265 0.649829 0.75204 0.402864 
1532543521363 0.282908 0.70491 -0.650435 -0.585169 -0.95279 0.284489 -0.106102 -0.25023 0.110249 0.649745 0.752115 0.402927 
1532543521758 0.284115 0.704113 -0.650771 -0.585699 -0.952352 0.285773 -0.106583 -0.250218 0.110927 0.650045 0.751756 0.402939 
1532543522164 0.284439 0.70385 -0.650915 -0.585823 -0.952236 0.286096 -0.106749 -0.250169 0.111089 0.650188 0.751608 0.402906 
1532543522493 0.285738 0.702967 -0.651299 -0.586405 -0.951775 0.287395 -0.107369 -0.25011 0.111704 0.65057 0.751187 0.402938 
1532543522811 0.28568 0.702931 -0.651363 -0.58644 -0.951795 0.287332 -0.107365 -0.250045 0.111688 0.650636 0.751131 0.402883 
1532543523199 0.287543 0.702457 -0.651056 -0.587154 -0.95128 0.288449 -0.108918 -0.250098 0.111286 0.650655 0.751175 0.402853 
1532543523624 0.288223 0.702221 -0.651009 -0.58741 -0.951092 0.288842 -0.109516 -0.2501 0.111135 0.650735 0.751128 0.402806 
1532543523971 0.290669 0.701451 -0.650752 -0.588732 -0.950458 0.289992 -0.111953 -0.249788 0.110184 0.651054 0.750991 0.402522 
1532543524339 0.290782 0.701348 -0.650813 -0.588727 -0.950416 0.290112 -0.112004 -0.249813 0.110255 0.651112 0.750931 0.402526 
1532543524738 0.291393 0.701002 -0.650912 -0.589044 -0.950217 0.290602 -0.112417 -0.249781 0.110352 0.651265 0.750784 0.402409 
1532543525158 0.292786 0.700468 -0.650861 -0.589568 -0.949755 0.291808 -0.113193 -0.249845 0.110638 0.6513 0.750711 0.4024 
1532543525580 0.295267 0.699358 -0.650934 -0.590731 -0.948937 0.293869 -0.114712 -0.249744 0.111065 0.651566 0.750417 0.402273 
1532543526097 0.296671 0.698714 -0.650988 -0.59126 -0.94847 0.295037 -0.115575 -0.249726 0.111312 0.65173 0.750238 0.402175 
1532543526110 0.296671 0.698714 -0.650988 -0.59126 -0.94847 0.295037 -0.115575 -0.249726 0.111312 0.65173 0.750238 0.402175 
1532543526361 0.296626 0.698706 -0.651017 -0.591322 -0.948499 0.294913 -0.115653 -0.249674 0.111186 0.651795 0.750201 0.402154 
1532543526675 0.297966 0.698359 -0.650777 -0.591844 -0.948101 0.295784 -0.116689 -0.249813 0.110999 0.651772 0.750248 0.401957 
1532543527007 0.298969 0.698274 -0.650408 -0.592491 -0.947812 0.296406 -0.117455 -0.249679 0.110769 0.65158 0.750449 0.401838 
1532543527363 0.301524 0.697634 -0.649915 -0.593671 -0.947079 0.297867 -0.119654 -0.249764 0.110114 0.651599 0.750529 0.401453 
1532543527691 0.302054 0.69768 -0.649619 -0.593968 -0.946938 0.298129 -0.120113 -0.249718 0.10987 0.65143 0.750711 0.401446 
1532543527705 0.302054 0.69768 -0.649619 -0.593968 -0.946938 0.298129 -0.120113 -0.249718 0.10987 0.65143 0.750711 0.401446 
1532543527935 0.302054 0.69768 -0.649619 -0.593968 -0.946938 0.298129 -0.120113 -0.249718 0.10987 0.65143 0.750711 0.401446 
1532543528155 0.302039 0.697575 -0.649739 -0.593999 -0.94695 0.298056 -0.1202 -0.249665 0.10981 0.651576 0.750594 0.401375 
1532543528483 0.304061 0.696754 -0.649678 -0.594958 -0.946273 0.299688 -0.121469 -0.24958 0.110067 0.651707 0.750442 0.401054 
1532543528763 0.306353 0.695858 -0.649561 -0.595891 -0.945478 0.301671 -0.122743 -0.249576 0.110542 0.651748 0.750336 0.400742 
1532543529119 0.307024 0.695622 -0.649497 -0.596142 -0.945252 0.302208 -0.123161 -0.249547 0.11061 0.651752 0.750323 0.400722 
1532543529482 0.307337 0.695769 -0.649192 -0.596429 -0.945116 0.30269 -0.123026 -0.24953 0.110906 0.651372 0.75061 0.400748 
1532543529805 0.3083 0.69546 -0.649066 -0.59694 -0.944757 0.303664 -0.123381 -0.249601 0.111292 0.651248 0.75066 0.400485 
1532543530147 0.309589 0.695042 -0.6489 -0.598096 -0.944225 0.305255 -0.123528 -0.249473 0.112223 0.65095 0.750779 0.39995 
1532543530595 0.310609 0.694843 -0.648625 -0.598591 -0.943819 0.306438 -0.123696 -0.249568 0.112815 0.650606 0.750989 0.399808 
1532543530616 0.310609 0.694843 -0.648625 -0.598591 -0.943819 0.306438 -0.123696 -0.249568 0.112815 0.650606 0.750989 0.399808 
1532543530847 0.310622 0.694733 -0.648737 -0.598593 -0.943813 0.306438 -0.123742 -0.249552 0.11283 0.650724 0.750885 0.39973 
1532543531107 0.311385 0.694311 -0.648823 -0.599115 -0.943531 0.307142 -0.124147 -0.249538 0.113084 0.650842 0.750744 0.399732 
1532543531337 0.312066 0.693888 -0.648948 -0.599666 -0.943305 0.307613 -0.124702 -0.249486 0.113095 0.651071 0.750544 0.399628 
1532543531588 0.31311 0.693087 -0.649302 -0.600502 -0.942933 0.308443 -0.125463 -0.249398 0.113316 0.651532 0.750111 0.399453 
1532543531779 0.31311 0.693087 -0.649302 -0.600502 -0.942933 0.308443 -0.125463 -0.249398 0.113316 0.651532 0.750111 0.399453 
1532543532219 0.314803 0.692131 -0.649503 -0.601212 -0.942356 0.30968 -0.126739 -0.249433 0.113418 0.65196 0.749722 0.399263 
1532543532605 0.315365 0.691898 -0.649478 -0.601453 -0.942187 0.309975 -0.127274 -0.249393 0.113262 0.652068 0.749653 0.399252 
1532543532927 0.317593 0.691014 -0.649333 -0.60233 -0.94151 0.311169 -0.129355 -0.249234 0.112667 0.652436 0.749422 0.399131 
1532543533331 0.319287 0.690322 -0.649239 -0.602977 -0.94099 0.312078 -0.13094 -0.249074 0.112222 0.652735 0.749228 0.399006 
1532543533584 0.319209 0.690282 -0.64932 -0.603018 -0.941019 0.311991 -0.130938 -0.249028 0.112198 0.652819 0.749159 0.398971 
1532543533870 0.319898 0.689952 -0.649331 -0.603197 -0.940776 0.312529 -0.131399 -0.249145 0.112276 0.65291 0.749068 0.399028 
1532543534117 0.321089 0.689091 -0.649658 -0.60381 -0.940354 0.313405 -0.132334 -0.249123 0.112416 0.653399 0.74862 0.398955 
1532543534380 0.321943 0.688493 -0.649869 -0.604301 -0.940077 0.313874 -0.133183 -0.249078 0.112282 0.653805 0.748286 0.398916 
1532543534636 0.323073 0.687797 -0.650046 -0.604702 -0.939675 0.31472 -0.134022 -0.249179 0.112403 0.654131 0.747983 0.398865 
1532543535032 0.323794 0.687365 -0.650144 -0.605178 -0.939402 0.315353 -0.134447 -0.249108 0.112611 0.65428 0.747821 0.398899 
1532543535408 0.324278 0.68706 -0.650225 -0.605439 -0.93921 0.315823 -0.134686 -0.249138 0.112819 0.654374 0.747708 0.39883 
1532543535718 0.324792 0.686687 -0.650362 -0.605936 -0.938994 0.316382 -0.134882 -0.249041 0.113141 0.654495 0.747553 0.398662 
1532543536075 0.325993 0.685951 -0.650539 -0.606681 -0.938524 0.317502 -0.13552 -0.24899 0.113587 0.654724 0.747284 0.398443 
1532543536306 0.326878 0.685605 -0.650459 -0.607097 -0.938167 0.318418 -0.135839 -0.249086 0.113986 0.654642 0.747296 0.398456 
1532543536319 0.326878 0.685605 -0.650459 -0.607097 -0.938167 0.318418 -0.135839 -0.249086 0.113986 0.654642 0.747296 0.398456 
1532543536624 0.326792 0.685527 -0.650584 -0.607139 -0.938192 0.31836 -0.135801 -0.24903 0.114025 0.654752 0.747194 0.398401 
1532543536901 0.327974 0.685565 -0.649949 -0.607612 -0.937941 0.318384 -0.137469 -0.249023 0.112689 0.6547 0.747442 0.398336 
1532543537233 0.32917 0.685452 -0.649463 -0.608135 -0.937647 0.318594 -0.138983 -0.248945 0.111648 0.654716 0.747584 0.398255 
1532543537525 0.330228 0.685325 -0.64906 -0.608648 -0.93742 0.318559 -0.140581 -0.248876 0.11042 0.654866 0.747635 0.39812 
1532543537578 0.330228 0.685325 -0.64906 -0.608648 -0.93742 0.318559 -0.140581 -0.248876 0.11042 0.654866 0.747635 0.39812 
1532543537936 0.330321 0.685189 -0.649156 -0.608661 -0.93739 0.318588 -0.140716 -0.248875 0.110396 0.654994 0.747526 0.398068 
1532543538344 0.330914 0.68556 -0.648463 -0.609255 -0.937228 0.318868 -0.141162 -0.248908 0.109999 0.65447 0.748044 0.398006 
1532543538802 0.33148 0.685583 -0.648148 -0.609681 -0.937069 0.319085 -0.141727 -0.248906 0.109649 0.65434 0.748209 0.397809 
1532543539228 0.33177 0.685825 -0.647744 -0.610054 -0.936996 0.319192 -0.141965 -0.248795 0.109392 0.654034 0.748514 0.397796 
1532543539284 0.33177 0.685825 -0.647744 -0.610054 -0.936996 0.319192 -0.141965 -0.248795 0.109392 0.654034 0.748514 0.397796 
1532543539665 0.331815 0.685727 -0.647825 -0.61007 -0.936988 0.319161 -0.14209 -0.24877 0.109326 0.654152 0.74842 0.39773 
1532543540069 0.332911 0.685294 -0.647721 -0.610836 -0.936668 0.319538 -0.143348 -0.248934 0.108736 0.654422 0.74827 0.397651 
1532543540505 0.333287 0.685193 -0.647635 -0.611025 -0.936552 0.319712 -0.143716 -0.249012 0.108583 0.654443 0.748274 0.397654 
1532543540940 0.334286 0.684784 -0.647553 -0.611794 -0.936287 0.319878 -0.145069 -0.249102 0.107797 0.65479 0.748084 0.397497 
1532543540968 0.334286 0.684784 -0.647553 -0.611794 -0.936287 0.319878 -0.145069 -0.249102 0.107797 0.65479 0.748084 0.397497 
1532543541229 0.334267 0.684661 -0.647692 -0.611804 -0.936301 0.319792 -0.145171 -0.249094 0.107734 0.65496 0.747944 0.39742 
1532543541630 0.335785 0.683935 -0.647674 -0.612496 -0.935812 0.32052 -0.146704 -0.249051 0.107257 0.655362 0.747661 0.397435 
1532543542019 0.338482 0.682568 -0.647712 -0.613675 -0.934951 0.321707 -0.149568 -0.248917 0.106283 0.656205 0.74706 0.397433 
1532543542357 0.339048 0.682243 -0.647758 -0.613911 -0.934762 0.321991 -0.150139 -0.248915 0.106141 0.656404 0.746905 0.397458 
