1535121312738 0.209472 0.918561 -0.335212 -0.531232 -0.943762 0.279609 0.176444 -0.249135 0.255803 0.279401 0.925473 0.435457 
1535121317793 0.209472 0.918561 -0.335213 -0.531232 -0.943762 0.279609 0.176443 -0.249135 0.255802 0.279401 0.925473 0.435457 
1535121318796 0.217018 0.920959 -0.323631 -0.551899 -0.943475 0.282969 0.172579 -0.248288 0.250516 0.267885 0.930311 0.423032 
1535121319814 0.224594 0.923284 -0.311617 -0.572809 -0.94297 0.286555 0.169395 -0.24718 0.245695 0.2558 0.934987 0.410477 
1535121320889 0.231701 0.925388 -0.299953 -0.593819 -0.942518 0.289872 0.166232 -0.246011 0.240777 0.244196 0.939359 0.397769 
1535121322046 0.238734 0.92741 -0.287952 -0.614854 -0.941982 0.293215 0.163388 -0.244779 0.23596 0.232239 0.943604 0.385116 
1535121322825 0.242071 0.928419 -0.281851 -0.625336 -0.941704 0.294771 0.162184 -0.244145 0.233656 0.22616 0.945651 0.378814 
1535121322859 0.241831 0.928587 -0.281503 -0.625481 -0.941755 0.294491 0.162396 -0.24401 0.233699 0.225834 0.945719 0.378762 
1535121323258 0.242807 0.928464 -0.281069 -0.627217 -0.941598 0.295257 0.161916 -0.244163 0.233321 0.22534 0.94593 0.377566 
1535121323751 0.24394 0.928738 -0.279176 -0.630448 -0.941484 0.295839 0.161516 -0.243974 0.232598 0.223439 0.946559 0.375711 
1535121324143 0.244421 0.929034 -0.277766 -0.632622 -0.941483 0.295936 0.161345 -0.243724 0.232095 0.222076 0.947003 0.374427 
1535121324528 0.245099 0.929242 -0.276469 -0.63476 -0.941422 0.296249 0.161125 -0.243609 0.231628 0.220782 0.947419 0.373161 
1535121324558 0.244974 0.929368 -0.276158 -0.634891 -0.941477 0.296054 0.161161 -0.243502 0.231535 0.220516 0.947504 0.373102 
1535121324721 0.244832 0.929431 -0.276071 -0.634919 -0.941475 0.29594 0.161382 -0.243496 0.231694 0.220402 0.947492 0.373159 
1535121324765 0.244759 0.929239 -0.276781 -0.634911 -0.941477 0.296009 0.161241 -0.243604 0.231761 0.221118 0.947309 0.373217 
1535121324877 0.244667 0.929137 -0.277205 -0.634871 -0.941438 0.296055 0.161386 -0.243748 0.232017 0.221486 0.94716 0.373296 
1535121324916 0.244265 0.929099 -0.277687 -0.634969 -0.941487 0.295806 0.161555 -0.243745 0.232242 0.221976 0.94699 0.373293 
1535121324948 0.244045 0.92902 -0.278145 -0.635066 -0.941493 0.295726 0.161672 -0.243793 0.232452 0.222416 0.946836 0.373323 
1535121325041 0.24364 0.928971 -0.278662 -0.635193 -0.941534 0.295489 0.161862 -0.243898 0.232707 0.222934 0.946651 0.373449 
1535121325105 0.243109 0.928859 -0.279498 -0.63534 -0.941559 0.295235 0.162183 -0.243945 0.233163 0.223736 0.946349 0.373533 
1535121326321 0.242346 0.928679 -0.280756 -0.635585 -0.941611 0.294864 0.162556 -0.244066 0.233747 0.224968 0.945913 0.373577 
1535121326342 0.242375 0.928716 -0.28061 -0.635548 -0.941611 0.294859 0.162564 -0.244021 0.233716 0.224824 0.945955 0.373563 
1535121326521 0.242283 0.929061 -0.279544 -0.635375 -0.941805 0.294421 0.162235 -0.244011 0.23303 0.22397 0.946327 0.373605 
1535121326717 0.241032 0.929269 -0.279934 -0.635422 -0.942078 0.293338 0.162607 -0.244338 0.233221 0.224526 0.946148 0.373848 
1535121326953 0.238629 0.929668 -0.280666 -0.635532 -0.942625 0.291232 0.163222 -0.244578 0.233481 0.225613 0.945825 0.374012 
1535121327051 0.238205 0.929712 -0.280881 -0.635556 -0.942701 0.290894 0.163385 -0.244859 0.233607 0.225867 0.945733 0.374157 
1535121327185 0.237351 0.929844 -0.281165 -0.635626 -0.942936 0.29011 0.163429 -0.244926 0.233532 0.226331 0.945641 0.37413 
1535121327630 0.236575 0.929997 -0.281313 -0.635673 -0.943097 0.289427 0.163709 -0.245005 0.233669 0.226576 0.945549 0.37427 
1535121327836 0.23666 0.930138 -0.280775 -0.635646 -0.943243 0.289252 0.163177 -0.245099 0.232992 0.226221 0.945801 0.374042 
1535121328001 0.23578 0.930528 -0.280223 -0.635748 -0.943537 0.288242 0.163261 -0.245193 0.232691 0.225907 0.94595 0.374129 
1535121328230 0.234743 0.930993 -0.279548 -0.635811 -0.943964 0.286968 0.163036 -0.245565 0.232007 0.225612 0.946188 0.374095 
1535121328277 0.234328 0.931133 -0.27943 -0.635856 -0.94412 0.2865 0.162959 -0.245653 0.231794 0.22563 0.946236 0.37406 
1535121328728 0.233761 0.931409 -0.278985 -0.635929 -0.944346 0.285797 0.162886 -0.245768 0.231446 0.225382 0.94638 0.374049 
1535121328768 0.233891 0.931322 -0.279167 -0.635912 -0.944269 0.285996 0.162977 -0.245702 0.231625 0.22549 0.946311 0.374086 
1535121328783 0.234025 0.931246 -0.279309 -0.635909 -0.944203 0.286182 0.163037 -0.245659 0.231761 0.22557 0.946258 0.374107 
1535121328798 0.234139 0.931191 -0.279396 -0.635902 -0.94415 0.286329 0.163084 -0.245622 0.231861 0.225608 0.946225 0.374125 
1535121328817 0.234256 0.931172 -0.279362 -0.635876 -0.94411 0.286446 0.16311 -0.245582 0.231905 0.225539 0.94623 0.374143 
1535121328904 0.234605 0.931122 -0.279237 -0.635823 -0.944063 0.286719 0.162902 -0.245646 0.231744 0.2254 0.946303 0.374044 
1535121328948 0.235149 0.931087 -0.278893 -0.635761 -0.943927 0.28718 0.162881 -0.245656 0.231749 0.224953 0.946408 0.373971 
1535121329045 0.235853 0.931039 -0.278459 -0.635665 -0.943828 0.287703 0.162531 -0.245714 0.231436 0.224484 0.946596 0.373796 
1535121329179 0.236886 0.93095 -0.27788 -0.635565 -0.943604 0.288555 0.162316 -0.245748 0.231292 0.223759 0.946803 0.373687 
1535121329196 0.236902 0.930951 -0.277862 -0.635563 -0.943604 0.288564 0.162301 -0.245755 0.231276 0.223743 0.946811 0.373697 
1535121329418 0.237029 0.93089 -0.277959 -0.63531 -0.943532 0.288742 0.162406 -0.245448 0.231441 0.223768 0.946765 0.373929 
1535121329665 0.238028 0.930765 -0.277522 -0.635008 -0.943364 0.289541 0.16196 -0.245252 0.231101 0.223253 0.946969 0.373972 
1535121329934 0.240235 0.930333 -0.277069 -0.634428 -0.942783 0.291594 0.161658 -0.244915 0.231187 0.22238 0.947154 0.37399 
1535121330164 0.241842 0.930112 -0.276413 -0.633966 -0.942408 0.292984 0.161331 -0.244724 0.23104 0.221478 0.947401 0.374176 
1535121330192 0.242131 0.930054 -0.276354 -0.633888 -0.942344 0.29324 0.161239 -0.244706 0.230999 0.22138 0.947434 0.374165 
1535121330243 0.242558 0.929956 -0.276312 -0.633737 -0.942265 0.293612 0.161025 -0.244733 0.230874 0.221301 0.947482 0.374122 
1535121330424 0.242161 0.930138 -0.276047 -0.633498 -0.942304 0.293247 0.16146 -0.244381 0.23113 0.221021 0.947485 0.374431 
1535121330672 0.242755 0.929983 -0.276047 -0.632758 -0.942159 0.293808 0.161287 -0.244143 0.231099 0.220927 0.947515 0.374655 
1535121330864 0.243084 0.929812 -0.276332 -0.632419 -0.942074 0.294173 0.16112 -0.244027 0.231101 0.22116 0.94746 0.374644 
1535121331133 0.243505 0.929777 -0.276081 -0.631681 -0.941905 0.29459 0.161347 -0.243638 0.231347 0.220753 0.947495 0.374971 
1535121331394 0.243981 0.929677 -0.275997 -0.63101 -0.941749 0.295062 0.16139 -0.243299 0.231477 0.220544 0.947512 0.375207 
1535121331447 0.244326 0.929574 -0.276039 -0.63082 -0.941653 0.295406 0.161323 -0.243302 0.231505 0.220518 0.947511 0.375239 
1535121331716 0.243676 0.929517 -0.276804 -0.630317 -0.941607 0.295121 0.162111 -0.243048 0.232376 0.221138 0.947153 0.375411 
1535121332058 0.243141 0.929336 -0.27788 -0.62892 -0.941137 0.295375 0.164361 -0.242599 0.234826 0.22156 0.94645 0.3761 
1535121332336 0.243159 0.928937 -0.279195 -0.627961 -0.940727 0.296007 0.165565 -0.242493 0.236443 0.222387 0.945853 0.376407 
1535121332621 0.242881 0.92868 -0.28029 -0.627083 -0.940393 0.296318 0.166903 -0.24212 0.238054 0.223045 0.945294 0.376733 
1535121332858 0.242838 0.928522 -0.280848 -0.626857 -0.94028 0.296494 0.167228 -0.242122 0.238545 0.223467 0.945071 0.376677 
1535121333153 0.242768 0.92872 -0.280255 -0.626359 -0.940267 0.296349 0.167556 -0.241928 0.238666 0.222837 0.945189 0.377106 
1535121333476 0.242084 0.928789 -0.280619 -0.624988 -0.940195 0.295993 0.168587 -0.241362 0.239643 0.223024 0.944898 0.377441 
1535121333690 0.242253 0.928577 -0.281172 -0.624514 -0.940038 0.296361 0.168816 -0.241332 0.240087 0.223416 0.944692 0.377453 
1535121333962 0.242016 0.928629 -0.281205 -0.623579 -0.939898 0.296327 0.169655 -0.241018 0.240875 0.223245 0.944532 0.377817 
1535121334161 0.242103 0.928532 -0.28145 -0.623072 -0.93974 0.29658 0.170084 -0.240997 0.241401 0.223312 0.944382 0.377975 
1535121334548 0.242289 0.928415 -0.281675 -0.622841 -0.939611 0.296874 0.170286 -0.24099 0.241718 0.223406 0.944278 0.378008 
1535121334780 0.241829 0.928554 -0.281615 -0.622713 -0.939709 0.296442 0.170495 -0.240728 0.241796 0.223405 0.944259 0.378122 
1535121334964 0.242309 0.928386 -0.281754 -0.62232 -0.939557 0.296953 0.170446 -0.240854 0.241907 0.223423 0.944226 0.378216 
1535121335138 0.242144 0.928384 -0.281902 -0.622057 -0.939567 0.296852 0.170565 -0.240646 0.242034 0.223565 0.94416 0.378272 
1535121335384 0.241987 0.928395 -0.282 -0.621453 -0.939487 0.296832 0.171042 -0.240313 0.242501 0.223546 0.944045 0.378578 
1535121335544 0.242133 0.928248 -0.282361 -0.621159 -0.939412 0.297073 0.171036 -0.240263 0.242646 0.22384 0.943938 0.378573 
1535121335718 0.242098 0.928189 -0.282582 -0.620835 -0.93934 0.297155 0.17129 -0.240163 0.24296 0.223972 0.943826 0.378682 
1535121335871 0.242251 0.928102 -0.282739 -0.620545 -0.939211 0.297412 0.171547 -0.24008 0.243303 0.223994 0.943732 0.378831 
1535121336408 0.242215 0.928077 -0.282852 -0.620327 -0.939201 0.297416 0.171595 -0.239985 0.243378 0.224092 0.943689 0.378836 
1535121336609 0.242241 0.928043 -0.282941 -0.620267 -0.939256 0.297401 0.171324 -0.239852 0.243143 0.224252 0.943712 0.378902 
1535121336844 0.242679 0.92784 -0.283231 -0.619764 -0.93925 0.297773 0.170706 -0.239609 0.242726 0.224598 0.943737 0.37909 
1535121337064 0.242998 0.927621 -0.283675 -0.61927 -0.939303 0.298033 0.169957 -0.239415 0.242201 0.225158 0.943739 0.379176 
1535121337222 0.243229 0.927457 -0.284012 -0.619032 -0.9393 0.298263 0.169574 -0.239315 0.241983 0.225527 0.943706 0.379201 
1535121337369 0.24334 0.927359 -0.284238 -0.618787 -0.939359 0.298328 0.16913 -0.239204 0.241641 0.225846 0.943718 0.379242 
1535121337508 0.243574 0.927223 -0.28448 -0.618543 -0.939335 0.298562 0.168853 -0.239116 0.241499 0.226093 0.943695 0.379343 
1535121338091 0.243618 0.927177 -0.284592 -0.618354 -0.93938 0.298571 0.168585 -0.239001 0.241279 0.226269 0.943709 0.37938 
1535121338108 0.243652 0.927161 -0.284617 -0.618383 -0.939364 0.298614 0.168595 -0.239017 0.241305 0.22628 0.9437 0.379378 
1535121338346 0.243878 0.927173 -0.284384 -0.618007 -0.939151 0.298931 0.169219 -0.238822 0.241906 0.225811 0.943658 0.37957 
1535121338596 0.244196 0.927088 -0.284387 -0.617205 -0.939021 0.29928 0.169324 -0.238527 0.242089 0.225697 0.943639 0.379689 
1535121338640 0.244409 0.927034 -0.284382 -0.617001 -0.938956 0.299492 0.169311 -0.238464 0.242127 0.225641 0.943642 0.379709 
1535121339289 0.244546 0.926894 -0.28472 -0.616796 -0.938896 0.299706 0.169264 -0.238396 0.242222 0.22593 0.943549 0.379691 
1535121339305 0.244543 0.926891 -0.284732 -0.616815 -0.938899 0.299704 0.169251 -0.238399 0.242212 0.225946 0.943547 0.379679 
1535121339481 0.244221 0.927066 -0.284438 -0.616854 -0.93897 0.299355 0.169475 -0.23829 0.242262 0.225689 0.943596 0.379804 
1535121339672 0.244702 0.926928 -0.284473 -0.616414 -0.938827 0.299836 0.169416 -0.238147 0.242331 0.225615 0.943596 0.379839 
1535121339859 0.245039 0.92681 -0.284569 -0.615968 -0.938664 0.300246 0.169594 -0.238058 0.242622 0.225557 0.943535 0.380003 
1535121339914 0.244818 0.926908 -0.28444 -0.615806 -0.938693 0.300038 0.169802 -0.237818 0.242733 0.225431 0.943537 0.380108 
1535121340045 0.245122 0.926787 -0.284573 -0.615596 -0.938567 0.300396 0.169867 -0.237762 0.242915 0.225453 0.943485 0.380144 
1535121340121 0.24517 0.926819 -0.284425 -0.6154 -0.938536 0.300432 0.169975 -0.237599 0.242987 0.22527 0.94351 0.38022 
1535121340497 0.245451 0.926631 -0.284797 -0.615166 -0.938412 0.300815 0.16998 -0.237594 0.24318 0.225535 0.943397 0.380195 
1535121340526 0.245405 0.926636 -0.284821 -0.615231 -0.938431 0.300769 0.169957 -0.237573 0.243153 0.225576 0.943394 0.380162 
1535121340713 0.245162 0.926781 -0.284558 -0.615198 -0.938547 0.30044 0.169898 -0.237493 0.242951 0.225419 0.943484 0.380331 
1535121340797 0.245266 0.926762 -0.284528 -0.614966 -0.938538 0.300517 0.16981 -0.237469 0.242879 0.225392 0.943508 0.380413 
1535121340924 0.245299 0.92674 -0.284572 -0.614784 -0.938525 0.30056 0.169807 -0.237261 0.242898 0.225425 0.943496 0.380429 
1535121341012 0.245444 0.926686 -0.284625 -0.614528 -0.938538 0.300661 0.169556 -0.237289 0.242701 0.225515 0.943525 0.380499 
1535121341137 0.245295 0.926665 -0.284818 -0.614358 -0.938589 0.300543 0.169483 -0.237126 0.242654 0.225754 0.94348 0.380558 
1535121341221 0.245513 0.92662 -0.284779 -0.614109 -0.938529 0.300747 0.169454 -0.237075 0.242666 0.22567 0.943497 0.380643 
1535121341345 0.245459 0.92662 -0.284825 -0.613921 -0.938571 0.300678 0.169346 -0.236933 0.24256 0.225761 0.943502 0.380685 
1535121341421 0.245459 0.92662 -0.284827 -0.613693 -0.938631 0.300622 0.169111 -0.236876 0.242327 0.225837 0.943544 0.38076 
1535121341804 0.245591 0.926441 -0.285291 -0.613507 -0.938557 0.30087 0.16908 -0.236794 0.242478 0.226238 0.943409 0.380727 
1535121342012 0.245612 0.926555 -0.284904 -0.613328 -0.938553 0.300818 0.169194 -0.236715 0.242472 0.225841 0.943506 0.380854 
1535121342234 0.245672 0.926754 -0.284203 -0.612679 -0.938575 0.300712 0.169262 -0.23638 0.242328 0.225163 0.943705 0.381093 
1535121342508 0.24604 0.926722 -0.283989 -0.611743 -0.938419 0.30108 0.169473 -0.235998 0.242557 0.224803 0.943732 0.38132 
1535121342741 0.246455 0.926662 -0.283827 -0.61107 -0.938316 0.301441 0.169402 -0.235891 0.242535 0.224569 0.943793 0.381474 
1535121342764 0.246476 0.926687 -0.283727 -0.610973 -0.938311 0.301442 0.169428 -0.235823 0.242534 0.224464 0.943819 0.381512 
1535121342970 0.246601 0.926748 -0.283418 -0.610645 -0.938237 0.301542 0.169657 -0.235571 0.242692 0.224076 0.94387 0.381574 
1535121343129 0.246952 0.926716 -0.283218 -0.610235 -0.938161 0.301826 0.169574 -0.235514 0.24263 0.223827 0.943945 0.381582 
1535121343368 0.247098 0.926873 -0.282577 -0.609615 -0.938102 0.301867 0.169825 -0.23504 0.242706 0.223122 0.944092 0.381809 
1535121343582 0.2474 0.92687 -0.28232 -0.608962 -0.938015 0.302115 0.169865 -0.234797 0.242736 0.222796 0.944162 0.38189 
1535121343799 0.247778 0.926771 -0.282316 -0.608677 -0.937902 0.302487 0.169825 -0.234832 0.242786 0.222706 0.94417 0.381903 
1535121343818 0.247751 0.926779 -0.282312 -0.608685 -0.937909 0.302461 0.169835 -0.234812 0.242788 0.222707 0.944169 0.381903 
1535121344116 0.247684 0.927002 -0.281638 -0.607744 -0.937642 0.302533 0.171177 -0.234274 0.243886 0.221678 0.944128 0.382192 
1535121344287 0.247979 0.926953 -0.28154 -0.607363 -0.937425 0.302923 0.171676 -0.234143 0.24442 0.221351 0.944067 0.382222 
1535121344512 0.24818 0.927054 -0.28103 -0.606642 -0.93719 0.303184 0.172493 -0.233759 0.245114 0.220569 0.94407 0.382408 
1535121344668 0.248444 0.926948 -0.281146 -0.606243 -0.936997 0.303568 0.172868 -0.233752 0.245587 0.220484 0.943967 0.382407 
1535121344826 0.248577 0.926938 -0.28106 -0.605913 -0.936831 0.303797 0.173365 -0.233524 0.246084 0.220211 0.943901 0.38245 
1535121345201 0.248683 0.926949 -0.280932 -0.605642 -0.936738 0.303932 0.173629 -0.233446 0.24633 0.219981 0.943891 0.382527 
1535121345473 0.248432 0.927136 -0.280537 -0.605286 -0.936983 0.303459 0.173135 -0.233214 0.245651 0.219846 0.944099 0.382642 
1535121345684 0.248457 0.92727 -0.280072 -0.604694 -0.937038 0.30334 0.173044 -0.232951 0.245416 0.219444 0.944254 0.382798 
1535121345917 0.248555 0.927344 -0.279738 -0.604082 -0.937094 0.303298 0.172813 -0.232764 0.245101 0.219188 0.944395 0.382932 
1535121346141 0.248503 0.927438 -0.279473 -0.603513 -0.937163 0.30315 0.172701 -0.232498 0.244891 0.218995 0.944494 0.383019 
1535121346183 0.248588 0.927447 -0.279366 -0.603328 -0.937187 0.30317 0.172534 -0.232452 0.244712 0.218929 0.944556 0.383069 
1535121346205 0.248494 0.927486 -0.279322 -0.603267 -0.93722 0.303064 0.172542 -0.232419 0.244683 0.21891 0.944568 0.383084 
1535121346450 0.249071 0.927681 -0.278158 -0.602667 -0.937154 0.303321 0.172447 -0.232123 0.244347 0.217725 0.944929 0.383141 
1535121346679 0.249297 0.927893 -0.277247 -0.602092 -0.937199 0.303275 0.172285 -0.231794 0.243944 0.216886 0.945226 0.383186 
1535121346725 0.249545 0.927944 -0.276853 -0.601859 -0.937153 0.303421 0.172278 -0.231704 0.243867 0.216462 0.945343 0.383207 
1535121346742 0.249667 0.927921 -0.27682 -0.60181 -0.937127 0.303525 0.172235 -0.231743 0.243842 0.216414 0.94536 0.383195 
1535121347013 0.250514 0.928493 -0.274125 -0.60168 -0.937454 0.303348 0.170766 -0.231434 0.24171 0.2142 0.946411 0.383055 
1535121347313 0.251891 0.928872 -0.271563 -0.601496 -0.937611 0.303731 0.169211 -0.231258 0.239658 0.211998 0.947429 0.382799 
1535121347464 0.252173 0.929042 -0.270722 -0.601417 -0.937716 0.303689 0.168708 -0.231111 0.238952 0.211317 0.947759 0.382693 
1535121347613 0.25265 0.929155 -0.269885 -0.601332 -0.937757 0.303844 0.168196 -0.231033 0.238283 0.210592 0.948089 0.382618 
1535121347934 0.252855 0.929323 -0.269115 -0.60123 -0.937871 0.303752 0.167729 -0.230966 0.237619 0.209984 0.94839 0.382602 
1535121348206 0.253239 0.929621 -0.267721 -0.601323 -0.937932 0.303724 0.167437 -0.230951 0.236967 0.208703 0.948836 0.382514 
1535121348382 0.253557 0.92972 -0.267077 -0.601392 -0.937946 0.303825 0.167177 -0.23093 0.236572 0.208115 0.949064 0.382347 
1535121348611 0.254192 0.930074 -0.265233 -0.601376 -0.938031 0.303877 0.166603 -0.23087 0.235551 0.206448 0.949681 0.382213 
1535121348875 0.255107 0.930594 -0.262515 -0.601376 -0.938201 0.303905 0.165591 -0.230827 0.233877 0.204049 0.950613 0.381987 
1535121349211 0.255356 0.93068 -0.261969 -0.601461 -0.938243 0.303951 0.165269 -0.230756 0.233438 0.203588 0.95082 0.381872 
1535121350670 0.245263 0.92911 -0.27677 -0.572957 -0.939784 0.297953 0.167421 -0.217417 0.238017 0.219042 0.946239 0.40229 
1535121352953 0.212606 0.920065 -0.32906 -0.472833 -0.94432 0.280008 0.172789 -0.171226 0.251116 0.274001 0.928366 0.473519 
