1535382138277 0.213744 0.918824 -0.331776 -0.47296 -0.940662 0.285217 0.183868 -0.169851 0.26357 0.272788 0.925266 0.473805 
1535382142059 0.213744 0.918824 -0.331776 -0.47296 -0.940662 0.285217 0.183868 -0.169851 0.26357 0.272788 0.925266 0.473805 
1535382142656 0.213744 0.918824 -0.331777 -0.47296 -0.940662 0.285216 0.183866 -0.169851 0.263568 0.27279 0.925266 0.473804 
1535382143626 0.217612 0.919517 -0.327314 -0.489145 -0.940426 0.287288 0.181837 -0.177092 0.261236 0.268245 0.927254 0.464222 
1535382144440 0.220971 0.920402 -0.322539 -0.505613 -0.9404 0.288734 0.179667 -0.184356 0.258493 0.263614 0.929349 0.454286 
1535382145405 0.22402 0.921309 -0.317811 -0.522145 -0.94042 0.289937 0.177616 -0.191507 0.255785 0.259087 0.931369 0.444278 
1535382146342 0.227072 0.922077 -0.313388 -0.538756 -0.940442 0.291209 0.175402 -0.198621 0.252996 0.254895 0.933286 0.434139 
1535382147340 0.229976 0.92295 -0.308665 -0.555264 -0.94048 0.292317 0.173346 -0.205761 0.250218 0.250427 0.935242 0.424087 
1535382148332 0.233403 0.923657 -0.303942 -0.571813 -0.940365 0.293955 0.171185 -0.213002 0.247462 0.245861 0.937185 0.41407 
1535382149389 0.236138 0.924525 -0.299154 -0.588339 -0.940372 0.294987 0.169363 -0.220036 0.244827 0.241323 0.939054 0.404025 
1535382150431 0.239497 0.925102 -0.294664 -0.604857 -0.940229 0.296671 0.167203 -0.227336 0.242098 0.237007 0.940859 0.394009 
1535382151069 0.242243 0.925996 -0.289568 -0.62149 -0.94022 0.297693 0.165421 -0.234389 0.239382 0.232186 0.942754 0.383772 
1535382151401 0.24194 0.926087 -0.28953 -0.62155 -0.940299 0.297397 0.165509 -0.234335 0.239381 0.232201 0.942751 0.38365 
1535382151785 0.24273 0.925776 -0.289863 -0.62188 -0.940215 0.298093 0.164728 -0.234723 0.238908 0.232549 0.942785 0.383659 
1535382152168 0.243055 0.925702 -0.289829 -0.622207 -0.94022 0.29831 0.164308 -0.234941 0.238559 0.232567 0.942869 0.383454 
1535382152493 0.243029 0.925695 -0.289872 -0.622576 -0.94034 0.298183 0.163854 -0.235073 0.238114 0.232757 0.942935 0.383177 
1535382152852 0.243285 0.925623 -0.289887 -0.622875 -0.940364 0.298341 0.163424 -0.235298 0.237754 0.232841 0.943005 0.382948 
1535382153194 0.243437 0.925597 -0.289841 -0.623216 -0.940404 0.298401 0.163087 -0.235469 0.237441 0.232867 0.943077 0.382764 
1535382153525 0.243414 0.925609 -0.289823 -0.623589 -0.940446 0.298339 0.162954 -0.235532 0.237298 0.232897 0.943106 0.382575 
1535382153870 0.243644 0.925521 -0.28991 -0.623921 -0.940492 0.29847 0.162449 -0.235781 0.23688 0.233078 0.943166 0.382312 
1535382154196 0.243835 0.925495 -0.289833 -0.624245 -0.940544 0.298539 0.16202 -0.235987 0.236476 0.233094 0.943264 0.382109 
1535382154230 0.243835 0.925495 -0.289833 -0.624245 -0.940544 0.298539 0.16202 -0.235987 0.236476 0.233094 0.943264 0.382109 
1535382154425 0.243713 0.925539 -0.289795 -0.624491 -0.94064 0.298353 0.161808 -0.235981 0.236221 0.233158 0.943312 0.381966 
1535382154689 0.243512 0.92541 -0.290375 -0.624973 -0.940567 0.298386 0.16217 -0.236362 0.236718 0.233626 0.943071 0.381715 
1535382154954 0.243424 0.925218 -0.291062 -0.625889 -0.940499 0.298512 0.162334 -0.236959 0.237079 0.234227 0.942831 0.381295 
1535382155240 0.242745 0.92516 -0.291812 -0.626871 -0.940565 0.298105 0.162697 -0.237378 0.237511 0.234974 0.942537 0.380783 
1535382155490 0.242351 0.925062 -0.292448 -0.62781 -0.940549 0.297958 0.163061 -0.237878 0.237979 0.235543 0.942277 0.380341 
1535382155727 0.242062 0.924909 -0.293171 -0.628756 -0.940501 0.297932 0.163387 -0.238344 0.238463 0.236178 0.941996 0.379803 
1535382155989 0.241495 0.924843 -0.293848 -0.629723 -0.940567 0.297589 0.163626 -0.238785 0.238774 0.236869 0.941743 0.379311 
1535382156245 0.240967 0.924834 -0.294309 -0.630694 -0.940615 0.297256 0.163961 -0.239233 0.239122 0.237322 0.941541 0.378891 
1535382156525 0.240522 0.924699 -0.295096 -0.631639 -0.940619 0.297081 0.164254 -0.239678 0.239553 0.238066 0.941243 0.378423 
1535382156604 0.240146 0.92456 -0.295837 -0.632567 -0.9406 0.296969 0.164566 -0.2402 0.240005 0.238745 0.940956 0.377882 
1535382156619 0.239742 0.92462 -0.295975 -0.63278 -0.940691 0.296621 0.164671 -0.240172 0.24005 0.238942 0.940895 0.377783 
1535382156852 0.239419 0.924717 -0.295935 -0.632865 -0.94075 0.296329 0.164857 -0.240023 0.240141 0.238931 0.940874 0.37775 
1535382157040 0.238982 0.924888 -0.295754 -0.633483 -0.940766 0.295975 0.165402 -0.240791 0.240514 0.238707 0.940836 0.377492 
1535382157217 0.238982 0.924888 -0.295754 -0.633483 -0.940766 0.295975 0.165402 -0.240791 0.240514 0.238707 0.940836 0.377492 
1535382157387 0.238462 0.925071 -0.295601 -0.633892 -0.94084 0.295512 0.165812 -0.240927 0.240742 0.238574 0.940811 0.377399 
1535382157593 0.238143 0.925143 -0.295633 -0.634208 -0.940931 0.295203 0.165842 -0.241321 0.240699 0.238676 0.940796 0.377205 
1535382157774 0.237579 0.925274 -0.295676 -0.634597 -0.941011 0.294736 0.16622 -0.241524 0.240946 0.238744 0.940716 0.377021 
1535382157965 0.23674 0.925479 -0.295706 -0.635379 -0.941128 0.294037 0.166794 -0.241965 0.241313 0.23881 0.940605 0.376683 
1535382158143 0.236282 0.925646 -0.29555 -0.635757 -0.941182 0.293633 0.1672 -0.242147 0.241552 0.23866 0.940582 0.376548 
1535382158188 0.236231 0.925667 -0.295526 -0.635903 -0.941179 0.293596 0.167283 -0.242224 0.241614 0.238626 0.940575 0.3765 
1535382158380 0.236202 0.925678 -0.295516 -0.635918 -0.941182 0.293571 0.167312 -0.242253 0.241632 0.238615 0.940573 0.376494 
1535382158596 0.235814 0.925987 -0.294857 -0.636121 -0.941336 0.293027 0.167397 -0.242391 0.241409 0.238085 0.940764 0.376312 
1535382158797 0.235421 0.92624 -0.294373 -0.636397 -0.94148 0.29252 0.167472 -0.242581 0.241229 0.23772 0.940903 0.376171 
1535382159004 0.235155 0.926442 -0.293953 -0.636682 -0.941616 0.292122 0.167403 -0.24276 0.240959 0.237425 0.941046 0.376016 
1535382159204 0.23487 0.926649 -0.293527 -0.636928 -0.941748 0.291714 0.167371 -0.243003 0.24072 0.237118 0.941185 0.375799 
1535382159403 0.234614 0.926839 -0.29313 -0.637183 -0.941839 0.291372 0.167455 -0.243218 0.240614 0.236794 0.941294 0.375642 
1535382159608 0.2343 0.927069 -0.292653 -0.637447 -0.941964 0.290941 0.167503 -0.243403 0.240432 0.236423 0.941433 0.3755 
1535382159826 0.233876 0.927327 -0.292174 -0.637742 -0.942125 0.290396 0.167542 -0.243541 0.240213 0.236081 0.941575 0.375346 
1535382160036 0.233482 0.9276 -0.291623 -0.638011 -0.94228 0.289865 0.167591 -0.243708 0.239989 0.235661 0.941737 0.375186 
1535382160059 0.233482 0.9276 -0.291623 -0.638011 -0.94228 0.289865 0.167591 -0.243708 0.239989 0.235661 0.941737 0.375186 
1535382160077 0.233618 0.927616 -0.291465 -0.638139 -0.942278 0.289936 0.167482 -0.243949 0.239865 0.235514 0.941806 0.375089 
1535382160238 0.23336 0.927711 -0.291368 -0.638127 -0.942337 0.289677 0.167598 -0.243777 0.239885 0.235456 0.941815 0.375067 
1535382160346 0.233862 0.927632 -0.291216 -0.638075 -0.942187 0.290153 0.167618 -0.243676 0.239985 0.235181 0.941858 0.375084 
1535382160440 0.234091 0.927667 -0.290922 -0.638031 -0.942154 0.290294 0.167556 -0.243663 0.239889 0.23487 0.94196 0.37506 
1535382160561 0.234572 0.927639 -0.290625 -0.638009 -0.942048 0.290685 0.167476 -0.243759 0.239837 0.234498 0.942066 0.374994 
1535382160641 0.235116 0.92766 -0.290116 -0.637993 -0.941967 0.291058 0.167282 -0.243832 0.239621 0.233949 0.942258 0.374924 
1535382160780 0.235312 0.927666 -0.289939 -0.638012 -0.941936 0.291195 0.167219 -0.243808 0.239552 0.233756 0.942323 0.374849 
1535382160847 0.23551 0.927776 -0.289426 -0.638025 -0.941943 0.291236 0.167107 -0.243707 0.239329 0.233268 0.942501 0.374798 
1535382160979 0.235715 0.927798 -0.289188 -0.638027 -0.941902 0.291379 0.167092 -0.243729 0.239291 0.233001 0.942577 0.374773 
1535382161009 0.235715 0.927798 -0.289188 -0.638027 -0.941902 0.291379 0.167092 -0.243729 0.239291 0.233001 0.942577 0.374773 
1535382161154 0.236416 0.927783 -0.288664 -0.637982 -0.941741 0.291939 0.167022 -0.243833 0.239232 0.23236 0.942749 0.374712 
1535382161178 0.236371 0.927787 -0.288688 -0.638006 -0.9418 0.291853 0.166835 -0.243746 0.239042 0.232451 0.942775 0.37463 
1535382161311 0.236487 0.927749 -0.288715 -0.637801 -0.941804 0.291937 0.166667 -0.243632 0.238912 0.232498 0.942797 0.374766 
1535382161465 0.237235 0.92781 -0.287903 -0.637613 -0.941755 0.292369 0.166186 -0.243532 0.238362 0.231709 0.94313 0.374835 
1535382161617 0.237765 0.927858 -0.287312 -0.637408 -0.941744 0.292649 0.165755 -0.243345 0.237879 0.231163 0.943386 0.374868 
1535382161748 0.238511 0.927757 -0.287017 -0.637254 -0.941612 0.293253 0.165436 -0.243268 0.237653 0.230801 0.943532 0.374822 
1535382161903 0.239251 0.927713 -0.286545 -0.637066 -0.941514 0.293788 0.165045 -0.243195 0.237298 0.230299 0.943744 0.374818 
1535382162046 0.239815 0.92776 -0.285919 -0.636855 -0.941456 0.294133 0.164763 -0.243022 0.236959 0.229667 0.943983 0.374861 
1535382162201 0.240627 0.927784 -0.285159 -0.636613 -0.941356 0.294668 0.164374 -0.242964 0.236531 0.228883 0.94428 0.374974 
1535382162343 0.241503 0.927691 -0.284721 -0.636423 -0.941225 0.295336 0.163924 -0.242915 0.236159 0.228398 0.944491 0.374969 
1535382162370 0.241503 0.927691 -0.284721 -0.636423 -0.941225 0.295336 0.163924 -0.242915 0.236159 0.228398 0.944491 0.374969 
1535382162547 0.241997 0.927642 -0.284459 -0.636279 -0.941192 0.295672 0.163512 -0.242892 0.235787 0.228162 0.944641 0.374989 
1535382162733 0.241925 0.927623 -0.284585 -0.635937 -0.941167 0.295667 0.163662 -0.242715 0.235959 0.228248 0.944577 0.375165 
1535382162930 0.242141 0.927588 -0.284516 -0.635567 -0.941123 0.29585 0.163586 -0.2426 0.235914 0.228154 0.944611 0.375292 
1535382163126 0.242428 0.927599 -0.284235 -0.635197 -0.941133 0.295994 0.163266 -0.242437 0.235577 0.227922 0.944751 0.375424 
1535382163321 0.242738 0.927607 -0.283944 -0.634804 -0.941106 0.296187 0.163073 -0.242283 0.235368 0.227637 0.944872 0.375563 
1535382163507 0.24305 0.92753 -0.283927 -0.634442 -0.941079 0.296431 0.162784 -0.242173 0.235151 0.227634 0.944927 0.375627 
1535382163697 0.24332 0.927551 -0.283629 -0.634047 -0.941042 0.296604 0.162681 -0.242027 0.235021 0.227323 0.945034 0.37581 
1535382163892 0.243476 0.927569 -0.283436 -0.63371 -0.941042 0.296681 0.162546 -0.241812 0.234862 0.227149 0.945115 0.375947 
1535382164116 0.243864 0.927513 -0.283283 -0.633305 -0.941011 0.296958 0.162219 -0.241735 0.234583 0.227012 0.945217 0.376011 
1535382164141 0.243809 0.927574 -0.283131 -0.633171 -0.941054 0.296851 0.162164 -0.241553 0.234467 0.226904 0.945272 0.376063 
1535382164481 0.244064 0.927453 -0.283308 -0.633069 -0.940982 0.297131 0.16207 -0.24168 0.234492 0.227033 0.945235 0.376096 
1535382164684 0.243803 0.927484 -0.283431 -0.632599 -0.940826 0.29712 0.162994 -0.24148 0.235387 0.226921 0.945039 0.37623 
1535382164882 0.243606 0.927469 -0.283649 -0.632152 -0.940755 0.297087 0.163458 -0.241271 0.235871 0.227025 0.944894 0.376405 
1535382165077 0.243332 0.927477 -0.283858 -0.631721 -0.940689 0.296993 0.164008 -0.240992 0.236417 0.227113 0.944736 0.376469 
1535382165288 0.243635 0.927376 -0.283928 -0.631156 -0.940459 0.297441 0.164517 -0.241049 0.237021 0.22694 0.944626 0.376725 
1535382165522 0.243346 0.92737 -0.284197 -0.630769 -0.940409 0.297332 0.165 -0.24073 0.237517 0.227109 0.944461 0.376818 
1535382165728 0.243236 0.927394 -0.284212 -0.630296 -0.940273 0.297387 0.165674 -0.240538 0.238166 0.226939 0.944339 0.377017 
1535382165942 0.243193 0.927333 -0.284447 -0.629804 -0.940141 0.297524 0.166175 -0.240415 0.23873 0.227008 0.94418 0.37715 
1535382166016 0.243018 0.927367 -0.284485 -0.629367 -0.940056 0.297488 0.166719 -0.240173 0.239241 0.226916 0.944072 0.377335 
1535382166030 0.242989 0.927383 -0.284458 -0.629221 -0.940041 0.297476 0.166825 -0.240151 0.239331 0.226866 0.944062 0.377388 
1535382166247 0.243234 0.927288 -0.284559 -0.629115 -0.939925 0.297779 0.166941 -0.240209 0.239538 0.226858 0.944011 0.377416 
1535382166449 0.242661 0.927415 -0.284636 -0.628789 -0.940008 0.297306 0.167312 -0.239784 0.239791 0.22696 0.943922 0.377568 
1535382166687 0.242738 0.92715 -0.285432 -0.628383 -0.939838 0.297666 0.167629 -0.239724 0.240381 0.22757 0.943625 0.377619 
1535382166893 0.242887 0.927051 -0.285627 -0.627946 -0.939676 0.297961 0.168014 -0.239597 0.240863 0.227588 0.943498 0.377756 
1535382167114 0.242803 0.926965 -0.285978 -0.62752 -0.939566 0.298068 0.168437 -0.239461 0.241376 0.227798 0.943316 0.377877 
1535382167317 0.242777 0.926869 -0.286309 -0.627109 -0.939385 0.29828 0.169067 -0.239286 0.242104 0.227909 0.943103 0.378053 
1535382167553 0.242615 0.926766 -0.286779 -0.62672 -0.939322 0.298311 0.169367 -0.239126 0.242513 0.228286 0.942907 0.378108 
1535382167781 0.242745 0.926637 -0.287088 -0.626267 -0.939175 0.298597 0.169674 -0.239072 0.24295 0.228439 0.942757 0.378237 
1535382167868 0.242511 0.92658 -0.287468 -0.625761 -0.939072 0.298598 0.170245 -0.238777 0.243583 0.228667 0.942539 0.378406 
1535382168098 0.242444 0.926589 -0.287494 -0.625711 -0.939077 0.298551 0.170301 -0.238738 0.24363 0.22869 0.942521 0.378422 
1535382168348 0.242799 0.926378 -0.287875 -0.625433 -0.938904 0.299035 0.170404 -0.238719 0.243943 0.228913 0.942386 0.378504 
1535382168620 0.242857 0.92631 -0.288046 -0.62516 -0.938838 0.29917 0.170528 -0.238544 0.244137 0.229015 0.942311 0.378607 
1535382168862 0.24302 0.926232 -0.288159 -0.624784 -0.938737 0.299401 0.170678 -0.238479 0.244363 0.229027 0.942249 0.378719 
1535382169116 0.24305 0.926079 -0.288625 -0.624511 -0.938661 0.29958 0.170787 -0.238351 0.244629 0.229411 0.942087 0.378804 
1535382169359 0.243017 0.926066 -0.288695 -0.624179 -0.938598 0.299628 0.171044 -0.238128 0.244899 0.229402 0.942019 0.378917 
1535382169597 0.243268 0.925929 -0.288922 -0.623868 -0.938458 0.299979 0.171198 -0.238071 0.245188 0.229495 0.941921 0.379017 
1535382169850 0.243289 0.92583 -0.289221 -0.623574 -0.93838 0.300122 0.171373 -0.237925 0.245464 0.229707 0.941797 0.379108 
1535382170090 0.243314 0.925754 -0.289443 -0.623273 -0.938343 0.300216 0.171412 -0.237787 0.245581 0.22989 0.941722 0.379214 
1535382170124 0.243337 0.925688 -0.289635 -0.623088 -0.938267 0.300339 0.171616 -0.237653 0.245851 0.229994 0.941626 0.379275 
1535382170140 0.243337 0.925688 -0.289635 -0.623088 -0.938267 0.300339 0.171616 -0.237653 0.245851 0.229994 0.941626 0.379275 
1535382170348 0.243352 0.925672 -0.289674 -0.62307 -0.938256 0.300367 0.171623 -0.237675 0.245875 0.230024 0.941613 0.379274 
1535382170449 0.243243 0.925573 -0.290082 -0.622709 -0.938245 0.300376 0.171668 -0.237577 0.246025 0.230411 0.941479 0.379441 
1535382170772 0.243332 0.925507 -0.290217 -0.622449 -0.938185 0.300521 0.171746 -0.237463 0.246168 0.230486 0.941423 0.379584 
1535382170866 0.2433 0.92538 -0.290649 -0.621912 -0.938124 0.300636 0.171879 -0.237298 0.246433 0.230846 0.941266 0.379785 
1535382171036 0.243397 0.925219 -0.29108 -0.62166 -0.938027 0.300875 0.171989 -0.237215 0.246706 0.231179 0.941112 0.379856 
1535382171213 0.243492 0.925124 -0.291304 -0.621376 -0.93795 0.301055 0.172089 -0.237156 0.246903 0.231326 0.941025 0.379939 
1535382171424 0.243343 0.925081 -0.291562 -0.621122 -0.937959 0.30099 0.172157 -0.237036 0.247016 0.23158 0.940932 0.380025 
1535382171441 0.243241 0.925118 -0.291532 -0.62103 -0.937983 0.30089 0.172202 -0.236951 0.247027 0.231565 0.940933 0.38006 
1535382171457 0.243213 0.925114 -0.291568 -0.620975 -0.937983 0.300876 0.172226 -0.236928 0.247054 0.231598 0.940918 0.38008 
1535382171653 0.243203 0.925109 -0.29159 -0.62093 -0.937982 0.300875 0.172235 -0.236922 0.247068 0.231618 0.940909 0.380093 
1535382171711 0.243152 0.925144 -0.291525 -0.620693 -0.937979 0.300828 0.172328 -0.23678 0.247127 0.231542 0.940913 0.380177 
1535382171852 0.243198 0.925141 -0.291493 -0.620473 -0.937947 0.300885 0.172402 -0.236745 0.247203 0.231477 0.940909 0.380242 
1535382171931 0.243153 0.925101 -0.291658 -0.620256 -0.937905 0.300924 0.172566 -0.236677 0.247408 0.231587 0.940828 0.380288 
1535382172075 0.243234 0.925085 -0.291643 -0.620004 -0.937847 0.301033 0.172691 -0.236622 0.247548 0.231512 0.940809 0.380329 
1535382172150 0.24309 0.925081 -0.291776 -0.619796 -0.937831 0.30097 0.172886 -0.236535 0.24775 0.23161 0.940732 0.380344 
1535382172302 0.242994 0.925077 -0.291869 -0.61958 -0.937813 0.300936 0.173045 -0.236447 0.247914 0.23167 0.940674 0.380399 
1535382172383 0.243266 0.925031 -0.291786 -0.619329 -0.937704 0.301216 0.173149 -0.236406 0.248059 0.231488 0.940681 0.380495 
1535382172519 0.243081 0.925066 -0.29183 -0.619212 -0.937733 0.301065 0.173253 -0.236321 0.24813 0.231544 0.940648 0.380539 
1535382172533 0.243338 0.924945 -0.291998 -0.619086 -0.937625 0.301381 0.173291 -0.236422 0.248287 0.231616 0.940589 0.380558 
1535382172554 0.243338 0.924945 -0.291998 -0.619086 -0.937625 0.301381 0.173291 -0.236422 0.248287 0.231616 0.940589 0.380558 
1535382172732 0.243063 0.925021 -0.291988 -0.618929 -0.937658 0.301152 0.173506 -0.23626 0.24843 0.231612 0.940552 0.380601 
1535382172801 0.243085 0.924985 -0.292083 -0.618685 -0.937593 0.301246 0.173695 -0.236265 0.248654 0.231633 0.940488 0.380687 
1535382172962 0.242814 0.925001 -0.292257 -0.618538 -0.93756 0.301117 0.174096 -0.236046 0.249042 0.231736 0.94036 0.380776 
1535382173029 0.242775 0.924984 -0.292344 -0.618314 -0.937508 0.301154 0.174312 -0.235987 0.249277 0.231756 0.940293 0.380813 
1535382173191 0.242883 0.924854 -0.292666 -0.618049 -0.937374 0.301416 0.174579 -0.236047 0.249675 0.231936 0.940143 0.380849 
1535382173241 0.242791 0.924853 -0.292744 -0.617863 -0.937342 0.301395 0.174788 -0.235926 0.249885 0.231964 0.94008 0.380901 
1535382173412 0.242465 0.924903 -0.292857 -0.617673 -0.937344 0.301182 0.175142 -0.235745 0.250193 0.232042 0.939979 0.38094 
1535382173441 0.242324 0.924949 -0.292827 -0.617565 -0.937356 0.301066 0.17528 -0.235666 0.250285 0.232009 0.939962 0.380986 
1535382173458 0.242332 0.924916 -0.292927 -0.617487 -0.937309 0.301135 0.175416 -0.235653 0.250455 0.232054 0.939906 0.381009 
1535382173636 0.242606 0.924809 -0.293036 -0.617414 -0.937154 0.301493 0.175624 -0.235666 0.250767 0.232013 0.939833 0.381053 
1535382173744 0.242581 0.924874 -0.292853 -0.617189 -0.937282 0.301322 0.175236 -0.235534 0.250315 0.231977 0.939962 0.38112 
1535382173895 0.242652 0.924789 -0.293063 -0.616953 -0.937207 0.301482 0.175361 -0.235452 0.250525 0.232109 0.939874 0.381183 
1535382174048 0.24292 0.924691 -0.293148 -0.616678 -0.937123 0.301766 0.17532 -0.235478 0.250579 0.232128 0.939855 0.381259 
1535382174156 0.242721 0.924769 -0.293067 -0.616492 -0.937167 0.301568 0.175425 -0.23522 0.250607 0.232073 0.939861 0.381338 
1535382174309 0.243223 0.924648 -0.293035 -0.616161 -0.937039 0.302038 0.175302 -0.235334 0.250601 0.231947 0.939894 0.381422 
1535382174405 0.243091 0.92468 -0.293042 -0.615961 -0.937066 0.30192 0.175359 -0.235158 0.250626 0.231972 0.939881 0.381523 
1535382174597 0.243282 0.924638 -0.293016 -0.615626 -0.937005 0.302108 0.175364 -0.235055 0.250671 0.231895 0.939888 0.381648 
1535382174612 0.24333 0.924616 -0.293046 -0.615587 -0.936986 0.302166 0.175367 -0.235047 0.250696 0.231908 0.939878 0.381661 
1535382174743 0.24333 0.924616 -0.293046 -0.615587 -0.936986 0.302166 0.175367 -0.235047 0.250696 0.231908 0.939878 0.381661 
1535382174815 0.243307 0.924632 -0.293012 -0.615396 -0.936993 0.302136 0.175376 -0.23491 0.250688 0.23188 0.939887 0.381744 
1535382174994 0.243623 0.924596 -0.292865 -0.615056 -0.936941 0.302381 0.175236 -0.234907 0.250579 0.231706 0.939959 0.381824 
1535382175161 0.243593 0.924606 -0.29286 -0.614827 -0.936945 0.302355 0.17526 -0.234685 0.250594 0.231702 0.939956 0.381913 
1535382175345 0.243864 0.924535 -0.292856 -0.614515 -0.936918 0.302572 0.175029 -0.234658 0.250431 0.231699 0.94 0.381951 
1535382175522 0.244192 0.924437 -0.292894 -0.614225 -0.936822 0.302901 0.174971 -0.234599 0.250468 0.231663 0.939999 0.382032 
1535382175709 0.24424 0.924465 -0.292767 -0.613945 -0.936831 0.302903 0.174922 -0.234472 0.250389 0.23155 0.940048 0.38215 
1535382175866 0.244398 0.924439 -0.292716 -0.613689 -0.936842 0.302995 0.174703 -0.234317 0.250194 0.231531 0.940104 0.382226 
1535382176065 0.244617 0.924383 -0.292708 -0.613365 -0.936797 0.303191 0.174603 -0.234304 0.250146 0.231497 0.940126 0.382306 
1535382176093 0.244616 0.924398 -0.292663 -0.613207 -0.936788 0.30319 0.174653 -0.234215 0.250181 0.231441 0.94013 0.382355 
1535382176246 0.244616 0.924398 -0.292663 -0.613207 -0.936788 0.30319 0.174653 -0.234215 0.250181 0.231441 0.94013 0.382355 
1535382176337 0.244653 0.924385 -0.292671 -0.612974 -0.93682 0.303188 0.174484 -0.233988 0.250025 0.231492 0.940159 0.382443 
1535382176523 0.245406 0.924141 -0.292813 -0.612579 -0.93657 0.303981 0.174451 -0.234037 0.250227 0.231429 0.940121 0.382539 
1535382176724 0.245499 0.924091 -0.292894 -0.612282 -0.936561 0.30407 0.174342 -0.233787 0.250168 0.231512 0.940116 0.382599 
1535382176917 0.245781 0.92396 -0.293068 -0.61197 -0.936485 0.304373 0.174223 -0.233649 0.250177 0.231633 0.940084 0.382654 
1535382177114 0.245914 0.923917 -0.293092 -0.611672 -0.936465 0.304491 0.174123 -0.233446 0.250119 0.231651 0.940095 0.382716 
1535382177313 0.246135 0.923854 -0.293105 -0.611363 -0.936412 0.304699 0.174044 -0.233243 0.2501 0.231629 0.940105 0.38279 
1535382177515 0.246443 0.923741 -0.293202 -0.61101 -0.936328 0.305013 0.173945 -0.233158 0.250111 0.231666 0.940093 0.382867 
1535382177732 0.246569 0.923678 -0.293297 -0.610621 -0.936268 0.305175 0.173983 -0.232821 0.250211 0.231706 0.940057 0.382998 
1535382177743 0.246569 0.923678 -0.293297 -0.610621 -0.936268 0.305175 0.173983 -0.232821 0.250191 0.231662 0.940073 0.383031 
1535382177906 0.246556 0.923698 -0.293245 -0.61056 -0.936277 0.305148 0.173983 -0.232779 0.250191 0.231662 0.940073 0.383031 
1535382178097 0.246793 0.923674 -0.293122 -0.610342 -0.936242 0.305325 0.173863 -0.232675 0.25009 0.231525 0.940134 0.383087 
1535382178292 0.247226 0.923525 -0.293225 -0.609987 -0.936078 0.305803 0.173905 -0.232659 0.250274 0.231487 0.940094 0.383149 
1535382178489 0.247356 0.923516 -0.293143 -0.609685 -0.936063 0.305893 0.173828 -0.232495 0.250204 0.231403 0.940133 0.383247 
1535382178680 0.247746 0.923394 -0.293199 -0.609345 -0.935935 0.306297 0.173802 -0.232431 0.250294 0.231356 0.940121 0.38331 
1535382178794 0.247719 0.923432 -0.293102 -0.609078 -0.935952 0.306244 0.173807 -0.232181 0.25026 0.231274 0.94015 0.383364 
1535382179086 0.24795 0.923428 -0.292919 -0.608742 -0.935872 0.306447 0.173878 -0.232029 0.250328 0.231021 0.940194 0.383472 
1535382179217 0.248233 0.923421 -0.292702 -0.608419 -0.935794 0.306678 0.173892 -0.231914 0.25034 0.230743 0.940259 0.383641 
1535382179348 0.248631 0.923359 -0.292558 -0.608093 -0.935671 0.307045 0.173903 -0.231762 0.250403 0.230501 0.940302 0.38377 
1535382179503 0.248636 0.923385 -0.292474 -0.607945 -0.935685 0.307021 0.173873 -0.231694 0.250348 0.230433 0.940333 0.383824 
1535382179539 0.248636 0.923385 -0.292474 -0.607945 -0.935685 0.307021 0.173873 -0.231694 0.250348 0.230433 0.940333 0.383824 
1535382179713 0.248668 0.923428 -0.29231 -0.607781 -0.935701 0.306997 0.173827 -0.231571 0.250255 0.23029 0.940393 0.383914 
1535382179870 0.248994 0.923391 -0.292149 -0.607461 -0.935637 0.307257 0.173716 -0.231485 0.250172 0.230091 0.940464 0.383929 
1535382180124 0.249054 0.923449 -0.291915 -0.60716 -0.935638 0.307254 0.173713 -0.231359 0.250107 0.229863 0.940537 0.384 
1535382180232 0.249073 0.923514 -0.291693 -0.606866 -0.935663 0.307204 0.173671 -0.231228 0.249996 0.22967 0.940613 0.384062 
1535382180414 0.249168 0.923525 -0.291578 -0.606581 -0.935677 0.307236 0.173536 -0.231089 0.249848 0.229584 0.940674 0.384119 
1535382180584 0.249236 0.923584 -0.291333 -0.606271 -0.935691 0.307225 0.173481 -0.230985 0.249729 0.22936 0.94076 0.384204 
1535382180782 0.249371 0.923618 -0.291108 -0.605982 -0.935669 0.307298 0.173469 -0.230855 0.249676 0.229122 0.940832 0.384306 
1535382180962 0.249426 0.923655 -0.290944 -0.605598 -0.935693 0.307285 0.173364 -0.230693 0.249531 0.228993 0.940902 0.38444 
1535382181144 0.249484 0.923657 -0.290888 -0.605525 -0.935682 0.307325 0.173349 -0.230697 0.249512 0.228931 0.940922 0.384461 
1535382181318 0.249476 0.92367 -0.290855 -0.60548 -0.935712 0.307285 0.173257 -0.230649 0.249408 0.228933 0.940949 0.38444 
1535382181519 0.249014 0.923865 -0.290628 -0.605358 -0.935854 0.306786 0.173377 -0.230409 0.249338 0.228813 0.940997 0.384448 
1535382181761 0.249376 0.923991 -0.289917 -0.604807 -0.935753 0.307001 0.17354 -0.230228 0.249354 0.228015 0.941186 0.384566 
1535382181949 0.249403 0.924066 -0.289655 -0.604611 -0.935764 0.306961 0.173551 -0.230149 0.249285 0.227764 0.941265 0.38462 
1535382182123 0.249199 0.9242 -0.289402 -0.604416 -0.935861 0.30668 0.173524 -0.229992 0.249125 0.227598 0.941348 0.384634 
1535382182313 0.249449 0.924197 -0.289199 -0.604149 -0.935775 0.306898 0.173604 -0.229979 0.249199 0.227319 0.941396 0.38467 
1535382182517 0.249342 0.924294 -0.288981 -0.603944 -0.935812 0.306747 0.173672 -0.229811 0.249168 0.227128 0.94145 0.38468 
1535382182540 0.249342 0.924294 -0.288981 -0.603944 -0.935812 0.306747 0.173672 -0.229811 0.249168 0.227128 0.94145 0.38468 
1535382182562 0.249215 0.924406 -0.28873 -0.603706 -0.935891 0.306538 0.173616 -0.229632 0.248998 0.226952 0.941537 0.384688 
1535382182578 0.24921 0.924422 -0.288684 -0.603682 -0.935902 0.306516 0.173595 -0.229623 0.248961 0.226918 0.941555 0.384686 
1535382182747 0.249632 0.924329 -0.288617 -0.60371 -0.9358 0.306896 0.173473 -0.229801 0.248922 0.226784 0.941598 0.384649 
1535382182789 0.249856 0.924472 -0.287965 -0.603684 -0.935726 0.307 0.173689 -0.229796 0.248976 0.226059 0.941758 0.384649 
1535382182903 0.249863 0.92458 -0.287612 -0.603668 -0.935702 0.30696 0.173886 -0.229731 0.249057 0.225671 0.94183 0.384655 
1535382182942 0.249853 0.924669 -0.287333 -0.60363 -0.935756 0.306852 0.17379 -0.229601 0.248867 0.225452 0.941932 0.384565 
1535382183078 0.250026 0.924783 -0.286817 -0.603548 -0.935707 0.306922 0.173926 -0.229528 0.248874 0.22489 0.942065 0.384561 
1535382183123 0.250161 0.924913 -0.286277 -0.603444 -0.935689 0.306934 0.174007 -0.2294 0.248809 0.224337 0.942214 0.384544 
1535382183241 0.25024 0.925035 -0.285814 -0.603364 -0.935697 0.306896 0.174031 -0.229335 0.2487 0.223886 0.94235 0.3845 
1535382183279 0.25024 0.925035 -0.285814 -0.603364 -0.935697 0.306896 0.174031 -0.229335 0.2487 0.223886 0.94235 0.3845 
1535382183531 0.250413 0.925237 -0.285007 -0.60321 -0.935701 0.306864 0.174066 -0.229178 0.248511 0.223093 0.942588 0.384396 
1535382183777 0.250391 0.925122 -0.2854 -0.603377 -0.93572 0.306904 0.173889 -0.229364 0.248459 0.223515 0.942502 0.384436 
1535382184047 0.250489 0.925346 -0.284587 -0.603314 -0.935752 0.306793 0.173916 -0.22929 0.248242 0.222738 0.942743 0.384413 
1535382184283 0.250615 0.925473 -0.284063 -0.603369 -0.935795 0.306746 0.173767 -0.229224 0.247952 0.222276 0.942928 0.384365 
1535382184532 0.250803 0.9256 -0.283484 -0.603307 -0.935833 0.306737 0.173575 -0.229236 0.247616 0.221761 0.943138 0.384275 
1535382184787 0.2508 0.925807 -0.282807 -0.60336 -0.93589 0.306557 0.173588 -0.229094 0.247406 0.221141 0.943338 0.38431 
1535382185025 0.251187 0.925855 -0.282306 -0.603307 -0.935873 0.306755 0.17333 -0.229196 0.247078 0.220665 0.943536 0.384249 
1535382185281 0.251204 0.925996 -0.28183 -0.60332 -0.935958 0.306603 0.173141 -0.229103 0.246738 0.220287 0.943713 0.384157 
1535382185527 0.251436 0.926174 -0.281038 -0.603342 -0.935911 0.306662 0.17329 -0.229057 0.246681 0.219455 0.943922 0.384179 
1535382185581 0.25156 0.926292 -0.280538 -0.603286 -0.936008 0.306571 0.172926 -0.229075 0.246184 0.219084 0.944137 0.384057 
1535382185740 0.25156 0.926292 -0.280538 -0.603286 -0.936008 0.306571 0.172926 -0.229075 0.246184 0.219084 0.944137 0.384057 
1535382186579 0.246352 0.925988 -0.286105 -0.589041 -0.937054 0.302947 0.173646 -0.222408 0.247469 0.225318 0.942333 0.393856 
1535382187565 0.242211 0.925282 -0.291867 -0.574554 -0.937887 0.30031 0.173727 -0.215987 0.248397 0.23166 0.940549 0.403772 
1535382188505 0.23801 0.924627 -0.297347 -0.559987 -0.938896 0.297406 0.173276 -0.209638 0.248649 0.237937 0.938914 0.41379 
1535382189438 0.233751 0.923844 -0.303106 -0.545502 -0.939736 0.294665 0.173405 -0.203279 0.249514 0.244306 0.937047 0.423758 
1535382190356 0.22941 0.923084 -0.308685 -0.531021 -0.940661 0.291742 0.173332 -0.196786 0.250056 0.250604 0.935238 0.433682 
1535382191282 0.225102 0.922294 -0.314169 -0.516494 -0.941513 0.288888 0.173484 -0.190351 0.250763 0.256743 0.933381 0.443666 
1535382192222 0.220971 0.921376 -0.319748 -0.501885 -0.942354 0.28618 0.173407 -0.183984 0.251279 0.262998 0.931499 0.453782 
1535382192241 0.220971 0.921376 -0.319748 -0.501885 -0.942354 0.28618 0.173407 -0.183984 0.251279 0.262998 0.931499 0.453782 
1535382195128 0.212365 0.919516 -0.330743 -0.472953 -0.944149 0.280344 0.173176 -0.17121 0.25196 0.275494 0.927696 0.473688 
1535382195772 0.213017 0.919303 -0.330917 -0.472586 -0.943869 0.281134 0.173421 -0.171271 0.252458 0.275401 0.927588 0.474167 
1535382196302 0.212127 0.919581 -0.330716 -0.472947 -0.944209 0.280108 0.173229 -0.171164 0.251934 0.275519 0.927695 0.473683 
1535382196821 0.212066 0.919529 -0.330899 -0.472971 -0.944188 0.280123 0.17332 -0.171156 0.252066 0.275676 0.927613 0.473675 
1535382197381 0.211984 0.919513 -0.330996 -0.472984 -0.9442 0.280071 0.173339 -0.171156 0.25209 0.275781 0.927575 0.473726 
1535382197905 0.212028 0.919483 -0.33105 -0.472975 -0.944175 0.28014 0.173365 -0.171189 0.252147 0.275811 0.927551 0.473732 
1535382198397 0.211956 0.91949 -0.331079 -0.472977 -0.944185 0.280085 0.173401 -0.171191 0.252171 0.275846 0.927534 0.473739 
1535382199146 0.211939 0.919522 -0.331 -0.472962 -0.944194 0.280047 0.173409 -0.171204 0.252149 0.275776 0.927561 0.473805 
1535382199649 0.21193 0.919456 -0.331189 -0.473021 -0.944214 0.280055 0.173287 -0.171287 0.252081 0.275989 0.927516 0.473817 
1535382199682 0.211817 0.919476 -0.331205 -0.473023 -0.944245 0.279946 0.173296 -0.171293 0.252061 0.276031 0.927508 0.473824 
1535382199913 0.211817 0.919476 -0.331205 -0.473023 -0.944245 0.279946 0.173296 -0.171294 0.252061 0.276032 0.927508 0.473824 
1535382200160 0.211855 0.919466 -0.331209 -0.473028 -0.944235 0.279984 0.173288 -0.1713 0.252066 0.276027 0.927508 0.473825 
1535382200399 0.211863 0.919464 -0.33121 -0.473029 -0.944234 0.279991 0.173284 -0.171303 0.252064 0.276027 0.927509 0.473825 
1535382200649 0.211866 0.919463 -0.33121 -0.473029 -0.944234 0.279993 0.173282 -0.171304 0.252063 0.276027 0.927509 0.473826 
1535382200904 0.211867 0.919463 -0.33121 -0.47303 -0.944233 0.279994 0.173281 -0.171305 0.252063 0.276027 0.927509 0.473827 
1535382201139 0.211867 0.919463 -0.331212 -0.47303 -0.944233 0.279995 0.173282 -0.171305 0.252063 0.276028 0.927509 0.473827 
1535382201401 0.211867 0.919462 -0.331213 -0.47303 -0.944233 0.279996 0.173283 -0.171305 0.252065 0.27603 0.927508 0.473828 
1535382201668 0.211867 0.919461 -0.331216 -0.47303 -0.944232 0.279997 0.173285 -0.171305 0.252068 0.276031 0.927506 0.473828 
1535382201918 0.211866 0.919459 -0.331221 -0.473031 -0.944231 0.279999 0.173289 -0.171305 0.252074 0.276035 0.927504 0.473829 
1535382201953 0.211867 0.919459 -0.331221 -0.47303 -0.944215 0.280016 0.173345 -0.171299 0.252131 0.276018 0.927493 0.473844 
1535382202161 0.211867 0.919459 -0.331222 -0.47303 -0.944215 0.280017 0.173347 -0.171299 0.252133 0.276018 0.927493 0.473844 
1535382202361 0.211873 0.919456 -0.331226 -0.473033 -0.944211 0.280025 0.173351 -0.171301 0.252141 0.276019 0.927491 0.473846 
1535382202578 0.211879 0.919454 -0.331227 -0.473034 -0.94421 0.280031 0.173349 -0.171304 0.25214 0.276019 0.927491 0.473846 
1535382202812 0.211881 0.919454 -0.331227 -0.473035 -0.94421 0.280033 0.173348 -0.171304 0.25214 0.276019 0.927491 0.473846 
1535382203017 0.211881 0.919454 -0.331227 -0.473035 -0.944209 0.280034 0.173349 -0.171305 0.252141 0.276019 0.92749 0.473847 
1535382203219 0.211881 0.919453 -0.331228 -0.473035 -0.944209 0.280034 0.17335 -0.171305 0.252142 0.276019 0.92749 0.473847 
1535382203421 0.211881 0.919453 -0.331229 -0.473035 -0.944209 0.280035 0.173351 -0.171304 0.252144 0.27602 0.927489 0.473848 
1535382203655 0.211881 0.919452 -0.331231 -0.473035 -0.944208 0.280036 0.173354 -0.171304 0.252147 0.276021 0.927488 0.473848 
1535382203846 0.21188 0.919451 -0.331235 -0.473035 -0.944207 0.280037 0.173358 -0.171304 0.252152 0.276023 0.927486 0.473849 
1535382203875 0.21188 0.919451 -0.331235 -0.473035 -0.944207 0.280037 0.173358 -0.171304 0.252152 0.276023 0.927486 0.473849 
1535382203893 0.211879 0.91945 -0.331239 -0.473036 -0.944205 0.28004 0.173363 -0.171304 0.252159 0.276026 0.927484 0.473849 
1535382204117 0.211879 0.919449 -0.33124 -0.473036 -0.944205 0.28004 0.173363 -0.171304 0.252159 0.276026 0.927483 0.473849 
1535382204308 0.211881 0.919448 -0.331241 -0.473037 -0.944204 0.280043 0.173364 -0.171304 0.252161 0.276027 0.927483 0.47385 
1535382204501 0.211883 0.919448 -0.331242 -0.473037 -0.944203 0.280044 0.173364 -0.171305 0.252162 0.276026 0.927483 0.47385 
1535382204697 0.211883 0.919448 -0.331242 -0.473037 -0.944203 0.280045 0.173365 -0.171305 0.252162 0.276027 0.927482 0.47385 
1535382204899 0.211884 0.919448 -0.331242 -0.473037 -0.944203 0.280045 0.173366 -0.171305 0.252164 0.276026 0.927482 0.473851 
1535382205083 0.211884 0.919447 -0.331243 -0.473037 -0.944202 0.280046 0.173367 -0.171305 0.252165 0.276026 0.927482 0.473851 
1535382205281 0.211883 0.919447 -0.331244 -0.473037 -0.944202 0.280046 0.173368 -0.171305 0.252167 0.276027 0.927481 0.473851 
1535382205472 0.211883 0.919447 -0.331245 -0.473037 -0.944201 0.280047 0.17337 -0.171305 0.252169 0.276028 0.92748 0.473851 
1535382205499 0.211883 0.919446 -0.331247 -0.473037 -0.944201 0.280048 0.173372 -0.171305 0.252172 0.276029 0.927479 0.473852 
1535382205724 0.211883 0.919446 -0.331247 -0.473037 -0.944201 0.280048 0.173373 -0.171305 0.252172 0.276029 0.927479 0.473852 
1535382205960 0.211886 0.919444 -0.33125 -0.473039 -0.9442 0.280052 0.173372 -0.171306 0.252173 0.276031 0.927478 0.473852 
1535382206195 0.211888 0.919444 -0.33125 -0.47304 -0.944199 0.280054 0.173372 -0.171307 0.252173 0.276031 0.927478 0.473852 
1535382206438 0.211888 0.919443 -0.331251 -0.47304 -0.944199 0.280055 0.173372 -0.171307 0.252174 0.276031 0.927478 0.473852 
1535382206673 0.211889 0.919443 -0.331251 -0.47304 -0.944199 0.280055 0.173373 -0.171307 0.252175 0.276031 0.927477 0.473852 
1535382206900 0.211889 0.919443 -0.331252 -0.47304 -0.944198 0.280056 0.173373 -0.171307 0.252176 0.276032 0.927477 0.473852 
1535382207142 0.211888 0.919443 -0.331253 -0.47304 -0.944198 0.280056 0.173375 -0.171307 0.252177 0.276033 0.927476 0.473852 
1535382207383 0.211887 0.919443 -0.331254 -0.47304 -0.944198 0.280056 0.173376 -0.171307 0.252179 0.276033 0.927476 0.473853 
1535382207622 0.211887 0.919443 -0.331254 -0.47304 -0.944198 0.280055 0.173377 -0.171307 0.25218 0.276033 0.927476 0.473853 
1535382207648 0.211887 0.919443 -0.331254 -0.47304 -0.944198 0.280055 0.173377 -0.171307 0.25218 0.276033 0.927476 0.473853 
1535382207874 0.211887 0.919442 -0.331255 -0.47304 -0.944197 0.280056 0.173378 -0.171307 0.252181 0.276034 0.927475 0.473853 
1535382208120 0.211887 0.919442 -0.331255 -0.47304 -0.944197 0.280056 0.173378 -0.171306 0.252181 0.276033 0.927475 0.473853 
1535382208358 0.211887 0.919442 -0.331255 -0.47304 -0.944197 0.280057 0.173378 -0.171307 0.252181 0.276033 0.927475 0.473853 
1535382208599 0.211887 0.919442 -0.331255 -0.47304 -0.944197 0.280057 0.173379 -0.171306 0.252182 0.276033 0.927475 0.473854 
1535382208831 0.211887 0.919442 -0.331255 -0.47304 -0.944197 0.280056 0.173379 -0.171306 0.252182 0.276033 0.927475 0.473854 
1535382209083 0.211887 0.919442 -0.331255 -0.47304 -0.944197 0.280056 0.173379 -0.171306 0.252182 0.276033 0.927475 0.473854 
1535382209326 0.211887 0.919442 -0.331255 -0.47304 -0.944197 0.280057 0.17338 -0.171306 0.252183 0.276033 0.927475 0.473854 
1535382209567 0.211887 0.919442 -0.331255 -0.47304 -0.944197 0.280057 0.173381 -0.171306 0.252184 0.276033 0.927475 0.473854 
1535382209818 0.211886 0.919442 -0.331256 -0.47304 -0.944197 0.280056 0.173382 -0.171306 0.252185 0.276034 0.927474 0.473854 
1535382209845 0.211886 0.919442 -0.331257 -0.47304 -0.944196 0.280057 0.173383 -0.171306 0.252186 0.276034 0.927474 0.473854 
1535382209862 0.211886 0.919442 -0.331257 -0.47304 -0.944196 0.280057 0.173383 -0.171306 0.252186 0.276034 0.927474 0.473854 
1535382210074 0.211885 0.919442 -0.331257 -0.47304 -0.944196 0.280057 0.173383 -0.171306 0.252186 0.276034 0.927473 0.473854 
1535382210226 0.211886 0.919442 -0.331257 -0.47304 -0.944196 0.280057 0.173383 -0.171306 0.252186 0.276035 0.927473 0.473854 
1535382210365 0.211886 0.919441 -0.331258 -0.47304 -0.944196 0.280058 0.173383 -0.171306 0.252187 0.276035 0.927473 0.473854 
1535382210510 0.211886 0.919441 -0.331258 -0.47304 -0.944196 0.280058 0.173383 -0.171306 0.252187 0.276035 0.927473 0.473854 
1535382210635 0.211886 0.919441 -0.331258 -0.47304 -0.944196 0.280058 0.173383 -0.171306 0.252187 0.276035 0.927473 0.473854 
1535382210785 0.211886 0.919441 -0.331258 -0.47304 -0.944196 0.280057 0.173383 -0.171306 0.252187 0.276035 0.927473 0.473854 
1535382210931 0.211886 0.919441 -0.331258 -0.47304 -0.944196 0.280058 0.173384 -0.171306 0.252187 0.276035 0.927473 0.473854 
1535382211050 0.211886 0.919441 -0.331259 -0.47304 -0.944196 0.280058 0.173384 -0.171306 0.252188 0.276036 0.927473 0.473854 
1535382211083 0.211885 0.919441 -0.331259 -0.47304 -0.944196 0.280058 0.173385 -0.171306 0.252189 0.276036 0.927472 0.473854 
1535382211341 0.211885 0.919441 -0.331259 -0.47304 -0.944196 0.280058 0.173385 -0.171306 0.252189 0.276036 0.927472 0.473854 
1535382211572 0.211885 0.919441 -0.33126 -0.473041 -0.944196 0.280058 0.173385 -0.171306 0.252189 0.276036 0.927472 0.473854 
1535382211847 0.211886 0.919441 -0.331259 -0.473041 -0.944196 0.280058 0.173385 -0.171306 0.252189 0.276036 0.927472 0.473855 
1535382212083 0.211885 0.919441 -0.33126 -0.473041 -0.944196 0.280058 0.173385 -0.171306 0.252189 0.276036 0.927472 0.473855 
1535382212305 0.211885 0.919441 -0.33126 -0.473041 -0.944195 0.280058 0.173385 -0.171306 0.25219 0.276036 0.927472 0.473855 
1535382212543 0.211885 0.919441 -0.33126 -0.473041 -0.944195 0.280058 0.173386 -0.171306 0.25219 0.276036 0.927472 0.473855 
1535382212783 0.211886 0.919441 -0.33126 -0.47304 -0.944195 0.280059 0.173386 -0.171306 0.25219 0.276036 0.927472 0.473855 
1535382213022 0.211885 0.919441 -0.33126 -0.47304 -0.944195 0.280058 0.173387 -0.171305 0.252191 0.276036 0.927472 0.473855 
1535382213268 0.211885 0.919441 -0.331261 -0.47304 -0.944195 0.280058 0.173387 -0.171305 0.252191 0.276037 0.927471 0.473855 
1535382213293 0.211885 0.919441 -0.331261 -0.47304 -0.944195 0.280058 0.173387 -0.171305 0.252191 0.276037 0.927471 0.473855 
1535382213554 0.211885 0.91944 -0.331262 -0.47304 -0.944195 0.280059 0.173388 -0.171305 0.252192 0.276037 0.927471 0.473855 
1535382213800 0.211884 0.91944 -0.331262 -0.473041 -0.944195 0.280058 0.173388 -0.171305 0.252192 0.276037 0.927471 0.473855 
1535382214087 0.211885 0.91944 -0.331262 -0.473041 -0.944195 0.280059 0.173388 -0.171305 0.252192 0.276037 0.927471 0.473855 
1535382214331 0.211885 0.91944 -0.331262 -0.473041 -0.944195 0.280059 0.173388 -0.171305 0.252192 0.276037 0.927471 0.473855 
1535382214578 0.211885 0.91944 -0.331262 -0.473041 -0.944195 0.280059 0.173388 -0.171305 0.252193 0.276037 0.927471 0.473855 
1535382214843 0.211884 0.91944 -0.331262 -0.473041 -0.944195 0.280058 0.173389 -0.171305 0.252193 0.276037 0.927471 0.473855 
1535382215087 0.211885 0.91944 -0.331262 -0.473041 -0.944195 0.280059 0.173389 -0.171305 0.252193 0.276038 0.927471 0.473855 
1535382215324 0.211885 0.91944 -0.331262 -0.473041 -0.944194 0.280059 0.173389 -0.171305 0.252194 0.276038 0.92747 0.473855 
1535382215573 0.211885 0.91944 -0.331263 -0.473041 -0.944194 0.28006 0.173389 -0.171306 0.252194 0.276038 0.92747 0.473855 
