1535146950815 0.218299 0.915856 -0.336977 -0.581048 -0.941926 0.288038 0.172653 -0.221986 0.255188 0.279718 0.925547 0.412054 
1535146954773 0.218298 0.915855 -0.336979 -0.581048 -0.941928 0.288036 0.172649 -0.221986 0.255183 0.279721 0.925547 0.412054 
1535146956529 0.346934 0.882054 -0.318776 -0.523425 -0.903778 0.405245 0.137703 -0.199729 0.250644 0.240329 0.937774 0.371461 
