1531909482622 -0.187254 -0.975206 0.117937 -0.597268 0.845429 -0.0988609 0.524859 -0.255126 -0.500186 0.197989 0.842979 0.407261 
1531909482631 -0.187254 -0.975206 0.117937 -0.597268 0.845429 -0.0988609 0.524859 -0.255126 -0.500186 0.197989 0.842979 0.407261 
1531909482638 0 0 0 0 0 0 0 0 0 0 0 0 
1531909482638 0 0 0 0 0 0 0 0 0 0 0 0 
1531909482641 -0.187254 -0.975206 0.117937 -0.597268 0.845429 -0.0988609 0.524859 -0.255126 -0.500186 0.197989 0.842979 0.407261 
1531909482642 0 0 0 0 0 0 0 0 0 0 0 0 
1531909482651 -0.187254 -0.975206 0.117937 -0.597268 0.845429 -0.0988609 0.524859 -0.255126 -0.500186 0.197989 0.842979 0.407261 
1531909482652 -0.186319 0.845148 -0.501008 -0.595444 -0.975422 -0.098067 0.19732 -0.251671 0.117632 0.525459 0.842648 0.409373 
1531909482666 0 0 0 0 0 0 0 0 0 0 0 0 
1531909482666 0 0 0 0 0 0 0 0 0 0 0 0 
1531909482666 0 0 0 0 0 0 0 0 0 0 0 0 
1531909482667 0 0 0 0 0 0 0 0 0 0 0 0 
1531909482668 0 0 0 0 0 0 0 0 0 0 0 0 
1531909482668 0 0 0 0 0 0 0 0 0 0 0 0 
1531909482671 0 0 0 0 0 0 0 0 0 0 0 0 
1531909482672 0 0 0 0 0 0 0 0 0 0 0 0 
1531909482682 -0.187254 -0.975206 0.117937 -0.597268 0.845429 -0.0988609 0.524859 -0.255126 -0.500186 0.197989 0.842979 0.407261 
1531909482682 -0.187247 0.845429 -0.500188 -0.597265 -0.975206 -0.0988476 0.197997 -0.255093 0.11795 0.524861 0.842976 0.40726 
1531909482692 -0.187254 -0.975206 0.117937 -0.597268 0.845429 -0.0988609 0.524859 -0.255126 -0.500186 0.197989 0.842979 0.407261 
1531909482692 -0.18725 0.845429 -0.500187 -0.597275 -0.975206 -0.0988521 0.197995 -0.255107 0.117946 0.52486 0.842977 0.407257 
1531909482702 -0.187254 -0.975206 0.117937 -0.597268 0.845429 -0.0988609 0.524859 -0.255126 -0.500186 0.197989 0.842979 0.407261 
1531909482702 -0.187251 0.845429 -0.500187 -0.597273 -0.975206 -0.0988555 0.197993 -0.255114 0.117943 0.52486 0.842978 0.407258 
1531909482712 -0.187254 -0.975206 0.117937 -0.597268 0.845429 -0.0988609 0.524859 -0.255126 -0.500186 0.197989 0.842979 0.407261 
1531909482712 -0.187253 0.845429 -0.500187 -0.597271 -0.975206 -0.0988578 0.197991 -0.255119 0.11794 0.524859 0.842978 0.407259 
1531909482722 -0.187254 -0.975206 0.117937 -0.597268 0.845429 -0.0988609 0.524859 -0.255126 -0.500186 0.197989 0.842979 0.407261 
1531909482726 -0.187253 0.845429 -0.500186 -0.597269 -0.975206 -0.0988592 0.19799 -0.255122 0.117939 0.524859 0.842979 0.40726 
1531909482734 0 0 0 0 0 0 0 0 0 0 0 0 
1531909482734 0 0 0 0 0 0 0 0 0 0 0 0 
1531909482743 -0.187254 0.845429 -0.500186 -0.597268 -0.975206 -0.09886 0.19799 -0.255123 0.117938 0.524859 0.842979 0.407261 
1531909482753 -0.187253 0.845429 -0.500187 -0.59726 -0.975206 -0.0988592 0.19799 -0.255118 0.117938 0.524859 0.842979 0.407261 
1531909482767 0 0 0 0 0 0 0 0 0 0 0 0 
1531909482767 0 0 0 0 0 0 0 0 0 0 0 0 
1531909482776 -0.187253 0.845429 -0.500187 -0.59726 -0.975206 -0.0988592 0.19799 -0.255118 0.117938 0.524859 0.842979 0.407261 
1531909482779 0 0 0 0 0 0 0 0 0 0 0 0 
1531909482782 0 0 0 0 0 0 0 0 0 0 0 0 
1531909482786 0 0 0 0 0 0 0 0 0 0 0 0 
1531909482787 0 0 0 0 0 0 0 0 0 0 0 0 
1531909482793 -0.187254 0.845429 -0.500186 -0.597267 -0.975206 -0.0988608 0.197989 -0.255126 0.117937 0.524859 0.842979 0.407261 
1531909482797 -0.187254 -0.975206 0.117937 -0.597268 0.845429 -0.0988609 0.524859 -0.255126 -0.500186 0.197989 0.842979 0.407261 
1531909482800 0 0 0 0 0 0 0 0 0 0 0 0 
1531909482803 -0.187254 0.845429 -0.500186 -0.597268 -0.975206 -0.0988609 0.197989 -0.255126 0.117937 0.524859 0.842979 0.407261 
1531909482811 -0.187254 -0.975206 0.117937 -0.597268 0.845429 -0.0988609 0.524859 -0.255126 -0.500186 0.197989 0.842979 0.407261 
1531909482813 -0.187254 0.845429 -0.500186 -0.597268 -0.975206 -0.0988609 0.197989 -0.255126 0.117937 0.524859 0.842979 0.407261 
1531909482820 -0.187254 -0.975206 0.117937 -0.597268 0.845429 -0.0988609 0.524859 -0.255126 -0.500186 0.197989 0.842979 0.407261 
1531909482823 -0.187254 0.845429 -0.500186 -0.597268 -0.975206 -0.0988609 0.197989 -0.255126 0.117937 0.524859 0.842979 0.407261 
1531909482830 -0.187254 -0.975206 0.117937 -0.597268 0.845429 -0.0988609 0.524859 -0.255126 -0.500186 0.197989 0.842979 0.407261 
1531909482833 -0.187254 0.845429 -0.500186 -0.597268 -0.975206 -0.0988609 0.197989 -0.255126 0.117937 0.524859 0.842979 0.407261 
1531909482840 -0.187254 -0.975206 0.117937 -0.597268 0.845429 -0.0988609 0.524859 -0.255126 -0.500186 0.197989 0.842979 0.407261 
1531909482843 -0.187254 0.845429 -0.500186 -0.597268 -0.975206 -0.0988609 0.197989 -0.255126 0.117937 0.524859 0.842979 0.407261 
1531909482850 -0.187254 -0.975206 0.117937 -0.597268 0.845429 -0.0988609 0.524859 -0.255126 -0.500186 0.197989 0.842979 0.407261 
1531909482853 -0.187254 0.845429 -0.500186 -0.597268 -0.975206 -0.0988609 0.197989 -0.255126 0.117937 0.524859 0.842979 0.407261 
1531909482860 -0.187254 -0.975206 0.117937 -0.597268 0.845429 -0.0988609 0.524859 -0.255126 -0.500186 0.197989 0.842979 0.407261 
1531909482862 0 0 0 0 0 0 0 0 0 0 0 0 
1531909482862 0 0 0 0 0 0 0 0 0 0 0 0 
1531909482862 0 0 0 0 0 0 0 0 0 0 0 0 
1531909482870 -0.187254 -0.975206 0.117937 -0.597268 0.845429 -0.0988609 0.524859 -0.255126 -0.500186 0.197989 0.842979 0.407261 
1531909482873 -0.187254 0.845429 -0.500186 -0.597268 -0.975206 -0.0988609 0.197989 -0.255126 0.117937 0.524859 0.842979 0.407261 
1531909482880 -0.187254 -0.975206 0.117937 -0.597268 0.845429 -0.0988609 0.524859 -0.255126 -0.500186 0.197989 0.842979 0.407261 
1531909482883 -0.187254 0.845429 -0.500186 -0.597268 -0.975206 -0.0988609 0.197989 -0.255126 0.117937 0.524859 0.842979 0.407261 
1531909482890 -0.187254 -0.975206 0.117937 -0.597268 0.845429 -0.0988609 0.524859 -0.255126 -0.500186 0.197989 0.842979 0.407261 
