1533291705991 0.0901434 0.944348 -0.316356 -0.612416 -0.963729 0.16283 0.211453 -0.226848 0.251197 0.285821 0.924774 0.380615 
1533291709969 0.0901427 0.944347 -0.316358 -0.612416 -0.963729 0.16283 0.211453 -0.226848 0.251197 0.285823 0.924773 0.380613 
1533291709985 0.0901428 0.944347 -0.316358 -0.612417 -0.963729 0.16283 0.211453 -0.226848 0.251197 0.285823 0.924773 0.380613 
1533291710004 0.0901424 0.944347 -0.316358 -0.612416 -0.96373 0.162829 0.211452 -0.226848 0.251197 0.285823 0.924773 0.380613 
1533291710028 0.0901422 0.944347 -0.316359 -0.612417 -0.96373 0.162828 0.211449 -0.226848 0.251193 0.285824 0.924774 0.380611 
1533291710045 0.0901457 0.944347 -0.316359 -0.612419 -0.963731 0.162831 0.211445 -0.226848 0.25119 0.285824 0.924775 0.380609 
1533291710066 0.0901693 0.944345 -0.316357 -0.612428 -0.96373 0.162851 0.211435 -0.226846 0.251187 0.285817 0.924778 0.380605 
1533291710086 0.090376 0.944353 -0.316274 -0.612467 -0.96371 0.163025 0.211389 -0.226816 0.251186 0.285692 0.924817 0.380624 
1533291710108 0.0907448 0.944412 -0.315992 -0.61253 -0.963679 0.163302 0.211319 -0.22674 0.251175 0.285339 0.924929 0.380648 
1533291710127 0.0910765 0.944529 -0.315546 -0.612606 -0.963653 0.163504 0.211278 -0.226602 0.251151 0.284835 0.92509 0.380685 
1533291710246 0.0949256 0.944898 -0.3133 -0.613337 -0.963217 0.166661 0.210799 -0.225613 0.251399 0.281766 0.925962 0.3808 
1533291710263 0.0958635 0.944925 -0.312932 -0.613465 -0.963066 0.167518 0.210811 -0.225403 0.251622 0.281165 0.926085 0.380802 
1533291710279 0.0967556 0.944973 -0.312513 -0.613571 -0.962929 0.168311 0.210808 -0.225209 0.251807 0.280531 0.926227 0.380814 
1533291710296 0.0976346 0.945011 -0.312125 -0.613674 -0.962793 0.169096 0.210799 -0.225025 0.251986 0.279931 0.926359 0.380831 
1533291710314 0.0985407 0.945031 -0.311779 -0.613774 -0.962654 0.169916 0.210774 -0.224872 0.252164 0.279366 0.926482 0.380853 
1533291710333 0.0998217 0.945034 -0.311361 -0.61392 -0.962449 0.171098 0.210753 -0.224652 0.252442 0.278631 0.926627 0.380894 
1533291710349 0.100817 0.945029 -0.311056 -0.614009 -0.962299 0.17201 0.210697 -0.224471 0.252619 0.278087 0.926742 0.380929 
1533291710367 0.10174 0.945023 -0.310774 -0.614078 -0.962166 0.172847 0.210617 -0.2243 0.252754 0.277588 0.926855 0.380954 
1533291710383 0.102712 0.944985 -0.31057 -0.614145 -0.962012 0.173766 0.210567 -0.224148 0.252949 0.277145 0.926934 0.38096 
1533291710485 0.111927 0.944509 -0.308829 -0.614685 -0.960444 0.182569 0.210274 -0.223461 0.254988 0.273077 0.927583 0.381031 
1533291710502 0.113463 0.944448 -0.308456 -0.614807 -0.960188 0.184003 0.210194 -0.223313 0.255274 0.272326 0.927725 0.38106 
1533291710520 0.115229 0.944383 -0.308 -0.614922 -0.959889 0.185647 0.210114 -0.223132 0.255607 0.271435 0.927895 0.381103 
1533291710535 0.116744 0.944316 -0.307633 -0.61502 -0.959621 0.187073 0.210073 -0.222948 0.255925 0.270687 0.928025 0.381139 
1533291710556 0.119004 0.944187 -0.307161 -0.615178 -0.959201 0.189231 0.210057 -0.222649 0.256458 0.269632 0.928185 0.38118 
1533291710577 0.120963 0.944066 -0.30677 -0.615307 -0.95883 0.19111 0.210052 -0.222389 0.25693 0.268731 0.928316 0.381206 
1533291710596 0.12294 0.943908 -0.30647 -0.6154 -0.958454 0.193024 0.210019 -0.222193 0.257394 0.267918 0.928422 0.381217 
1533291710613 0.12491 0.943701 -0.306312 -0.615483 -0.95807 0.194967 0.209976 -0.22205 0.257876 0.26724 0.928484 0.381218 
1533291710706 0.133371 0.942358 -0.306878 -0.615459 -0.956796 0.203154 0.208016 -0.221578 0.258369 0.265876 0.928739 0.381063 
1533291710723 0.134714 0.942085 -0.30713 -0.615444 -0.956609 0.204467 0.207586 -0.221455 0.258362 0.265838 0.928751 0.381022 
1533291710739 0.136062 0.941846 -0.307269 -0.615408 -0.956457 0.205721 0.207049 -0.221309 0.25822 0.265718 0.928825 0.38102 
1533291710760 0.138118 0.941512 -0.307375 -0.615347 -0.956225 0.207606 0.206238 -0.221097 0.257988 0.265435 0.928971 0.381038 
1533291710784 0.140588 0.941109 -0.307488 -0.615286 -0.955922 0.209888 0.205331 -0.220875 0.257776 0.265068 0.929134 0.381062 
1533291710801 0.142034 0.940873 -0.307546 -0.61525 -0.955698 0.211267 0.204956 -0.220738 0.257812 0.264811 0.929198 0.381065 
1533291710817 0.143498 0.940641 -0.307575 -0.615217 -0.955444 0.212682 0.204676 -0.220613 0.257942 0.2645 0.92925 0.381041 
1533291710840 0.145672 0.940306 -0.307578 -0.615188 -0.955009 0.214831 0.204465 -0.220485 0.258337 0.263955 0.929295 0.381021 
1533291710856 0.147247 0.940063 -0.307571 -0.615177 -0.954678 0.216398 0.204358 -0.220429 0.258667 0.26354 0.929321 0.381019 
1533291710914 0.152573 0.939251 -0.307455 -0.615151 -0.953543 0.221673 0.204003 -0.220213 0.259765 0.262046 0.929437 0.381038 
1533291710931 0.153996 0.939051 -0.307357 -0.615145 -0.953265 0.223037 0.203815 -0.22012 0.259945 0.261605 0.929511 0.381053 
1533291710947 0.155262 0.938885 -0.307227 -0.615128 -0.953029 0.224228 0.203613 -0.219996 0.260058 0.261182 0.929599 0.381066 
1533291710964 0.156816 0.93868 -0.307066 -0.615105 -0.952739 0.225687 0.203356 -0.219818 0.260186 0.260664 0.929708 0.381073 
1533291710989 0.158806 0.9384 -0.306898 -0.61508 -0.952344 0.227585 0.203091 -0.219597 0.260426 0.260021 0.929821 0.381073 
1533291711005 0.159905 0.938225 -0.306863 -0.61507 -0.952103 0.228667 0.203006 -0.219492 0.260635 0.259703 0.929852 0.381053 
1533291711022 0.161641 0.937925 -0.306871 -0.61507 -0.951711 0.230398 0.202886 -0.219397 0.260995 0.259257 0.929875 0.38101 
1533291711040 0.16327 0.93763 -0.306908 -0.615077 -0.95134 0.232028 0.202768 -0.219359 0.261332 0.258868 0.929889 0.380969 
1533291711059 0.165085 0.937299 -0.30695 -0.615085 -0.950917 0.233851 0.20266 -0.219343 0.261734 0.258427 0.929898 0.380941 
1533291711103 0.16859 0.936659 -0.306998 -0.615072 -0.950043 0.237409 0.202619 -0.219296 0.262669 0.257502 0.929891 0.380952 
1533291711119 0.169588 0.936453 -0.307075 -0.615056 -0.949784 0.238443 0.202618 -0.219249 0.262963 0.257294 0.929866 0.380961 
1533291711137 0.170549 0.936271 -0.307098 -0.615024 -0.949551 0.239412 0.202571 -0.219166 0.263185 0.257057 0.929869 0.380983 
1533291711152 0.171255 0.936137 -0.307114 -0.614994 -0.949401 0.240102 0.202459 -0.219089 0.263268 0.256902 0.929888 0.381004 
1533291711169 0.172567 0.935868 -0.3072 -0.614933 -0.949162 0.241355 0.202089 -0.218912 0.263273 0.256709 0.92994 0.381049 
1533291711187 0.172898 0.935798 -0.307226 -0.614917 -0.949102 0.241671 0.201991 -0.218865 0.26327 0.256665 0.929953 0.381057 
1533291711206 0.174557 0.935457 -0.307326 -0.614834 -0.948781 0.243268 0.20158 -0.218616 0.263332 0.256398 0.930009 0.381074 
1533291711223 0.17559 0.935282 -0.307272 -0.61478 -0.948547 0.244271 0.201471 -0.218481 0.26349 0.256086 0.93005 0.381065 
1533291711249 0.176977 0.935029 -0.307246 -0.61473 -0.948216 0.24564 0.201363 -0.218351 0.263752 0.255699 0.930082 0.381018 
1533291711263 0.177716 0.934886 -0.307255 -0.614712 -0.948042 0.246372 0.20129 -0.218302 0.263882 0.255518 0.930095 0.38099 
1533291711280 0.178499 0.934727 -0.307283 -0.614693 -0.94786 0.247148 0.201193 -0.218248 0.264005 0.255349 0.930107 0.380962 
1533291711302 0.179338 0.934553 -0.307324 -0.61467 -0.947695 0.247952 0.200984 -0.218189 0.264032 0.255205 0.930138 0.380951 
1533291711318 0.180277 0.934349 -0.307396 -0.614644 -0.94756 0.248809 0.200561 -0.21813 0.263877 0.255119 0.930206 0.38098 
1533291711335 0.180914 0.934212 -0.307437 -0.614616 -0.947467 0.24939 0.200278 -0.218061 0.263774 0.255053 0.930253 0.381003 
1533291711354 0.181385 0.934116 -0.307454 -0.614589 -0.947399 0.249815 0.20007 -0.217992 0.263695 0.254992 0.930292 0.381024 
1533291711368 0.182049 0.933986 -0.307453 -0.614553 -0.947281 0.25043 0.199858 -0.217905 0.26366 0.254861 0.930338 0.381048 
1533291711384 0.182572 0.9339 -0.307405 -0.614516 -0.947183 0.25091 0.199722 -0.217826 0.263651 0.254705 0.930383 0.381052 
1533291711401 0.183122 0.933805 -0.307366 -0.614478 -0.947057 0.251438 0.199656 -0.217736 0.263723 0.254532 0.93041 0.381046 
1533291711425 0.183789 0.933678 -0.307353 -0.61444 -0.946891 0.252099 0.19961 -0.217672 0.263855 0.254344 0.930424 0.381043 
1533291711453 0.184367 0.933504 -0.307538 -0.614391 -0.946744 0.252715 0.199526 -0.217675 0.263978 0.254373 0.930382 0.381033 
1533291711482 0.184858 0.933313 -0.307821 -0.614335 -0.946631 0.253254 0.199379 -0.217685 0.26404 0.254536 0.930319 0.381024 
1533291711497 0.184887 0.933246 -0.308007 -0.614252 -0.946702 0.253247 0.199051 -0.217631 0.263766 0.254789 0.930328 0.381043 
1533291711514 0.184742 0.93323 -0.308143 -0.61418 -0.946802 0.25307 0.1988 -0.217526 0.263508 0.255023 0.930337 0.381069 
1533291711532 0.18451 0.933243 -0.308242 -0.614101 -0.946919 0.252804 0.198582 -0.217379 0.263251 0.25524 0.93035 0.381103 
1533291711550 0.184263 0.933279 -0.308281 -0.614008 -0.947021 0.252527 0.198447 -0.217194 0.263055 0.255382 0.930367 0.381142 
1533291711571 0.184077 0.933353 -0.30817 -0.613906 -0.947104 0.252283 0.198362 -0.217026 0.262888 0.255355 0.930421 0.381179 
1533291711588 0.183937 0.933387 -0.308149 -0.613848 -0.947171 0.252108 0.198264 -0.216936 0.262743 0.255402 0.930449 0.381179 
1533291711605 0.183767 0.933403 -0.308202 -0.613809 -0.947257 0.251908 0.198106 -0.216899 0.262551 0.255541 0.930465 0.381163 
1533291711629 0.183623 0.933352 -0.308441 -0.61375 -0.947394 0.251717 0.197695 -0.216935 0.262159 0.255914 0.930473 0.381128 
1533291711648 0.183554 0.933255 -0.308776 -0.613703 -0.947503 0.251629 0.197282 -0.217015 0.261812 0.256354 0.93045 0.381108 
1533291711667 0.183514 0.933127 -0.309187 -0.613618 -0.94766 0.251532 0.196652 -0.217145 0.261272 0.256915 0.930447 0.381107 
1533291711684 0.18346 0.933074 -0.309378 -0.613532 -0.947783 0.251411 0.196216 -0.217195 0.260865 0.257225 0.930476 0.381124 
1533291711701 0.183287 0.933058 -0.30953 -0.613474 -0.947912 0.251186 0.19588 -0.217176 0.260517 0.257505 0.930495 0.381152 
1533291711717 0.183055 0.933067 -0.309639 -0.613435 -0.948038 0.25091 0.195624 -0.217118 0.260222 0.257739 0.930513 0.381193 
1533291711737 0.182772 0.933144 -0.309577 -0.613378 -0.94816 0.250563 0.195474 -0.217017 0.259974 0.257801 0.930565 0.381247 
1533291711754 0.182535 0.933215 -0.3095 -0.613322 -0.948248 0.250282 0.195409 -0.21693 0.259821 0.257814 0.930605 0.38129 
1533291711771 0.182283 0.933276 -0.309466 -0.613258 -0.948342 0.249993 0.195323 -0.21685 0.259655 0.257875 0.930634 0.381323 
1533291711788 0.182005 0.933307 -0.309536 -0.613193 -0.948439 0.249702 0.195224 -0.216783 0.259496 0.258044 0.930632 0.381342 
1533291711805 0.18179 0.933297 -0.309693 -0.613121 -0.948521 0.249493 0.195092 -0.216755 0.259345 0.258285 0.930607 0.381344 
1533291711821 0.181499 0.933286 -0.309895 -0.613019 -0.948639 0.249199 0.194894 -0.216748 0.259117 0.258605 0.930581 0.381329 
1533291711838 0.181319 0.933274 -0.310037 -0.612943 -0.948718 0.249015 0.194744 -0.216765 0.258953 0.258827 0.930565 0.381315 
1533291711855 0.181172 0.933246 -0.310206 -0.612847 -0.94879 0.248868 0.194584 -0.216801 0.258795 0.259067 0.930543 0.3813 
1533291711871 0.181042 0.933232 -0.310325 -0.612736 -0.948857 0.248727 0.194433 -0.216837 0.258638 0.259253 0.930534 0.381299 
1533291711888 0.180871 0.933243 -0.310392 -0.612626 -0.948958 0.248512 0.194217 -0.216852 0.258388 0.259421 0.930557 0.381307 
1533291711904 0.180708 0.933267 -0.310415 -0.612556 -0.949053 0.248299 0.194026 -0.216837 0.258154 0.259538 0.930589 0.381308 
1533291711922 0.180526 0.933275 -0.310497 -0.612495 -0.949187 0.248045 0.193695 -0.216829 0.257788 0.259753 0.930631 0.381287 
1533291711938 0.180362 0.933261 -0.310635 -0.612446 -0.949335 0.247802 0.19328 -0.216835 0.257357 0.260037 0.930671 0.381251 
1533291711954 0.180159 0.933223 -0.310865 -0.6124 -0.949506 0.247524 0.192796 -0.216834 0.256869 0.260434 0.930695 0.381212 
1533291711971 0.179923 0.933173 -0.311151 -0.612341 -0.949704 0.247206 0.19223 -0.216838 0.256302 0.260915 0.930716 0.381183 
1533291711988 0.179696 0.933134 -0.3114 -0.612259 -0.949889 0.246899 0.191711 -0.216854 0.255776 0.261345 0.93074 0.381167 
1533291712004 0.179491 0.933105 -0.311605 -0.612157 -0.950082 0.24659 0.191149 -0.216892 0.255201 0.261741 0.930787 0.381159 
1533291712030 0.179269 0.933121 -0.311686 -0.611994 -0.950347 0.246168 0.190374 -0.216961 0.254369 0.262081 0.930919 0.381163 
1533291712047 0.17915 0.933131 -0.311724 -0.611891 -0.950448 0.245983 0.190109 -0.216993 0.254076 0.26222 0.93096 0.381166 
1533291712064 0.178982 0.933159 -0.311737 -0.611766 -0.950533 0.245772 0.189954 -0.217001 0.253874 0.262318 0.930987 0.381184 
1533291712085 0.178817 0.933189 -0.311742 -0.61167 -0.950596 0.245584 0.189882 -0.216985 0.253755 0.262386 0.931001 0.381216 
1533291712105 0.178509 0.933212 -0.311848 -0.611551 -0.950676 0.245293 0.189858 -0.216934 0.253672 0.262575 0.93097 0.381254 
1533291712120 0.178212 0.933248 -0.311912 -0.611462 -0.950751 0.245007 0.189852 -0.216883 0.2536 0.262717 0.93095 0.381279 
1533291712140 0.177874 0.933283 -0.312 -0.61136 -0.950846 0.244674 0.189806 -0.216848 0.253481 0.262902 0.930929 0.381292 
1533291712154 0.177588 0.933306 -0.312094 -0.611245 -0.95094 0.244383 0.189711 -0.216843 0.253329 0.263093 0.930917 0.381291 
1533291712170 0.177453 0.93331 -0.312159 -0.611171 -0.950993 0.244239 0.189629 -0.216858 0.253224 0.263211 0.930912 0.381286 
1533291712190 0.177126 0.933312 -0.312339 -0.610907 -0.951148 0.243871 0.189327 -0.216936 0.252871 0.263546 0.930913 0.38127 
1533291712207 0.176941 0.933338 -0.312366 -0.610745 -0.951232 0.243651 0.18919 -0.216945 0.252687 0.263657 0.930932 0.381277 
1533291712224 0.176652 0.933423 -0.312275 -0.610557 -0.951346 0.243297 0.189069 -0.216904 0.252457 0.263682 0.930987 0.381304 
1533291712248 0.176231 0.933551 -0.312132 -0.610369 -0.951498 0.242795 0.188953 -0.216794 0.252181 0.263693 0.931059 0.381334 
1533291712265 0.175969 0.93362 -0.312072 -0.610272 -0.951598 0.242483 0.188849 -0.216732 0.251986 0.263736 0.9311 0.38134 
1533291712282 0.175717 0.933675 -0.312049 -0.610205 -0.951695 0.242187 0.188736 -0.216698 0.251792 0.263812 0.931131 0.381336 
1533291712299 0.175427 0.933725 -0.312062 -0.610132 -0.951817 0.241846 0.188562 -0.216689 0.251536 0.263947 0.931162 0.381314 
1533291712315 0.175156 0.933758 -0.312117 -0.610051 -0.951937 0.241528 0.188363 -0.216692 0.25127 0.264123 0.931183 0.381264 
1533291712333 0.174921 0.933767 -0.31222 -0.609921 -0.952085 0.241218 0.188011 -0.216758 0.250872 0.264373 0.93122 0.381195 
1533291712353 0.174794 0.933752 -0.312336 -0.609772 -0.95221 0.241014 0.187641 -0.216877 0.250487 0.264611 0.931256 0.381128 
1533291712370 0.17475 0.933735 -0.312411 -0.609661 -0.95228 0.240922 0.187402 -0.216978 0.25025 0.264754 0.931279 0.381093 
1533291712387 0.174737 0.933721 -0.312462 -0.609567 -0.952318 0.240882 0.187259 -0.217064 0.250114 0.264842 0.93129 0.381073 
1533291712403 0.174704 0.933692 -0.312565 -0.609453 -0.952314 0.240883 0.187281 -0.21715 0.250154 0.264942 0.931251 0.381073 
1533291712420 0.174655 0.933668 -0.312665 -0.609364 -0.952301 0.24088 0.18735 -0.217206 0.250237 0.265029 0.931204 0.38108 
1533291712445 0.174483 0.933639 -0.312847 -0.609218 -0.952301 0.240788 0.187468 -0.217275 0.250357 0.265215 0.931119 0.381108 
1533291712461 0.174327 0.933641 -0.312931 -0.609123 -0.952319 0.240669 0.187528 -0.217315 0.250397 0.265319 0.931079 0.381129 
1533291712478 0.174088 0.933685 -0.31293 -0.608973 -0.952367 0.24044 0.187581 -0.217349 0.250382 0.265369 0.931068 0.38116 
1533291712495 0.173823 0.933742 -0.312908 -0.608832 -0.952419 0.240182 0.187644 -0.21735 0.250366 0.265403 0.931063 0.381174 
1533291712515 0.173533 0.933818 -0.312842 -0.608639 -0.952484 0.239883 0.187698 -0.217355 0.250321 0.265405 0.931074 0.381201 
1533291712531 0.173326 0.933878 -0.312778 -0.608481 -0.952534 0.239662 0.187724 -0.217367 0.250272 0.265395 0.93109 0.381224 
1533291712548 0.17324 0.933902 -0.312753 -0.608346 -0.952565 0.23956 0.187698 -0.217429 0.250215 0.265401 0.931104 0.381235 
1533291712565 0.173289 0.933883 -0.312783 -0.608256 -0.952586 0.23958 0.187566 -0.217516 0.250101 0.26545 0.931121 0.381225 
1533291712582 0.173358 0.933837 -0.312882 -0.608177 -0.952661 0.239572 0.187195 -0.217636 0.249768 0.265619 0.931162 0.381192 
1533291712602 0.173401 0.933791 -0.312996 -0.608135 -0.952744 0.239539 0.186816 -0.217725 0.249422 0.26581 0.9312 0.381141 
1533291712618 0.173332 0.93376 -0.313127 -0.608087 -0.952854 0.239396 0.186436 -0.217767 0.249047 0.266049 0.931232 0.381065 
1533291712636 0.173209 0.933757 -0.313204 -0.608034 -0.952949 0.239218 0.186181 -0.217767 0.248772 0.266219 0.931257 0.381015 
1533291712652 0.172979 0.933777 -0.313272 -0.607944 -0.953089 0.238911 0.185859 -0.217747 0.248395 0.266426 0.931299 0.38096 
1533291712679 0.17276 0.933805 -0.313309 -0.607871 -0.953203 0.238632 0.185632 -0.217732 0.24811 0.266578 0.931331 0.380924 
1533291712706 0.172235 0.933933 -0.313217 -0.607703 -0.953354 0.238059 0.185593 -0.217693 0.247895 0.266641 0.93137 0.380947 
1533291712722 0.172051 0.933991 -0.313144 -0.607631 -0.953385 0.237873 0.185669 -0.217688 0.247901 0.266602 0.93138 0.380978 
1533291712739 0.171906 0.934034 -0.313097 -0.60755 -0.953379 0.237762 0.185841 -0.217695 0.248024 0.266553 0.931361 0.380996 
1533291712761 0.171742 0.934073 -0.313069 -0.607353 -0.953286 0.237735 0.186357 -0.217765 0.248498 0.266439 0.931267 0.380983 
1533291712775 0.171658 0.934093 -0.313056 -0.607215 -0.953242 0.237717 0.186605 -0.217838 0.248725 0.266386 0.931222 0.380971 
1533291712792 0.171486 0.934131 -0.313036 -0.607076 -0.953238 0.237588 0.186787 -0.21791 0.248857 0.266367 0.931192 0.380963 
1533291712812 0.171218 0.934176 -0.313049 -0.606845 -0.953267 0.237358 0.186929 -0.218039 0.248929 0.266414 0.93116 0.380947 
1533291712832 0.170976 0.934265 -0.312917 -0.606583 -0.953339 0.237074 0.186923 -0.218163 0.24882 0.266356 0.931205 0.380963 
1533291712857 0.170742 0.934355 -0.312774 -0.606313 -0.953424 0.236778 0.186863 -0.218288 0.248655 0.266301 0.931265 0.380997 
1533291712876 0.170695 0.9344 -0.312666 -0.606083 -0.953481 0.236661 0.186722 -0.218429 0.248469 0.266249 0.931329 0.381035 
1533291712892 0.170752 0.934396 -0.312647 -0.606002 -0.95349 0.23669 0.186639 -0.21849 0.248395 0.266237 0.931352 0.381037 
1533291712912 0.170729 0.934393 -0.312668 -0.605902 -0.953554 0.236608 0.186414 -0.218543 0.248164 0.26632 0.93139 0.381023 
1533291712926 0.170697 0.934385 -0.312709 -0.605865 -0.953616 0.236527 0.186204 -0.218545 0.24795 0.266419 0.931419 0.381009 
1533291712945 0.170644 0.934383 -0.312743 -0.605823 -0.953709 0.236394 0.185895 -0.218502 0.247628 0.266544 0.931469 0.380986 
1533291712962 0.170547 0.934397 -0.312754 -0.605797 -0.953782 0.236244 0.18571 -0.218446 0.247413 0.266627 0.931502 0.380967 
1533291712979 0.17034 0.934411 -0.312825 -0.605775 -0.953866 0.236013 0.185573 -0.218369 0.247232 0.266783 0.931506 0.380939 
1533291713001 0.170164 0.934418 -0.3129 -0.605764 -0.953905 0.235854 0.185575 -0.218312 0.247203 0.266899 0.93148 0.380911 
1533291713018 0.170072 0.934429 -0.312919 -0.605756 -0.953913 0.235781 0.185628 -0.218282 0.247237 0.266927 0.931463 0.380894 
1533291713034 0.169864 0.934464 -0.312925 -0.605716 -0.953933 0.235604 0.185747 -0.218292 0.2473 0.266958 0.931438 0.380869 
