1533760696439 0.134318 0.878813 -0.457871 -0.525741 -0.985026 0.168807 0.0350375 -0.216341 0.108083 0.446309 0.888328 0.377279 
1533760706989 0.134315 0.878813 -0.457873 -0.52574 -0.985027 0.168804 0.035038 -0.21634 0.108082 0.446311 0.888327 0.377279 
1533760707869 0.115624 0.849612 -0.514578 -0.540699 -0.984402 0.167174 0.0548268 -0.217436 0.132605 0.500212 0.855689 0.386601 
1533760708833 0.0953928 0.815823 -0.570379 -0.556231 -0.982961 0.167642 0.075386 -0.218358 0.157121 0.553469 0.817915 0.395708 
1533760709773 0.0735545 0.778962 -0.622742 -0.571623 -0.980991 0.168948 0.0954617 -0.219446 0.179572 0.603883 0.776582 0.405033 
