1535142849502 0.209161 0.918365 -0.335942 -0.472404 -0.944067 0.279198 0.175459 -0.171775 0.25493 0.280452 0.925396 0.475014 
1535142855732 0.209161 0.918365 -0.335941 -0.472404 -0.944067 0.279198 0.175459 -0.171775 0.254929 0.280452 0.925396 0.475014 
1535142857065 0.219016 0.920023 -0.324947 -0.504566 -0.942946 0.285169 0.171849 -0.18583 0.25077 0.26877 0.929988 0.455051 
1535142858425 0.228696 0.921451 -0.314048 -0.53706 -0.941877 0.290991 0.167905 -0.200034 0.246102 0.257395 0.934442 0.434566 
1535142860095 0.24226 0.923537 -0.297302 -0.585792 -0.940355 0.298943 0.162376 -0.221083 0.238837 0.240233 0.940875 0.403876 
1535142861579 0.251657 0.924612 -0.285939 -0.618239 -0.939123 0.304703 0.158758 -0.235264 0.233916 0.228579 0.945005 0.38337 
1535142861972 0.25165 0.924775 -0.28542 -0.619817 -0.939218 0.304516 0.158556 -0.235772 0.233543 0.228171 0.945196 0.382086 
1535142862834 0.254726 0.92499 -0.281971 -0.62953 -0.938757 0.30651 0.15744 -0.24023 0.232058 0.224598 0.946417 0.376132 
1535142862873 0.254474 0.925099 -0.281841 -0.629682 -0.93883 0.306242 0.157524 -0.240138 0.232037 0.224516 0.946442 0.375939 
1535142863018 0.254118 0.925083 -0.282217 -0.629742 -0.9389 0.305991 0.157595 -0.240161 0.232144 0.224926 0.946318 0.375833 
1535142863195 0.253666 0.924767 -0.283653 -0.629777 -0.938898 0.305924 0.157736 -0.240458 0.232645 0.226309 0.945865 0.376249 
1535142863254 0.253187 0.924619 -0.284564 -0.629921 -0.938981 0.305666 0.157741 -0.240567 0.232832 0.227262 0.94559 0.376261 
1535142863373 0.252565 0.924421 -0.285756 -0.630091 -0.939058 0.305364 0.157869 -0.240697 0.233197 0.228469 0.945209 0.376165 
1535142863433 0.25189 0.924313 -0.2867 -0.630221 -0.939196 0.304923 0.157902 -0.240766 0.233372 0.229493 0.944918 0.376122 
1535142863601 0.250711 0.924069 -0.288514 -0.630509 -0.939364 0.304252 0.158196 -0.240965 0.233965 0.231358 0.944317 0.376242 
1535142863653 0.250131 0.923944 -0.289415 -0.630646 -0.939481 0.30389 0.158195 -0.241064 0.234114 0.232331 0.944041 0.376262 
1535142864462 0.24952 0.923743 -0.290584 -0.630836 -0.939537 0.303613 0.158396 -0.241242 0.234543 0.233491 0.943648 0.376301 
1535142864646 0.249884 0.923993 -0.289475 -0.630736 -0.939539 0.303672 0.158269 -0.241195 0.234145 0.232425 0.94401 0.376218 
1535142864929 0.248663 0.924128 -0.290092 -0.631353 -0.939638 0.302836 0.159281 -0.241744 0.235047 0.232974 0.94365 0.376008 
1535142865203 0.247347 0.924288 -0.290709 -0.631958 -0.939762 0.301909 0.160309 -0.242286 0.235939 0.233546 0.943286 0.375825 
1535142865471 0.246113 0.924462 -0.291203 -0.632575 -0.939844 0.301057 0.161427 -0.242805 0.236902 0.233956 0.942943 0.375695 
1535142865729 0.244793 0.924604 -0.291864 -0.633222 -0.939954 0.300146 0.16248 -0.243323 0.237831 0.234564 0.942558 0.375428 
1535142865833 0.244141 0.924714 -0.29206 -0.633439 -0.940034 0.299647 0.162936 -0.243279 0.238185 0.234767 0.942418 0.375316 
1535142866053 0.244785 0.924906 -0.290913 -0.633389 -0.94011 0.299818 0.162177 -0.243492 0.237219 0.233792 0.942904 0.375335 
1535142866263 0.245138 0.925308 -0.289332 -0.633721 -0.940474 0.29943 0.16078 -0.243763 0.235406 0.232695 0.94363 0.375088 
1535142866404 0.24464 0.925637 -0.288699 -0.633969 -0.940853 0.298599 0.160109 -0.243647 0.234408 0.232454 0.943937 0.374751 
1535142866531 0.24497 0.925773 -0.287981 -0.634105 -0.940882 0.298675 0.159793 -0.243886 0.233945 0.231812 0.94421 0.374749 
1535142866651 0.245021 0.925994 -0.287229 -0.634251 -0.941103 0.298362 0.159078 -0.244042 0.233004 0.231335 0.94456 0.374547 
1535142866882 0.245046 0.926504 -0.285557 -0.634602 -0.941488 0.29771 0.158013 -0.244255 0.231413 0.230129 0.945245 0.374351 
1535142866979 0.244934 0.926719 -0.284954 -0.634768 -0.94172 0.297299 0.157407 -0.24424 0.230589 0.229793 0.945528 0.374143 
1535142866999 0.244916 0.926748 -0.284877 -0.634759 -0.941738 0.297256 0.157383 -0.244248 0.230536 0.229734 0.945556 0.37416 
1535142867105 0.245 0.926719 -0.284898 -0.634741 -0.94169 0.297366 0.157461 -0.244289 0.230641 0.229708 0.945537 0.374194 
1535142867134 0.245218 0.926642 -0.28496 -0.634726 -0.941598 0.297619 0.157532 -0.24433 0.230785 0.229688 0.945506 0.374194 
1535142867255 0.246359 0.926632 -0.284009 -0.634584 -0.941171 0.298676 0.158081 -0.24438 0.23131 0.228356 0.945701 0.374197 
1535142867281 0.246763 0.926624 -0.283683 -0.634573 -0.941084 0.298989 0.158011 -0.244464 0.231235 0.227978 0.94581 0.374173 
1535142867324 0.247272 0.926572 -0.283408 -0.634598 -0.940974 0.299404 0.157875 -0.24458 0.231136 0.227642 0.945915 0.374065 
1535142867424 0.247401 0.926639 -0.283078 -0.634632 -0.940978 0.299434 0.157796 -0.244494 0.230983 0.227331 0.946027 0.373878 
1535142867551 0.248035 0.926654 -0.282474 -0.634717 -0.940813 0.299935 0.157826 -0.244514 0.230974 0.226609 0.946203 0.373672 
1535142867731 0.247915 0.926721 -0.282359 -0.634577 -0.940888 0.299759 0.157718 -0.244452 0.2308 0.226567 0.946255 0.373722 
1535142867869 0.248193 0.926524 -0.28276 -0.634397 -0.94084 0.300068 0.157415 -0.244412 0.230696 0.226962 0.946186 0.373917 
1535142868084 0.249589 0.926402 -0.281932 -0.634046 -0.940575 0.30116 0.15691 -0.244174 0.230268 0.226015 0.946517 0.374009 
1535142868233 0.250468 0.926283 -0.281541 -0.633759 -0.94045 0.301829 0.156375 -0.244213 0.229825 0.225609 0.946721 0.374022 
1535142868454 0.251613 0.926154 -0.280945 -0.633415 -0.940225 0.302745 0.155958 -0.243877 0.229496 0.22491 0.946967 0.374023 
1535142868609 0.252453 0.926088 -0.280408 -0.633172 -0.940122 0.303339 0.155421 -0.243882 0.228992 0.224381 0.947215 0.374072 
1535142868758 0.252919 0.92608 -0.280015 -0.632968 -0.940067 0.30365 0.15515 -0.243657 0.228708 0.223993 0.947375 0.374121 
1535142869168 0.253751 0.925955 -0.279674 -0.632775 -0.939902 0.304332 0.154809 -0.243686 0.22846 0.223583 0.947532 0.374136 
1535142869425 0.253145 0.926072 -0.279834 -0.632411 -0.940003 0.303839 0.155163 -0.24339 0.228716 0.223767 0.947427 0.374278 
1535142869696 0.253739 0.925927 -0.279776 -0.631644 -0.939742 0.304497 0.155454 -0.243089 0.22913 0.223473 0.947396 0.374535 
1535142869981 0.254358 0.925771 -0.279733 -0.630849 -0.939466 0.305188 0.155766 -0.242795 0.229575 0.22318 0.947357 0.374808 
1535142870227 0.254855 0.925682 -0.279575 -0.630095 -0.939279 0.305689 0.155915 -0.242423 0.229791 0.222863 0.94738 0.375012 
1535142870407 0.255426 0.925511 -0.279618 -0.629644 -0.939098 0.306268 0.15587 -0.242467 0.229897 0.222775 0.947375 0.375159 
1535142870575 0.255645 0.925456 -0.279601 -0.629436 -0.938987 0.306524 0.156035 -0.242366 0.230108 0.222652 0.947352 0.375285 
1535142870854 0.255172 0.925546 -0.279735 -0.629 -0.93911 0.306099 0.156127 -0.242043 0.23013 0.222863 0.947297 0.375339 
1535142871053 0.255213 0.925493 -0.279873 -0.628586 -0.939003 0.306254 0.156466 -0.2418 0.230521 0.22287 0.947201 0.375534 
1535142871331 0.255703 0.925275 -0.280146 -0.627603 -0.938755 0.30688 0.156726 -0.241619 0.230986 0.222914 0.947077 0.375803 
1535142871540 0.25537 0.925362 -0.280163 -0.627197 -0.938803 0.306606 0.156977 -0.241284 0.23116 0.22293 0.947031 0.375956 
1535142871825 0.255315 0.925284 -0.28047 -0.626311 -0.938697 0.306722 0.157386 -0.240864 0.231653 0.223093 0.946872 0.376204 
1535142872036 0.255258 0.925271 -0.280567 -0.625893 -0.938607 0.306785 0.157798 -0.240578 0.23208 0.223063 0.946774 0.376378 
1535142872501 0.255641 0.925123 -0.280704 -0.625605 -0.938446 0.30723 0.157888 -0.240668 0.232307 0.223063 0.946719 0.376447 
1535142872834 0.254739 0.925167 -0.281379 -0.624882 -0.938577 0.306592 0.15835 -0.240118 0.232768 0.223758 0.946441 0.376685 
1535142873123 0.254892 0.924896 -0.28213 -0.624041 -0.938337 0.307058 0.158868 -0.239848 0.233567 0.224238 0.946131 0.377 
1535142873418 0.254914 0.92463 -0.282981 -0.623249 -0.938145 0.307404 0.159335 -0.239569 0.234316 0.224861 0.945798 0.377178 
1535142873629 0.254914 0.924534 -0.283296 -0.622864 -0.93806 0.30754 0.159573 -0.239373 0.234655 0.225071 0.945664 0.37731 
1535142873848 0.254728 0.924499 -0.283576 -0.622458 -0.938004 0.307512 0.159952 -0.239172 0.235079 0.225252 0.945516 0.37752 
1535142874155 0.255008 0.924319 -0.28391 -0.622208 -0.937873 0.307891 0.159995 -0.239232 0.2353 0.225471 0.945408 0.377568 
1535142874397 0.254502 0.924474 -0.283859 -0.622142 -0.938009 0.307399 0.160138 -0.238978 0.235302 0.225507 0.945399 0.377605 
1535142874555 0.25474 0.924304 -0.284199 -0.621842 -0.937858 0.307768 0.160316 -0.238967 0.235649 0.225699 0.945267 0.377686 
1535142874786 0.254583 0.924299 -0.284358 -0.621289 -0.937865 0.30768 0.160446 -0.238709 0.235791 0.225842 0.945197 0.377909 
1535142874960 0.254899 0.924069 -0.284821 -0.620978 -0.937682 0.308155 0.160599 -0.238766 0.236174 0.226135 0.945032 0.378007 
1535142875127 0.25508 0.92397 -0.28498 -0.620658 -0.93761 0.308377 0.160593 -0.238737 0.236265 0.226236 0.944985 0.378043 
1535142875357 0.254691 0.92399 -0.285264 -0.620163 -0.937602 0.308164 0.16105 -0.238323 0.236717 0.226447 0.944821 0.37828 
1535142875481 0.254973 0.923811 -0.28559 -0.619904 -0.937482 0.308532 0.161047 -0.238449 0.236891 0.226672 0.944724 0.378322 
1535142875498 0.254952 0.923818 -0.285585 -0.619907 -0.937485 0.308513 0.161061 -0.238427 0.236898 0.226669 0.944722 0.378325 
1535142875664 0.254671 0.923923 -0.285497 -0.619928 -0.937433 0.308352 0.161671 -0.238219 0.237405 0.226462 0.944645 0.378334 
1535142875749 0.254526 0.923981 -0.285441 -0.619589 -0.937251 0.308415 0.162609 -0.238292 0.238282 0.226141 0.944501 0.37847 
1535142875988 0.254089 0.923917 -0.286036 -0.618787 -0.936782 0.308658 0.164832 -0.238213 0.240578 0.226071 0.943935 0.378746 
1535142876125 0.254161 0.923801 -0.286345 -0.618505 -0.936428 0.309096 0.166021 -0.238172 0.241878 0.225945 0.943633 0.37874 
1535142876227 0.253821 0.923901 -0.286326 -0.618279 -0.936387 0.308891 0.166629 -0.238048 0.242392 0.225818 0.943532 0.37887 
1535142876356 0.253753 0.923874 -0.286473 -0.61798 -0.936177 0.309066 0.167486 -0.238068 0.243275 0.225689 0.943335 0.378951 
1535142876397 0.253654 0.923853 -0.286628 -0.617913 -0.936129 0.309068 0.167748 -0.238011 0.243562 0.225771 0.943242 0.378951 
1535142876626 0.253997 0.92371 -0.286784 -0.617702 -0.936017 0.309442 0.167684 -0.237951 0.243635 0.225843 0.943206 0.378994 
1535142876783 0.254154 0.923762 -0.286478 -0.617462 -0.93618 0.309345 0.16695 -0.237814 0.242842 0.225764 0.943429 0.379135 
1535142877007 0.254311 0.923712 -0.286498 -0.616973 -0.936172 0.309467 0.166768 -0.237489 0.242707 0.2258 0.943455 0.379205 
1535142877184 0.254586 0.923632 -0.286514 -0.616715 -0.936154 0.30968 0.166477 -0.237439 0.242491 0.225839 0.943501 0.379284 
1535142877408 0.254846 0.923573 -0.286472 -0.616251 -0.93613 0.309877 0.166245 -0.237077 0.242311 0.225808 0.943555 0.379433 
1535142877570 0.255164 0.923476 -0.286502 -0.615969 -0.93609 0.310141 0.165974 -0.23708 0.242129 0.225841 0.943594 0.379512 
1535142877606 0.254944 0.923555 -0.286442 -0.61591 -0.936168 0.309904 0.165978 -0.236942 0.242059 0.225843 0.943611 0.37953 
1535142877634 0.254931 0.92357 -0.286406 -0.615855 -0.936179 0.309878 0.165964 -0.236864 0.24203 0.225818 0.943625 0.379544 
1535142877829 0.255172 0.923347 -0.286912 -0.615711 -0.936185 0.310132 0.165455 -0.236868 0.241752 0.226383 0.94356 0.379602 
1535142878049 0.255383 0.923063 -0.287635 -0.615403 -0.936183 0.31041 0.164942 -0.236768 0.241537 0.227156 0.94343 0.379695 
1535142878263 0.255597 0.922785 -0.288337 -0.615131 -0.936209 0.310661 0.164326 -0.236635 0.241213 0.227943 0.943323 0.37977 
1535142878321 0.255474 0.922749 -0.288561 -0.614977 -0.936276 0.310551 0.164148 -0.236508 0.24108 0.228238 0.943286 0.379804 
1535142878453 0.255503 0.922708 -0.288666 -0.614869 -0.936315 0.310553 0.163922 -0.236334 0.240898 0.2284 0.943293 0.379881 
1535142878851 0.255831 0.922495 -0.289055 -0.614674 -0.93631 0.310855 0.16338 -0.236382 0.240571 0.228848 0.943268 0.380007 
1535142878879 0.255837 0.922494 -0.289053 -0.614674 -0.936308 0.310861 0.163378 -0.236383 0.240571 0.228845 0.943269 0.380008 
1535142879107 0.255556 0.922722 -0.288575 -0.614479 -0.936364 0.310528 0.163692 -0.236111 0.240653 0.228379 0.943361 0.38003 
1535142879316 0.255717 0.922721 -0.288435 -0.614039 -0.936368 0.310611 0.163511 -0.235934 0.240466 0.228269 0.943435 0.380083 
1535142879377 0.255744 0.922675 -0.288559 -0.61385 -0.936371 0.310649 0.163419 -0.23584 0.240423 0.228405 0.943413 0.380109 
1535142879518 0.255726 0.922671 -0.288587 -0.613637 -0.936377 0.310636 0.163412 -0.235729 0.240421 0.228437 0.943406 0.380145 
1535142879744 0.256174 0.922601 -0.288414 -0.613169 -0.936288 0.311002 0.163229 -0.235635 0.240292 0.228224 0.94349 0.38031 
1535142879792 0.256252 0.922596 -0.28836 -0.612967 -0.93629 0.311044 0.163135 -0.235613 0.240201 0.228185 0.943523 0.380352 
1535142879809 0.256302 0.922585 -0.28835 -0.61293 -0.936279 0.311087 0.163114 -0.235625 0.240188 0.22817 0.94353 0.380369 
1535142880005 0.256145 0.922693 -0.288146 -0.612756 -0.936344 0.31088 0.163137 -0.235345 0.240104 0.228017 0.943588 0.38046 
1535142880257 0.256388 0.922728 -0.287815 -0.61202 -0.93631 0.311023 0.16306 -0.235098 0.239977 0.227677 0.943702 0.380583 
1535142880528 0.256813 0.922752 -0.287361 -0.611309 -0.936205 0.311338 0.163064 -0.234753 0.239934 0.227152 0.94384 0.380788 
1535142880808 0.257177 0.922809 -0.286851 -0.610269 -0.936176 0.311528 0.162863 -0.234357 0.239653 0.226658 0.94403 0.3811 
1535142880862 0.257483 0.922735 -0.286815 -0.61004 -0.936102 0.311804 0.162759 -0.234384 0.239614 0.226581 0.944058 0.381144 
1535142881067 0.257445 0.922796 -0.286652 -0.609958 -0.936106 0.311746 0.162853 -0.234208 0.239642 0.226411 0.944092 0.381186 
1535142881285 0.257999 0.922865 -0.285932 -0.609347 -0.935941 0.312159 0.163006 -0.233945 0.239689 0.22556 0.944284 0.381264 
1535142881441 0.258277 0.922899 -0.28557 -0.60903 -0.935873 0.312353 0.163025 -0.233818 0.239654 0.225152 0.94439 0.381304 
1535142881672 0.258539 0.92297 -0.285105 -0.608485 -0.93581 0.312512 0.163083 -0.233465 0.239619 0.22464 0.944521 0.381345 
1535142881901 0.259048 0.923005 -0.284528 -0.607919 -0.93567 0.312896 0.16315 -0.233134 0.239616 0.223961 0.944683 0.381422 
1535142881928 0.258979 0.923049 -0.284447 -0.607798 -0.935699 0.312807 0.163157 -0.233067 0.239579 0.223902 0.944706 0.381439 
1535142881957 0.259002 0.92306 -0.284393 -0.607695 -0.935699 0.312812 0.163143 -0.233057 0.239552 0.223852 0.944725 0.38145 
1535142882174 0.259109 0.923095 -0.284179 -0.607476 -0.935637 0.312907 0.163318 -0.232885 0.23968 0.223571 0.944759 0.38148 
1535142882423 0.2594 0.923141 -0.283765 -0.606785 -0.935377 0.313278 0.164091 -0.232576 0.240376 0.222862 0.94475 0.381699 
1535142882714 0.25992 0.92318 -0.283162 -0.605659 -0.935044 0.313842 0.164911 -0.232246 0.24111 0.221906 0.944788 0.381917 
1535142882953 0.260191 0.923215 -0.282798 -0.604948 -0.934824 0.314169 0.165533 -0.231962 0.241669 0.221297 0.944788 0.381988 
1535142882988 0.260307 0.923199 -0.282743 -0.604771 -0.934763 0.314297 0.165637 -0.231973 0.241781 0.221181 0.944786 0.381994 
1535142883005 0.260305 0.92321 -0.282711 -0.604686 -0.934751 0.3143 0.165697 -0.231962 0.241829 0.221133 0.944785 0.382001 
1535142883226 0.259774 0.923394 -0.282598 -0.604465 -0.934927 0.313747 0.165754 -0.231702 0.241721 0.22115 0.944809 0.382125 
1535142883440 0.259829 0.923345 -0.282708 -0.603938 -0.934839 0.313886 0.165988 -0.231652 0.242002 0.221158 0.944735 0.382288 
1535142883662 0.259394 0.923495 -0.282615 -0.603499 -0.934935 0.313475 0.166222 -0.231336 0.242098 0.22111 0.944722 0.382416 
1535142883879 0.259436 0.923518 -0.282503 -0.60295 -0.934903 0.313515 0.16633 -0.231299 0.242177 0.220961 0.944736 0.382556 
1535142884015 0.259416 0.923574 -0.282338 -0.602701 -0.934877 0.313494 0.166512 -0.231221 0.242297 0.220756 0.944753 0.38269 
1535142884022 0.259414 0.923577 -0.282329 -0.602702 -0.934874 0.313494 0.166531 -0.231217 0.242312 0.220742 0.944753 0.3827 
1535142884040 0.259416 0.92358 -0.282318 -0.602702 -0.934868 0.313499 0.166555 -0.231216 0.242333 0.220723 0.944752 0.382713 
1535142884241 0.259399 0.923882 -0.281344 -0.602438 -0.934958 0.313229 0.166554 -0.230869 0.242002 0.219841 0.945042 0.38265 
1535142884287 0.259373 0.924051 -0.280813 -0.602238 -0.935012 0.313066 0.16656 -0.230716 0.241823 0.219362 0.945199 0.382687 
1535142884462 0.259714 0.924291 -0.279705 -0.601764 -0.934953 0.31316 0.166714 -0.230484 0.241685 0.218213 0.945501 0.382751 
1535142884503 0.259695 0.924418 -0.279303 -0.601569 -0.934986 0.313045 0.166746 -0.230362 0.241578 0.217841 0.945614 0.382773 
1535142884633 0.260236 0.924421 -0.278789 -0.601279 -0.934833 0.313471 0.166801 -0.230371 0.241587 0.217213 0.945756 0.382804 
1535142884716 0.260034 0.924652 -0.278209 -0.601041 -0.93492 0.313146 0.166925 -0.230083 0.241468 0.216697 0.945905 0.38285 
1535142884743 0.260166 0.924635 -0.278145 -0.601017 -0.934879 0.313264 0.166932 -0.230125 0.241484 0.216602 0.945922 0.382854 
1535142884905 0.260306 0.924686 -0.277844 -0.601003 -0.934933 0.313261 0.166636 -0.230149 0.241124 0.216389 0.946063 0.382778 
1535142885050 0.260888 0.924925 -0.276499 -0.60078 -0.934904 0.313456 0.166431 -0.229918 0.240606 0.21508 0.946493 0.38272 
1535142885122 0.261216 0.925044 -0.275788 -0.600625 -0.934871 0.31359 0.166364 -0.229799 0.240378 0.214369 0.946712 0.382714 
1535142885285 0.261551 0.925365 -0.274392 -0.600251 -0.93493 0.313524 0.166157 -0.229535 0.239784 0.213079 0.947154 0.382671 
1535142885325 0.261824 0.925492 -0.273702 -0.600107 -0.934909 0.313613 0.166111 -0.229433 0.239571 0.212394 0.947362 0.382668 
1535142885462 0.262259 0.92564 -0.272784 -0.599918 -0.934855 0.313805 0.166049 -0.229302 0.239302 0.211466 0.947637 0.382692 
1535142885619 0.262379 0.925689 -0.272502 -0.599891 -0.934834 0.313858 0.166067 -0.229297 0.239253 0.211171 0.947716 0.382686 
1535142885849 0.263133 0.926119 -0.270303 -0.600065 -0.935113 0.313755 0.164687 -0.229226 0.237329 0.20943 0.948585 0.382398 
1535142886045 0.263903 0.926457 -0.268388 -0.600044 -0.935217 0.313871 0.163874 -0.229136 0.236062 0.207754 0.94927 0.382244 
1535142886119 0.264172 0.926622 -0.267554 -0.600041 -0.935249 0.313887 0.163657 -0.229067 0.23563 0.206996 0.949543 0.382196 
1535142886231 0.264729 0.926697 -0.266742 -0.600052 -0.935254 0.314135 0.163152 -0.229087 0.234985 0.206281 0.949858 0.38208 
1535142886489 0.265167 0.926879 -0.265673 -0.600079 -0.935322 0.3142 0.162637 -0.228976 0.234219 0.205364 0.950246 0.381951 
1535142887887 0.252621 0.925964 -0.280664 -0.571922 -0.937696 0.305815 0.164936 -0.216 0.238556 0.221511 0.945528 0.40185 
1535142890218 0.21367 0.919761 -0.329219 -0.472574 -0.944201 0.280906 0.171978 -0.171262 0.250658 0.274102 0.92846 0.473457 
