1533736890817 0.235603 0.807319 -0.541043 -0.539446 -0.949853 0.309062 0.0475428 -0.199549 0.205598 0.50271 0.83965 0.387991 
1533736893727 0.235604 0.807319 -0.541043 -0.539446 -0.949853 0.309062 0.0475425 -0.199549 0.205598 0.50271 0.83965 0.387991 
1533736894259 0.228037 0.796996 -0.559282 -0.545611 -0.949927 0.308149 0.0518073 -0.198676 0.213632 0.519463 0.827357 0.390792 
1533736895013 0.212172 0.774495 -0.595937 -0.558782 -0.949618 0.307348 0.0613429 -0.196731 0.23067 0.552897 0.800685 0.397088 
1533736895543 0.204166 0.762718 -0.613659 -0.56536 -0.949337 0.307246 0.0660292 -0.195736 0.238906 0.569088 0.786805 0.400256 
1533736896292 0.187146 0.738059 -0.648263 -0.578519 -0.948725 0.306937 0.0755666 -0.193813 0.254748 0.600882 0.757657 0.406598 
1533736897045 0.169604 0.71192 -0.681472 -0.591701 -0.947867 0.307134 0.0849523 -0.191921 0.269782 0.631537 0.726897 0.412946 
1533736897574 0.160752 0.698448 -0.697374 -0.598383 -0.947271 0.307613 0.0897316 -0.191224 0.277194 0.646177 0.711068 0.416022 
1533736897597 0.160616 0.698275 -0.697577 -0.598577 -0.947248 0.307648 0.0898535 -0.191165 0.277351 0.646347 0.710853 0.416162 
1533736897758 0.160173 0.697656 -0.698298 -0.598828 -0.94724 0.307614 0.0900561 -0.191139 0.277634 0.647031 0.71012 0.416308 
1533736897940 0.159177 0.696093 -0.700084 -0.599453 -0.947209 0.307587 0.0904685 -0.191033 0.278311 0.648726 0.708306 0.416507 
1533736898123 0.158336 0.694657 -0.701699 -0.600116 -0.94711 0.30775 0.09095 -0.1909 0.279127 0.650185 0.706645 0.416903 
1533736898309 0.157381 0.693311 -0.703243 -0.600797 -0.947008 0.307875 0.0915942 -0.190748 0.280015 0.651561 0.705025 0.417379 
1533736898488 0.15659 0.691734 -0.70497 -0.601514 -0.947 0.307858 0.0917281 -0.190717 0.280482 0.653243 0.70328 0.417598 
1533736898744 0.154618 0.688868 -0.708205 -0.602841 -0.946885 0.307902 0.0927684 -0.190429 0.281963 0.656245 0.699886 0.41827 
1533736898920 0.153611 0.687514 -0.709738 -0.603512 -0.946833 0.307891 0.0933246 -0.190245 0.282684 0.657668 0.698257 0.418696 
1533736899102 0.152576 0.68614 -0.711289 -0.604212 -0.946786 0.307866 0.0938898 -0.19004 0.283403 0.659113 0.696601 0.419103 
1533736899120 0.15239 0.685924 -0.711538 -0.604305 -0.946801 0.307803 0.0939464 -0.19001 0.283453 0.659368 0.696339 0.419112 
1533736899263 0.152843 0.686003 -0.711364 -0.604385 -0.946643 0.308297 0.0939102 -0.190028 0.283734 0.659055 0.696521 0.419184 
1533736899300 0.153481 0.686312 -0.710929 -0.604293 -0.946581 0.308597 0.0935552 -0.19011 0.283598 0.658593 0.697013 0.419056 
1533736899413 0.154016 0.686578 -0.710556 -0.604316 -0.946448 0.309034 0.0934598 -0.189929 0.283754 0.65811 0.697406 0.418798 
1533736899463 0.154982 0.686845 -0.710088 -0.604363 -0.946178 0.309919 0.0932636 -0.189932 0.284127 0.657415 0.697909 0.418717 
1533736899560 0.155965 0.686932 -0.709788 -0.604494 -0.945994 0.31063 0.0927598 -0.189994 0.284201 0.656988 0.698281 0.418472 
1533736899620 0.156733 0.687205 -0.709355 -0.604554 -0.945773 0.311336 0.0926444 -0.189892 0.284513 0.656369 0.698736 0.418254 
1533736899711 0.157583 0.687221 -0.709151 -0.604648 -0.945564 0.312071 0.0923026 -0.189841 0.284738 0.656002 0.698989 0.417937 
1533736899765 0.158113 0.687638 -0.708629 -0.604719 -0.945423 0.312502 0.0922972 -0.189665 0.284915 0.65536 0.699519 0.417836 
1533736899861 0.159062 0.687768 -0.70829 -0.604809 -0.945199 0.313281 0.0919393 -0.189668 0.285127 0.654851 0.699909 0.417606 
1533736899884 0.15952 0.687846 -0.708111 -0.604833 -0.945057 0.313734 0.0918573 -0.189683 0.285342 0.654552 0.700101 0.417571 
1533736899901 0.15975 0.687878 -0.708028 -0.604845 -0.944974 0.313989 0.0918421 -0.189691 0.285489 0.654396 0.700187 0.417548 
1533736899921 0.160161 0.687934 -0.707881 -0.604862 -0.944848 0.314394 0.0917589 -0.189727 0.285677 0.654144 0.700346 0.417498 
1533736900055 0.160355 0.688435 -0.70735 -0.604879 -0.944915 0.314231 0.0916183 -0.189631 0.285345 0.653694 0.700901 0.417377 
1533736900116 0.160993 0.688968 -0.706686 -0.604932 -0.944767 0.314691 0.0915694 -0.189583 0.285476 0.652911 0.701577 0.417367 
1533736900211 0.162212 0.689305 -0.706078 -0.604999 -0.94447 0.315685 0.0912066 -0.189647 0.285767 0.652075 0.702236 0.417324 
1533736900272 0.162875 0.689709 -0.70553 -0.605027 -0.944315 0.316182 0.0910918 -0.189625 0.285903 0.651406 0.702801 0.417218 
1533736900370 0.163445 0.690074 -0.705042 -0.605125 -0.944214 0.316533 0.0909225 -0.189494 0.285912 0.65085 0.703313 0.417002 
1533736900423 0.164167 0.69044 -0.704516 -0.605131 -0.944039 0.317096 0.0907794 -0.189496 0.286077 0.650187 0.703859 0.41695 
1533736900522 0.165066 0.690819 -0.703934 -0.605181 -0.943792 0.317871 0.0906381 -0.189486 0.286374 0.649406 0.704459 0.416876 
1533736900539 0.165332 0.690974 -0.703719 -0.605174 -0.943704 0.318126 0.0906515 -0.189487 0.286509 0.649115 0.704672 0.416869 
1533736900556 0.165562 0.691107 -0.703534 -0.605174 -0.943633 0.318337 0.09065 -0.189484 0.28661 0.64887 0.704856 0.416847 
1533736900572 0.165738 0.691206 -0.703396 -0.605185 -0.943588 0.318478 0.0906252 -0.189475 0.286657 0.648696 0.704997 0.416823 
1533736900589 0.165867 0.691259 -0.703313 -0.605207 -0.943582 0.318524 0.0905334 -0.189468 0.286604 0.648617 0.705092 0.416788 
1533736900606 0.165878 0.691235 -0.703334 -0.605234 -0.943589 0.318514 0.0904946 -0.189454 0.286575 0.648646 0.705076 0.41675 
1533736900622 0.165843 0.691209 -0.703368 -0.605256 -0.943606 0.318468 0.0904759 -0.189441 0.286538 0.648697 0.705044 0.41672 
1533736900746 0.166172 0.691265 -0.703235 -0.605245 -0.943407 0.319006 0.0906528 -0.189446 0.287002 0.648373 0.705154 0.416763 
1533736900762 0.166561 0.691501 -0.702911 -0.605215 -0.943294 0.319345 0.0906394 -0.189467 0.287148 0.647954 0.705479 0.416803 
1533736900782 0.166946 0.691671 -0.702652 -0.605204 -0.943181 0.31969 0.0905999 -0.189512 0.287297 0.647603 0.705742 0.41683 
1533736900837 0.167417 0.69181 -0.702404 -0.605244 -0.943057 0.320087 0.0904833 -0.189553 0.287428 0.647259 0.706004 0.416809 
1533736900854 0.167458 0.69182 -0.702384 -0.605262 -0.943046 0.320124 0.0904746 -0.189544 0.287442 0.647229 0.706025 0.416792 
1533736900870 0.167568 0.691868 -0.70231 -0.605282 -0.943012 0.320225 0.0904658 -0.189533 0.287488 0.647128 0.706099 0.416773 
1533736900887 0.167786 0.692011 -0.702117 -0.605283 -0.942948 0.320413 0.0904633 -0.189528 0.287569 0.646881 0.706292 0.416775 
1533736900904 0.168007 0.692153 -0.701925 -0.605279 -0.94288 0.320614 0.0904699 -0.189528 0.287666 0.646631 0.706482 0.416782 
1533736900920 0.168209 0.692274 -0.701757 -0.605274 -0.94282 0.32079 0.0904639 -0.189534 0.287742 0.646414 0.706649 0.416789 
1533736900937 0.168338 0.692295 -0.701705 -0.605281 -0.942783 0.320907 0.090432 -0.189549 0.287788 0.646332 0.706705 0.416781 
1533736900954 0.168362 0.692265 -0.701729 -0.60529 -0.942775 0.320937 0.0904138 -0.189561 0.287801 0.64635 0.706684 0.416772 
1533736900970 0.16832 0.692239 -0.701765 -0.605292 -0.942785 0.320905 0.0904205 -0.189555 0.287793 0.646394 0.706647 0.416765 
1533736900988 0.168132 0.692173 -0.701875 -0.605297 -0.94281 0.320804 0.0905221 -0.189533 0.287821 0.646515 0.706525 0.416749 
1533736901061 0.167554 0.692059 -0.702125 -0.60529 -0.942813 0.320643 0.0910545 -0.189577 0.288147 0.646716 0.706208 0.416804 
1533736901078 0.167576 0.692152 -0.702028 -0.605272 -0.942748 0.320785 0.0912357 -0.189577 0.288349 0.646546 0.706281 0.416835 
1533736901094 0.167603 0.692265 -0.701911 -0.605251 -0.942657 0.320982 0.0914825 -0.189574 0.288631 0.646328 0.706365 0.416869 
1533736901195 0.167943 0.692232 -0.701862 -0.605264 -0.942612 0.321185 0.0912275 -0.189773 0.288578 0.646263 0.706447 0.416896 
1533736901209 0.167873 0.692145 -0.701964 -0.605276 -0.942679 0.321026 0.0910963 -0.189777 0.288401 0.646435 0.706362 0.416884 
1533736901234 0.167746 0.691991 -0.702147 -0.605288 -0.942769 0.320808 0.0909355 -0.189769 0.288181 0.646708 0.706201 0.416866 
1533736901248 0.16764 0.691852 -0.702309 -0.605298 -0.942773 0.320786 0.0909712 -0.189745 0.288229 0.646868 0.706035 0.41685 
1533736901268 0.167529 0.691744 -0.702441 -0.605303 -0.942759 0.320798 0.0910694 -0.189709 0.288339 0.646976 0.705891 0.416848 
1533736901285 0.167405 0.691657 -0.702557 -0.605308 -0.942753 0.320788 0.091173 -0.189678 0.288432 0.647075 0.705763 0.416846 
1533736901319 0.167191 0.691553 -0.70271 -0.605311 -0.942797 0.32064 0.0912364 -0.189641 0.288412 0.647259 0.705602 0.416843 
1533736901346 0.167012 0.69147 -0.702835 -0.605316 -0.942851 0.320477 0.0912489 -0.189622 0.288338 0.647429 0.705476 0.416865 
1533736901363 0.166928 0.691428 -0.702895 -0.60532 -0.94287 0.320415 0.0912698 -0.189614 0.288325 0.647503 0.705413 0.416895 
1533736901380 0.166727 0.691309 -0.703061 -0.60533 -0.942897 0.320313 0.0913555 -0.189607 0.288354 0.647682 0.705237 0.416951 
1533736901397 0.166631 0.691202 -0.703188 -0.605334 -0.942893 0.320305 0.0914136 -0.189626 0.28842 0.647799 0.705103 0.417 
1533736901413 0.166581 0.691097 -0.703304 -0.605339 -0.942876 0.320345 0.0914602 -0.189657 0.288507 0.647893 0.704981 0.41704 
1533736901430 0.16657 0.691057 -0.703346 -0.605339 -0.942865 0.320369 0.091478 -0.189673 0.288547 0.647923 0.704937 0.417062 
1533736901447 0.166637 0.69103 -0.703356 -0.605325 -0.942834 0.320463 0.0914732 -0.189724 0.28861 0.647905 0.704928 0.417141 
1533736901463 0.166682 0.691036 -0.703339 -0.605317 -0.942828 0.320488 0.0914446 -0.189745 0.288603 0.647886 0.704948 0.417155 
1533736901581 0.166604 0.690988 -0.703405 -0.605293 -0.942907 0.320294 0.0913087 -0.189781 0.28839 0.648034 0.7049 0.417049 
1533736901594 0.166405 0.690827 -0.70361 -0.605315 -0.942932 0.320202 0.0913803 -0.189773 0.288425 0.64825 0.704686 0.417052 
1533736901611 0.1662 0.690672 -0.703811 -0.605334 -0.942954 0.320113 0.0914644 -0.189762 0.288471 0.64846 0.704475 0.417068 
1533736901631 0.165979 0.690524 -0.704009 -0.605349 -0.942975 0.320019 0.0915714 -0.189744 0.288529 0.648664 0.704263 0.4171 
1533736901647 0.165859 0.690462 -0.704097 -0.605353 -0.942984 0.319973 0.0916446 -0.189729 0.288569 0.648752 0.704165 0.417124 
1533736901664 0.165807 0.690458 -0.704114 -0.60535 -0.942977 0.319973 0.0917126 -0.189718 0.288621 0.648757 0.70414 0.417153 
1533736901681 0.165778 0.690454 -0.704124 -0.605342 -0.942967 0.319989 0.0917656 -0.189717 0.288672 0.648753 0.704123 0.417181 
1533736901697 0.165751 0.690438 -0.704146 -0.605335 -0.942957 0.320004 0.0918087 -0.189721 0.288718 0.648762 0.704095 0.417203 
1533736901714 0.165731 0.690417 -0.704171 -0.605333 -0.942958 0.319999 0.0918173 -0.189726 0.288726 0.648787 0.704068 0.417204 
1533736901731 0.165709 0.690395 -0.704199 -0.605331 -0.94297 0.319968 0.0918001 -0.18973 0.288699 0.648826 0.704043 0.417192 
1533736901747 0.165696 0.690373 -0.704223 -0.605331 -0.942993 0.319917 0.0917491 -0.189736 0.288634 0.648875 0.704025 0.417166 
1533736901764 0.165688 0.690354 -0.704244 -0.605332 -0.943025 0.319845 0.0916695 -0.189744 0.288533 0.648931 0.704015 0.417133 
1533736901781 0.165713 0.690363 -0.704229 -0.605328 -0.943069 0.319751 0.0915412 -0.189756 0.288374 0.648967 0.704047 0.417105 
1533736901807 0.165786 0.690419 -0.704157 -0.605318 -0.943148 0.319588 0.091299 -0.189783 0.288075 0.648988 0.70415 0.417098 
1533736901824 0.165959 0.690575 -0.703963 -0.605294 -0.943238 0.319416 0.0909732 -0.189821 0.287681 0.648907 0.704386 0.417143 
1533736901843 0.166061 0.690677 -0.703839 -0.605281 -0.943337 0.319208 0.0906723 -0.189849 0.287296 0.6489 0.704549 0.417187 
1533736901951 0.166061 0.690554 -0.70396 -0.605297 -0.943427 0.319021 0.0903955 -0.18983 0.287001 0.649123 0.704464 0.417188 
1533736901976 0.166238 0.690424 -0.704045 -0.605312 -0.943283 0.319413 0.0905068 -0.189788 0.287369 0.649069 0.704364 0.417182 
1533736902013 0.166417 0.690308 -0.704117 -0.605327 -0.943226 0.31961 0.0904122 -0.189754 0.287455 0.649095 0.704305 0.417189 
1533736902085 0.166621 0.690225 -0.704149 -0.605329 -0.9433 0.319512 0.0899832 -0.18974 0.287093 0.649231 0.704327 0.417159 
1533736902114 0.166882 0.690161 -0.704151 -0.605335 -0.943323 0.319544 0.0896306 -0.189723 0.286866 0.649284 0.704371 0.417111 
1533736902160 0.167101 0.690129 -0.70413 -0.605347 -0.943385 0.31947 0.0892377 -0.189665 0.286534 0.649354 0.704441 0.417085 
1533736902216 0.167197 0.690207 -0.704031 -0.60535 -0.94353 0.31916 0.0888186 -0.18961 0.286002 0.649424 0.704593 0.417149 
1533736902230 0.167268 0.690196 -0.704025 -0.605354 -0.943562 0.319107 0.08866 -0.189598 0.285852 0.649462 0.704619 0.417164 
1533736902246 0.16738 0.690177 -0.704016 -0.605358 -0.943577 0.319109 0.0885005 -0.189587 0.285739 0.64948 0.704648 0.417181 
1533736902263 0.167505 0.690146 -0.704017 -0.605363 -0.943585 0.319131 0.0883379 -0.189575 0.285639 0.649502 0.704668 0.417192 
1533736902280 0.167598 0.6901 -0.704041 -0.60537 -0.9436 0.319129 0.0881845 -0.189563 0.285536 0.649553 0.704663 0.417182 
1533736902340 0.167552 0.690148 -0.704004 -0.605368 -0.943659 0.318974 0.0881074 -0.189528 0.285366 0.649577 0.704709 0.417128 
1533736902353 0.167572 0.690184 -0.703964 -0.605362 -0.943628 0.319046 0.0881785 -0.189522 0.285456 0.649504 0.704741 0.417124 
1533736902370 0.16754 0.690282 -0.703876 -0.60535 -0.943591 0.31911 0.0883494 -0.189503 0.2856 0.649368 0.704807 0.417119 
1533736902387 0.167488 0.69042 -0.703753 -0.605339 -0.943574 0.319116 0.0885066 -0.189493 0.285686 0.649219 0.70491 0.41713 
1533736902403 0.16746 0.690498 -0.703683 -0.605338 -0.943565 0.319118 0.088592 -0.189498 0.28573 0.649135 0.704969 0.417123 
1533736902420 0.167494 0.690517 -0.703656 -0.605343 -0.943551 0.319156 0.0886004 -0.189512 0.285756 0.649096 0.704995 0.417105 
1533736902436 0.167539 0.690521 -0.703642 -0.605344 -0.94354 0.319195 0.0885828 -0.189521 0.285767 0.649073 0.705012 0.417095 
1533736902453 0.167649 0.69054 -0.703596 -0.605345 -0.943519 0.319272 0.0885321 -0.189539 0.285774 0.649014 0.705063 0.417081 
1533736902470 0.167756 0.690576 -0.703536 -0.605343 -0.943502 0.319337 0.0884787 -0.189556 0.285766 0.648945 0.70513 0.417077 
1533736902486 0.167864 0.690597 -0.703489 -0.605341 -0.943476 0.319422 0.08844 -0.189568 0.285787 0.64888 0.705182 0.417076 
1533736902503 0.168005 0.690596 -0.703457 -0.60534 -0.943432 0.319564 0.0884039 -0.189577 0.285851 0.648811 0.705219 0.417072 
1533736902520 0.168163 0.690585 -0.70343 -0.605339 -0.943384 0.319719 0.0883537 -0.189589 0.285916 0.648747 0.705251 0.417062 
1533736902538 0.168176 0.690582 -0.703429 -0.605339 -0.94338 0.319732 0.0883492 -0.18959 0.285921 0.648743 0.705253 0.41706 
1533736902553 0.168176 0.690578 -0.703434 -0.605339 -0.943391 0.319708 0.0883209 -0.189593 0.285886 0.648759 0.705252 0.417047 
1533736902570 0.168147 0.690578 -0.70344 -0.60534 -0.943411 0.319654 0.0882996 -0.189595 0.285835 0.648786 0.705248 0.417049 
1533736902587 0.168048 0.690611 -0.703432 -0.605339 -0.943471 0.319485 0.0882682 -0.189598 0.285695 0.648835 0.705261 0.417063 
1533736902610 0.167822 0.690653 -0.703444 -0.605334 -0.943609 0.319101 0.0881797 -0.189597 0.285372 0.648978 0.705259 0.417091 
1533736902633 0.167593 0.690652 -0.703501 -0.605334 -0.943751 0.318714 0.0880663 -0.189597 0.285039 0.64917 0.705217 0.417125 
1533736902738 0.16764 0.690726 -0.703417 -0.605316 -0.943716 0.318798 0.0881377 -0.189575 0.285127 0.64905 0.705292 0.417118 
1533736902799 0.167557 0.690831 -0.703333 -0.60532 -0.943527 0.319191 0.0887383 -0.189533 0.285801 0.648744 0.705301 0.417086 
1533736902828 0.167435 0.690892 -0.703302 -0.605329 -0.943535 0.31913 0.0888716 -0.189588 0.285845 0.64871 0.705314 0.417102 
1533736902912 0.167207 0.690933 -0.703317 -0.605347 -0.943463 0.319222 0.0893012 -0.189711 0.286215 0.648622 0.705245 0.417111 
1533736902948 0.166964 0.690963 -0.703345 -0.605347 -0.943499 0.319068 0.0894774 -0.189739 0.28624 0.648665 0.705195 0.417093 
1533736902976 0.16675 0.691015 -0.703344 -0.60534 -0.943537 0.318911 0.0896256 -0.189758 0.286237 0.648686 0.705177 0.417087 
1533736902993 0.166721 0.691025 -0.703341 -0.605338 -0.943538 0.318901 0.0896588 -0.189763 0.286252 0.64868 0.705176 0.417088 
1533736903009 0.166673 0.691057 -0.703321 -0.60533 -0.943517 0.318929 0.0897728 -0.189779 0.286348 0.648633 0.705181 0.417093 
1533736903026 0.16664 0.691075 -0.703311 -0.605327 -0.943507 0.31894 0.0898397 -0.189786 0.2864 0.648608 0.705183 0.417095 
1533736903042 0.1666 0.691098 -0.703298 -0.605322 -0.943494 0.318956 0.0899242 -0.189795 0.286467 0.648576 0.705185 0.417096 
1533736903060 0.166547 0.691124 -0.703285 -0.605319 -0.94349 0.318947 0.0900015 -0.189801 0.286513 0.648553 0.705188 0.417097 
1533736903076 0.166452 0.691154 -0.703278 -0.605316 -0.943514 0.318861 0.0900532 -0.189806 0.286489 0.648563 0.705188 0.417099 
1533736903092 0.166375 0.691162 -0.703289 -0.605317 -0.943543 0.318771 0.0900627 -0.189814 0.286436 0.648599 0.705177 0.417098 
1533736903109 0.16635 0.691162 -0.703294 -0.605317 -0.943557 0.318733 0.0900558 -0.189823 0.286406 0.648617 0.705172 0.417094 
1533736903126 0.166394 0.691153 -0.703292 -0.605318 -0.943545 0.318774 0.0900359 -0.18983 0.28642 0.648606 0.705176 0.417091 
1533736903142 0.166461 0.691135 -0.703295 -0.605322 -0.943517 0.318857 0.0900263 -0.18983 0.286471 0.648585 0.705175 0.417087 
1533736903163 0.166653 0.691148 -0.703236 -0.605322 -0.943461 0.31904 0.0899742 -0.189829 0.286546 0.648481 0.70524 0.41709 
1533736903179 0.166953 0.691203 -0.703111 -0.605318 -0.943387 0.319286 0.0898735 -0.189824 0.286615 0.648301 0.705378 0.417101 
1533736903196 0.167129 0.691262 -0.703011 -0.605319 -0.943358 0.319395 0.0897897 -0.189816 0.286606 0.648185 0.705488 0.417105 
1533736903253 0.167208 0.691412 -0.702845 -0.605333 -0.943304 0.319522 0.0899108 -0.189761 0.28674 0.647962 0.705638 0.417083 
1533736903272 0.167104 0.691434 -0.702848 -0.605339 -0.943326 0.319439 0.0899737 -0.189748 0.286728 0.647979 0.705627 0.417079 
1533736903283 0.166984 0.691461 -0.70285 -0.605341 -0.943374 0.319291 0.0899898 -0.189746 0.286638 0.648024 0.705623 0.417078 
1533736903300 0.166775 0.691475 -0.702886 -0.605343 -0.943463 0.319028 0.0899909 -0.189757 0.286467 0.648139 0.705587 0.417073 
1533736903320 0.166556 0.691421 -0.702991 -0.605351 -0.943525 0.318831 0.0900396 -0.18977 0.286391 0.648293 0.705476 0.417058 
1533736903337 0.166383 0.691367 -0.703085 -0.605353 -0.943573 0.318679 0.0900743 -0.189798 0.286333 0.648425 0.705378 0.417045 
1533736903353 0.166333 0.691335 -0.703128 -0.605351 -0.943587 0.318636 0.0900762 -0.189824 0.286315 0.648481 0.705334 0.417045 
1533736903370 0.166312 0.691338 -0.70313 -0.605346 -0.943608 0.318582 0.0900465 -0.189851 0.286257 0.648504 0.705336 0.417054 
1533736903386 0.166303 0.691354 -0.703117 -0.605342 -0.943628 0.318532 0.0900136 -0.189869 0.286197 0.648511 0.705354 0.417061 
1533736903403 0.166282 0.691374 -0.703102 -0.605338 -0.943655 0.318464 0.0899797 -0.189888 0.286122 0.648523 0.705374 0.417065 
1533736903420 0.16626 0.691433 -0.703049 -0.60533 -0.943669 0.318418 0.0899938 -0.189903 0.286088 0.648483 0.705424 0.417071 
1533736903437 0.166298 0.691515 -0.702959 -0.605319 -0.943671 0.318414 0.0899868 -0.189912 0.286059 0.648398 0.705515 0.417081 
1533736903453 0.166346 0.691596 -0.702869 -0.605308 -0.943671 0.318417 0.0899743 -0.189918 0.286031 0.64831 0.705606 0.417092 
1533736903470 0.16638 0.691634 -0.702823 -0.605307 -0.943662 0.318441 0.0899784 -0.189914 0.28604 0.648257 0.705651 0.417097 
1533736903486 0.166421 0.69163 -0.702817 -0.605311 -0.943649 0.318484 0.0899663 -0.189908 0.286059 0.64824 0.705659 0.417097 
1533736903503 0.166447 0.691605 -0.702836 -0.605318 -0.94364 0.318516 0.0899519 -0.189901 0.286075 0.648252 0.705642 0.417095 
1533736903526 0.166675 0.691487 -0.702897 -0.605329 -0.94355 0.318801 0.0898857 -0.1899 0.286239 0.648237 0.705589 0.417089 
1533736903543 0.166771 0.691414 -0.702947 -0.605336 -0.943522 0.318902 0.0898231 -0.189895 0.286276 0.648266 0.705547 0.417085 
1533736903560 0.16683 0.691332 -0.703014 -0.605348 -0.943493 0.318994 0.0897958 -0.189883 0.286336 0.648308 0.705484 0.417077 
1533736903576 0.166812 0.691267 -0.703081 -0.605359 -0.943489 0.319006 0.0897947 -0.189869 0.286359 0.648371 0.705417 0.417069 
1533736903593 0.16677 0.691255 -0.703103 -0.605363 -0.943498 0.318976 0.0898106 -0.189857 0.286355 0.648399 0.705394 0.417066 
1533736903664 0.16664 0.691348 -0.703043 -0.605363 -0.943578 0.318746 0.0897899 -0.189828 0.286168 0.648413 0.705456 0.41707 
1533736903732 0.167127 0.6916 -0.702679 -0.605331 -0.943886 0.318154 0.088641 -0.189908 0.284864 0.648435 0.705964 0.417097 
1533736903746 0.167389 0.691594 -0.702622 -0.605329 -0.943887 0.318228 0.0883665 -0.189921 0.284708 0.648404 0.706055 0.417103 
1533736903769 0.167621 0.691597 -0.702565 -0.605328 -0.943922 0.318214 0.0880415 -0.18993 0.284455 0.648409 0.706153 0.417112 
1533736903816 0.167765 0.691567 -0.70256 -0.605334 -0.943925 0.318253 0.0878726 -0.189891 0.284361 0.648422 0.706179 0.417072 
1533736903835 0.167844 0.691555 -0.702553 -0.605336 -0.943908 0.318315 0.0878276 -0.189883 0.284371 0.648404 0.706191 0.417067 
1533736903850 0.167946 0.691554 -0.70253 -0.605333 -0.943889 0.318388 0.0877683 -0.189847 0.284373 0.648369 0.706222 0.417069 
1533736903867 0.168018 0.691531 -0.702535 -0.605332 -0.943899 0.318388 0.0876584 -0.189826 0.284297 0.648394 0.70623 0.417067 
1533736903884 0.16808 0.691498 -0.702552 -0.605335 -0.943927 0.318346 0.0875103 -0.189806 0.284168 0.648449 0.706231 0.417061 
1533736903900 0.168115 0.691487 -0.702555 -0.605337 -0.943973 0.318253 0.087355 -0.189799 0.283995 0.648507 0.706248 0.417055 
1533736903917 0.168143 0.691488 -0.702547 -0.605336 -0.944008 0.31818 0.0872389 -0.189796 0.283861 0.648541 0.70627 0.417052 
1533736903933 0.16815 0.691532 -0.702502 -0.605331 -0.944024 0.31814 0.0872118 -0.189784 0.283804 0.648514 0.706318 0.417052 
1533736903950 0.168146 0.691567 -0.702469 -0.605328 -0.944031 0.318118 0.087214 -0.189776 0.283782 0.648488 0.70635 0.41705 
1533736903967 0.168153 0.691614 -0.702421 -0.605323 -0.944004 0.318176 0.0872955 -0.189761 0.283868 0.648409 0.706388 0.417047 
1533736904021 0.168218 0.691752 -0.702269 -0.605315 -0.94389 0.318438 0.087574 -0.189722 0.284208 0.648133 0.706505 0.41706 
1533736904038 0.168219 0.691749 -0.702272 -0.605317 -0.943894 0.318429 0.0875609 -0.189719 0.284194 0.648141 0.706503 0.417062 
1533736904055 0.168363 0.691718 -0.702268 -0.60532 -0.943839 0.3186 0.0875355 -0.189714 0.284292 0.64809 0.70651 0.417067 
1533736904072 0.168591 0.691676 -0.702255 -0.605322 -0.943794 0.318772 0.0873927 -0.189722 0.284307 0.64805 0.706541 0.417074 
1533736904088 0.168759 0.691676 -0.702214 -0.60532 -0.943787 0.318836 0.0872367 -0.189733 0.28423 0.648019 0.706601 0.417085 
1533736904105 0.168873 0.691691 -0.702172 -0.605318 -0.943796 0.318845 0.0871016 -0.189742 0.284132 0.647998 0.706659 0.417095 
1533736904122 0.168919 0.691701 -0.702152 -0.605318 -0.943794 0.318861 0.0870633 -0.189741 0.28411 0.64798 0.706685 0.4171 
1533736904138 0.168882 0.691697 -0.702164 -0.60532 -0.943792 0.318856 0.0871054 -0.189731 0.28414 0.647987 0.706667 0.417098 
1533736904156 0.168797 0.691701 -0.702181 -0.605323 -0.943814 0.318781 0.0871397 -0.189723 0.284116 0.648019 0.706646 0.417095 
1533736904172 0.168652 0.691658 -0.702257 -0.605333 -0.943809 0.318757 0.0872845 -0.189704 0.284221 0.648076 0.706552 0.417084 
1533736904188 0.168383 0.691615 -0.702364 -0.605346 -0.943839 0.318619 0.0874685 -0.18968 0.284281 0.64819 0.706423 0.417067 
1533736904205 0.168207 0.691574 -0.702447 -0.605357 -0.943853 0.318541 0.0875977 -0.189663 0.284339 0.648272 0.706325 0.417055 
1533736904222 0.168088 0.691536 -0.702513 -0.605364 -0.943855 0.318508 0.0876972 -0.18965 0.284402 0.648329 0.706247 0.417053 
1533736904238 0.168081 0.691498 -0.702552 -0.605365 -0.943833 0.318561 0.0877418 -0.189651 0.284479 0.648344 0.706202 0.417066 
1533736904255 0.168097 0.691446 -0.7026 -0.605363 -0.943786 0.318679 0.0878199 -0.18965 0.284627 0.648341 0.706145 0.417095 
1533736904272 0.16808 0.691368 -0.70268 -0.605361 -0.943767 0.318725 0.0878466 -0.189642 0.284696 0.648401 0.706062 0.417114 
1533736904288 0.168148 0.691288 -0.702742 -0.605359 -0.943717 0.31887 0.0878663 -0.18963 0.284824 0.648415 0.705998 0.417132 
1533736904305 0.168174 0.691238 -0.702785 -0.605357 -0.943687 0.318952 0.0878908 -0.189619 0.284908 0.648428 0.705952 0.417148 
1533736904352 0.168092 0.691262 -0.702782 -0.605342 -0.943688 0.318923 0.0879823 -0.1896 0.284952 0.648418 0.705944 0.41717 
1533736904367 0.168055 0.691308 -0.702745 -0.605337 -0.943679 0.318927 0.0880641 -0.189599 0.285004 0.648366 0.70597 0.417175 
1533736904382 0.167919 0.691374 -0.702712 -0.605333 -0.94371 0.31881 0.0881584 -0.189596 0.284982 0.648353 0.705991 0.41718 
1533736904398 0.167769 0.691415 -0.702708 -0.605326 -0.943735 0.318704 0.0882685 -0.189602 0.284986 0.648362 0.705981 0.417186 
1533736904415 0.16753 0.691369 -0.70281 -0.605326 -0.943731 0.31865 0.0885049 -0.189609 0.28514 0.648437 0.70585 0.417179 
1533736904435 0.167357 0.691296 -0.702923 -0.605331 -0.94372 0.318636 0.0886779 -0.189614 0.285279 0.648522 0.705716 0.417175 
1533736904452 0.167235 0.691215 -0.703032 -0.605337 -0.943691 0.318677 0.0888378 -0.189616 0.285446 0.648588 0.705588 0.417184 
1533736904469 0.167187 0.691184 -0.703074 -0.60534 -0.943676 0.318702 0.0889119 -0.189615 0.285526 0.648609 0.705536 0.417195 
1533736904485 0.167162 0.691171 -0.703093 -0.605341 -0.943658 0.318737 0.0889759 -0.189613 0.2856 0.648606 0.705509 0.417212 
1533736904502 0.167171 0.69117 -0.703091 -0.605341 -0.943641 0.318779 0.0890085 -0.189612 0.285651 0.648586 0.705507 0.417225 
1533736904519 0.167212 0.691171 -0.703081 -0.605339 -0.943618 0.318841 0.0890224 -0.189611 0.285701 0.648554 0.705516 0.417235 
1533736904535 0.167271 0.691185 -0.703054 -0.605335 -0.943613 0.318868 0.0889798 -0.189615 0.285683 0.648527 0.705548 0.417231 
1533736904552 0.167336 0.691186 -0.703036 -0.605333 -0.943607 0.3189 0.0889285 -0.18962 0.285665 0.648509 0.705572 0.417217 
1533736904569 0.167531 0.691225 -0.702952 -0.605321 -0.943591 0.318987 0.0887841 -0.189636 0.285602 0.648426 0.705674 0.417199 
1533736904585 0.167659 0.691247 -0.7029 -0.605313 -0.943586 0.319034 0.0886759 -0.189646 0.285546 0.648379 0.705739 0.417177 
1533736904602 0.167708 0.691253 -0.702882 -0.60531 -0.943584 0.319051 0.0886322 -0.189651 0.285522 0.648364 0.705763 0.417165 
1533736904619 0.167733 0.691252 -0.702878 -0.605309 -0.943579 0.31907 0.0886189 -0.189652 0.285525 0.648356 0.705769 0.417152 
1533736904648 0.167669 0.691229 -0.702915 -0.605313 -0.943566 0.319084 0.088707 -0.189643 0.285606 0.648374 0.70572 0.417143 
1533736904664 0.167599 0.691187 -0.702973 -0.605319 -0.943549 0.319108 0.0888025 -0.189634 0.285704 0.648406 0.70565 0.417145 
1533736904678 0.167435 0.691106 -0.703092 -0.605333 -0.943538 0.319095 0.0889596 -0.189619 0.285834 0.648499 0.705513 0.417146 
1533736904695 0.167241 0.691032 -0.70321 -0.605347 -0.94354 0.319046 0.0891227 -0.189606 0.285943 0.648602 0.705374 0.417162 
1533736904711 0.167105 0.690982 -0.703293 -0.605357 -0.943541 0.319009 0.0892364 -0.189599 0.286017 0.648674 0.705277 0.417183 
1533736904735 0.166925 0.690891 -0.703424 -0.605372 -0.943534 0.318986 0.0893992 -0.189591 0.286148 0.648782 0.705126 0.417226 
1533736904752 0.166792 0.690802 -0.703543 -0.605385 -0.943543 0.318938 0.0894723 -0.189593 0.286194 0.6489 0.704998 0.417262 
1533736904768 0.166775 0.690743 -0.703605 -0.605387 -0.943537 0.318954 0.0894784 -0.189612 0.286225 0.648955 0.704935 0.417293 
1533736904854 0.166905 0.690696 -0.70362 -0.605353 -0.943414 0.319275 0.0896247 -0.18969 0.286552 0.648847 0.704901 0.417314 
1533736904868 0.166937 0.690735 -0.703575 -0.605345 -0.943378 0.319361 0.0896982 -0.189686 0.286652 0.648764 0.704937 0.417301 
1533736904884 0.167034 0.690864 -0.703425 -0.605327 -0.943322 0.3195 0.0897952 -0.189671 0.28678 0.648557 0.705075 0.417278 
1533736904901 0.1671 0.691026 -0.70325 -0.605308 -0.943315 0.319514 0.0898176 -0.189655 0.286765 0.648378 0.705246 0.41727 
1533736904918 0.167095 0.691154 -0.703125 -0.605297 -0.943352 0.319413 0.0897907 -0.189644 0.286646 0.648291 0.705374 0.417259 
1533736904934 0.167072 0.691225 -0.703061 -0.605294 -0.943388 0.319315 0.0897566 -0.18964 0.28654 0.648263 0.705443 0.417249 
1533736904958 0.167005 0.691251 -0.703052 -0.605306 -0.943414 0.319235 0.0897758 -0.189648 0.286496 0.648276 0.705449 0.417223 
1533736904976 0.166939 0.691259 -0.703059 -0.605318 -0.943422 0.319195 0.0898247 -0.189657 0.286505 0.648287 0.705435 0.417201 
1533736905120 0.167007 0.691156 -0.703145 -0.605347 -0.943332 0.319432 0.0899309 -0.18966 0.286763 0.64828 0.705337 0.417169 
1533736905142 0.167256 0.691041 -0.703198 -0.605344 -0.943328 0.319528 0.0896326 -0.189672 0.286631 0.648355 0.705322 0.41722 
1533736905158 0.167363 0.690988 -0.703225 -0.605338 -0.943345 0.319527 0.0894563 -0.189669 0.286513 0.648412 0.705317 0.41725 
1533736905237 0.167686 0.691217 -0.702923 -0.605269 -0.943516 0.319204 0.0888079 -0.18965 0.285761 0.648327 0.7057 0.41731 
1533736905263 0.167895 0.69112 -0.702968 -0.605267 -0.94352 0.319266 0.0885367 -0.189648 0.285623 0.6484 0.705689 0.417296 
1533736905294 0.168027 0.691022 -0.703033 -0.605266 -0.943573 0.319196 0.0882251 -0.189645 0.28537 0.648539 0.705663 0.41728 
1533736905333 0.168168 0.690961 -0.70306 -0.605258 -0.943608 0.319165 0.0879666 -0.189626 0.285174 0.648619 0.705669 0.417278 
1533736905378 0.168319 0.690901 -0.703082 -0.605261 -0.943643 0.319135 0.0876964 -0.189586 0.284968 0.648697 0.705681 0.417269 
1533736905394 0.16838 0.690879 -0.703089 -0.605261 -0.943654 0.31913 0.0875956 -0.189581 0.284895 0.648723 0.705686 0.417265 
1533736905411 0.168485 0.690844 -0.703099 -0.605259 -0.943681 0.319103 0.0874057 -0.18958 0.284745 0.648774 0.7057 0.41726 
1533736905428 0.168548 0.69081 -0.703117 -0.60526 -0.943712 0.319054 0.0872473 -0.189584 0.284604 0.648835 0.705701 0.417257 
1533736905444 0.168587 0.69077 -0.703146 -0.605266 -0.943756 0.318969 0.0870789 -0.189579 0.284433 0.648918 0.705693 0.41725 
1533736905461 0.168599 0.690736 -0.703177 -0.605272 -0.9438 0.318876 0.0869417 -0.189572 0.28428 0.649 0.705679 0.417243 
1533736905481 0.168607 0.690728 -0.703183 -0.605273 -0.943821 0.318833 0.0868784 -0.189562 0.284207 0.649031 0.705681 0.417239 
1533736905498 0.168611 0.690738 -0.703172 -0.605272 -0.943816 0.318845 0.0868923 -0.189557 0.284223 0.649014 0.70569 0.417245 
1533736905514 0.168589 0.690783 -0.703133 -0.605266 -0.943783 0.318908 0.0870168 -0.189536 0.284344 0.648935 0.705714 0.417271 
1533736905556 0.168501 0.690859 -0.70308 -0.605262 -0.94372 0.319016 0.0872976 -0.189509 0.284604 0.648801 0.705732 0.417341 
1533736905570 0.168279 0.690887 -0.703106 -0.60526 -0.943723 0.318943 0.0875328 -0.189499 0.284726 0.648807 0.705677 0.417384 
1533736905593 0.168104 0.690816 -0.703217 -0.605265 -0.943714 0.318923 0.087704 -0.189507 0.28486 0.648893 0.705545 0.417409 
1533736905610 0.168045 0.690792 -0.703255 -0.605267 -0.943704 0.318931 0.0877783 -0.189509 0.284926 0.648914 0.705498 0.417427 
1533736905627 0.168005 0.690765 -0.70329 -0.605271 -0.943709 0.318913 0.0877955 -0.189511 0.284934 0.648951 0.705461 0.417432 
