1535367510923 0.213555 0.919392 -0.330323 -0.472481 -0.943758 0.281517 0.173406 -0.171264 0.25242 0.274713 0.927802 0.474174 
1535367517913 0.213555 0.919392 -0.330322 -0.472481 -0.943758 0.281516 0.173406 -0.171264 0.252419 0.274712 0.927803 0.474174 
1535367518453 0.213555 0.919392 -0.330322 -0.472481 -0.943758 0.281516 0.173406 -0.171264 0.252419 0.274712 0.927803 0.474174 
1535367519000 0.218118 0.919998 -0.325619 -0.488641 -0.942957 0.28466 0.17263 -0.178324 0.25151 0.269391 0.929608 0.464681 
1535367519821 0.218118 0.919998 -0.325619 -0.488641 -0.942957 0.28466 0.17263 -0.178324 0.25151 0.269391 0.929608 0.464681 
1535367520372 0.225577 0.921524 -0.316083 -0.521663 -0.94201 0.289063 0.170471 -0.192353 0.248461 0.259299 0.933291 0.444469 
1535367521139 0.225577 0.921524 -0.316083 -0.521663 -0.94201 0.289063 0.170471 -0.192353 0.248461 0.259299 0.933291 0.444469 
