1533576699871 0.163859 0.935651 -0.312583 -0.598473 -0.9569 0.227772 0.180173 -0.252253 0.239777 0.269587 0.932647 0.37982 
1533576704319 0.163859 0.935651 -0.312582 -0.598473 -0.9569 0.227772 0.180174 -0.252252 0.239777 0.269587 0.932647 0.37982 
1533576704535 0.163969 0.934813 -0.315022 -0.599515 -0.956992 0.228219 0.179114 -0.252085 0.239332 0.272105 0.93203 0.38034 
1533576704749 0.16423 0.933553 -0.318601 -0.600925 -0.957081 0.228994 0.177642 -0.251999 0.238796 0.275753 0.931094 0.380879 
1533576704970 0.164512 0.932332 -0.322014 -0.602367 -0.95723 0.229676 0.175951 -0.251831 0.238004 0.279295 0.930241 0.381477 
1533576705189 0.164829 0.931085 -0.325442 -0.603804 -0.957284 0.230492 0.174589 -0.251734 0.237569 0.282763 0.929304 0.382131 
1533576705414 0.165152 0.929801 -0.32893 -0.605226 -0.957391 0.231251 0.17299 -0.251649 0.236911 0.286345 0.928375 0.382715 
1533576705631 0.165318 0.928569 -0.332309 -0.606629 -0.957492 0.231875 0.171591 -0.251429 0.236388 0.289816 0.927431 0.383309 
1533576705848 0.165579 0.927287 -0.335742 -0.608119 -0.957567 0.232603 0.170178 -0.251173 0.235898 0.293318 0.926454 0.383927 
1533576706072 0.165816 0.926056 -0.339007 -0.609479 -0.957673 0.233237 0.168708 -0.251097 0.235302 0.296683 0.925533 0.384638 
1533576706281 0.166062 0.92495 -0.341893 -0.609129 -0.957728 0.233868 0.16752 -0.251915 0.234905 0.299622 0.924687 0.383536 
1533576706398 0.165782 0.924737 -0.342604 -0.608885 -0.957758 0.233758 0.167498 -0.252119 0.234979 0.300363 0.924428 0.38303 
1533576706540 0.166002 0.924763 -0.342428 -0.609245 -0.957769 0.233871 0.167284 -0.251978 0.234782 0.300198 0.924532 0.383435 
1533576706614 0.16615 0.924785 -0.342297 -0.609632 -0.957731 0.234 0.167316 -0.25175 0.234829 0.300029 0.924575 0.383923 
1533576706766 0.166242 0.924298 -0.343564 -0.610643 -0.957797 0.23421 0.166648 -0.251528 0.234498 0.30136 0.924225 0.384346 
1533576706838 0.166267 0.924212 -0.343785 -0.611039 -0.957804 0.234258 0.166538 -0.251293 0.234451 0.301589 0.924163 0.384787 
1533576706943 0.16647 0.923931 -0.34444 -0.611552 -0.957777 0.234555 0.166272 -0.251241 0.234414 0.302218 0.923967 0.385031 
1533576707020 0.166422 0.923793 -0.344833 -0.611974 -0.957809 0.23455 0.166096 -0.251043 0.234319 0.302642 0.923852 0.385274 
1533576707115 0.166691 0.923583 -0.345265 -0.612427 -0.957803 0.234827 0.165742 -0.251008 0.234154 0.303068 0.923754 0.385658 
1533576707129 0.166693 0.923548 -0.345359 -0.612519 -0.957808 0.234838 0.165694 -0.250981 0.23413 0.303168 0.923728 0.3857 
1533576707259 0.16646 0.923397 -0.345875 -0.61259 -0.957861 0.234697 0.16559 -0.250866 0.234081 0.303736 0.923553 0.385875 
1533576707372 0.166785 0.923262 -0.346078 -0.612446 -0.9578 0.235042 0.16545 -0.251046 0.234097 0.303879 0.923502 0.385593 
1533576707398 0.166921 0.923361 -0.345748 -0.612538 -0.957789 0.235094 0.165441 -0.251023 0.234045 0.303538 0.923627 0.385563 
1533576707435 0.167003 0.92349 -0.345364 -0.612657 -0.957771 0.235107 0.16553 -0.250946 0.234062 0.303136 0.923755 0.385585 
1533576707505 0.167072 0.923626 -0.344966 -0.612813 -0.957732 0.235134 0.165714 -0.25081 0.234171 0.302699 0.923871 0.38567 
1533576707538 0.167446 0.92361 -0.344828 -0.612919 -0.95764 0.235493 0.165737 -0.250841 0.23428 0.302469 0.923918 0.385659 
1533576707571 0.167936 0.923552 -0.344745 -0.613006 -0.957531 0.235965 0.165694 -0.250915 0.234375 0.302278 0.923957 0.385641 
1533576707624 0.168234 0.923576 -0.344537 -0.613142 -0.957465 0.236224 0.165709 -0.25085 0.234433 0.302004 0.924032 0.385642 
1533576707661 0.168344 0.923611 -0.344389 -0.613294 -0.957437 0.236311 0.165746 -0.250722 0.234468 0.301828 0.92408 0.385635 
1533576707675 0.168371 0.923627 -0.344331 -0.613341 -0.957431 0.236327 0.165757 -0.25068 0.234472 0.301765 0.9241 0.385633 
1533576707798 0.169131 0.923652 -0.343892 -0.613483 -0.957284 0.236975 0.165681 -0.250674 0.234526 0.301181 0.924277 0.385653 
1533576707905 0.169112 0.923686 -0.343811 -0.61327 -0.95726 0.236978 0.165816 -0.250725 0.234637 0.301075 0.924283 0.385733 
1533576707983 0.168441 0.923774 -0.343902 -0.613362 -0.957309 0.236456 0.166275 -0.25074 0.234918 0.301213 0.924167 0.38557 
1533576708039 0.168582 0.923988 -0.343257 -0.61334 -0.957232 0.236538 0.1666 -0.25078 0.23513 0.300491 0.924348 0.385577 
1533576708119 0.168528 0.924233 -0.342623 -0.613349 -0.957055 0.236612 0.167513 -0.250733 0.23589 0.299679 0.924418 0.38553 
1533576708167 0.16848 0.924512 -0.341896 -0.613326 -0.957007 0.236506 0.167933 -0.2507 0.236117 0.298903 0.924611 0.385556 
1533576708246 0.168409 0.924776 -0.341216 -0.613357 -0.956893 0.236476 0.168625 -0.250684 0.236629 0.298109 0.924736 0.385644 
1533576708308 0.168345 0.925022 -0.34058 -0.613344 -0.956787 0.236447 0.169266 -0.250732 0.237104 0.297367 0.924854 0.385586 
1533576708374 0.168488 0.925207 -0.340007 -0.613338 -0.956649 0.236617 0.169808 -0.250795 0.237559 0.296657 0.924965 0.385536 
1533576708535 0.168314 0.925658 -0.338862 -0.61324 -0.956509 0.236456 0.170817 -0.250521 0.238244 0.295374 0.9252 0.385738 
1533576708712 0.168666 0.925687 -0.338608 -0.613047 -0.956355 0.236853 0.171133 -0.250328 0.238616 0.294965 0.925234 0.386073 
1533576708763 0.168763 0.925673 -0.338598 -0.613079 -0.956372 0.236899 0.170972 -0.250459 0.238478 0.294972 0.925268 0.385979 
1533576708782 0.168697 0.925664 -0.338655 -0.613126 -0.956411 0.236813 0.170871 -0.250564 0.238367 0.295068 0.925266 0.385916 
1533576708800 0.168695 0.925648 -0.338701 -0.613175 -0.956429 0.236799 0.170792 -0.250643 0.238297 0.295131 0.925263 0.385864 
1533576708856 0.168586 0.925724 -0.338545 -0.61328 -0.956479 0.23663 0.170744 -0.250678 0.238172 0.295027 0.925329 0.385784 
1533576708876 0.168585 0.925827 -0.338265 -0.613283 -0.956482 0.236573 0.170805 -0.250671 0.23816 0.294749 0.92542 0.385777 
1533576708907 0.168618 0.925958 -0.33789 -0.613298 -0.95648 0.23653 0.170877 -0.250675 0.238146 0.294373 0.925544 0.385763 
1533576708943 0.168652 0.926045 -0.337635 -0.613346 -0.956473 0.236516 0.170935 -0.250689 0.238149 0.294111 0.925626 0.385738 
1533576708969 0.168708 0.926114 -0.337417 -0.613385 -0.956474 0.236516 0.170933 -0.250717 0.238108 0.293893 0.925706 0.38573 
1533576708983 0.168728 0.926146 -0.337318 -0.613406 -0.956476 0.236509 0.170929 -0.250728 0.238084 0.293797 0.925743 0.385728 
1533576709099 0.169136 0.926289 -0.336721 -0.613431 -0.956444 0.236731 0.170803 -0.250944 0.237926 0.293166 0.925983 0.385752 
1533576709116 0.169081 0.926322 -0.336659 -0.613404 -0.956453 0.236669 0.170836 -0.250906 0.237926 0.293113 0.926 0.385777 
1533576709133 0.16912 0.926341 -0.336587 -0.613365 -0.956438 0.236702 0.170874 -0.250862 0.237959 0.293026 0.926019 0.385807 
1533576709151 0.169176 0.926355 -0.336521 -0.613325 -0.956418 0.236755 0.170913 -0.250818 0.237999 0.29294 0.926036 0.385836 
1533576709223 0.169121 0.926223 -0.336911 -0.613347 -0.956402 0.236807 0.170931 -0.250888 0.238103 0.293314 0.925891 0.385815 
1533576709259 0.168715 0.926289 -0.336934 -0.613417 -0.956528 0.236365 0.170838 -0.250983 0.237885 0.293464 0.925899 0.385751 
1533576709294 0.168628 0.92645 -0.336534 -0.613441 -0.956604 0.236135 0.170732 -0.250994 0.237643 0.293139 0.926065 0.385722 
1533576709319 0.168609 0.926507 -0.336385 -0.613461 -0.956629 0.236063 0.170691 -0.250996 0.237555 0.293016 0.926126 0.385705 
1533576709333 0.168587 0.926535 -0.336321 -0.613476 -0.956648 0.236012 0.170655 -0.251001 0.237494 0.29297 0.926156 0.385679 
1533576709463 0.168348 0.92676 -0.335819 -0.613487 -0.956759 0.235611 0.170588 -0.251148 0.237217 0.292579 0.926351 0.38554 
1533576709479 0.168218 0.926805 -0.335759 -0.613455 -0.956786 0.235473 0.170627 -0.251078 0.2372 0.292547 0.926365 0.385557 
1533576709526 0.168147 0.926829 -0.335731 -0.613401 -0.956781 0.235423 0.170723 -0.250912 0.23727 0.292515 0.926357 0.385596 
1533576709622 0.167894 0.926573 -0.336562 -0.613452 -0.956752 0.23543 0.170875 -0.251182 0.237565 0.293318 0.926028 0.38564 
1533576709655 0.167439 0.926563 -0.336816 -0.613461 -0.956782 0.235113 0.171143 -0.251292 0.237765 0.293604 0.925886 0.385713 
1533576709778 0.166836 0.92636 -0.337673 -0.613441 -0.956729 0.234903 0.171727 -0.251739 0.238402 0.294411 0.925466 0.385781 
1533576709827 0.166317 0.926376 -0.337884 -0.613443 -0.956792 0.23449 0.171938 -0.251823 0.23851 0.294688 0.92535 0.385808 
1533576709903 0.165883 0.926363 -0.338133 -0.613446 -0.956803 0.23421 0.172259 -0.251968 0.238768 0.294952 0.925199 0.38587 
1533576709917 0.165715 0.926374 -0.338186 -0.61344 -0.95683 0.234067 0.172308 -0.252009 0.238779 0.295032 0.925171 0.385879 
1533576710050 0.165339 0.926213 -0.338812 -0.613376 -0.956778 0.233975 0.172715 -0.252141 0.239245 0.295611 0.924865 0.385917 
1533576710067 0.165284 0.926218 -0.338824 -0.613375 -0.956774 0.233943 0.172783 -0.252062 0.2393 0.295619 0.924849 0.385927 
1533576710185 0.165223 0.926326 -0.338558 -0.613415 -0.956854 0.23375 0.172599 -0.252069 0.239021 0.295434 0.92498 0.38586 
1533576710227 0.1649 0.926416 -0.33847 -0.613409 -0.95698 0.233346 0.172451 -0.252211 0.238742 0.295472 0.92504 0.385832 
1533576710347 0.164073 0.926527 -0.338569 -0.613296 -0.957289 0.232384 0.172032 -0.252586 0.23807 0.295883 0.925082 0.385816 
1533576710401 0.163664 0.926559 -0.338677 -0.613237 -0.957409 0.23196 0.171937 -0.252775 0.23787 0.296113 0.92506 0.38581 
1533576710474 0.163434 0.926538 -0.338846 -0.613152 -0.957438 0.231789 0.172004 -0.253055 0.237909 0.296313 0.924985 0.385842 
1533576710530 0.162943 0.926584 -0.338957 -0.61313 -0.957543 0.231324 0.172047 -0.25317 0.237825 0.296532 0.924937 0.385842 
1533576710544 0.162902 0.926578 -0.338992 -0.613126 -0.957552 0.231291 0.172046 -0.253201 0.237819 0.296575 0.924924 0.385836 
1533576710680 0.162213 0.926521 -0.33948 -0.613103 -0.957717 0.230678 0.171949 -0.253302 0.237624 0.297233 0.924763 0.385805 
1533576710697 0.162126 0.926529 -0.339498 -0.613092 -0.957747 0.23058 0.17191 -0.253268 0.237561 0.297282 0.924764 0.385811 
1533576710714 0.162065 0.926536 -0.33951 -0.613083 -0.95777 0.230509 0.171878 -0.253236 0.237511 0.297317 0.924765 0.38581 
1533576710730 0.162108 0.926528 -0.339511 -0.613074 -0.957765 0.230547 0.171855 -0.253211 0.237502 0.297313 0.924769 0.38581 
1533576710853 0.162216 0.926464 -0.339633 -0.613002 -0.957636 0.230809 0.172222 -0.253537 0.237948 0.297307 0.924656 0.385756 
1533576710873 0.162019 0.926463 -0.339731 -0.61295 -0.957646 0.230672 0.172351 -0.253672 0.238043 0.297418 0.924596 0.385757 
1533576710916 0.162076 0.926393 -0.339892 -0.612854 -0.957561 0.230849 0.172583 -0.253921 0.238344 0.297496 0.924494 0.385784 
1533576710970 0.161972 0.926337 -0.340094 -0.612786 -0.957521 0.230862 0.172789 -0.254119 0.238576 0.29766 0.924381 0.385793 
1533576710984 0.161807 0.92632 -0.340221 -0.612784 -0.957545 0.230737 0.172823 -0.254152 0.238591 0.297813 0.924328 0.38578 
1533576711107 0.161397 0.926086 -0.341052 -0.612774 -0.957561 0.230575 0.172951 -0.254359 0.238806 0.298664 0.923998 0.385687 
1533576711124 0.161359 0.926081 -0.341081 -0.612787 -0.957575 0.230536 0.172924 -0.254344 0.238774 0.298708 0.923992 0.385687 
1533576711140 0.161328 0.926079 -0.341103 -0.612796 -0.957586 0.230504 0.172908 -0.254331 0.238752 0.298741 0.923987 0.385684 
1533576711214 0.161416 0.926114 -0.340967 -0.612788 -0.957564 0.230569 0.172941 -0.254305 0.23878 0.298582 0.924031 0.385681 
1533576711263 0.161604 0.926315 -0.340329 -0.612622 -0.957413 0.230775 0.173505 -0.254321 0.23926 0.297797 0.92416 0.385668 
1533576711298 0.161744 0.926295 -0.340317 -0.612497 -0.957282 0.231036 0.173877 -0.254468 0.239687 0.297656 0.924095 0.385634 
1533576711327 0.161662 0.926296 -0.340353 -0.6124 -0.957258 0.231014 0.174041 -0.254631 0.23984 0.29767 0.92405 0.385635 
1533576711367 0.161594 0.926304 -0.340365 -0.612284 -0.957193 0.231048 0.174354 -0.254774 0.240146 0.29762 0.923987 0.385651 
1533576711398 0.161486 0.926305 -0.340413 -0.612188 -0.957131 0.231055 0.174681 -0.254869 0.240462 0.297611 0.923908 0.385634 
1533576711412 0.161437 0.926308 -0.340427 -0.612164 -0.957121 0.231035 0.174765 -0.254895 0.240537 0.297616 0.923887 0.385629 
1533576711518 0.161193 0.926285 -0.340608 -0.611928 -0.956905 0.231158 0.175779 -0.25512 0.241556 0.297595 0.923628 0.38554 
1533576711538 0.161106 0.926301 -0.340604 -0.61194 -0.956907 0.231092 0.175856 -0.25507 0.241606 0.297595 0.923614 0.385544 
1533576711555 0.161035 0.926326 -0.34057 -0.61196 -0.95691 0.23103 0.17592 -0.255014 0.241641 0.297566 0.923615 0.385565 
1533576711572 0.161007 0.926338 -0.340551 -0.611979 -0.956909 0.231007 0.175956 -0.254981 0.241665 0.297546 0.923615 0.385578 
1533576711689 0.161038 0.926549 -0.339961 -0.61177 -0.957023 0.230778 0.175638 -0.255037 0.241193 0.297067 0.923893 0.385574 
1533576711706 0.160812 0.926678 -0.339715 -0.611632 -0.957097 0.230476 0.175631 -0.255113 0.24105 0.296897 0.923984 0.385588 
1533576711736 0.160634 0.926786 -0.339507 -0.611483 -0.957113 0.230287 0.17579 -0.255197 0.241103 0.296709 0.924031 0.385574 
1533576711770 0.160662 0.926756 -0.339575 -0.611375 -0.957068 0.230375 0.175918 -0.25535 0.241263 0.296734 0.923981 0.385496 
1533576711784 0.160676 0.926748 -0.33959 -0.611337 -0.957055 0.230405 0.175951 -0.255406 0.241306 0.296735 0.92397 0.385472 
1533576711877 0.160025 0.926982 -0.33926 -0.611053 -0.957104 0.229808 0.176464 -0.255521 0.241544 0.296468 0.923993 0.385374 
1533576711894 0.160005 0.927018 -0.339168 -0.611024 -0.957084 0.229801 0.176584 -0.255504 0.241638 0.296358 0.924004 0.385385 
1533576711910 0.159997 0.927034 -0.339129 -0.611012 -0.957074 0.2298 0.176637 -0.255497 0.241681 0.296311 0.924008 0.385397 
1533576711927 0.159941 0.927076 -0.33904 -0.610998 -0.95706 0.229759 0.176767 -0.255454 0.241774 0.29621 0.924016 0.385445 
1533576711947 0.159903 0.927092 -0.339014 -0.611008 -0.957059 0.229728 0.176814 -0.255424 0.241804 0.296183 0.924016 0.385468 
1533576712103 0.159153 0.927147 -0.339217 -0.610637 -0.957117 0.229148 0.17725 -0.255554 0.242068 0.29646 0.923858 0.385447 
1533576712122 0.158946 0.927241 -0.339057 -0.610474 -0.957126 0.228956 0.177451 -0.255639 0.242169 0.296315 0.923878 0.385412 
1533576712135 0.158915 0.927262 -0.339016 -0.610397 -0.957116 0.228938 0.177528 -0.255715 0.242229 0.296266 0.923879 0.385389 
1533576712220 0.158596 0.92724 -0.339223 -0.61027 -0.957139 0.228716 0.177688 -0.255867 0.242345 0.296503 0.923772 0.38525 
1533576712237 0.158396 0.927285 -0.339195 -0.610259 -0.957179 0.228516 0.177734 -0.255828 0.242321 0.296518 0.923774 0.385255 
1533576712253 0.15821 0.927327 -0.339168 -0.610247 -0.957213 0.228333 0.177784 -0.255786 0.242307 0.296528 0.923774 0.385258 
1533576712270 0.158113 0.927348 -0.339155 -0.610242 -0.957231 0.228238 0.177811 -0.255764 0.242301 0.296535 0.923773 0.385258 
1533576712412 0.157935 0.927514 -0.338784 -0.610094 -0.957008 0.228308 0.178917 -0.255606 0.243296 0.295961 0.923696 0.385257 
1533576712442 0.157386 0.927611 -0.338774 -0.60997 -0.95703 0.227878 0.17935 -0.255609 0.243566 0.295989 0.923616 0.385208 
1533576712506 0.157144 0.927659 -0.338755 -0.60979 -0.956973 0.227766 0.179794 -0.255771 0.243944 0.295926 0.923536 0.385142 
1533576712559 0.157037 0.927732 -0.338604 -0.609555 -0.956939 0.227698 0.180057 -0.256031 0.244144 0.295747 0.923541 0.385109 
1533576712607 0.15642 0.927896 -0.33844 -0.609381 -0.956951 0.227199 0.180623 -0.255994 0.244493 0.295617 0.92349 0.385006 
1533576712620 0.156272 0.927937 -0.338397 -0.609339 -0.956941 0.227093 0.180809 -0.255968 0.244627 0.29557 0.92347 0.384975 
1533576712697 0.155667 0.928061 -0.338336 -0.609104 -0.956843 0.226754 0.181752 -0.255959 0.245396 0.295442 0.923307 0.384828 
1533576712717 0.155592 0.928083 -0.338309 -0.609051 -0.956824 0.226716 0.181897 -0.255984 0.245516 0.295401 0.923288 0.384838 
1533576712733 0.155533 0.928108 -0.338267 -0.609026 -0.95683 0.226658 0.181941 -0.255993 0.245532 0.295366 0.923295 0.384868 
1533576712750 0.155503 0.928121 -0.338245 -0.60903 -0.956828 0.226634 0.181982 -0.255988 0.245559 0.295343 0.923295 0.384892 
1533576712767 0.155478 0.928131 -0.338229 -0.609055 -0.956821 0.226622 0.182036 -0.255947 0.245603 0.295322 0.92329 0.384912 
1533576712784 0.155465 0.928144 -0.338199 -0.609094 -0.956836 0.226587 0.181998 -0.255906 0.245552 0.295307 0.923308 0.38493 
1533576712901 0.155663 0.928153 -0.338084 -0.608826 -0.957259 0.2262 0.180245 -0.25612 0.243769 0.295577 0.923694 0.384838 
1533576712915 0.155639 0.928166 -0.338059 -0.608719 -0.95729 0.22614 0.180157 -0.256176 0.243664 0.295581 0.92372 0.38482 
1533576713015 0.155275 0.928363 -0.337686 -0.608411 -0.957515 0.225526 0.179729 -0.256356 0.24301 0.295432 0.92394 0.384661 
1533576713032 0.155254 0.928366 -0.337687 -0.608416 -0.957518 0.225507 0.179736 -0.256344 0.243012 0.295437 0.923939 0.384661 
1533576713048 0.155238 0.928365 -0.337697 -0.608421 -0.95752 0.225496 0.179742 -0.256337 0.243016 0.295449 0.923933 0.38466 
1533576713065 0.155228 0.928364 -0.337704 -0.608424 -0.957521 0.225488 0.179747 -0.256331 0.243019 0.295457 0.92393 0.384659 
1533576713082 0.15522 0.928342 -0.33777 -0.608437 -0.957515 0.225502 0.179759 -0.256327 0.243046 0.295517 0.923904 0.384654 
1533576713236 0.154931 0.928109 -0.338541 -0.608474 -0.957573 0.225369 0.179621 -0.256163 0.243005 0.296349 0.923648 0.384702 
1533576713267 0.154811 0.928061 -0.338728 -0.608304 -0.957621 0.225258 0.179504 -0.256228 0.242892 0.296584 0.923603 0.384715 
1533576713352 0.155093 0.927818 -0.339263 -0.608051 -0.957694 0.225478 0.178832 -0.256624 0.24242 0.297174 0.923537 0.384523 
1533576713366 0.155037 0.927821 -0.339281 -0.60802 -0.957716 0.225414 0.178798 -0.256616 0.242371 0.297215 0.923536 0.384513 
1533576713446 0.154472 0.927913 -0.339288 -0.607877 -0.957855 0.22483 0.178788 -0.25643 0.242182 0.297371 0.923536 0.384503 
1533576713466 0.154537 0.927875 -0.339362 -0.607895 -0.957851 0.224897 0.178726 -0.256474 0.242157 0.297439 0.923521 0.384476 
1533576713482 0.154699 0.927804 -0.339483 -0.607932 -0.95783 0.225065 0.178628 -0.256572 0.242137 0.297533 0.923495 0.384436 
1533576713561 0.15465 0.927763 -0.339616 -0.608027 -0.957798 0.225094 0.178762 -0.256669 0.242295 0.297638 0.92342 0.384387 
1533576713594 0.154406 0.927947 -0.339224 -0.607932 -0.957688 0.224974 0.179502 -0.256499 0.242885 0.297155 0.923421 0.384466 
1533576713677 0.154144 0.928148 -0.338794 -0.607586 -0.95751 0.224915 0.180521 -0.256531 0.24375 0.296573 0.92338 0.384468 
1533576713699 0.154174 0.928133 -0.338821 -0.607485 -0.957448 0.225017 0.180722 -0.256634 0.243974 0.296541 0.923331 0.384449 
1533576713713 0.154125 0.92814 -0.338825 -0.60743 -0.957436 0.224997 0.180814 -0.256688 0.244055 0.296535 0.923312 0.384433 
1533576713792 0.153791 0.928235 -0.338715 -0.607153 -0.957374 0.224804 0.181377 -0.256827 0.244505 0.296383 0.923241 0.384319 
1533576713809 0.15359 0.928289 -0.338659 -0.607128 -0.957381 0.224636 0.18155 -0.256768 0.244606 0.296341 0.923228 0.384308 
1533576713826 0.153448 0.928327 -0.33862 -0.607113 -0.957382 0.224523 0.181686 -0.256715 0.244692 0.296309 0.923215 0.384299 
1533576713843 0.153382 0.928348 -0.338592 -0.607102 -0.957373 0.22448 0.181787 -0.256675 0.244769 0.296275 0.923206 0.384292 
1533576713859 0.153376 0.928359 -0.338565 -0.607097 -0.957369 0.224475 0.181812 -0.25666 0.244786 0.296246 0.923211 0.384298 
1533576713876 0.153434 0.928352 -0.338557 -0.607106 -0.957369 0.224516 0.181763 -0.256672 0.244752 0.296235 0.923223 0.38431 
1533576713892 0.153498 0.928341 -0.338558 -0.60715 -0.95738 0.224549 0.181661 -0.256679 0.244666 0.296244 0.923243 0.384332 
1533576714027 0.152931 0.928469 -0.338463 -0.607119 -0.957389 0.224101 0.182168 -0.256367 0.244987 0.296182 0.923178 0.384377 
1533576714045 0.152809 0.928484 -0.338478 -0.607006 -0.957364 0.224045 0.182369 -0.25642 0.24516 0.296179 0.923133 0.38435 
1533576714057 0.152783 0.928481 -0.338498 -0.606962 -0.957353 0.224043 0.18243 -0.256444 0.245221 0.29619 0.923113 0.384335 
1533576714154 0.152967 0.928541 -0.338249 -0.60664 -0.957259 0.224242 0.182675 -0.256722 0.245471 0.295848 0.923156 0.38425 
1533576714170 0.152889 0.928559 -0.338236 -0.606629 -0.95726 0.224181 0.182745 -0.2567 0.245516 0.29584 0.923147 0.384252 
1533576714188 0.152803 0.928574 -0.338233 -0.606623 -0.957263 0.224113 0.182813 -0.256673 0.245558 0.295844 0.923135 0.384249 
1533576714204 0.152735 0.928586 -0.338232 -0.606619 -0.957265 0.22406 0.182867 -0.256651 0.245592 0.295847 0.923125 0.384245 
1533576714220 0.152721 0.928585 -0.33824 -0.60662 -0.957264 0.224053 0.182883 -0.256644 0.245606 0.295855 0.923118 0.384245 
1533576714237 0.152699 0.928598 -0.338213 -0.60663 -0.95727 0.224025 0.182886 -0.256619 0.245596 0.295834 0.923128 0.38426 
1533576714307 0.152631 0.928592 -0.338262 -0.606848 -0.957458 0.223757 0.182229 -0.256451 0.244905 0.296058 0.92324 0.384333 
1533576714362 0.15257 0.928558 -0.338382 -0.606828 -0.957714 0.223426 0.181289 -0.256394 0.24394 0.296414 0.923381 0.384111 
1533576714399 0.152646 0.928551 -0.338366 -0.606661 -0.957793 0.223382 0.180923 -0.256431 0.243582 0.296467 0.923458 0.383994 
1533576714413 0.152686 0.928552 -0.338347 -0.606628 -0.957802 0.223396 0.180855 -0.256445 0.243519 0.296455 0.923479 0.383975 
1533576714496 0.152788 0.928671 -0.337973 -0.606324 -0.957937 0.223235 0.180342 -0.256493 0.242926 0.296202 0.923716 0.383901 
1533576714513 0.15281 0.928672 -0.33796 -0.606326 -0.957952 0.223231 0.180269 -0.256505 0.242854 0.296202 0.923735 0.383884 
1533576714530 0.152824 0.928665 -0.337972 -0.606335 -0.957969 0.223222 0.180187 -0.256516 0.242776 0.29623 0.923746 0.383859 
1533576714546 0.152805 0.928661 -0.337994 -0.606347 -0.957985 0.223193 0.180138 -0.256512 0.242725 0.296267 0.923748 0.383842 
1533576714563 0.152812 0.928645 -0.338034 -0.606366 -0.957991 0.223198 0.180099 -0.25652 0.242697 0.296313 0.923741 0.383826 
1533576714580 0.152852 0.92862 -0.338085 -0.606395 -0.957989 0.223241 0.180059 -0.256541 0.24268 0.296359 0.92373 0.38381 
1533576714596 0.152802 0.928604 -0.338151 -0.606437 -0.958004 0.223198 0.180032 -0.256552 0.242653 0.29644 0.923711 0.383797 
1533576714701 0.152457 0.928618 -0.338267 -0.606486 -0.958275 0.222634 0.179286 -0.256514 0.241798 0.29682 0.923814 0.383775 
1533576714731 0.152264 0.928671 -0.338208 -0.606362 -0.958456 0.222258 0.178782 -0.256459 0.241199 0.296936 0.923933 0.383671 
1533576714744 0.152326 0.928668 -0.338191 -0.606311 -0.958495 0.222252 0.178581 -0.256453 0.241006 0.296951 0.923978 0.383632 
1533576714824 0.152773 0.928622 -0.338116 -0.606118 -0.958644 0.222383 0.177617 -0.25661 0.24013 0.296997 0.924192 0.383472 
1533576714841 0.152777 0.92863 -0.33809 -0.60611 -0.958669 0.22235 0.177521 -0.256615 0.240026 0.296995 0.924219 0.383469 
1533576714861 0.152748 0.928656 -0.338032 -0.606103 -0.958717 0.222259 0.177379 -0.256603 0.239855 0.296983 0.924268 0.383459 
1533576714878 0.152724 0.928666 -0.338015 -0.606102 -0.958741 0.222208 0.177312 -0.256595 0.239774 0.296989 0.924287 0.383447 
1533576714894 0.152725 0.928667 -0.338014 -0.606108 -0.95875 0.222197 0.177276 -0.2566 0.239736 0.296996 0.924294 0.383437 
1533576714911 0.152728 0.928669 -0.338007 -0.606127 -0.958739 0.222211 0.177317 -0.256603 0.239778 0.296979 0.924289 0.383446 
1533576714928 0.152735 0.928682 -0.337967 -0.606147 -0.958716 0.222238 0.177409 -0.256602 0.239866 0.296918 0.924286 0.383486 
1533576715016 0.152563 0.928928 -0.337369 -0.606099 -0.958686 0.222033 0.177825 -0.256518 0.240093 0.296302 0.924424 0.383643 
1533576715035 0.152494 0.928975 -0.337269 -0.606045 -0.958751 0.221884 0.177664 -0.256482 0.23988 0.296264 0.924492 0.383589 
1533576715106 0.152719 0.929019 -0.337047 -0.605796 -0.958923 0.221794 0.176845 -0.256423 0.239048 0.296194 0.92473 0.383331 
1533576715190 0.153037 0.928988 -0.33699 -0.60573 -0.958917 0.222024 0.176589 -0.256587 0.238869 0.296121 0.9248 0.383321 
1533576715209 0.153045 0.928997 -0.336959 -0.605775 -0.958875 0.222077 0.176752 -0.256589 0.239032 0.29605 0.92478 0.383401 
1533576715224 0.152947 0.929017 -0.336949 -0.605829 -0.958859 0.222023 0.176905 -0.256586 0.239158 0.296029 0.924754 0.383465 
1533576715240 0.152806 0.929035 -0.336963 -0.605893 -0.958841 0.221943 0.177102 -0.256576 0.23932 0.296031 0.924711 0.383532 
1533576715257 0.152689 0.929052 -0.336969 -0.605959 -0.958791 0.221921 0.177401 -0.256546 0.239596 0.295996 0.924651 0.383597 
1533576715338 0.152021 0.929023 -0.337352 -0.60594 -0.958601 0.221735 0.178655 -0.25636 0.240777 0.296226 0.924271 0.383714 
1533576715358 0.151927 0.929025 -0.337388 -0.605828 -0.958567 0.221715 0.178864 -0.256385 0.240973 0.296235 0.924217 0.38374 
1533576715372 0.151867 0.929032 -0.337397 -0.605761 -0.958546 0.221698 0.178996 -0.256396 0.241093 0.296227 0.924188 0.38376 
1533576715458 0.151848 0.928903 -0.337759 -0.60553 -0.958399 0.221934 0.17949 -0.256638 0.241689 0.296453 0.92396 0.383765 
1533576715476 0.151781 0.928906 -0.337782 -0.60551 -0.958386 0.221905 0.179594 -0.25664 0.241781 0.296467 0.923932 0.383775 
1533576715492 0.15169 0.928919 -0.337786 -0.605497 -0.958378 0.221848 0.179708 -0.256623 0.241871 0.296466 0.923908 0.383787 
1533576715508 0.151632 0.928928 -0.337787 -0.605492 -0.958372 0.221813 0.179783 -0.256606 0.241931 0.296464 0.923893 0.383794 
1533576715525 0.151608 0.928932 -0.337787 -0.605492 -0.958366 0.221802 0.179829 -0.256595 0.241971 0.29646 0.923884 0.3838 
1533576715542 0.151591 0.928935 -0.337787 -0.605501 -0.95837 0.221785 0.17983 -0.256578 0.241967 0.296465 0.923884 0.383795 
1533576715671 0.151327 0.92875 -0.338415 -0.6057 -0.958638 0.221382 0.178896 -0.256285 0.241069 0.297345 0.923835 0.383589 
1533576715709 0.15132 0.92863 -0.338745 -0.605526 -0.958646 0.221431 0.178791 -0.256385 0.241039 0.297682 0.923735 0.383617 
1533576715767 0.151535 0.928577 -0.338795 -0.605308 -0.958645 0.2216 0.178586 -0.256575 0.240908 0.297722 0.923756 0.383666 
1533576715781 0.151578 0.928557 -0.338831 -0.605284 -0.958642 0.221642 0.17855 -0.256604 0.240893 0.297754 0.92375 0.383669 
1533576715861 0.151459 0.928461 -0.339148 -0.605137 -0.958652 0.221603 0.178546 -0.256544 0.240929 0.298082 0.923634 0.383721 
1533576715877 0.15143 0.928456 -0.339173 -0.605125 -0.958659 0.221578 0.17854 -0.256537 0.24092 0.298115 0.923626 0.383725 
1533576715894 0.151463 0.928433 -0.339222 -0.605138 -0.958653 0.221619 0.17852 -0.256555 0.240922 0.298157 0.923612 0.383715 
1533576715929 0.151666 0.928348 -0.339362 -0.605221 -0.958619 0.221837 0.178429 -0.256652 0.240928 0.298257 0.923578 0.383667 
1533576715974 0.151782 0.928398 -0.339175 -0.605291 -0.958605 0.221905 0.178424 -0.256719 0.240913 0.298053 0.923648 0.383632 
1533576715992 0.151739 0.928534 -0.338821 -0.60526 -0.958581 0.221834 0.178639 -0.256669 0.241034 0.297681 0.923736 0.383659 
1533576716016 0.151586 0.92872 -0.338379 -0.605209 -0.95855 0.221675 0.179004 -0.256555 0.241255 0.297218 0.923827 0.383726 
1533576716046 0.151428 0.928926 -0.337884 -0.605127 -0.958515 0.221506 0.179402 -0.25644 0.241494 0.2967 0.923932 0.38382 
1533576716081 0.151297 0.929077 -0.337529 -0.604995 -0.958456 0.221412 0.179829 -0.256409 0.241808 0.296299 0.923978 0.383836 
1533576716112 0.151156 0.929179 -0.337309 -0.604861 -0.958426 0.221303 0.180125 -0.256469 0.242016 0.296059 0.924001 0.383803 
1533576716189 0.151122 0.929375 -0.336785 -0.60452 -0.958284 0.221348 0.180821 -0.256663 0.242597 0.29541 0.924056 0.383664 
1533576716206 0.151075 0.929396 -0.336748 -0.604484 -0.958269 0.221325 0.180932 -0.256666 0.242688 0.295361 0.924048 0.383632 
1533576716244 0.150997 0.929446 -0.336646 -0.604456 -0.958282 0.221232 0.180977 -0.256637 0.242685 0.295275 0.924076 0.383641 
1533576716258 0.150968 0.929456 -0.336631 -0.604461 -0.958288 0.2212 0.180984 -0.256617 0.24268 0.295267 0.92408 0.383647 
1533576716276 0.150926 0.929469 -0.336614 -0.604479 -0.958303 0.221147 0.180968 -0.256581 0.242645 0.295265 0.92409 0.383666 
1533576716295 0.150808 0.929485 -0.336621 -0.604545 -0.958357 0.220995 0.180868 -0.256502 0.242506 0.295327 0.924106 0.383703 
1533576716311 0.150776 0.929406 -0.336854 -0.604634 -0.958389 0.220978 0.180719 -0.256451 0.242399 0.295589 0.924051 0.383713 
1533576716328 0.150773 0.929375 -0.336941 -0.604663 -0.958396 0.220983 0.180673 -0.256435 0.242371 0.295682 0.924028 0.383713 
1533576716416 0.15054 0.929294 -0.33727 -0.604701 -0.95843 0.220833 0.180676 -0.256343 0.242382 0.29605 0.923908 0.383768 
1533576716456 0.150121 0.929422 -0.337103 -0.604461 -0.958404 0.220522 0.181197 -0.256389 0.242747 0.29588 0.923866 0.383789 
1533576716473 0.149982 0.929486 -0.336989 -0.604356 -0.958387 0.220417 0.181413 -0.256395 0.242899 0.295758 0.923865 0.383805 
1533576716539 0.15008 0.929457 -0.337026 -0.604336 -0.958336 0.220559 0.181508 -0.256476 0.243038 0.295743 0.923834 0.383792 
1533576716553 0.150086 0.929454 -0.33703 -0.604379 -0.958363 0.220532 0.181401 -0.256465 0.24293 0.295772 0.923853 0.383794 
1533576716569 0.150182 0.929431 -0.337051 -0.604458 -0.958397 0.220566 0.181179 -0.256438 0.242735 0.295819 0.923889 0.383791 
1533576716586 0.150288 0.929396 -0.337101 -0.604519 -0.958408 0.220641 0.181031 -0.256417 0.242628 0.295874 0.9239 0.383789 
1533576716603 0.150413 0.929317 -0.337264 -0.604627 -0.958424 0.220745 0.180816 -0.256385 0.242485 0.296045 0.923882 0.383776 
1533576716619 0.150481 0.929271 -0.337359 -0.604692 -0.95844 0.220795 0.180673 -0.256367 0.242382 0.296151 0.923875 0.383767 
1533576716636 0.150447 0.929269 -0.337379 -0.604724 -0.958471 0.220735 0.180579 -0.256334 0.242277 0.296201 0.923887 0.383768 
1533576716653 0.150384 0.92929 -0.337349 -0.604726 -0.958509 0.220636 0.180498 -0.256312 0.242166 0.296208 0.923913 0.383776 
1533576716733 0.149951 0.929428 -0.337163 -0.60451 -0.958676 0.220075 0.180296 -0.256394 0.241773 0.296195 0.924021 0.383853 
1533576716749 0.149894 0.929449 -0.337128 -0.604464 -0.958693 0.220006 0.180293 -0.256417 0.241743 0.296178 0.924034 0.383879 
1533576716766 0.14985 0.929468 -0.337096 -0.604424 -0.958704 0.219954 0.180299 -0.256438 0.241728 0.296157 0.924045 0.383905 
1533576716783 0.149873 0.929464 -0.337098 -0.604401 -0.958703 0.219972 0.180282 -0.25648 0.241717 0.296157 0.924047 0.383917 
1533576716858 0.150299 0.929294 -0.337377 -0.604579 -0.95867 0.220382 0.179953 -0.256576 0.241581 0.296387 0.924009 0.383827 
1533576716903 0.150433 0.929063 -0.337952 -0.604711 -0.958803 0.220429 0.179189 -0.256594 0.240972 0.297073 0.923948 0.383679 
1533576716956 0.150458 0.928892 -0.338412 -0.604766 -0.959001 0.220291 0.178293 -0.256587 0.240164 0.297712 0.923953 0.383614 
1533576717020 0.150493 0.928845 -0.338525 -0.604674 -0.959145 0.220159 0.177681 -0.256525 0.239568 0.297955 0.924029 0.383726 
1533576717065 0.150364 0.928776 -0.338771 -0.604611 -0.959248 0.219983 0.177343 -0.25645 0.239235 0.298299 0.924004 0.383865 
1533576717079 0.150358 0.928754 -0.338835 -0.604594 -0.959274 0.219958 0.177231 -0.25645 0.239134 0.298388 0.924002 0.383893 
1533576717162 0.150381 0.928604 -0.339234 -0.604493 -0.95945 0.219831 0.176437 -0.256454 0.238414 0.298945 0.924008 0.383972 
1533576717243 0.150869 0.928445 -0.339453 -0.604574 -0.959435 0.220251 0.175996 -0.256728 0.238168 0.299131 0.924011 0.383827 
1533576717277 0.150909 0.928525 -0.339217 -0.604598 -0.95937 0.220318 0.176267 -0.256756 0.238404 0.298834 0.924046 0.383817 
1533576717291 0.150841 0.928598 -0.339048 -0.604591 -0.959301 0.220322 0.176637 -0.256704 0.238724 0.298605 0.924038 0.383852 
1533576717326 0.150644 0.92876 -0.33869 -0.604552 -0.959189 0.220248 0.177334 -0.256559 0.239297 0.298154 0.924035 0.383958 
1533576717367 0.150314 0.9289 -0.338452 -0.604511 -0.959138 0.220023 0.17789 -0.256386 0.239709 0.297883 0.924016 0.38402 
1533576717414 0.15001 0.929057 -0.338157 -0.604446 -0.959061 0.219836 0.178531 -0.256243 0.240205 0.297532 0.924 0.384057 
1533576717438 0.149792 0.929131 -0.33805 -0.604366 -0.959004 0.219726 0.178977 -0.256213 0.240571 0.297382 0.923953 0.384024 
1533576717472 0.149601 0.929178 -0.338006 -0.604242 -0.958955 0.219637 0.179348 -0.256274 0.240884 0.297302 0.923897 0.383937 
1533576717504 0.149591 0.929179 -0.338006 -0.604116 -0.958877 0.219725 0.179654 -0.256367 0.241199 0.297232 0.923838 0.383858 
1533576717582 0.149351 0.929404 -0.337495 -0.603863 -0.958761 0.21959 0.180436 -0.256383 0.241809 0.296629 0.923872 0.38373 
1533576717598 0.149325 0.929418 -0.337467 -0.603838 -0.95873 0.219604 0.180585 -0.256382 0.241948 0.296574 0.923853 0.383715 
1533576717615 0.149328 0.929414 -0.337477 -0.603821 -0.95871 0.219633 0.180658 -0.256398 0.242027 0.296565 0.923836 0.383702 
1533576717686 0.149232 0.929402 -0.337552 -0.60389 -0.958811 0.219452 0.18034 -0.256378 0.241685 0.296736 0.92387 0.383751 
1533576717700 0.149167 0.929322 -0.337802 -0.603952 -0.958841 0.219415 0.180225 -0.256364 0.241606 0.297015 0.923801 0.38375 
1533576717717 0.149087 0.9292 -0.338172 -0.604039 -0.958866 0.219397 0.180115 -0.256332 0.241557 0.297409 0.923687 0.383738 
1533576717733 0.149108 0.929119 -0.338385 -0.604095 -0.958865 0.219455 0.180047 -0.256307 0.241546 0.297619 0.923623 0.383726 
1533576717818 0.149299 0.928975 -0.338695 -0.604081 -0.958819 0.219713 0.179976 -0.256354 0.241609 0.297878 0.923523 0.383775 
1533576717846 0.14918 0.928923 -0.338891 -0.603962 -0.958802 0.219684 0.180104 -0.256394 0.241752 0.298062 0.923426 0.383852 
1533576717860 0.149069 0.92891 -0.338975 -0.603913 -0.958803 0.219618 0.180182 -0.256412 0.241818 0.298151 0.92338 0.383893 
1533576717937 0.148801 0.928832 -0.339307 -0.603751 -0.958764 0.219531 0.180493 -0.256486 0.242135 0.298458 0.923197 0.383971 
1533576717953 0.148819 0.928776 -0.339453 -0.603716 -0.958728 0.219617 0.180579 -0.256545 0.242267 0.29857 0.923127 0.383987 
1533576717970 0.148797 0.928751 -0.339529 -0.603708 -0.958715 0.219632 0.180631 -0.256555 0.242332 0.298634 0.923089 0.383992 
1533576717987 0.148737 0.92874 -0.339587 -0.60371 -0.958718 0.219595 0.18066 -0.256535 0.242358 0.298697 0.923061 0.383982 
1533576718004 0.148682 0.928739 -0.339613 -0.603726 -0.958729 0.219546 0.180663 -0.256508 0.242349 0.298735 0.923051 0.383956 
1533576718048 0.14859 0.928798 -0.339494 -0.60384 -0.958791 0.219378 0.180538 -0.256406 0.242161 0.298677 0.92312 0.383898 
1533576718141 0.148515 0.929122 -0.338638 -0.603758 -0.958774 0.219177 0.18087 -0.256305 0.242272 0.297815 0.923369 0.383849 
1533576718168 0.14859 0.929146 -0.33854 -0.603604 -0.958723 0.219276 0.18102 -0.256423 0.242428 0.297668 0.923376 0.383824 
1533576718185 0.148577 0.929152 -0.338528 -0.603515 -0.958711 0.219278 0.181079 -0.256503 0.242482 0.297647 0.923368 0.383789 
1533576718198 0.148578 0.929147 -0.338541 -0.603464 -0.958705 0.219289 0.181099 -0.256552 0.242505 0.297654 0.92336 0.383764 
1533576718278 0.14838 0.92916 -0.338594 -0.603261 -0.958671 0.219194 0.181394 -0.256708 0.242762 0.297685 0.923282 0.383587 
1533576718295 0.148321 0.929179 -0.338566 -0.603218 -0.958665 0.219152 0.181476 -0.256727 0.242821 0.297655 0.923277 0.383563 
1533576718311 0.148289 0.929191 -0.338546 -0.603189 -0.95866 0.219131 0.181529 -0.256742 0.242861 0.297632 0.923273 0.38355 
1533576718328 0.148234 0.929205 -0.338533 -0.603154 -0.958656 0.219092 0.181596 -0.256758 0.24291 0.297618 0.923265 0.383534 
1533576718348 0.148176 0.929215 -0.338531 -0.603137 -0.958656 0.219048 0.181648 -0.256756 0.242945 0.297619 0.923256 0.383524 
1533576718517 0.147523 0.929686 -0.337522 -0.60306 -0.958612 0.218419 0.182638 -0.256352 0.243517 0.29661 0.92343 0.383645 
1533576718542 0.147446 0.92972 -0.337462 -0.602928 -0.958573 0.218398 0.182868 -0.256497 0.243717 0.296519 0.923406 0.383582 
1533576718573 0.147475 0.929687 -0.33754 -0.60282 -0.95851 0.218511 0.183062 -0.256644 0.243947 0.296538 0.923339 0.383519 
1533576718587 0.147566 0.929671 -0.337545 -0.602774 -0.958487 0.218608 0.183068 -0.256715 0.243983 0.296518 0.923336 0.383514 
1533576718677 0.147387 0.929869 -0.337078 -0.602478 -0.958389 0.218502 0.183707 -0.256863 0.244475 0.295976 0.92338 0.383523 
1533576718697 0.147242 0.929945 -0.336931 -0.602433 -0.958379 0.218376 0.183906 -0.256822 0.2446 0.295829 0.923394 0.383527 
1533576718714 0.147143 0.930001 -0.336819 -0.602402 -0.95838 0.218279 0.184016 -0.256797 0.244656 0.295724 0.923413 0.383535 
1533576718730 0.147035 0.930049 -0.336734 -0.602379 -0.958401 0.218156 0.184054 -0.256772 0.24464 0.295664 0.923436 0.383543 
1533576718747 0.147023 0.930053 -0.336728 -0.602376 -0.958406 0.21814 0.184047 -0.256765 0.244627 0.295663 0.92344 0.383544 
1533576718883 0.146454 0.929781 -0.337724 -0.602416 -0.95842 0.217895 0.184264 -0.256795 0.244913 0.296696 0.923033 0.38345 
1533576718916 0.145966 0.92984 -0.337773 -0.602251 -0.958424 0.217535 0.184667 -0.256854 0.245189 0.296775 0.922934 0.383416 
1533576718951 0.146027 0.929791 -0.337882 -0.602127 -0.95835 0.217692 0.184866 -0.257 0.245441 0.296814 0.922854 0.383387 
1533576718965 0.146139 0.929755 -0.337933 -0.602085 -0.958321 0.217821 0.184865 -0.257085 0.245488 0.296833 0.922836 0.383381 
1533576719041 0.145898 0.929749 -0.338054 -0.601898 -0.958325 0.217661 0.185035 -0.257321 0.245617 0.296969 0.922758 0.383383 
1533576719058 0.145672 0.929783 -0.338057 -0.601871 -0.958346 0.217466 0.185153 -0.257294 0.245668 0.297004 0.922733 0.383381 
1533576719075 0.145534 0.929804 -0.338059 -0.601854 -0.958351 0.217356 0.185253 -0.257269 0.245728 0.297019 0.922712 0.38338 
1533576719091 0.145474 0.929813 -0.338061 -0.601844 -0.95834 0.217326 0.185347 -0.257242 0.245807 0.297014 0.922693 0.383379 
1533576719108 0.145424 0.929821 -0.33806 -0.60184 -0.958335 0.217294 0.185409 -0.257217 0.245856 0.297012 0.92268 0.383378 
1533576719125 0.145411 0.929821 -0.338065 -0.601851 -0.958328 0.217294 0.185447 -0.257194 0.245892 0.297011 0.922671 0.383375 
1533576719208 0.145829 0.929852 -0.337801 -0.602003 -0.958296 0.217592 0.185261 -0.25698 0.245769 0.296697 0.922805 0.383382 
1533576719254 0.145687 0.9301 -0.337177 -0.601847 -0.958453 0.217174 0.184944 -0.256997 0.245242 0.296224 0.923097 0.383303 
1533576719276 0.145459 0.930206 -0.336984 -0.601718 -0.958561 0.216833 0.184781 -0.2571 0.244954 0.296142 0.9232 0.383276 
1533576719295 0.145353 0.930245 -0.336923 -0.601629 -0.958615 0.216677 0.184685 -0.257185 0.244806 0.296135 0.923241 0.383245 
1533576719367 0.145117 0.930298 -0.336878 -0.601381 -0.958702 0.216385 0.184574 -0.257357 0.244605 0.296181 0.92328 0.383038 
1533576719383 0.145053 0.93032 -0.336845 -0.601334 -0.958711 0.216321 0.184605 -0.257371 0.244608 0.29616 0.923286 0.383016 
1533576719400 0.144993 0.930366 -0.336744 -0.601285 -0.958723 0.21624 0.184634 -0.257381 0.244595 0.296074 0.923317 0.38301 
1533576719417 0.144959 0.930407 -0.336644 -0.601234 -0.958732 0.216184 0.184653 -0.257403 0.244579 0.295985 0.923349 0.383008 
1533576719433 0.144979 0.930416 -0.336611 -0.601223 -0.958729 0.216196 0.184654 -0.257419 0.24458 0.295948 0.923361 0.383 
1533576719450 0.145036 0.930398 -0.336635 -0.601238 -0.958717 0.216258 0.184645 -0.257434 0.244593 0.295958 0.923354 0.382988 
1533576719495 0.145098 0.930357 -0.336723 -0.601397 -0.958736 0.216299 0.184499 -0.257333 0.244483 0.296058 0.923351 0.383015 
1533576719587 0.144959 0.930232 -0.337128 -0.60146 -0.958917 0.216055 0.183841 -0.257139 0.243853 0.296629 0.923335 0.383071 
1533576719614 0.144952 0.930245 -0.337096 -0.601304 -0.958983 0.215964 0.183605 -0.25717 0.243598 0.296655 0.923394 0.383051 
1533576719628 0.144997 0.930233 -0.337109 -0.601236 -0.959006 0.215972 0.183478 -0.257205 0.243484 0.296686 0.923414 0.383037 
1533576719698 0.145447 0.93008 -0.337337 -0.601022 -0.959057 0.216291 0.182834 -0.25749 0.243013 0.296933 0.923458 0.38292 
1533576719715 0.145465 0.930067 -0.337367 -0.601019 -0.959069 0.216295 0.182763 -0.257503 0.242952 0.296972 0.923462 0.382903 
1533576719731 0.145458 0.930063 -0.33738 -0.601024 -0.959082 0.216277 0.182717 -0.257501 0.242906 0.296998 0.923466 0.382899 
1533576719748 0.145417 0.93007 -0.337377 -0.601037 -0.959097 0.216227 0.182697 -0.257478 0.242871 0.29701 0.923471 0.3829 
1533576719765 0.145306 0.930094 -0.33736 -0.601065 -0.959122 0.216111 0.182704 -0.25742 0.242839 0.297021 0.923476 0.382903 
