1533664103235 -0.0813238 0.937095 -0.33947 -0.568446 -0.994522 -0.0538537 0.0895876 -0.253205 0.0656703 0.344896 0.936341 0.364256 
1533664107211 -0.0813233 0.937094 -0.339473 -0.568446 -0.994522 -0.0538535 0.089586 -0.253205 0.0656687 0.344899 0.93634 0.364254 
1533664107913 -0.060278 0.928163 -0.36726 -0.573828 -0.994677 -0.0250491 0.0999497 -0.251554 0.0835701 0.37133 0.924732 0.369639 
1533664108646 -0.0396908 0.917719 -0.395242 -0.57943 -0.993941 0.00431416 0.10983 -0.249617 0.102498 0.397207 0.911987 0.375544 
1533664109358 -0.0194337 0.905758 -0.423349 -0.58506 -0.992331 0.0342245 0.118776 -0.247756 0.122071 0.422411 0.898147 0.381297 
1533664110424 0.0192319 0.877752 -0.47873 -0.596327 -0.986519 0.0944882 0.133613 -0.244002 0.162513 0.469706 0.867736 0.392981 
1533664111188 0.037747 0.86169 -0.506029 -0.601945 -0.98234 0.124864 0.139346 -0.242301 0.183258 0.491833 0.851186 0.398767 
1533664111924 0.0553046 0.844385 -0.532874 -0.607614 -0.977259 0.155196 0.144496 -0.24037 0.20471 0.512765 0.833766 0.404657 
1533664112678 0.0724076 0.825849 -0.559222 -0.613129 -0.971325 0.185699 0.14847 -0.238641 0.226461 0.532436 0.815614 0.410571 
1533664113408 0.0877909 0.806332 -0.584912 -0.619775 -0.964588 0.215423 0.152195 -0.237638 0.248723 0.550838 0.79669 0.416038 
1533664113439 0.0881219 0.806145 -0.58512 -0.619927 -0.964507 0.215841 0.152113 -0.237664 0.248918 0.550948 0.796553 0.416323 
1533664113686 0.0893689 0.804576 -0.587087 -0.620215 -0.963996 0.218092 0.152141 -0.2375 0.250448 0.552353 0.795099 0.416528 
1533664113949 0.090822 0.80241 -0.589821 -0.620627 -0.963219 0.22119 0.152595 -0.237141 0.252906 0.554268 0.792986 0.417139 
1533664114213 0.0926244 0.800184 -0.592559 -0.621127 -0.962465 0.224429 0.152621 -0.236909 0.255112 0.556181 0.790936 0.417749 
1533664114475 0.0941418 0.798192 -0.595002 -0.621628 -0.96172 0.227409 0.152904 -0.236488 0.257356 0.55783 0.789046 0.41844 
1533664114845 0.0975709 0.793804 -0.600295 -0.622535 -0.960188 0.233727 0.153003 -0.236024 0.26176 0.561468 0.785007 0.41979 
1533664115108 0.0990415 0.791695 -0.602834 -0.623043 -0.959425 0.236697 0.153225 -0.235618 0.263996 0.563199 0.783015 0.420551 
1533664115375 0.10072 0.78943 -0.605522 -0.623516 -0.958598 0.239937 0.153362 -0.235369 0.266356 0.565005 0.780912 0.421203 
1533664115641 0.102529 0.787184 -0.608136 -0.623979 -0.957767 0.24323 0.153365 -0.235156 0.268643 0.566729 0.778877 0.421851 
1533664115666 0.10264 0.786952 -0.608418 -0.624036 -0.957707 0.243475 0.153355 -0.235115 0.268817 0.566946 0.778659 0.421906 
1533664115833 0.103072 0.787461 -0.607685 -0.624024 -0.957587 0.243828 0.15354 -0.234965 0.269077 0.566086 0.779194 0.422056 
1533664115944 0.103496 0.787713 -0.607286 -0.624035 -0.957643 0.243872 0.153122 -0.235136 0.268716 0.565716 0.779588 0.42166 
1533664116054 0.104511 0.788201 -0.606479 -0.624096 -0.957412 0.244773 0.15313 -0.235066 0.269147 0.564647 0.780214 0.4216 
1533664116159 0.105258 0.788754 -0.60563 -0.624171 -0.957291 0.245281 0.15307 -0.234968 0.269284 0.563652 0.780886 0.421497 
1533664116277 0.106228 0.789267 -0.604791 -0.624171 -0.95708 0.246105 0.153069 -0.234937 0.269655 0.562574 0.781535 0.421404 
1533664116386 0.106815 0.789804 -0.603987 -0.624234 -0.957001 0.246444 0.153017 -0.23481 0.269702 0.561671 0.782167 0.421314 
1533664116496 0.107812 0.790245 -0.603232 -0.624272 -0.956839 0.247194 0.152818 -0.234801 0.269879 0.560721 0.782788 0.421204 
1533664116596 0.108417 0.790816 -0.602375 -0.624358 -0.95673 0.247594 0.152855 -0.234644 0.270025 0.559738 0.783441 0.421112 
1533664116713 0.109502 0.791258 -0.601598 -0.624421 -0.956507 0.248515 0.15276 -0.234607 0.270379 0.558705 0.784056 0.420931 
1533664116740 0.109733 0.79139 -0.601382 -0.624428 -0.956481 0.248655 0.15269 -0.234604 0.270374 0.558456 0.784235 0.420896 
1533664116892 0.109762 0.791687 -0.600986 -0.624443 -0.956418 0.248726 0.152973 -0.23463 0.270588 0.558003 0.784484 0.420897 
1533664117117 0.109116 0.792365 -0.60021 -0.624323 -0.955853 0.24937 0.155435 -0.234703 0.272836 0.556752 0.784594 0.420795 
1533664117264 0.108993 0.79278 -0.599684 -0.624276 -0.955609 0.249694 0.156412 -0.234881 0.273738 0.556015 0.784802 0.420794 
1533664117415 0.108648 0.793204 -0.599185 -0.624249 -0.955332 0.24996 0.157671 -0.234832 0.274837 0.555291 0.784931 0.420706 
1533664117564 0.108586 0.793739 -0.598488 -0.624212 -0.955114 0.250226 0.15857 -0.234977 0.27562 0.554406 0.785282 0.420692 
1533664117712 0.108403 0.794094 -0.59805 -0.624216 -0.954827 0.250609 0.159686 -0.234994 0.276683 0.553724 0.785389 0.42059 
1533664117861 0.108237 0.794657 -0.597331 -0.624151 -0.954531 0.250959 0.160901 -0.235042 0.277767 0.552756 0.785689 0.420594 
1533664118012 0.107985 0.79505 -0.596855 -0.624118 -0.954295 0.251188 0.161944 -0.235101 0.278676 0.552088 0.785836 0.42054 
1533664118032 0.107965 0.795122 -0.596762 -0.624108 -0.954225 0.251295 0.162188 -0.235096 0.278923 0.551934 0.785857 0.420513 
1533664118049 0.107955 0.795198 -0.596663 -0.624098 -0.954151 0.251416 0.162438 -0.235086 0.279181 0.55177 0.78588 0.420484 
1533664118065 0.107935 0.795222 -0.596634 -0.624096 -0.954121 0.251457 0.162547 -0.235087 0.279289 0.551717 0.785879 0.420465 
1533664118082 0.107912 0.79523 -0.596628 -0.624097 -0.954108 0.25147 0.162609 -0.235092 0.279345 0.5517 0.785871 0.420447 
1533664118099 0.107911 0.79524 -0.596614 -0.624096 -0.954098 0.251486 0.162641 -0.235103 0.279379 0.551677 0.785875 0.420442 
1533664118116 0.107939 0.795264 -0.596577 -0.624089 -0.954097 0.251496 0.16263 -0.235119 0.279371 0.551638 0.785905 0.420461 
1533664118169 0.108022 0.795335 -0.596468 -0.624063 -0.954139 0.251439 0.162474 -0.235183 0.279196 0.551563 0.78602 0.420577 
1533664118241 0.107781 0.795452 -0.596355 -0.624033 -0.954212 0.251132 0.162517 -0.235234 0.279038 0.551533 0.786098 0.420642 
1533664118256 0.107752 0.79561 -0.59615 -0.624004 -0.954198 0.251102 0.162647 -0.235233 0.279098 0.551319 0.786226 0.420671 
1533664118272 0.107724 0.79576 -0.595955 -0.623976 -0.954175 0.25109 0.162797 -0.23523 0.279186 0.551108 0.786343 0.420692 
1533664118297 0.107642 0.795906 -0.595774 -0.623952 -0.954153 0.251049 0.162989 -0.235218 0.279293 0.550915 0.78644 0.420709 
1533664118483 0.10731 0.795918 -0.595818 -0.623905 -0.95423 0.250716 0.163056 -0.235199 0.27916 0.551049 0.786393 0.420794 
1533664118503 0.10741 0.795698 -0.596094 -0.623921 -0.954248 0.250794 0.162827 -0.235201 0.279058 0.551333 0.786231 0.42079 
1533664118530 0.107553 0.79551 -0.596319 -0.62393 -0.954261 0.250898 0.162594 -0.235204 0.278961 0.551556 0.786109 0.420794 
1533664118641 0.107372 0.795433 -0.596454 -0.623853 -0.954424 0.250499 0.162253 -0.235179 0.278472 0.551848 0.786077 0.420891 
1533664118662 0.107337 0.795319 -0.596613 -0.623848 -0.95447 0.250419 0.162103 -0.235193 0.278327 0.552049 0.785987 0.420902 
1533664118685 0.107269 0.795202 -0.59678 -0.62383 -0.954538 0.250278 0.161918 -0.235208 0.278118 0.552281 0.785898 0.420927 
1533664118781 0.107334 0.795031 -0.596996 -0.6237 -0.954555 0.250326 0.161745 -0.23527 0.278036 0.552505 0.78577 0.421032 
1533664118808 0.107301 0.794928 -0.597139 -0.623665 -0.954655 0.250137 0.161447 -0.235327 0.277705 0.552739 0.785722 0.421103 
1533664118832 0.107282 0.79482 -0.597286 -0.623655 -0.954686 0.250095 0.161329 -0.235334 0.277606 0.552913 0.785635 0.421142 
1533664118849 0.107221 0.794755 -0.597385 -0.623647 -0.954715 0.250023 0.161272 -0.235314 0.277532 0.55304 0.785571 0.421182 
1533664118993 0.10707 0.794743 -0.597427 -0.623632 -0.954815 0.249745 0.161109 -0.235381 0.277245 0.553183 0.785573 0.421164 
1533664119009 0.107068 0.794861 -0.59727 -0.623621 -0.954837 0.249667 0.161097 -0.235419 0.277169 0.553048 0.785695 0.421154 
1533664119035 0.107198 0.795124 -0.596897 -0.623587 -0.954825 0.249691 0.161134 -0.235477 0.277162 0.552658 0.785971 0.421147 
1533664119097 0.107316 0.795199 -0.596776 -0.623583 -0.954786 0.249811 0.161176 -0.235598 0.277248 0.552497 0.786054 0.42109 
1533664119137 0.107208 0.795272 -0.596698 -0.623546 -0.954851 0.249604 0.161112 -0.235675 0.277066 0.552485 0.786126 0.421076 
1533664119176 0.107115 0.795413 -0.596527 -0.623498 -0.954933 0.249353 0.161017 -0.235765 0.276821 0.552396 0.786275 0.421071 
1533664119254 0.107021 0.795676 -0.596193 -0.623416 -0.955047 0.249004 0.160882 -0.23593 0.276464 0.552174 0.786557 0.421053 
1533664119284 0.106961 0.79573 -0.596131 -0.623405 -0.955068 0.248914 0.160892 -0.235962 0.276412 0.552137 0.786601 0.421033 
1533664119301 0.106913 0.795765 -0.596093 -0.623398 -0.955087 0.248841 0.160894 -0.235979 0.276366 0.552119 0.78663 0.421024 
1533664119441 0.106766 0.795638 -0.596289 -0.62333 -0.955123 0.248724 0.16086 -0.236295 0.276298 0.552355 0.786488 0.420937 
1533664119640 0.105371 0.79541 -0.596841 -0.623191 -0.955174 0.24793 0.161783 -0.236573 0.276658 0.55304 0.78588 0.421072 
1533664119753 0.104843 0.795365 -0.596994 -0.623115 -0.955159 0.247686 0.162244 -0.236727 0.27691 0.553214 0.785668 0.421091 
1533664119875 0.104153 0.795379 -0.597096 -0.623067 -0.955185 0.247255 0.162747 -0.236805 0.27708 0.553387 0.785487 0.421143 
1533664119989 0.103698 0.795289 -0.597296 -0.622964 -0.95524 0.246922 0.162931 -0.237057 0.277063 0.553665 0.785297 0.421126 
1533664120109 0.103125 0.795245 -0.597454 -0.622882 -0.95534 0.246421 0.163102 -0.237256 0.276932 0.553951 0.785141 0.421125 
1533664120214 0.102599 0.79523 -0.597564 -0.622824 -0.955358 0.246102 0.163479 -0.237413 0.277065 0.554115 0.784979 0.421185 
1533664120231 0.102604 0.795212 -0.597587 -0.622811 -0.955342 0.246141 0.163511 -0.23745 0.277117 0.554123 0.784954 0.421192 
1533664120253 0.102559 0.795189 -0.597625 -0.622788 -0.955332 0.246143 0.163568 -0.237511 0.277169 0.554155 0.784914 0.421204 
1533664120264 0.102536 0.795172 -0.597652 -0.622779 -0.955326 0.246146 0.163596 -0.237538 0.277197 0.554179 0.784887 0.421207 
1533664120283 0.102424 0.79515 -0.597701 -0.622762 -0.955335 0.246073 0.163653 -0.237585 0.277206 0.554243 0.784839 0.421215 
1533664120364 0.102356 0.795112 -0.597762 -0.622752 -0.955375 0.245966 0.163581 -0.237624 0.277094 0.554343 0.784807 0.421108 
1533664120408 0.102794 0.795315 -0.597417 -0.622695 -0.955415 0.24607 0.163189 -0.237659 0.276793 0.554007 0.785151 0.421002 
1533664120430 0.102917 0.795412 -0.597267 -0.622666 -0.955428 0.246086 0.163093 -0.237657 0.276705 0.55386 0.785285 0.420962 
1533664120454 0.103033 0.795543 -0.597072 -0.622609 -0.955444 0.246081 0.163005 -0.237658 0.276605 0.553674 0.785452 0.420916 
1533664120492 0.10322 0.795648 -0.596901 -0.622522 -0.955444 0.246155 0.162895 -0.237753 0.276537 0.553491 0.785605 0.420909 
1533664120512 0.10333 0.795696 -0.596818 -0.622477 -0.95544 0.24621 0.162836 -0.237809 0.27651 0.553398 0.78568 0.420904 
1533664120529 0.103391 0.795767 -0.596712 -0.622437 -0.95545 0.246204 0.162784 -0.237849 0.276451 0.553298 0.785771 0.420899 
1533664120553 0.103423 0.79583 -0.596622 -0.622399 -0.955467 0.24617 0.162737 -0.237891 0.276382 0.553222 0.785849 0.420893 
1533664120684 0.103421 0.79565 -0.596863 -0.622153 -0.955408 0.246336 0.16283 -0.238106 0.276585 0.553408 0.785647 0.420776 
1533664120712 0.102862 0.795391 -0.597305 -0.62214 -0.955357 0.246203 0.16333 -0.237982 0.276969 0.553839 0.785207 0.420781 
1533664120792 0.102465 0.795241 -0.597572 -0.62197 -0.955317 0.246108 0.163709 -0.238032 0.277255 0.554096 0.784925 0.420883 
1533664120854 0.102371 0.795093 -0.597785 -0.621816 -0.955255 0.24622 0.163901 -0.238161 0.277503 0.554258 0.784723 0.420907 
1533664120910 0.102154 0.794992 -0.597957 -0.621634 -0.955167 0.246306 0.164287 -0.23821 0.277887 0.554366 0.784511 0.420884 
1533664120964 0.102029 0.794855 -0.59816 -0.621468 -0.955132 0.246344 0.164431 -0.238334 0.278052 0.554544 0.784326 0.420867 
1533664121020 0.101893 0.794721 -0.598361 -0.621297 -0.955103 0.246364 0.16457 -0.238455 0.278201 0.554728 0.784143 0.420866 
1533664121043 0.101826 0.79468 -0.598427 -0.62123 -0.955089 0.246366 0.164646 -0.238487 0.278273 0.554786 0.784077 0.420871 
1533664121060 0.101777 0.794662 -0.59846 -0.621181 -0.955079 0.246365 0.164709 -0.238502 0.278327 0.554812 0.784039 0.420879 
1533664121083 0.101676 0.794634 -0.598514 -0.621117 -0.955067 0.24634 0.164813 -0.238513 0.278404 0.554863 0.783976 0.420887 
1533664121258 0.100999 0.794556 -0.598732 -0.62093 -0.955273 0.245579 0.164755 -0.238391 0.277943 0.555312 0.783821 0.420866 
1533664121409 0.101335 0.79448 -0.598776 -0.62042 -0.95541 0.245511 0.164063 -0.238793 0.27735 0.555451 0.783933 0.420963 
1533664121452 0.101134 0.794553 -0.598713 -0.620239 -0.955452 0.245296 0.164139 -0.238763 0.277279 0.555441 0.783965 0.421011 
1533664121521 0.100789 0.794624 -0.598677 -0.620106 -0.955513 0.244964 0.164278 -0.238653 0.277194 0.555486 0.783963 0.421067 
1533664121586 0.100551 0.794615 -0.598729 -0.619933 -0.955565 0.244732 0.164323 -0.23864 0.277102 0.555602 0.783914 0.421114 
1533664121609 0.100528 0.794583 -0.598776 -0.619861 -0.955585 0.244688 0.164272 -0.238682 0.277041 0.555667 0.783889 0.42113 
1533664121625 0.100501 0.794544 -0.598831 -0.619807 -0.955599 0.244655 0.164238 -0.238715 0.277002 0.555736 0.783854 0.421141 
1533664121777 0.100058 0.794622 -0.598802 -0.61959 -0.955596 0.244395 0.16464 -0.238797 0.277171 0.555739 0.783792 0.421146 
1533664121846 0.0994576 0.794859 -0.598588 -0.619586 -0.955462 0.244267 0.165606 -0.23865 0.277849 0.555457 0.783752 0.42123 
1533664121997 0.0984859 0.7949 -0.598694 -0.619313 -0.955467 0.243707 0.1664 -0.238865 0.278177 0.555645 0.783503 0.421239 
1533664122073 0.097952 0.795083 -0.598538 -0.61905 -0.955279 0.243735 0.167438 -0.238844 0.279012 0.55537 0.7834 0.42139 
1533664122225 0.0969968 0.795042 -0.598748 -0.618767 -0.955269 0.243233 0.168222 -0.239088 0.27938 0.555648 0.783072 0.421335 
1533664122295 0.0964388 0.795197 -0.598633 -0.618595 -0.955136 0.243142 0.169108 -0.239073 0.280027 0.555468 0.782969 0.421505 
1533664122316 0.0963767 0.795201 -0.598637 -0.618553 -0.955111 0.243155 0.169228 -0.239101 0.280132 0.555456 0.78294 0.421518 
1533664122332 0.0962832 0.795202 -0.598651 -0.618523 -0.955108 0.243108 0.169313 -0.239113 0.280175 0.555474 0.782912 0.421509 
1533664122348 0.0961678 0.7952 -0.598673 -0.6185 -0.955115 0.24303 0.169385 -0.239119 0.28019 0.555512 0.782879 0.42149 
1533664122496 0.0956851 0.794925 -0.599115 -0.618271 -0.955274 0.242521 0.169217 -0.239162 0.279813 0.556128 0.782577 0.421596 
1533664122584 0.0956643 0.794512 -0.599666 -0.61804 -0.955444 0.242289 0.168593 -0.239246 0.279242 0.556818 0.78229 0.4216 
1533664122653 0.0953437 0.794347 -0.599936 -0.617951 -0.955532 0.241979 0.168536 -0.239184 0.279048 0.557189 0.782095 0.421602 
1533664122684 0.0950218 0.794304 -0.600043 -0.617829 -0.955613 0.241648 0.168551 -0.239122 0.27888 0.557393 0.78201 0.421663 
1533664122729 0.0949078 0.794222 -0.60017 -0.617678 -0.955697 0.241441 0.168376 -0.239186 0.278633 0.5576 0.78195 0.421733 
1533664122756 0.094968 0.794144 -0.600264 -0.617633 -0.955714 0.241461 0.168246 -0.239269 0.278552 0.557703 0.781906 0.42175 
1533664122769 0.0949778 0.794092 -0.600331 -0.617598 -0.955723 0.241463 0.168193 -0.23931 0.278518 0.557776 0.781866 0.42176 
1533664122791 0.0949604 0.794027 -0.600419 -0.617537 -0.955741 0.241435 0.16813 -0.239357 0.278462 0.55788 0.781811 0.42178 
1533664122807 0.0949184 0.793981 -0.600488 -0.617479 -0.955755 0.241397 0.168106 -0.239384 0.278428 0.557963 0.781764 0.421796 
1533664122841 0.0948005 0.793929 -0.600575 -0.61739 -0.955782 0.241292 0.168105 -0.239389 0.278377 0.558082 0.781697 0.421825 
1533664122914 0.0946554 0.794075 -0.600404 -0.617326 -0.955849 0.241035 0.168092 -0.239193 0.278196 0.557985 0.781831 0.421842 
1533664122963 0.0944904 0.794179 -0.600293 -0.617239 -0.955974 0.240662 0.167915 -0.239063 0.277822 0.557998 0.781955 0.421835 
1533664122999 0.0944837 0.794264 -0.600181 -0.617122 -0.956032 0.240518 0.167792 -0.239026 0.277625 0.557938 0.782067 0.421872 
1533664123050 0.0947287 0.794246 -0.600167 -0.616954 -0.956074 0.240576 0.167468 -0.23912 0.277397 0.55794 0.782147 0.421884 
1533664123100 0.0945361 0.794038 -0.600472 -0.616868 -0.956148 0.240376 0.167331 -0.239107 0.277206 0.558322 0.781942 0.421861 
1533664123117 0.0944487 0.794027 -0.6005 -0.616839 -0.956191 0.240245 0.167278 -0.239078 0.27709 0.558393 0.781932 0.421859 
1533664123134 0.0943809 0.794034 -0.600502 -0.616811 -0.95623 0.240125 0.167223 -0.239054 0.276976 0.558435 0.781943 0.421861 
1533664123150 0.0943271 0.794033 -0.600511 -0.616765 -0.956275 0.240006 0.167141 -0.239041 0.276842 0.558488 0.781953 0.421868 
1533664123273 0.0943431 0.793967 -0.600596 -0.616547 -0.9562 0.240184 0.167312 -0.23922 0.277093 0.558505 0.781851 0.421947 
1533664123287 0.0941504 0.793966 -0.600627 -0.616542 -0.956164 0.240148 0.167569 -0.239209 0.277283 0.558522 0.781772 0.421965 
1533664123306 0.0939206 0.793953 -0.600681 -0.616536 -0.956112 0.240128 0.167896 -0.239194 0.277542 0.558549 0.78166 0.421979 
1533664123387 0.0937405 0.793752 -0.600975 -0.616466 -0.955898 0.240513 0.168562 -0.239255 0.278338 0.55867 0.781291 0.42197 
1533664123422 0.0932991 0.793792 -0.600991 -0.616359 -0.955931 0.240186 0.168838 -0.239211 0.278372 0.558754 0.781219 0.421998 
1533664123476 0.092647 0.793801 -0.60108 -0.616189 -0.955889 0.239901 0.169484 -0.239117 0.278736 0.558863 0.781011 0.422069 
1533664123525 0.0924152 0.793707 -0.601239 -0.616098 -0.955808 0.239958 0.169858 -0.239151 0.27909 0.558972 0.780807 0.422119 
1533664123550 0.0923532 0.793649 -0.601325 -0.616045 -0.955779 0.239996 0.169964 -0.239224 0.279207 0.559037 0.780718 0.422136 
1533664123567 0.0922905 0.793622 -0.60137 -0.616005 -0.955767 0.239992 0.170037 -0.239263 0.279269 0.559077 0.780667 0.422146 
1533664123587 0.092188 0.793613 -0.601399 -0.615927 -0.955738 0.239996 0.170197 -0.239289 0.279404 0.559089 0.78061 0.422176 
1533664123604 0.0921153 0.793615 -0.601406 -0.615868 -0.955711 0.240008 0.170332 -0.2393 0.27952 0.55908 0.780575 0.422202 
1533664123621 0.0920762 0.79362 -0.601406 -0.615819 -0.955688 0.240031 0.17043 -0.239311 0.279613 0.559063 0.780554 0.422225 
1533664123729 0.0916383 0.793686 -0.601386 -0.615854 -0.955771 0.239597 0.170572 -0.239157 0.279471 0.559156 0.780538 0.422155 
1533664123756 0.09128 0.793791 -0.601302 -0.615771 -0.955858 0.23919 0.170657 -0.239142 0.279291 0.559182 0.780584 0.422172 
1533664123782 0.0910331 0.793936 -0.601148 -0.615641 -0.955908 0.238908 0.17077 -0.239158 0.2792 0.559097 0.780678 0.422206 
1533664123807 0.0909365 0.793989 -0.601092 -0.615532 -0.955902 0.238849 0.170884 -0.239195 0.279251 0.559046 0.780696 0.422222 
1533664123828 0.0909542 0.793992 -0.601085 -0.615475 -0.955873 0.238916 0.170953 -0.239227 0.279344 0.559013 0.780687 0.422227 
1533664123844 0.0909669 0.793991 -0.601085 -0.615436 -0.955854 0.238963 0.170996 -0.239266 0.279406 0.558995 0.780677 0.422235 
1533664123861 0.0909241 0.793999 -0.60108 -0.615392 -0.955849 0.238946 0.171047 -0.239302 0.279437 0.55899 0.78067 0.422244 
1533664123878 0.0907698 0.79402 -0.601077 -0.615354 -0.955872 0.238806 0.171114 -0.239318 0.279408 0.559021 0.780658 0.422247 
1533664123894 0.090627 0.794039 -0.601073 -0.615321 -0.955894 0.238676 0.171175 -0.239323 0.279381 0.559049 0.780648 0.422246 
1533664123911 0.0905105 0.794058 -0.601066 -0.615291 -0.955911 0.238569 0.171226 -0.239324 0.279359 0.559068 0.780642 0.422246 
1533664123946 0.0904445 0.794077 -0.601051 -0.615231 -0.955921 0.238507 0.171259 -0.239348 0.279347 0.559068 0.780646 0.422258 
1533664124008 0.0903429 0.793999 -0.601169 -0.615156 -0.955947 0.238418 0.171234 -0.239355 0.279289 0.559216 0.780561 0.422326 
1533664124052 0.0898241 0.7938 -0.601509 -0.615062 -0.955999 0.238076 0.171424 -0.239248 0.279282 0.559644 0.780257 0.422364 
1533664124069 0.0896975 0.79375 -0.601594 -0.615019 -0.956006 0.238004 0.171484 -0.239231 0.279297 0.559746 0.780178 0.422379 
1533664124085 0.0896151 0.793754 -0.601601 -0.614959 -0.956025 0.237916 0.171497 -0.239241 0.279257 0.559777 0.78017 0.422406 
1533664124109 0.089499 0.793762 -0.601608 -0.614891 -0.95608 0.237737 0.171438 -0.239312 0.279106 0.559842 0.780177 0.422433 
1533664124125 0.0894511 0.793752 -0.601627 -0.614841 -0.956112 0.23765 0.171386 -0.239376 0.279015 0.559892 0.780174 0.422448 
1533664124141 0.0894336 0.793739 -0.601647 -0.614797 -0.956126 0.237615 0.171354 -0.239426 0.27897 0.559926 0.780166 0.422461 
1533664124158 0.0894293 0.793736 -0.601653 -0.614756 -0.956127 0.237611 0.171353 -0.239461 0.278968 0.559933 0.780162 0.422475 
1533664124175 0.0894045 0.793744 -0.601645 -0.614729 -0.956124 0.237602 0.171386 -0.239467 0.278988 0.559924 0.78016 0.422488 
1533664124191 0.0893762 0.793755 -0.601635 -0.614723 -0.956117 0.237595 0.17143 -0.239455 0.279019 0.559912 0.780158 0.422497 
1533664124284 0.0892201 0.793744 -0.601673 -0.614694 -0.955954 0.237836 0.172005 -0.239379 0.279628 0.559825 0.780002 0.422508 
1533664124308 0.0889676 0.793743 -0.601711 -0.614602 -0.955952 0.237697 0.172211 -0.239391 0.279716 0.559885 0.779928 0.422526 
1533664124328 0.0887901 0.793724 -0.601763 -0.614513 -0.955941 0.237621 0.172373 -0.23942 0.279808 0.559945 0.779852 0.422555 
1533664124345 0.088787 0.793695 -0.601802 -0.614462 -0.95591 0.237691 0.172452 -0.239448 0.279917 0.559957 0.779804 0.422571 
1533664124362 0.0888041 0.793659 -0.601847 -0.614417 -0.955878 0.237775 0.172512 -0.239479 0.28002 0.559972 0.779756 0.422579 
1533664124378 0.0888028 0.793624 -0.601893 -0.614361 -0.955847 0.237845 0.172585 -0.239509 0.280125 0.559992 0.779704 0.422584 
1533664124492 0.0883789 0.793645 -0.601928 -0.614326 -0.955841 0.23761 0.172947 -0.239539 0.280282 0.560062 0.779598 0.42274 
1533664124521 0.088064 0.793597 -0.602037 -0.614323 -0.955833 0.237458 0.173197 -0.239536 0.280407 0.560195 0.779457 0.422747 
1533664124556 0.0878515 0.793439 -0.602277 -0.614285 -0.955771 0.237504 0.173474 -0.239601 0.280684 0.560399 0.779211 0.422701 
1533664124652 0.0874857 0.793296 -0.602518 -0.614058 -0.955646 0.237585 0.174053 -0.23979 0.281225 0.560567 0.778895 0.422826 
1533664124673 0.0873697 0.793274 -0.602563 -0.614008 -0.95563 0.237556 0.174179 -0.239825 0.281314 0.56061 0.778832 0.422851 
1533664124690 0.0872443 0.793247 -0.602618 -0.61397 -0.955613 0.237526 0.174315 -0.239838 0.281412 0.560661 0.778759 0.422866 
1533664124709 0.0870405 0.79322 -0.602682 -0.613922 -0.955597 0.237447 0.174507 -0.239848 0.281528 0.560732 0.778667 0.422887 
1533664124726 0.0869361 0.793202 -0.602722 -0.61389 -0.955582 0.237424 0.174625 -0.239862 0.281613 0.560769 0.778609 0.422906 
1533664124743 0.0868843 0.793178 -0.60276 -0.613863 -0.955564 0.237436 0.174706 -0.239879 0.28169 0.560796 0.778562 0.422919 
1533664124759 0.0868818 0.793162 -0.602782 -0.613854 -0.955542 0.237482 0.17476 -0.239886 0.281763 0.5608 0.778532 0.422926 
1533664124776 0.0869423 0.793153 -0.602785 -0.613864 -0.955527 0.23755 0.174752 -0.239889 0.281797 0.560784 0.778532 0.422919 
1533664124793 0.0869678 0.793158 -0.602775 -0.613879 -0.955528 0.237562 0.174732 -0.239864 0.281787 0.560772 0.778544 0.422896 
1533664124809 0.0870776 0.793165 -0.602749 -0.613891 -0.955519 0.23764 0.174672 -0.239834 0.281781 0.560728 0.778578 0.422869 
1533664124826 0.0872848 0.793257 -0.602598 -0.613885 -0.955533 0.237705 0.174508 -0.239818 0.28167 0.56057 0.778732 0.42285 
1533664124846 0.087422 0.793351 -0.602454 -0.613871 -0.955581 0.237662 0.174305 -0.239814 0.281465 0.560456 0.778888 0.422816 
1533664124863 0.0874364 0.7934 -0.602388 -0.61385 -0.955633 0.237553 0.174169 -0.239814 0.281285 0.560433 0.778969 0.422789 
1533664124879 0.0873572 0.793449 -0.602335 -0.61381 -0.955689 0.237381 0.174095 -0.239797 0.281119 0.560436 0.779028 0.42277 
1533664124899 0.0872712 0.793505 -0.602274 -0.613732 -0.955747 0.2372 0.174024 -0.23979 0.280948 0.560434 0.779091 0.42276 
1533664124929 0.0872185 0.793562 -0.602207 -0.613629 -0.955796 0.237054 0.17395 -0.239811 0.280795 0.560415 0.779159 0.42277 
1533664124946 0.0872241 0.79358 -0.602182 -0.61358 -0.955788 0.237068 0.173976 -0.239833 0.280822 0.560384 0.779172 0.422797 
1533664124963 0.0872548 0.793567 -0.602194 -0.613571 -0.955774 0.237117 0.173985 -0.239871 0.280859 0.560381 0.779161 0.422824 
1533664125053 0.0872463 0.793189 -0.602694 -0.613551 -0.955513 0.237743 0.174567 -0.24008 0.281751 0.560651 0.778644 0.422961 
1533664125073 0.0870704 0.793187 -0.602721 -0.613494 -0.955506 0.237656 0.174723 -0.240058 0.281828 0.56069 0.778588 0.422987 
1533664125090 0.0868995 0.79321 -0.602716 -0.613434 -0.955504 0.237555 0.174872 -0.240021 0.281888 0.560701 0.778558 0.423015 
1533664125197 0.0866737 0.79318 -0.602788 -0.613323 -0.955542 0.237356 0.17493 -0.240066 0.281827 0.560828 0.778489 0.422967 
1533664125219 0.0868408 0.793375 -0.602507 -0.613356 -0.955586 0.23731 0.174756 -0.240078 0.281628 0.560572 0.778746 0.422946 
1533664125322 0.087092 0.793815 -0.601891 -0.613434 -0.955578 0.237344 0.174756 -0.23998 0.281578 0.559933 0.779223 0.422868 
1533664125362 0.0871934 0.794056 -0.601558 -0.613338 -0.955617 0.237253 0.174661 -0.240049 0.281412 0.55963 0.7795 0.422861 
1533664125410 0.0872104 0.794308 -0.601223 -0.61323 -0.955668 0.23709 0.174607 -0.240138 0.281236 0.559342 0.779771 0.42286 
1533664125495 0.0873007 0.794758 -0.600615 -0.613121 -0.955706 0.236935 0.174608 -0.240118 0.281078 0.558768 0.78024 0.422791 
1533664125515 0.0872666 0.794847 -0.600502 -0.613103 -0.955725 0.236852 0.174618 -0.2401 0.281025 0.558676 0.780324 0.42276 
1533664125532 0.0872404 0.79491 -0.600423 -0.613091 -0.955738 0.236792 0.174625 -0.240088 0.280987 0.558613 0.780383 0.422743 
1533664125548 0.0872 0.794956 -0.600367 -0.613081 -0.955755 0.236721 0.174628 -0.24008 0.280942 0.558576 0.780426 0.422733 
1533664125649 0.086859 0.795098 -0.600228 -0.613033 -0.955858 0.236279 0.174667 -0.239989 0.280699 0.558561 0.780524 0.422665 
1533664125662 0.0867819 0.794952 -0.600433 -0.613045 -0.955848 0.236295 0.174696 -0.239987 0.280755 0.558762 0.78036 0.422662 
1533664125682 0.0866624 0.794757 -0.600708 -0.613045 -0.955869 0.236241 0.174655 -0.240007 0.28072 0.559062 0.780157 0.422677 
1533664125703 0.086712 0.794649 -0.600844 -0.613032 -0.955862 0.236315 0.174593 -0.240038 0.280729 0.559185 0.780067 0.422706 
1533664125724 0.0868356 0.79459 -0.600905 -0.612992 -0.955853 0.236422 0.174497 -0.240086 0.280721 0.559224 0.780041 0.422766 
1533664125744 0.0868638 0.794589 -0.600902 -0.612965 -0.955839 0.236466 0.174513 -0.240089 0.280759 0.559207 0.78004 0.422794 
1533664125759 0.086854 0.794588 -0.600904 -0.612947 -0.955834 0.236472 0.174537 -0.240081 0.280782 0.559205 0.780033 0.42281 
1533664125776 0.0868052 0.79461 -0.600882 -0.612912 -0.955839 0.236427 0.174569 -0.240057 0.280779 0.559193 0.780043 0.422847 
1533664125793 0.086726 0.794638 -0.600857 -0.612867 -0.95585 0.236351 0.174611 -0.240028 0.280765 0.559185 0.780053 0.422885 
1533664125865 0.0865282 0.79457 -0.600975 -0.612729 -0.955918 0.236121 0.174551 -0.240041 0.280596 0.559379 0.779975 0.422942 
1533664125905 0.0866907 0.794449 -0.601112 -0.612768 -0.956003 0.236079 0.174138 -0.2401 0.280254 0.559569 0.779962 0.42287 
1533664125927 0.086767 0.794364 -0.601213 -0.612799 -0.956062 0.236031 0.173882 -0.240086 0.280031 0.55971 0.779941 0.422821 
1533664125948 0.0867892 0.794306 -0.601287 -0.612825 -0.956122 0.23594 0.173673 -0.240069 0.279817 0.559831 0.779931 0.4228 
1533664125974 0.0866936 0.79423 -0.601401 -0.612855 -0.956228 0.235695 0.173424 -0.240049 0.279485 0.560042 0.779898 0.422797 
1533664125997 0.0866186 0.794217 -0.601429 -0.612847 -0.956287 0.235538 0.173314 -0.240015 0.279308 0.560126 0.779901 0.422799 
1533664126012 0.086548 0.794214 -0.601442 -0.612824 -0.956329 0.235413 0.173251 -0.23998 0.279186 0.560182 0.779905 0.422797 
1533664126027 0.0864965 0.794206 -0.601461 -0.612806 -0.956358 0.235327 0.173206 -0.239956 0.279101 0.560231 0.7799 0.422802 
1533664126047 0.0864475 0.794179 -0.601504 -0.612778 -0.95639 0.235243 0.173146 -0.239946 0.279009 0.560304 0.77988 0.422818 
1533664126064 0.0864415 0.794154 -0.601537 -0.612744 -0.956414 0.235198 0.173072 -0.239947 0.278926 0.560358 0.779871 0.422848 
1533664126083 0.0864293 0.794132 -0.601568 -0.612713 -0.95644 0.235145 0.173001 -0.239949 0.278842 0.560411 0.779863 0.422877 
1533664126097 0.0864084 0.79412 -0.601587 -0.612695 -0.956453 0.235111 0.172977 -0.239945 0.278804 0.560443 0.779854 0.422886 
1533664126114 0.0864338 0.794087 -0.601627 -0.612688 -0.956457 0.235126 0.172932 -0.239964 0.278782 0.560483 0.779833 0.422872 
1533664126131 0.0865149 0.794061 -0.60165 -0.61269 -0.956446 0.235202 0.172888 -0.239999 0.278793 0.560488 0.779825 0.422847 
1533664126151 0.0866345 0.79404 -0.60166 -0.612698 -0.956429 0.235312 0.172834 -0.240044 0.278814 0.560472 0.779829 0.422823 
1533664126167 0.0867655 0.794112 -0.601546 -0.61269 -0.956437 0.235352 0.172738 -0.240079 0.278748 0.560353 0.779938 0.422821 
1533664126187 0.0869098 0.794209 -0.601397 -0.612676 -0.956428 0.235425 0.172687 -0.240099 0.278733 0.560185 0.780064 0.422822 
1533664126201 0.0869864 0.794276 -0.601298 -0.612659 -0.956422 0.235461 0.172669 -0.240094 0.278729 0.560075 0.780145 0.422822 
1533664126221 0.087036 0.794283 -0.601281 -0.612647 -0.956405 0.235523 0.172682 -0.240067 0.278774 0.560038 0.780155 0.422813 
1533664126236 0.0870095 0.794294 -0.601271 -0.612628 -0.956405 0.235504 0.172706 -0.240018 0.278782 0.560032 0.780157 0.422796 
1533664126254 0.086931 0.794306 -0.601266 -0.61261 -0.956427 0.235412 0.172712 -0.23997 0.278731 0.560053 0.78016 0.422779 
1533664126273 0.0868062 0.794268 -0.601335 -0.612604 -0.956467 0.23527 0.172682 -0.239934 0.278631 0.560167 0.780114 0.422762 
1533664126348 0.0867786 0.794375 -0.601197 -0.612528 -0.956588 0.234979 0.172405 -0.23988 0.278223 0.560137 0.780281 0.422832 
1533664126361 0.0868987 0.794399 -0.601148 -0.612513 -0.956583 0.235052 0.172336 -0.239878 0.278205 0.560072 0.780334 0.422836 
1533664126382 0.0872411 0.794585 -0.600852 -0.612453 -0.9566 0.235162 0.172091 -0.239881 0.278039 0.559762 0.780616 0.422843 
1533664126493 0.0870932 0.79474 -0.600669 -0.612351 -0.956725 0.234781 0.171918 -0.239856 0.277656 0.559702 0.780795 0.422835 
1533664126507 0.0868008 0.794633 -0.600853 -0.612372 -0.956719 0.234655 0.172122 -0.239836 0.277767 0.559907 0.780608 0.422852 
1533664126523 0.0865055 0.79451 -0.601058 -0.612389 -0.956706 0.234546 0.172344 -0.239824 0.277904 0.560127 0.780402 0.422871 
1533664126544 0.0862141 0.794362 -0.601295 -0.612405 -0.956668 0.234495 0.17262 -0.239815 0.278123 0.560358 0.780158 0.422901 
1533664126560 0.0861814 0.794306 -0.601374 -0.612406 -0.956606 0.234619 0.1728 -0.239814 0.278349 0.560386 0.780057 0.422936 
1533664126576 0.0861674 0.794285 -0.601404 -0.612402 -0.956571 0.234687 0.1729 -0.239815 0.278474 0.560387 0.780012 0.422952 
1533664126600 0.0861139 0.794252 -0.601455 -0.612391 -0.956547 0.234713 0.172996 -0.239815 0.278571 0.560423 0.779952 0.422953 
1533664126616 0.0860912 0.794196 -0.601533 -0.612365 -0.956534 0.234741 0.173027 -0.239849 0.278622 0.560491 0.779885 0.42294 
1533664126633 0.086043 0.794139 -0.601615 -0.612337 -0.956535 0.234729 0.173041 -0.23989 0.278635 0.560577 0.779818 0.422925 
1533664126651 0.0858902 0.794021 -0.601792 -0.612287 -0.956548 0.234648 0.173079 -0.239964 0.278638 0.560777 0.779673 0.422906 
1533664126666 0.0857604 0.793913 -0.601952 -0.61224 -0.956547 0.234605 0.173141 -0.240011 0.27868 0.560947 0.779535 0.422897 
1533664126683 0.0856563 0.793815 -0.602097 -0.612184 -0.956542 0.234583 0.173197 -0.240058 0.278728 0.561096 0.779411 0.422889 
1533664126700 0.0855784 0.7938 -0.602128 -0.612148 -0.956547 0.234533 0.17324 -0.240065 0.278736 0.561138 0.779378 0.422902 
1533664126717 0.0855447 0.793848 -0.602069 -0.612131 -0.956555 0.234484 0.173264 -0.240044 0.278721 0.56109 0.779418 0.422932 
1533664126733 0.0855341 0.7939 -0.602003 -0.612128 -0.956553 0.234466 0.173296 -0.240006 0.278729 0.561025 0.779462 0.422962 
1533664126797 0.0856097 0.793884 -0.602013 -0.612246 -0.956557 0.234506 0.173219 -0.239806 0.278691 0.561031 0.779471 0.42302 
1533664126814 0.0855621 0.793766 -0.602176 -0.61226 -0.956557 0.234514 0.173211 -0.239788 0.278708 0.561195 0.779347 0.423039 
1533664126834 0.0854586 0.793683 -0.602299 -0.612239 -0.956569 0.234452 0.173226 -0.239763 0.278697 0.561337 0.779249 0.42307 
1533664126851 0.0853486 0.793627 -0.602388 -0.61219 -0.9566 0.234342 0.173204 -0.239766 0.278624 0.561462 0.779185 0.423105 
1533664126949 0.0856007 0.793615 -0.602368 -0.612055 -0.95651 0.234675 0.173255 -0.239968 0.278858 0.56134 0.779189 0.423121 
1533664126968 0.0854381 0.79375 -0.602214 -0.612031 -0.956537 0.234487 0.173359 -0.239967 0.278815 0.561228 0.779285 0.423091 
1533664127053 0.0850066 0.793869 -0.602118 -0.611934 -0.956551 0.234173 0.173702 -0.239978 0.278896 0.561191 0.779283 0.423003 
1533664127091 0.0849242 0.793873 -0.602125 -0.611817 -0.956533 0.23416 0.173819 -0.24006 0.278983 0.561191 0.779251 0.423013 
1533664127124 0.0846211 0.793891 -0.602143 -0.611718 -0.956573 0.233899 0.173951 -0.240125 0.278939 0.561274 0.779207 0.423032 
1533664127159 0.0845152 0.7939 -0.602146 -0.611602 -0.956556 0.233868 0.174085 -0.240191 0.279029 0.561274 0.779176 0.423056 
1533664127180 0.0845315 0.793891 -0.602156 -0.611524 -0.95654 0.233913 0.174114 -0.240268 0.279079 0.561268 0.779162 0.423075 
1533664127198 0.0845719 0.79386 -0.60219 -0.611458 -0.956521 0.233984 0.174124 -0.240349 0.279133 0.561282 0.779133 0.423086 
1533664127214 0.0845852 0.793849 -0.602204 -0.611396 -0.956503 0.234031 0.174159 -0.240415 0.27919 0.561279 0.779114 0.423101 
1533664127230 0.084535 0.793855 -0.602203 -0.611364 -0.956498 0.23401 0.174214 -0.240436 0.279222 0.561279 0.779103 0.423109 
1533664127247 0.0843911 0.793876 -0.602196 -0.611336 -0.956514 0.233888 0.17429 -0.240434 0.279211 0.5613 0.779091 0.423118 
1533664127276 0.0841178 0.793926 -0.602167 -0.611305 -0.956538 0.233667 0.174457 -0.240389 0.279212 0.561321 0.779076 0.423137 
1533664127349 0.083584 0.793942 -0.60222 -0.611216 -0.956599 0.233228 0.174709 -0.240274 0.279164 0.56148 0.778978 0.423116 
1533664127373 0.0832289 0.793951 -0.602258 -0.611119 -0.956696 0.232823 0.174718 -0.240311 0.278938 0.561636 0.778947 0.423117 
1533664127396 0.0829898 0.793937 -0.60231 -0.611025 -0.956782 0.232515 0.174659 -0.240385 0.278714 0.561784 0.77892 0.423117 
1533664127420 0.0829285 0.793916 -0.602345 -0.610948 -0.956803 0.232441 0.174639 -0.240442 0.278658 0.561843 0.778898 0.423115 
1533664127437 0.0829103 0.793907 -0.60236 -0.610893 -0.956803 0.232434 0.17465 -0.24048 0.278665 0.56186 0.778883 0.423126 
1533664127453 0.0829031 0.793898 -0.602372 -0.610827 -0.956798 0.232442 0.174665 -0.240533 0.278683 0.561868 0.778871 0.423146 
1533664127604 0.0827391 0.793898 -0.602396 -0.610681 -0.956914 0.232112 0.174469 -0.240434 0.278334 0.562006 0.778897 0.423212 
1533664127625 0.0828829 0.793867 -0.602417 -0.610685 -0.956921 0.232192 0.174326 -0.240407 0.278268 0.562016 0.778912 0.423192 
1533664127644 0.0830792 0.793823 -0.602447 -0.610698 -0.956932 0.232296 0.174125 -0.24039 0.27817 0.562035 0.778934 0.423177 
1533664127735 0.0830298 0.79374 -0.602563 -0.610678 -0.957131 0.231889 0.173575 -0.240338 0.277501 0.56232 0.778967 0.42318 
1533664127765 0.0830984 0.793739 -0.602556 -0.610559 -0.957157 0.231877 0.173448 -0.24033 0.277391 0.562327 0.779001 0.423243 
1533664127799 0.0831873 0.793618 -0.602702 -0.610443 -0.957154 0.231969 0.173339 -0.240347 0.277374 0.562459 0.778912 0.423295 
1533664127864 0.0834029 0.793467 -0.602871 -0.610314 -0.957228 0.231988 0.172904 -0.240441 0.277053 0.562665 0.778878 0.423314 
1533664127881 0.0834354 0.793435 -0.602909 -0.610292 -0.957249 0.231974 0.172808 -0.240429 0.276971 0.562715 0.77887 0.423311 
1533664127897 0.0834451 0.793428 -0.602917 -0.610257 -0.957269 0.231941 0.172742 -0.240392 0.276899 0.56274 0.778878 0.423323 
1533664128012 0.0832253 0.793388 -0.603 -0.610133 -0.957355 0.231648 0.172655 -0.240388 0.276666 0.562916 0.778833 0.423333 
1533664128025 0.0831017 0.793354 -0.603061 -0.610142 -0.957349 0.2316 0.172757 -0.240409 0.276727 0.562984 0.778763 0.42332 
1533664128042 0.0829406 0.79331 -0.603141 -0.610138 -0.957288 0.231642 0.173037 -0.24045 0.276985 0.563028 0.778639 0.423317 
1533664128074 0.0829644 0.793258 -0.603208 -0.610108 -0.957146 0.23196 0.173397 -0.240513 0.277468 0.562972 0.778508 0.423343 
1533664128126 0.0829405 0.793279 -0.603182 -0.610012 -0.957023 0.232188 0.173768 -0.240527 0.277898 0.562847 0.778445 0.423453 
1533664128178 0.0825804 0.793301 -0.603203 -0.609788 -0.956996 0.232026 0.174133 -0.24056 0.278099 0.562883 0.778347 0.423594 
1533664128199 0.082488 0.793242 -0.603294 -0.609711 -0.956989 0.232003 0.174201 -0.240621 0.278149 0.562976 0.778262 0.423609 
1533664128215 0.0824267 0.793177 -0.603387 -0.609644 -0.956976 0.232013 0.174261 -0.240679 0.278214 0.563063 0.778175 0.423621 
1533664128232 0.0823396 0.793127 -0.603465 -0.609599 -0.956964 0.232001 0.174344 -0.240706 0.278282 0.563138 0.778097 0.423635 
1533664128248 0.0822062 0.793085 -0.603538 -0.609562 -0.956942 0.23198 0.174493 -0.240702 0.278396 0.563207 0.778006 0.42365 
1533664128268 0.0820408 0.79306 -0.603593 -0.60953 -0.956919 0.231936 0.174675 -0.240666 0.278522 0.563259 0.777923 0.423664 
1533664128285 0.0820014 0.793072 -0.603584 -0.609506 -0.956898 0.231953 0.17477 -0.240648 0.278608 0.563237 0.777909 0.423681 
1533664128374 0.0820547 0.793035 -0.603624 -0.609461 -0.95681 0.232172 0.17496 -0.240565 0.278894 0.563197 0.777835 0.423728 
1533664128396 0.0818957 0.792941 -0.60377 -0.609386 -0.956798 0.232131 0.175081 -0.240506 0.278982 0.563347 0.777695 0.42374 
1533664128426 0.0817739 0.792862 -0.603889 -0.609305 -0.956784 0.23211 0.175184 -0.240478 0.279066 0.563466 0.777579 0.423759 
1533664128456 0.0816761 0.792775 -0.604017 -0.6092 -0.956777 0.232093 0.175246 -0.240506 0.279119 0.563596 0.777465 0.423793 
1533664128473 0.0817536 0.79275 -0.604039 -0.609161 -0.956759 0.232181 0.175225 -0.240565 0.279156 0.563595 0.777453 0.423814 
1533664128490 0.0818384 0.792726 -0.60406 -0.609117 -0.956734 0.232289 0.17522 -0.240624 0.279218 0.563585 0.777438 0.423836 
1533664128507 0.081918 0.792691 -0.604095 -0.609063 -0.956706 0.232402 0.175224 -0.240688 0.279292 0.563587 0.77741 0.423859 
1533664128524 0.0819316 0.792599 -0.604213 -0.609004 -0.95667 0.232509 0.175278 -0.240738 0.27941 0.563672 0.777306 0.423875 
1533664128540 0.0818787 0.792529 -0.604313 -0.608957 -0.956644 0.232551 0.175364 -0.240746 0.279514 0.563754 0.777209 0.423887 
1533664128557 0.0817452 0.79247 -0.604408 -0.608925 -0.956622 0.232534 0.175505 -0.240706 0.279628 0.563843 0.777103 0.4239 
1533664128573 0.0816172 0.792476 -0.604418 -0.60891 -0.956619 0.232464 0.175616 -0.240648 0.279676 0.563864 0.77707 0.423911 
1533664128590 0.0815181 0.792527 -0.604364 -0.608893 -0.956627 0.232375 0.17569 -0.240594 0.279678 0.563829 0.777095 0.423925 
1533664128611 0.0814482 0.792577 -0.604308 -0.6089 -0.956639 0.232295 0.17573 -0.240549 0.279657 0.563792 0.77713 0.423931 
1533664128689 0.0811412 0.792922 -0.603897 -0.60883 -0.956798 0.231693 0.175657 -0.240429 0.2792 0.563555 0.777466 0.4239 
1533664128716 0.0807985 0.793014 -0.603822 -0.608719 -0.956853 0.231354 0.175804 -0.240337 0.279111 0.563564 0.777491 0.423908 
1533664128736 0.0805911 0.793028 -0.60383 -0.608648 -0.956879 0.231176 0.175899 -0.240299 0.279084 0.563617 0.777463 0.423916 
1533664128876 0.0805832 0.792922 -0.603971 -0.608552 -0.956841 0.231278 0.175969 -0.240518 0.279215 0.563724 0.777338 0.423898 
1533664128908 0.0803063 0.793064 -0.603821 -0.608558 -0.956766 0.231225 0.176446 -0.240493 0.279552 0.563546 0.777346 0.423964 
1533664129036 0.0796066 0.792986 -0.604017 -0.608604 -0.956588 0.231194 0.177449 -0.240491 0.28036 0.563669 0.776965 0.423981 
1533664129069 0.0793911 0.793024 -0.603995 -0.608536 -0.956534 0.231164 0.17778 -0.240532 0.280605 0.563628 0.776907 0.42401 
1533664129158 0.0792728 0.793034 -0.603997 -0.608381 -0.956387 0.231386 0.178282 -0.240673 0.28114 0.563522 0.77679 0.424114 
