1535142351093 0.47256 0.840684 -0.264459 -0.621578 -0.843188 0.518578 0.141812 -0.229918 0.256361 0.155974 0.953914 0.373465 
1535142356495 0.472562 0.840682 -0.264458 -0.621577 -0.843187 0.51858 0.141811 -0.22992 0.256361 0.155973 0.953914 0.373466 
1535142357492 0.422174 0.862424 -0.279275 -0.624321 -0.868457 0.473107 0.148165 -0.232858 0.259908 0.179987 0.948711 0.374814 
1535142358528 0.370034 0.88111 -0.294481 -0.627182 -0.891167 0.426211 0.15545 -0.236085 0.26248 0.20491 0.94293 0.37613 
1535142359564 0.343546 0.889203 -0.302149 -0.628655 -0.901429 0.40247 0.159509 -0.237749 0.263442 0.217567 0.939821 0.37689 
1535142360613 0.289642 0.903252 -0.316613 -0.631502 -0.920017 0.353964 0.168163 -0.240961 0.263963 0.242582 0.93353 0.378226 
1535142361303 0.234778 0.914202 -0.330324 -0.634416 -0.935812 0.304496 0.177593 -0.244104 0.262938 0.267426 0.92701 0.379545 
1535142361330 0.234778 0.914202 -0.330324 -0.634416 -0.935812 0.304496 0.177593 -0.244104 0.262938 0.267426 0.92701 0.379545 
1535142361607 0.234348 0.914013 -0.331152 -0.634583 -0.93571 0.304466 0.178178 -0.244312 0.263682 0.268106 0.926602 0.379671 
1535142361949 0.232532 0.914399 -0.331365 -0.634473 -0.936013 0.302954 0.179162 -0.244325 0.264214 0.268501 0.926336 0.379652 
1535142362203 0.223176 0.915383 -0.335061 -0.634507 -0.936888 0.296334 0.185542 -0.245053 0.269133 0.272506 0.923747 0.380235 
1535142362575 0.223176 0.915383 -0.335061 -0.634507 -0.936888 0.296334 0.185542 -0.245053 0.269133 0.272506 0.923747 0.380235 
1535142362840 0.216756 0.916137 -0.337209 -0.634587 -0.937478 0.291693 0.189871 -0.245331 0.27231 0.27497 0.922084 0.380655 
1535142363205 0.207487 0.916751 -0.341346 -0.63471 -0.938043 0.285452 0.196447 -0.246121 0.277531 0.279437 0.91918 0.381042 
1535142363238 0.207124 0.916789 -0.341465 -0.634687 -0.937993 0.28527 0.196951 -0.246218 0.277972 0.279499 0.919028 0.381153 
1535142363873 0.204326 0.916788 -0.343149 -0.634965 -0.939072 0.282552 0.195726 -0.246428 0.276396 0.28225 0.918662 0.381379 
1535142364789 0.199329 0.916874 -0.345848 -0.635343 -0.9407 0.277899 0.194563 -0.24693 0.2745 0.286557 0.917897 0.381911 
1535142364817 0.198614 0.916842 -0.346342 -0.635395 -0.94093 0.277256 0.194369 -0.247061 0.274231 0.287279 0.917752 0.382004 
1535142365041 0.198615 0.916842 -0.346341 -0.635395 -0.94093 0.277257 0.194369 -0.247062 0.274231 0.287278 0.917752 0.382005 
1535142365566 0.194991 0.918137 -0.344967 -0.636007 -0.94344 0.271734 0.189952 -0.247677 0.268141 0.288417 0.919193 0.382222 
1535142365963 0.194467 0.919002 -0.342954 -0.636257 -0.944389 0.269925 0.187805 -0.248099 0.265165 0.28736 0.920387 0.382036 
1535142366989 0.193829 0.919655 -0.341562 -0.636486 -0.945164 0.268346 0.186161 -0.248266 0.26286 0.286748 0.921238 0.381851 
1535142367361 0.19504 0.919708 -0.340729 -0.636404 -0.945023 0.269189 0.185655 -0.248262 0.262469 0.285787 0.921648 0.381733 
1535142367716 0.197926 0.919741 -0.338971 -0.636248 -0.944593 0.271347 0.184703 -0.248244 0.261858 0.283632 0.922487 0.381514 
1535142367758 0.198657 0.919708 -0.338634 -0.636212 -0.94447 0.271929 0.184475 -0.248266 0.261748 0.283182 0.922657 0.381457 
1535142367773 0.198657 0.919708 -0.338634 -0.636212 -0.94447 0.271929 0.184475 -0.248266 0.261748 0.283182 0.922657 0.381457 
1535142367975 0.198657 0.919708 -0.338634 -0.636212 -0.94447 0.271929 0.184475 -0.248266 0.261748 0.283182 0.922657 0.381457 
1535142367997 0.198657 0.919708 -0.338634 -0.636212 -0.94447 0.271929 0.184475 -0.248266 0.261748 0.283182 0.922657 0.381457 
1535142368093 0.200392 0.919496 -0.338186 -0.635785 -0.944176 0.273383 0.183832 -0.248026 0.261487 0.282469 0.92295 0.381512 
1535142368184 0.200392 0.919496 -0.338186 -0.635785 -0.944176 0.273383 0.183832 -0.248026 0.261487 0.282469 0.92295 0.381512 
1535142368498 0.204744 0.919177 -0.336443 -0.634822 -0.943439 0.276894 0.182351 -0.247165 0.260772 0.280078 0.92388 0.381684 
1535142368915 0.205669 0.91908 -0.336143 -0.634015 -0.94328 0.277655 0.182017 -0.246971 0.26062 0.279642 0.924055 0.381954 
1535142369723 0.205534 0.918943 -0.336598 -0.63204 -0.943073 0.277873 0.182756 -0.246461 0.261474 0.279874 0.923743 0.382776 
1535142369758 0.205733 0.918897 -0.336604 -0.631794 -0.943019 0.278071 0.182734 -0.246466 0.261513 0.279829 0.923746 0.382878 
1535142370090 0.20531 0.918792 -0.337149 -0.631184 -0.942922 0.277986 0.183361 -0.246166 0.262193 0.280259 0.923423 0.383103 
1535142370393 0.205457 0.918605 -0.337568 -0.630619 -0.942648 0.278466 0.184043 -0.245983 0.263064 0.280394 0.923134 0.383306 
1535142370711 0.205158 0.918389 -0.338336 -0.629508 -0.942344 0.278734 0.185191 -0.245627 0.264383 0.280835 0.922623 0.383726 
1535142371070 0.205305 0.918088 -0.339064 -0.628478 -0.941866 0.27949 0.186475 -0.245235 0.265965 0.281069 0.922097 0.384257 
1535142371294 0.205194 0.917851 -0.339771 -0.62739 -0.941559 0.27988 0.187438 -0.24489 0.267136 0.281453 0.921641 0.384693 
1535142371324 0.205589 0.917662 -0.340043 -0.627155 -0.941362 0.280422 0.18762 -0.244995 0.267527 0.281531 0.921504 0.384814 
1535142371337 0.205589 0.917662 -0.340043 -0.627155 -0.941362 0.280422 0.18762 -0.244995 0.267527 0.281531 0.921504 0.384814 
1535142371498 0.205589 0.917662 -0.340043 -0.627155 -0.941362 0.280422 0.18762 -0.244995 0.267527 0.281531 0.921504 0.384814 
1535142371509 0.205589 0.917662 -0.340043 -0.627155 -0.941362 0.280422 0.18762 -0.244995 0.267527 0.281531 0.921504 0.384814 
1535142371547 0.205047 0.917825 -0.339932 -0.626983 -0.941492 0.279881 0.187777 -0.244633 0.267487 0.28154 0.921513 0.384809 
1535142371620 0.205047 0.917825 -0.339932 -0.626983 -0.941492 0.279881 0.187777 -0.244633 0.267487 0.28154 0.921513 0.384809 
1535142371654 0.205047 0.917825 -0.339932 -0.626983 -0.941492 0.279881 0.187777 -0.244633 0.267487 0.28154 0.921513 0.384809 
1535142371690 0.205047 0.917825 -0.339932 -0.626983 -0.941492 0.279881 0.187777 -0.244633 0.267487 0.28154 0.921513 0.384809 
1535142371960 0.205096 0.917767 -0.340057 -0.625077 -0.941031 0.280425 0.18927 -0.244049 0.269067 0.281185 0.921161 0.385507 
1535142371987 0.205096 0.917767 -0.340057 -0.625077 -0.941031 0.280425 0.18927 -0.244049 0.269067 0.281185 0.921161 0.385507 
1535142372214 0.205096 0.917767 -0.340057 -0.625077 -0.941031 0.280425 0.18927 -0.244049 0.269067 0.281185 0.921161 0.385507 
1535142372256 0.20488 0.917763 -0.340198 -0.624515 -0.94111 0.280218 0.189184 -0.243768 0.268956 0.281404 0.921127 0.385653 
1535142372409 0.20488 0.917763 -0.340198 -0.624515 -0.94111 0.280218 0.189184 -0.243768 0.268956 0.281404 0.921127 0.385653 
1535142372463 0.20488 0.917763 -0.340198 -0.624515 -0.94111 0.280218 0.189184 -0.243768 0.268956 0.281404 0.921127 0.385653 
1535142372581 0.20488 0.917763 -0.340198 -0.624515 -0.94111 0.280218 0.189184 -0.243768 0.268956 0.281404 0.921127 0.385653 
1535142372617 0.204593 0.917818 -0.340224 -0.623371 -0.941174 0.279954 0.189256 -0.243062 0.268949 0.281489 0.921103 0.386093 
1535142372633 0.204593 0.917818 -0.340224 -0.623371 -0.941174 0.279954 0.189256 -0.243062 0.268949 0.281489 0.921103 0.386093 
1535142372666 0.204593 0.917818 -0.340224 -0.623371 -0.941174 0.279954 0.189256 -0.243062 0.268949 0.281489 0.921103 0.386093 
1535142372838 0.204707 0.917715 -0.340432 -0.62279 -0.941065 0.280191 0.189445 -0.242808 0.269243 0.281587 0.920987 0.386407 
1535142373027 0.204707 0.917715 -0.340432 -0.62279 -0.941065 0.280191 0.189445 -0.242808 0.269243 0.281587 0.920987 0.386407 
1535142373127 0.204707 0.917715 -0.340432 -0.62279 -0.941065 0.280191 0.189445 -0.242808 0.269243 0.281587 0.920987 0.386407 
1535142373262 0.204769 0.917666 -0.340527 -0.621638 -0.941224 0.280089 0.188807 -0.242031 0.26864 0.28185 0.921083 0.386791 
1535142373461 0.204769 0.917666 -0.340527 -0.621638 -0.941224 0.280089 0.188807 -0.242031 0.26864 0.28185 0.921083 0.386791 
1535142373523 0.205369 0.917339 -0.341047 -0.620435 -0.941097 0.280752 0.188456 -0.241459 0.268628 0.282255 0.920962 0.387112 
1535142373540 0.205369 0.917339 -0.341047 -0.620435 -0.941097 0.280752 0.188456 -0.241459 0.268628 0.282255 0.920962 0.387112 
1535142373557 0.205369 0.917339 -0.341047 -0.620435 -0.941097 0.280752 0.188456 -0.241459 0.268628 0.282255 0.920962 0.387112 
1535142373761 0.205608 0.91723 -0.341194 -0.620027 -0.941065 0.280984 0.188269 -0.24128 0.268556 0.282376 0.920946 0.387353 
1535142373927 0.205608 0.91723 -0.341194 -0.620027 -0.941065 0.280984 0.188269 -0.24128 0.268556 0.282376 0.920946 0.387353 
1535142373984 0.205711 0.91713 -0.341401 -0.61946 -0.940856 0.281318 0.188811 -0.241149 0.269207 0.282369 0.920758 0.387585 
1535142374142 0.205711 0.91713 -0.341401 -0.61946 -0.940856 0.281318 0.188811 -0.241149 0.269207 0.282369 0.920758 0.387585 
1535142374264 0.205449 0.917038 -0.341806 -0.618765 -0.940589 0.281497 0.189875 -0.240792 0.27034 0.282489 0.920389 0.38775 
1535142374279 0.205449 0.917038 -0.341806 -0.618765 -0.940589 0.281497 0.189875 -0.240792 0.27034 0.282489 0.920389 0.38775 
1535142374302 0.205449 0.917038 -0.341806 -0.618765 -0.940589 0.281497 0.189875 -0.240792 0.27034 0.282489 0.920389 0.38775 
1535142374316 0.205449 0.917038 -0.341806 -0.618765 -0.940589 0.281497 0.189875 -0.240792 0.27034 0.282489 0.920389 0.38775 
1535142374554 0.205951 0.916841 -0.342032 -0.618464 -0.940348 0.282149 0.190098 -0.240939 0.270793 0.282479 0.920259 0.387935 
1535142374600 0.205951 0.916841 -0.342032 -0.618464 -0.940348 0.282149 0.190098 -0.240939 0.270793 0.282479 0.920259 0.387935 
1535142374697 0.205437 0.916617 -0.342942 -0.617481 -0.940271 0.282056 0.190616 -0.24042 0.271451 0.283299 0.919813 0.388306 
1535142375025 0.2056 0.916341 -0.34358 -0.616955 -0.940102 0.282479 0.190823 -0.240256 0.271913 0.283767 0.919532 0.388559 
1535142375701 0.206177 0.916214 -0.343574 -0.615491 -0.939734 0.283268 0.191467 -0.240054 0.272748 0.283392 0.9194 0.388971 
1535142376525 0.206072 0.916274 -0.343476 -0.614644 -0.939648 0.283263 0.191897 -0.239681 0.273124 0.283202 0.919347 0.389175 
1535142376892 0.206294 0.91618 -0.343594 -0.614424 -0.939536 0.283561 0.192004 -0.239668 0.27334 0.28321 0.919281 0.389271 
1535142377520 0.206547 0.916067 -0.343744 -0.612901 -0.939507 0.2838 0.191792 -0.239008 0.273248 0.283336 0.919269 0.389849 
1535142378188 0.206763 0.916018 -0.343745 -0.611982 -0.939477 0.283983 0.191666 -0.238579 0.273187 0.283311 0.919295 0.390196 
1535142378507 0.206958 0.915933 -0.343855 -0.611807 -0.939423 0.284199 0.191611 -0.238571 0.273226 0.28337 0.919266 0.3903 
1535142379304 0.20739 0.915242 -0.345428 -0.60976 -0.938415 0.285876 0.194042 -0.237826 0.276345 0.283913 0.918165 0.39122 
1535142379898 0.20731 0.915075 -0.345918 -0.609101 -0.93815 0.286195 0.19485 -0.237488 0.277303 0.284129 0.917809 0.391577 
1535142379929 0.20731 0.915075 -0.345918 -0.609101 -0.93815 0.286195 0.19485 -0.237488 0.277303 0.284129 0.917809 0.391577 
1535142380343 0.207777 0.914844 -0.34625 -0.608825 -0.937919 0.286832 0.195028 -0.237566 0.277736 0.284232 0.917646 0.391678 
1535142380938 0.20896 0.914575 -0.346248 -0.606945 -0.93753 0.288061 0.195083 -0.236846 0.278159 0.283854 0.917635 0.392289 
1535142381410 0.209004 0.914624 -0.346092 -0.606662 -0.937511 0.288078 0.19515 -0.236665 0.278191 0.283678 0.91768 0.392394 
1535142381441 0.209004 0.914624 -0.346092 -0.606662 -0.937511 0.288078 0.19515 -0.236665 0.278191 0.283678 0.91768 0.392394 
1535142381826 0.209029 0.914721 -0.34582 -0.606258 -0.937534 0.288015 0.195136 -0.236508 0.278097 0.283429 0.917785 0.392514 
1535142382580 0.209321 0.914999 -0.344907 -0.604569 -0.937384 0.288178 0.195614 -0.236022 0.278381 0.282365 0.918027 0.393102 
1535142383256 0.209678 0.915028 -0.344615 -0.603852 -0.937321 0.288431 0.195541 -0.235964 0.278323 0.282014 0.918153 0.393313 
1535142383293 0.209678 0.915028 -0.344615 -0.603852 -0.937321 0.288431 0.195541 -0.235964 0.278323 0.282014 0.918153 0.393313 
1535142383585 0.209699 0.915105 -0.344396 -0.603622 -0.93732 0.2884 0.195595 -0.235824 0.278314 0.281793 0.918223 0.393475 
1535142384231 0.209637 0.916631 -0.340351 -0.602578 -0.937746 0.287063 0.195517 -0.234913 0.27692 0.278175 0.919747 0.393352 
1535142384753 0.210839 0.917692 -0.336731 -0.602009 -0.93795 0.286941 0.194717 -0.234381 0.275312 0.274783 0.921248 0.393068 
1535142385780 0.211733 0.918333 -0.334414 -0.601626 -0.938088 0.286948 0.194041 -0.234069 0.274154 0.272625 0.922234 0.392875 
1535142386147 0.2125 0.918891 -0.33239 -0.601678 -0.938169 0.286986 0.193593 -0.233972 0.273283 0.2707 0.923059 0.392615 
1535142386911 0.212856 0.91916 -0.331417 -0.601734 -0.938257 0.286947 0.193221 -0.233882 0.2727 0.269826 0.923487 0.392552 
1535142386942 0.212856 0.91916 -0.331417 -0.601734 -0.938257 0.286947 0.193221 -0.233882 0.2727 0.269826 0.923487 0.392552 
1535142387296 0.213373 0.919377 -0.330482 -0.601796 -0.93826 0.287116 0.192957 -0.233832 0.272287 0.268906 0.923877 0.392401 
1535142387670 0.213373 0.919377 -0.330482 -0.601796 -0.93826 0.287116 0.192957 -0.233832 0.272287 0.268906 0.923877 0.392401 
1535142387996 0.213373 0.919377 -0.330482 -0.601796 -0.93826 0.287116 0.192957 -0.233832 0.272287 0.268906 0.923877 0.392401 
1535142388258 0.213373 0.919377 -0.330482 -0.601796 -0.93826 0.287116 0.192957 -0.233832 0.272287 0.268906 0.923877 0.392401 
1535142388509 0.211344 0.919219 -0.332219 -0.573255 -0.93975 0.284546 0.189481 -0.219984 0.268706 0.272157 0.923974 0.410322 
1535142388762 0.211344 0.919219 -0.332219 -0.573255 -0.93975 0.284546 0.189481 -0.219984 0.268706 0.272157 0.923974 0.410322 
