1535143702335 0.209687 0.917599 -0.337702 -0.472402 -0.94447 0.27945 0.172873 -0.171681 0.252999 0.2827 0.925242 0.475177 
1535143710121 0.209687 0.917599 -0.337702 -0.472402 -0.94447 0.27945 0.172873 -0.17168 0.252999 0.2827 0.925242 0.475177 
1535143711722 0.224424 0.920088 -0.321047 -0.520788 -0.942326 0.288847 0.169083 -0.192902 0.248305 0.264585 0.931847 0.44507 
1535143713065 0.233532 0.921697 -0.309739 -0.55327 -0.941086 0.294375 0.166433 -0.207006 0.24458 0.252624 0.936142 0.424609 
1535143715024 0.252124 0.924259 -0.286668 -0.618187 -0.938218 0.306031 0.161527 -0.235288 0.237022 0.228232 0.944315 0.383859 
1535143715056 0.251303 0.924484 -0.286665 -0.618302 -0.938461 0.305225 0.161642 -0.235086 0.236933 0.228403 0.944296 0.383322 
1535143715426 0.252784 0.924165 -0.286391 -0.619558 -0.938054 0.3066 0.161402 -0.236094 0.236969 0.22785 0.94442 0.382828 
1535143715931 0.253897 0.92422 -0.285224 -0.622874 -0.937842 0.307375 0.161161 -0.23747 0.236619 0.226577 0.944814 0.380823 
1535143716555 0.254709 0.924527 -0.283503 -0.627836 -0.937774 0.307706 0.160926 -0.239457 0.236016 0.224873 0.945372 0.377571 
1535143717060 0.255668 0.924646 -0.282249 -0.631091 -0.937597 0.308325 0.160772 -0.240884 0.235682 0.223532 0.945774 0.375442 
1535143717407 0.255707 0.92481 -0.281675 -0.632745 -0.937615 0.308235 0.160838 -0.241489 0.235567 0.222975 0.945934 0.374204 
1535143717435 0.255407 0.924929 -0.281554 -0.632864 -0.93772 0.307905 0.160858 -0.241402 0.235474 0.222934 0.945966 0.374088 
1535143717632 0.254996 0.924796 -0.282363 -0.633103 -0.937724 0.307755 0.16112 -0.24155 0.235902 0.223694 0.94568 0.374055 
1535143717848 0.254368 0.924511 -0.283859 -0.633583 -0.937648 0.30765 0.161766 -0.24217 0.236884 0.225012 0.945122 0.374056 
1535143718003 0.253734 0.924394 -0.284806 -0.633885 -0.937662 0.30736 0.162234 -0.242287 0.237507 0.225888 0.944757 0.373921 
1535143718214 0.252896 0.924254 -0.286005 -0.634379 -0.937702 0.306948 0.162783 -0.242786 0.238242 0.22702 0.9443 0.373829 
1535143718353 0.252287 0.924164 -0.286831 -0.634694 -0.937715 0.306656 0.163255 -0.242901 0.238833 0.227779 0.943968 0.373782 
1535143718506 0.252227 0.923968 -0.287513 -0.634915 -0.937594 0.306851 0.163588 -0.243238 0.239373 0.228309 0.943703 0.373745 
1535143718780 0.251674 0.92392 -0.288153 -0.635171 -0.937629 0.306544 0.16396 -0.243336 0.239818 0.228916 0.943443 0.373692 
1535143718973 0.251697 0.924142 -0.28742 -0.634929 -0.937776 0.306289 0.163591 -0.243426 0.239215 0.22836 0.943731 0.373807 
1535143719088 0.251116 0.924304 -0.287408 -0.635012 -0.937874 0.305788 0.16397 -0.243522 0.239444 0.228377 0.943669 0.373799 
1535143719285 0.249729 0.924754 -0.287169 -0.635089 -0.938285 0.304384 0.164233 -0.243673 0.239284 0.228433 0.943696 0.373889 
1535143719402 0.249156 0.92493 -0.287097 -0.63517 -0.938382 0.303877 0.164618 -0.243773 0.239502 0.228391 0.94365 0.373978 
1535143719537 0.24856 0.925133 -0.286962 -0.635203 -0.938536 0.303288 0.164826 -0.243898 0.239518 0.228355 0.943655 0.374027 
1535143719638 0.248015 0.925306 -0.286876 -0.63523 -0.938704 0.302729 0.164893 -0.24405 0.239422 0.228396 0.94367 0.374025 
1535143719770 0.247456 0.92548 -0.286798 -0.635262 -0.938852 0.302181 0.165054 -0.244201 0.239419 0.228417 0.943665 0.374041 
1535143720701 0.246847 0.925706 -0.286592 -0.635299 -0.938968 0.301605 0.165448 -0.244282 0.239594 0.228261 0.943659 0.374158 
1535143720891 0.246912 0.925705 -0.286539 -0.63526 -0.939108 0.301508 0.164832 -0.244227 0.238979 0.228392 0.943783 0.374039 
1535143721021 0.246681 0.926097 -0.285469 -0.635176 -0.939351 0.300924 0.164516 -0.244418 0.238262 0.227572 0.944162 0.374061 
1535143721078 0.246372 0.926272 -0.285169 -0.635151 -0.939529 0.300482 0.164302 -0.244476 0.237877 0.227445 0.94429 0.374044 
1535143721136 0.246053 0.926482 -0.284762 -0.635115 -0.939728 0.299995 0.164057 -0.244533 0.237423 0.227232 0.944455 0.374036 
1535143721271 0.245417 0.926914 -0.283903 -0.635057 -0.940107 0.299032 0.163644 -0.244632 0.23658 0.226738 0.944786 0.374089 
1535143721599 0.245006 0.927317 -0.282939 -0.635016 -0.940442 0.298251 0.16314 -0.244782 0.235669 0.226117 0.945162 0.374057 
1535143721778 0.245632 0.926878 -0.283835 -0.635027 -0.940099 0.299179 0.163419 -0.244538 0.236387 0.226692 0.944845 0.374112 
1535143721818 0.246212 0.92676 -0.283718 -0.634985 -0.939972 0.299688 0.163214 -0.244529 0.236287 0.226501 0.944916 0.374083 
1535143721968 0.246695 0.926702 -0.283488 -0.634855 -0.939986 0.299975 0.162608 -0.244541 0.235729 0.22636 0.945089 0.374 
1535143722130 0.247594 0.926586 -0.283083 -0.634684 -0.939902 0.300617 0.161909 -0.244445 0.235122 0.225983 0.94533 0.374033 
1535143722180 0.248074 0.926492 -0.282968 -0.634646 -0.939814 0.301018 0.161669 -0.244384 0.234964 0.225831 0.945406 0.374036 
1535143722302 0.24848 0.926406 -0.282894 -0.634571 -0.939815 0.301289 0.161159 -0.244298 0.234532 0.225823 0.945515 0.373954 
1535143722343 0.24901 0.926275 -0.282859 -0.634543 -0.93969 0.301776 0.160981 -0.244282 0.234473 0.225714 0.945556 0.373926 
1535143722688 0.249632 0.9262 -0.282555 -0.63439 -0.939699 0.302149 0.160225 -0.244217 0.233774 0.22552 0.945775 0.373874 
1535143722918 0.249527 0.926149 -0.282815 -0.634348 -0.939556 0.302259 0.160855 -0.24404 0.234459 0.225583 0.94559 0.37401 
1535143723135 0.250885 0.925894 -0.282449 -0.633877 -0.939254 0.303437 0.1604 -0.243832 0.234219 0.225049 0.945777 0.374154 
1535143723359 0.252151 0.925654 -0.282105 -0.633408 -0.93899 0.304515 0.159898 -0.24368 0.233916 0.224576 0.945965 0.374302 
1535143723579 0.253465 0.925407 -0.281741 -0.632912 -0.938713 0.305635 0.159389 -0.243528 0.23361 0.224075 0.946159 0.374485 
1535143723728 0.254053 0.925295 -0.281578 -0.632704 -0.938618 0.306109 0.159039 -0.243406 0.233352 0.22389 0.946266 0.374546 
1535143723781 0.254251 0.925276 -0.281462 -0.6326 -0.938578 0.306265 0.158973 -0.243249 0.233296 0.223755 0.946312 0.374586 
1535143723797 0.254273 0.925277 -0.281438 -0.632559 -0.938579 0.306276 0.158949 -0.24322 0.23327 0.223735 0.946323 0.374594 
1535143724010 0.25393 0.925244 -0.281858 -0.632233 -0.938603 0.306086 0.159173 -0.243148 0.233547 0.224134 0.946161 0.374692 
1535143724194 0.253992 0.925183 -0.282002 -0.631853 -0.93843 0.30632 0.159744 -0.243096 0.234175 0.224066 0.946021 0.374933 
1535143724451 0.253857 0.925086 -0.282439 -0.631147 -0.938341 0.306386 0.160136 -0.24284 0.234675 0.224372 0.945825 0.3751 
1535143724622 0.253944 0.924987 -0.282687 -0.630814 -0.938231 0.306595 0.160384 -0.242749 0.235023 0.224497 0.945709 0.37534 
1535143724805 0.254254 0.924839 -0.282893 -0.63037 -0.93807 0.307 0.160546 -0.242824 0.235327 0.224554 0.94562 0.375463 
1535143725056 0.25404 0.924759 -0.283346 -0.629707 -0.937943 0.307051 0.161192 -0.242441 0.236065 0.224814 0.945374 0.375713 
1535143725252 0.254206 0.924659 -0.283524 -0.629511 -0.937829 0.307306 0.16137 -0.242441 0.23634 0.224875 0.945291 0.375821 
1535143725530 0.253979 0.924771 -0.283361 -0.629004 -0.937911 0.307041 0.161396 -0.242089 0.236258 0.224776 0.945335 0.37588 
1535143725794 0.25392 0.924805 -0.283303 -0.628063 -0.937874 0.307025 0.16164 -0.241661 0.236467 0.224659 0.94531 0.376166 
1535143726006 0.254493 0.924671 -0.283225 -0.62753 -0.937674 0.307602 0.161706 -0.2416 0.236646 0.22442 0.945322 0.376324 
1535143726213 0.254187 0.924751 -0.283239 -0.627109 -0.937775 0.307295 0.161705 -0.241284 0.236575 0.224511 0.945319 0.376424 
1535143726486 0.254135 0.924793 -0.283151 -0.62617 -0.937712 0.307302 0.162055 -0.240849 0.23688 0.22433 0.945285 0.376723 
1535143726666 0.254641 0.924619 -0.283264 -0.62566 -0.937503 0.307874 0.162179 -0.240823 0.237163 0.224263 0.94523 0.37689 
1535143726729 0.254494 0.924665 -0.283245 -0.62547 -0.93755 0.307723 0.162191 -0.24068 0.237133 0.22428 0.945233 0.37693 
1535143726744 0.254553 0.924648 -0.283248 -0.625453 -0.937533 0.307781 0.162179 -0.240701 0.237137 0.224272 0.945235 0.376935 
1535143726990 0.254361 0.924625 -0.283495 -0.625062 -0.937491 0.30773 0.162521 -0.240414 0.237511 0.224435 0.945102 0.377066 
1535143727180 0.25449 0.924532 -0.28368 -0.624664 -0.937316 0.308018 0.162984 -0.24034 0.238062 0.22442 0.944967 0.377252 
1535143727502 0.254432 0.924341 -0.284355 -0.623369 -0.937037 0.30836 0.163939 -0.239894 0.239219 0.22474 0.944598 0.377575 
1535143727694 0.254287 0.92435 -0.284455 -0.62301 -0.936989 0.308321 0.164286 -0.239599 0.239561 0.224756 0.944508 0.377669 
1535143727875 0.254415 0.924263 -0.284624 -0.622574 -0.936845 0.308575 0.16463 -0.239463 0.239989 0.224764 0.944397 0.377824 
1535143728069 0.254229 0.924253 -0.284823 -0.62217 -0.936811 0.308512 0.164939 -0.239249 0.240317 0.224893 0.944283 0.377937 
1535143728362 0.254396 0.924146 -0.285022 -0.621952 -0.93668 0.308787 0.165169 -0.239229 0.240652 0.224956 0.944183 0.378013 
1535143728379 0.254397 0.924145 -0.285023 -0.621952 -0.936679 0.308789 0.165173 -0.239229 0.240655 0.224956 0.944182 0.378014 
1535143728664 0.254085 0.924027 -0.285683 -0.621289 -0.936891 0.308489 0.164527 -0.238629 0.240158 0.22585 0.944095 0.378186 
1535143728990 0.254444 0.923536 -0.286948 -0.620223 -0.936824 0.309028 0.163895 -0.238016 0.240038 0.227117 0.943822 0.378567 
1535143729159 0.255176 0.923222 -0.287309 -0.619869 -0.936649 0.309769 0.163499 -0.238069 0.239945 0.227387 0.94378 0.378795 
1535143729187 0.254985 0.923265 -0.28734 -0.619821 -0.936699 0.309594 0.163543 -0.237937 0.239952 0.22745 0.943763 0.378818 
1535143729211 0.254882 0.923284 -0.28737 -0.619772 -0.936734 0.309494 0.163531 -0.237877 0.239925 0.227509 0.943756 0.378828 
1535143729401 0.254687 0.923314 -0.287445 -0.619457 -0.93666 0.309442 0.164054 -0.237839 0.240421 0.227456 0.943643 0.378815 
1535143729544 0.254542 0.923323 -0.287546 -0.619192 -0.936501 0.309509 0.164837 -0.237754 0.241196 0.227329 0.943476 0.37894 
1535143729751 0.25436 0.92326 -0.28791 -0.618745 -0.936447 0.309497 0.16516 -0.237473 0.241593 0.227602 0.943308 0.378997 
1535143729897 0.254742 0.923113 -0.288044 -0.618426 -0.936245 0.309978 0.165405 -0.237607 0.241975 0.227545 0.943224 0.379156 
1535143729995 0.254374 0.923181 -0.288151 -0.618217 -0.936311 0.309678 0.165594 -0.237429 0.242107 0.227676 0.943159 0.379221 
1535143730629 0.254518 0.923041 -0.288471 -0.618005 -0.936192 0.309948 0.16576 -0.237369 0.242414 0.227875 0.943031 0.379253 
1535143730643 0.254516 0.923046 -0.288459 -0.618031 -0.936194 0.309943 0.165762 -0.237367 0.242412 0.227865 0.943035 0.379251 
1535143730869 0.25439 0.923086 -0.288442 -0.617734 -0.936231 0.309817 0.165788 -0.237171 0.242401 0.227874 0.943035 0.379272 
1535143731085 0.254762 0.92303 -0.288293 -0.617185 -0.936012 0.310256 0.166203 -0.237022 0.242855 0.227503 0.943008 0.379563 
1535143731327 0.255257 0.922809 -0.28856 -0.616619 -0.935761 0.310884 0.166438 -0.237 0.243299 0.227539 0.942885 0.379699 
1535143731469 0.255336 0.92273 -0.288745 -0.616377 -0.935666 0.311062 0.166642 -0.236986 0.243583 0.22762 0.942792 0.379784 
1535143731582 0.255138 0.922834 -0.288586 -0.616162 -0.935694 0.310869 0.166847 -0.236723 0.243685 0.227459 0.942804 0.379865 
1535143731710 0.255291 0.922704 -0.288867 -0.61592 -0.935592 0.311122 0.166947 -0.23671 0.243915 0.227642 0.942701 0.379872 
1535143731732 0.255297 0.922699 -0.288876 -0.615905 -0.935588 0.311131 0.16695 -0.236713 0.243923 0.227647 0.942697 0.379873 
1535143731744 0.25536 0.922676 -0.288893 -0.615897 -0.935567 0.311199 0.166944 -0.236741 0.243939 0.227648 0.942693 0.379873 
1535143731938 0.25487 0.922836 -0.288816 -0.615875 -0.935683 0.310733 0.167161 -0.236539 0.244007 0.227636 0.942679 0.379914 
1535143732107 0.255283 0.922673 -0.288971 -0.615418 -0.935371 0.311341 0.167772 -0.236571 0.244767 0.227466 0.942522 0.380081 
1535143732285 0.255049 0.922749 -0.288936 -0.615069 -0.935323 0.311216 0.168274 -0.236339 0.245196 0.227331 0.942444 0.380218 
1535143732472 0.255104 0.922686 -0.289089 -0.61466 -0.935197 0.311399 0.168636 -0.236268 0.24562 0.227335 0.942332 0.380311 
1535143732660 0.255221 0.922629 -0.289168 -0.614423 -0.935037 0.311643 0.169068 -0.236218 0.246104 0.227234 0.94223 0.380439 
1535143732873 0.255213 0.922486 -0.289631 -0.614261 -0.935011 0.311746 0.169024 -0.23616 0.246214 0.227671 0.942096 0.38043 
1535143733094 0.254862 0.922392 -0.29024 -0.613722 -0.935006 0.311616 0.169289 -0.235859 0.246594 0.228231 0.941861 0.380677 
1535143733377 0.254753 0.922111 -0.291225 -0.612842 -0.934866 0.311851 0.169631 -0.235491 0.247237 0.229042 0.941495 0.38092 
1535143733603 0.254706 0.921953 -0.291766 -0.612285 -0.934694 0.312076 0.170162 -0.235236 0.247935 0.229371 0.941232 0.381222 
1535143733724 0.255131 0.921734 -0.292086 -0.611996 -0.934544 0.312572 0.170078 -0.235406 0.248064 0.229575 0.941148 0.381298 
1535143733849 0.254981 0.921766 -0.292117 -0.61204 -0.934591 0.312429 0.170079 -0.23529 0.248039 0.229643 0.941138 0.381274 
1535143734146 0.255446 0.922205 -0.290319 -0.611034 -0.934787 0.312243 0.169347 -0.234552 0.246823 0.228127 0.941826 0.381429 
1535143734175 0.255263 0.922308 -0.290152 -0.610927 -0.934875 0.312003 0.169304 -0.234397 0.246678 0.228039 0.941885 0.38144 
1535143734188 0.255291 0.922319 -0.290092 -0.610881 -0.934882 0.312004 0.16926 -0.23438 0.246622 0.227991 0.941912 0.381447 
1535143734385 0.25567 0.9222 -0.290138 -0.610566 -0.934733 0.312416 0.169321 -0.234382 0.246792 0.227911 0.941887 0.381553 
1535143734667 0.255926 0.922057 -0.290366 -0.609603 -0.934497 0.312856 0.169816 -0.234008 0.247423 0.227886 0.941727 0.381757 
1535143734823 0.256361 0.92194 -0.290354 -0.609258 -0.93429 0.313349 0.170044 -0.23399 0.247753 0.227682 0.94169 0.381952 
1535143734978 0.25677 0.921807 -0.290414 -0.608894 -0.934136 0.313788 0.170081 -0.233943 0.24791 0.227615 0.941665 0.382011 
1535143735195 0.256692 0.921811 -0.290471 -0.608267 -0.934129 0.313749 0.170187 -0.233638 0.248015 0.227652 0.941628 0.382141 
1535143735438 0.257123 0.921653 -0.290593 -0.60801 -0.933945 0.314243 0.170288 -0.233669 0.248263 0.227613 0.941572 0.382282 
1535143735457 0.257107 0.921658 -0.290591 -0.608014 -0.933949 0.314228 0.170293 -0.233658 0.248264 0.227614 0.941572 0.382281 
1535143735677 0.257015 0.921769 -0.290318 -0.607703 -0.933928 0.314132 0.170585 -0.23345 0.248438 0.227293 0.941603 0.382311 
1535143735861 0.257227 0.92184 -0.289906 -0.607285 -0.933884 0.314245 0.170619 -0.233197 0.248385 0.226851 0.941724 0.382365 
1535143736172 0.257644 0.921935 -0.289232 -0.606116 -0.933665 0.314613 0.17114 -0.232665 0.248776 0.225953 0.941836 0.382697 
1535143736415 0.25813 0.9219 -0.288912 -0.60531 -0.933481 0.315061 0.171318 -0.232381 0.248963 0.225471 0.941902 0.382799 
1535143736588 0.258625 0.921836 -0.288672 -0.604862 -0.933274 0.315552 0.17154 -0.232302 0.249223 0.225046 0.941935 0.382961 
1535143736922 0.258783 0.921827 -0.288558 -0.604606 -0.933193 0.315715 0.171684 -0.232248 0.249365 0.224852 0.941944 0.383056 
1535143737141 0.258475 0.921936 -0.288486 -0.604524 -0.93329 0.315397 0.17174 -0.23209 0.249321 0.22485 0.941956 0.383067 
1535143737302 0.258754 0.921885 -0.288399 -0.604157 -0.93321 0.31565 0.17171 -0.232109 0.24933 0.224706 0.941988 0.383098 
1535143737578 0.258083 0.922276 -0.287749 -0.603287 -0.933313 0.314962 0.172409 -0.231534 0.249639 0.224064 0.942059 0.383401 
1535143737722 0.258614 0.922145 -0.287692 -0.602894 -0.933121 0.315499 0.172469 -0.231652 0.249808 0.223849 0.942066 0.383449 
1535143737955 0.258294 0.922311 -0.287447 -0.602338 -0.93318 0.315174 0.172742 -0.231244 0.249918 0.223622 0.942091 0.383566 
1535143738202 0.258407 0.922334 -0.287271 -0.602048 -0.933054 0.315335 0.173132 -0.231207 0.250272 0.223301 0.942072 0.383676 
1535143738219 0.258402 0.922336 -0.287271 -0.602049 -0.933055 0.315329 0.173134 -0.231203 0.250273 0.223301 0.942072 0.383676 
1535143738390 0.258682 0.922367 -0.286918 -0.602009 -0.933107 0.315415 0.172699 -0.231155 0.24979 0.223051 0.94226 0.383551 
1535143738412 0.258787 0.922418 -0.286659 -0.60197 -0.933125 0.315424 0.172583 -0.231137 0.249613 0.222826 0.94236 0.383564 
1535143738556 0.2589 0.922707 -0.285627 -0.60177 -0.933267 0.315184 0.172255 -0.230878 0.248966 0.221969 0.942733 0.383623 
1535143738736 0.259581 0.922886 -0.284428 -0.60127 -0.933292 0.315421 0.171685 -0.230758 0.24816 0.220888 0.943199 0.383534 
1535143738787 0.2597 0.923038 -0.283824 -0.601092 -0.93333 0.315358 0.171593 -0.230545 0.247893 0.220339 0.943398 0.383564 
1535143738914 0.26007 0.923205 -0.28294 -0.600809 -0.933346 0.315442 0.171351 -0.230498 0.247443 0.219518 0.943707 0.383624 
1535143738968 0.260013 0.923395 -0.282374 -0.600634 -0.933445 0.315209 0.171241 -0.230284 0.247129 0.219056 0.943897 0.38364 
1535143739456 0.260442 0.923589 -0.281342 -0.600287 -0.933448 0.315319 0.171025 -0.230118 0.246669 0.218076 0.944244 0.383618 
1535143739654 0.260529 0.923611 -0.281188 -0.600505 -0.933373 0.315418 0.17125 -0.230239 0.24686 0.217838 0.944249 0.383612 
1535143739864 0.261143 0.924173 -0.278764 -0.60032 -0.93354 0.315259 0.170632 -0.229934 0.245576 0.215677 0.94508 0.383425 
1535143739999 0.26147 0.924334 -0.277923 -0.600228 -0.933544 0.315332 0.170475 -0.229831 0.245213 0.214879 0.945356 0.383219 
1535143740122 0.261806 0.924593 -0.276741 -0.600137 -0.933572 0.315329 0.170328 -0.229709 0.244748 0.213764 0.945729 0.383239 
1535143740326 0.262694 0.925015 -0.274481 -0.599878 -0.933597 0.315524 0.169826 -0.229629 0.243697 0.211642 0.946477 0.383108 
1535143740455 0.263113 0.925223 -0.273375 -0.599787 -0.9336 0.315618 0.169637 -0.229478 0.243234 0.210589 0.946831 0.382977 
1535143740702 0.263454 0.925444 -0.272295 -0.599685 -0.933621 0.315645 0.16947 -0.229393 0.242783 0.209573 0.947172 0.382934 
1535143740724 0.263435 0.925421 -0.272394 -0.599696 -0.933626 0.315646 0.169443 -0.229397 0.242786 0.209677 0.947149 0.382927 
1535143740906 0.263452 0.925444 -0.272298 -0.599761 -0.933637 0.315631 0.16941 -0.229509 0.242725 0.209596 0.947182 0.382917 
1535143741110 0.264111 0.925834 -0.270327 -0.599846 -0.933843 0.315563 0.168394 -0.229343 0.24121 0.207968 0.947928 0.382702 
1535143741358 0.265165 0.926426 -0.267249 -0.599904 -0.933968 0.315653 0.167535 -0.229229 0.239566 0.205178 0.948952 0.382474 
1535143741559 0.266011 0.926719 -0.265386 -0.60004 -0.934045 0.315857 0.166717 -0.229115 0.238324 0.203534 0.949619 0.382251 
1535143741587 0.266163 0.926806 -0.264932 -0.600028 -0.934088 0.315847 0.166495 -0.229115 0.237986 0.203155 0.949785 0.382203 
1535143742959 0.253687 0.926033 -0.279472 -0.571914 -0.936682 0.307286 0.167932 -0.216039 0.241389 0.219174 0.945354 0.401982 
1535143745271 0.213864 0.919754 -0.329112 -0.472565 -0.944065 0.281168 0.172296 -0.171279 0.251006 0.273855 0.928439 0.473443 
