1534185774770 0.314901 0.922011 -0.225241 -0.516011 -0.938514 0.337872 0.0709576 -0.19999 0.141526 0.189047 0.971716 0.340318 
1534185777812 0.314902 0.92201 -0.225242 -0.516011 -0.938513 0.337873 0.0709577 -0.19999 0.141527 0.189048 0.971715 0.340317 
1534185778925 0.30355 0.923275 -0.235415 -0.525018 -0.940472 0.32997 0.0814439 -0.20247 0.152875 0.196679 0.968476 0.344935 
1534185779729 0.282469 0.92448 -0.256024 -0.543171 -0.943208 0.316309 0.101529 -0.207353 0.174844 0.212805 0.961324 0.353188 
1534185780315 0.271125 0.925055 -0.266017 -0.552323 -0.944394 0.309068 0.112233 -0.209666 0.186039 0.220796 0.957413 0.357463 
1534185780877 0.25986 0.925405 -0.275858 -0.561424 -0.945354 0.302055 0.122758 -0.212069 0.196925 0.228883 0.953327 0.361585 
1534185781450 0.248494 0.925652 -0.285341 -0.570523 -0.946015 0.29521 0.133813 -0.214469 0.2081 0.236685 0.949039 0.36593 
1534185782029 0.236932 0.925697 -0.294868 -0.579716 -0.946504 0.288382 0.1448 -0.216924 0.219075 0.244786 0.944503 0.37041 
1534185782615 0.225213 0.925556 -0.304344 -0.588849 -0.946854 0.281547 0.155558 -0.219386 0.229665 0.253136 0.939775 0.374725 
1534185783171 0.213508 0.925237 -0.313609 -0.59713 -0.946984 0.274893 0.166297 -0.221421 0.240073 0.261477 0.934877 0.379345 
1534185783194 0.21307 0.92527 -0.313811 -0.597331 -0.947023 0.27458 0.166593 -0.2213 0.24031 0.26169 0.934756 0.379483 
1534185783393 0.21259 0.92514 -0.314517 -0.597892 -0.94703 0.274365 0.16691 -0.221694 0.240708 0.262374 0.934462 0.379685 
1534185783602 0.211608 0.925111 -0.315263 -0.598882 -0.946952 0.273896 0.168119 -0.222 0.241878 0.262964 0.933994 0.380039 
1534185783812 0.210308 0.925089 -0.316197 -0.599905 -0.946982 0.27312 0.169206 -0.222287 0.242891 0.263847 0.933482 0.380433 
1534185784026 0.20868 0.925148 -0.317102 -0.601007 -0.947087 0.272026 0.170374 -0.222435 0.243881 0.26477 0.932962 0.380892 
1534185784230 0.207607 0.925051 -0.318089 -0.602009 -0.947073 0.271468 0.171345 -0.22285 0.244853 0.265681 0.932449 0.381344 
1534185784435 0.206257 0.925009 -0.319087 -0.603077 -0.947076 0.270697 0.172543 -0.223089 0.245979 0.266612 0.931886 0.381757 
1534185784645 0.204946 0.924991 -0.319983 -0.604109 -0.947105 0.269905 0.173618 -0.22339 0.24696 0.267475 0.93138 0.382215 
1534185784858 0.203697 0.924935 -0.320941 -0.605144 -0.947086 0.269222 0.174779 -0.223717 0.248064 0.268357 0.930832 0.382637 
1534185785072 0.202399 0.924871 -0.321944 -0.606214 -0.947049 0.26853 0.176036 -0.223952 0.249263 0.269268 0.930249 0.3831 
1534185785086 0.202298 0.924875 -0.321996 -0.606289 -0.94705 0.268468 0.176129 -0.223965 0.249343 0.269316 0.930213 0.383133 
1534185785102 0.202106 0.924891 -0.322071 -0.606409 -0.94706 0.268334 0.176276 -0.22398 0.249459 0.269394 0.93016 0.383186 
1534185785207 0.201791 0.924925 -0.322172 -0.606511 -0.94715 0.268033 0.176253 -0.223852 0.249374 0.269579 0.930129 0.383229 
1534185785221 0.202057 0.924832 -0.322272 -0.606475 -0.94715 0.268241 0.175938 -0.223896 0.249159 0.26969 0.930154 0.383162 
1534185785247 0.20246 0.924683 -0.322447 -0.606419 -0.947148 0.268562 0.175455 -0.223967 0.248837 0.269882 0.930185 0.383049 
1534185785303 0.202584 0.924564 -0.322708 -0.606383 -0.947279 0.268558 0.174757 -0.224053 0.24824 0.270292 0.930225 0.382935 
1534185785351 0.202569 0.924454 -0.323035 -0.606528 -0.947378 0.2685 0.174306 -0.224001 0.247873 0.270727 0.930197 0.382926 
1534185785379 0.202532 0.924387 -0.323247 -0.606628 -0.947465 0.268419 0.173957 -0.223941 0.247569 0.271034 0.930188 0.382915 
1534185785413 0.202436 0.924351 -0.323412 -0.606734 -0.947588 0.268248 0.173552 -0.223854 0.247177 0.271328 0.930207 0.382928 
1534185785447 0.202585 0.924256 -0.32359 -0.606796 -0.947655 0.268312 0.173085 -0.223915 0.246798 0.271587 0.930232 0.38293 
1534185785470 0.20273 0.924152 -0.323796 -0.606843 -0.947702 0.268402 0.17269 -0.224 0.2465 0.271852 0.930233 0.382913 
1534185785609 0.203058 0.923967 -0.324118 -0.606966 -0.947722 0.268671 0.17216 -0.224082 0.246151 0.272216 0.930219 0.382757 
1534185785735 0.202542 0.924579 -0.322692 -0.606848 -0.947673 0.268094 0.173325 -0.224 0.246765 0.270701 0.930499 0.382909 
1534185785795 0.202642 0.924732 -0.322192 -0.606868 -0.947704 0.268037 0.173242 -0.224157 0.246561 0.270236 0.930688 0.382852 
1534185785868 0.20251 0.924937 -0.321686 -0.60695 -0.947764 0.267783 0.173309 -0.224217 0.246442 0.269786 0.93085 0.382788 
1534185785926 0.202495 0.925169 -0.321026 -0.606961 -0.947787 0.267624 0.17343 -0.224197 0.246366 0.269145 0.931056 0.382772 
1534185785995 0.202495 0.925353 -0.320497 -0.606987 -0.947821 0.267487 0.173453 -0.224322 0.246234 0.268651 0.931233 0.382727 
1534185786067 0.202465 0.925538 -0.319982 -0.607052 -0.947835 0.267355 0.173583 -0.224404 0.246206 0.268145 0.931386 0.382667 
1534185786123 0.202428 0.925743 -0.319409 -0.607124 -0.947857 0.267197 0.173705 -0.224388 0.246152 0.267591 0.93156 0.382624 
1534185786137 0.202404 0.925794 -0.319278 -0.607136 -0.947863 0.267149 0.173747 -0.224393 0.246149 0.267465 0.931597 0.382614 
1534185786153 0.202344 0.925843 -0.319173 -0.607142 -0.947886 0.267061 0.173753 -0.224406 0.246107 0.267382 0.931632 0.382606 
1534185786175 0.202312 0.925908 -0.319006 -0.607143 -0.94791 0.266981 0.173747 -0.224449 0.246042 0.267238 0.93169 0.382596 
1534185786291 0.202025 0.925922 -0.319147 -0.607033 -0.947993 0.266714 0.173705 -0.224737 0.245959 0.267457 0.93165 0.382655 
1534185786330 0.201408 0.925835 -0.319789 -0.606978 -0.948061 0.266321 0.173933 -0.224882 0.2462 0.268148 0.931387 0.382717 
1534185786426 0.20079 0.925825 -0.320204 -0.606867 -0.948097 0.265921 0.174349 -0.225015 0.246566 0.268577 0.931167 0.382766 
1534185786477 0.200114 0.925919 -0.320357 -0.606831 -0.948244 0.265308 0.174482 -0.225043 0.24655 0.26886 0.931089 0.382745 
1534185786560 0.19993 0.92588 -0.320584 -0.606725 -0.948254 0.265209 0.174579 -0.225356 0.246661 0.269091 0.930993 0.382784 
1534185786694 0.199082 0.925958 -0.320886 -0.606623 -0.948355 0.264552 0.175027 -0.225683 0.246958 0.26947 0.930805 0.382957 
1534185786711 0.19885 0.92599 -0.320938 -0.606617 -0.94841 0.264337 0.175056 -0.225706 0.246936 0.269571 0.930782 0.382954 
1534185786728 0.1986 0.926021 -0.321002 -0.606603 -0.948469 0.264106 0.175084 -0.225745 0.246911 0.269689 0.930754 0.382951 
1534185786820 0.198634 0.925941 -0.321214 -0.606514 -0.948425 0.264218 0.175151 -0.225961 0.24705 0.269857 0.930668 0.382932 
1534185786915 0.198038 0.925967 -0.321507 -0.60639 -0.948472 0.263798 0.175532 -0.226185 0.24735 0.270179 0.930495 0.382964 
1534185786987 0.197824 0.925926 -0.321757 -0.606189 -0.948394 0.263777 0.175981 -0.226576 0.247818 0.270339 0.930324 0.383024 
1534185787082 0.196918 0.926016 -0.322053 -0.606125 -0.948506 0.263066 0.176445 -0.22663 0.248112 0.270724 0.930134 0.383054 
1534185787156 0.196531 0.925998 -0.322342 -0.605958 -0.948542 0.262805 0.176642 -0.226975 0.248283 0.271039 0.929996 0.383071 
1534185787247 0.196163 0.925935 -0.322745 -0.605796 -0.948541 0.262619 0.17692 -0.227331 0.248576 0.271432 0.929804 0.383056 
1534185787313 0.195469 0.925978 -0.323044 -0.605732 -0.948609 0.262106 0.177315 -0.227467 0.248862 0.271783 0.929625 0.383092 
1534185787413 0.195008 0.925942 -0.323423 -0.605566 -0.948602 0.261857 0.177723 -0.227785 0.249252 0.272142 0.929415 0.383069 
1534185787432 0.194787 0.925956 -0.323518 -0.605515 -0.94864 0.261676 0.177786 -0.227881 0.249279 0.272271 0.92937 0.38306 
1534185787449 0.194631 0.925959 -0.323603 -0.605469 -0.948664 0.261554 0.177836 -0.227967 0.249309 0.272378 0.929331 0.383053 
1534185787615 0.193991 0.926256 -0.323136 -0.605064 -0.948668 0.261001 0.178626 -0.227872 0.249793 0.271897 0.929342 0.383047 
1534185787671 0.193977 0.926324 -0.322951 -0.604786 -0.948621 0.261006 0.178867 -0.228073 0.249981 0.271662 0.92936 0.38301 
1534185787748 0.19409 0.926225 -0.323165 -0.604569 -0.948527 0.261231 0.179039 -0.228371 0.250251 0.271781 0.929252 0.382892 
1534185787832 0.193029 0.92646 -0.323127 -0.604249 -0.948636 0.260343 0.179754 -0.228296 0.250659 0.271832 0.929127 0.382795 
1534185787897 0.192854 0.926519 -0.323062 -0.604013 -0.948582 0.260263 0.180151 -0.228396 0.250995 0.271708 0.929073 0.382682 
1534185787969 0.192894 0.926555 -0.322937 -0.603757 -0.948534 0.26032 0.180326 -0.228659 0.251149 0.271533 0.929082 0.382655 
1534185788038 0.192355 0.926735 -0.322741 -0.603451 -0.948577 0.259846 0.180781 -0.228704 0.251399 0.271371 0.929062 0.382625 
1534185788056 0.19224 0.926761 -0.322735 -0.603392 -0.948576 0.259763 0.180905 -0.228707 0.251491 0.271362 0.92904 0.382598 
1534185788072 0.192137 0.926782 -0.322735 -0.603335 -0.948583 0.259682 0.180985 -0.228718 0.251542 0.271367 0.929024 0.382577 
1534185788088 0.191984 0.926817 -0.322728 -0.603258 -0.948598 0.259554 0.181091 -0.228729 0.251603 0.271372 0.929006 0.382552 
1534185788212 0.191729 0.92692 -0.322583 -0.602963 -0.948615 0.259323 0.181333 -0.228834 0.251734 0.271241 0.929009 0.382558 
1534185788274 0.191466 0.927061 -0.322333 -0.602668 -0.948654 0.259042 0.181529 -0.228826 0.251786 0.271026 0.929058 0.382628 
1534185788357 0.191196 0.927086 -0.32242 -0.602412 -0.94865 0.258869 0.181799 -0.228955 0.252008 0.271105 0.928975 0.382533 
1534185788412 0.190897 0.927177 -0.322337 -0.602142 -0.948654 0.258632 0.182114 -0.228959 0.252219 0.271021 0.928942 0.382492 
1534185788488 0.190733 0.927219 -0.322314 -0.601844 -0.948634 0.25853 0.182363 -0.229102 0.252419 0.270975 0.928901 0.382443 
1534185788554 0.190298 0.927364 -0.322153 -0.601579 -0.948696 0.258117 0.182626 -0.229103 0.252514 0.270872 0.928905 0.382444 
1534185788627 0.189981 0.927468 -0.322041 -0.601288 -0.948724 0.257835 0.182878 -0.229169 0.252646 0.270785 0.928895 0.382422 
1534185788647 0.189991 0.927459 -0.322062 -0.601187 -0.948707 0.257864 0.182924 -0.229244 0.252703 0.270789 0.928878 0.3824 
1534185788663 0.190003 0.927451 -0.322078 -0.601115 -0.948694 0.25789 0.182953 -0.229301 0.25274 0.270791 0.928867 0.382385 
1534185788680 0.189978 0.927454 -0.322084 -0.601027 -0.948685 0.257883 0.183014 -0.229353 0.252797 0.270787 0.928853 0.382369 
1534185788714 0.189752 0.927516 -0.322037 -0.600945 -0.948701 0.257692 0.183195 -0.229301 0.252903 0.270755 0.928833 0.382349 
1534185788843 0.188927 0.927813 -0.321666 -0.600811 -0.948896 0.256811 0.183423 -0.229005 0.25279 0.270574 0.928917 0.38243 
1534185788879 0.188799 0.9279 -0.321491 -0.600575 -0.948953 0.256623 0.183393 -0.229055 0.252672 0.270455 0.928984 0.382475 
1534185788962 0.189041 0.927783 -0.321686 -0.600317 -0.948904 0.25689 0.183274 -0.229352 0.252676 0.270603 0.92894 0.382345 
1534185789016 0.188726 0.927871 -0.321617 -0.600124 -0.948967 0.25658 0.18338 -0.229309 0.252673 0.270595 0.928943 0.382309 
1534185789066 0.188275 0.927996 -0.321521 -0.599986 -0.94906 0.256133 0.183523 -0.229162 0.252661 0.270591 0.928947 0.382269 
1534185789123 0.187927 0.928105 -0.32141 -0.599783 -0.949125 0.255789 0.183668 -0.229129 0.252676 0.270543 0.928957 0.382268 
1534185789143 0.187909 0.92812 -0.321378 -0.599695 -0.949127 0.255767 0.183688 -0.229182 0.252683 0.270512 0.928964 0.382279 
1534185789162 0.187892 0.928131 -0.321355 -0.599631 -0.949127 0.25575 0.18371 -0.229215 0.252693 0.270489 0.928968 0.382286 
1534185789177 0.187876 0.928141 -0.321335 -0.59957 -0.949127 0.255734 0.183731 -0.229247 0.252705 0.27047 0.928971 0.382291 
1534185789290 0.187462 0.928148 -0.321558 -0.599402 -0.94919 0.255411 0.18386 -0.229189 0.252778 0.270753 0.928868 0.382274 
1534185789348 0.186865 0.928039 -0.322219 -0.59938 -0.949236 0.255057 0.18411 -0.228992 0.253045 0.271459 0.928589 0.382268 
1534185789417 0.186771 0.927959 -0.322503 -0.599172 -0.949283 0.254995 0.183956 -0.229116 0.25294 0.271789 0.928521 0.38231 
1534185789487 0.186637 0.92789 -0.322781 -0.598957 -0.949288 0.254947 0.183996 -0.2292 0.25302 0.272071 0.928417 0.382365 
1534185789535 0.186392 0.927923 -0.322828 -0.598781 -0.949316 0.254747 0.184127 -0.229173 0.253095 0.272146 0.928375 0.382435 
1534185789612 0.186326 0.927821 -0.323157 -0.598549 -0.949288 0.254795 0.184204 -0.229323 0.253248 0.272447 0.928245 0.382486 
1534185789670 0.185785 0.927862 -0.323352 -0.598424 -0.949365 0.254358 0.184413 -0.229177 0.253357 0.272718 0.928135 0.382517 
1534185789690 0.185593 0.927877 -0.323417 -0.598369 -0.94939 0.254203 0.184495 -0.229126 0.253403 0.272808 0.928096 0.382522 
1534185789707 0.185505 0.927881 -0.323459 -0.598327 -0.949401 0.254136 0.184534 -0.229112 0.253428 0.27286 0.928074 0.382527 
1534185789724 0.185445 0.927861 -0.32355 -0.59827 -0.949401 0.25411 0.184569 -0.229127 0.253472 0.272952 0.928035 0.382531 
1534185789740 0.185446 0.927832 -0.323633 -0.59824 -0.949392 0.254137 0.184579 -0.229156 0.253506 0.273025 0.928004 0.38253 
1534185789757 0.185481 0.927778 -0.323767 -0.598203 -0.949371 0.254212 0.184585 -0.229211 0.253559 0.273138 0.927957 0.382523 
1534185789858 0.185586 0.927722 -0.323867 -0.598031 -0.949334 0.254347 0.184585 -0.229382 0.253618 0.273201 0.927922 0.382502 
1534185789891 0.185433 0.927783 -0.32378 -0.597901 -0.949364 0.254187 0.184655 -0.229364 0.25362 0.273144 0.927938 0.382527 
1534185789925 0.18525 0.927815 -0.323793 -0.597776 -0.949386 0.254033 0.184753 -0.229345 0.253671 0.273179 0.927914 0.382544 
1534185789987 0.184919 0.927738 -0.324203 -0.597648 -0.949379 0.253881 0.184997 -0.229305 0.253938 0.273582 0.927722 0.382521 
1534185790018 0.184906 0.927689 -0.32435 -0.597526 -0.949357 0.253925 0.185051 -0.229389 0.25403 0.273706 0.92766 0.382508 
1534185790038 0.184946 0.927648 -0.324444 -0.597462 -0.949335 0.253996 0.185064 -0.229457 0.254082 0.273779 0.927625 0.382498 
1534185790055 0.185003 0.927599 -0.324551 -0.597397 -0.94931 0.254086 0.185072 -0.229536 0.254137 0.273861 0.927585 0.382486 
1534185790071 0.185031 0.927569 -0.324623 -0.597352 -0.949294 0.254137 0.185082 -0.229584 0.254175 0.273917 0.927559 0.38248 
1534185790088 0.185024 0.927547 -0.324688 -0.597314 -0.949285 0.254156 0.185104 -0.229611 0.254214 0.273972 0.927531 0.382474 
1534185790105 0.184999 0.927535 -0.324738 -0.597286 -0.949281 0.254151 0.18513 -0.22962 0.254247 0.274019 0.927509 0.38247 
1534185790121 0.184932 0.927546 -0.324743 -0.597269 -0.94929 0.254094 0.185162 -0.229597 0.254261 0.274033 0.927501 0.382469 
1534185790174 0.184717 0.927668 -0.324517 -0.59724 -0.949375 0.253801 0.185129 -0.229449 0.254101 0.273892 0.927586 0.382499 
1534185790217 0.184562 0.927772 -0.324309 -0.597176 -0.949527 0.253483 0.184785 -0.229317 0.253645 0.273835 0.927728 0.382403 
1534185790243 0.184577 0.927796 -0.324231 -0.597104 -0.94961 0.253389 0.184487 -0.229258 0.253323 0.273841 0.927814 0.382322 
1534185790270 0.184596 0.927802 -0.324204 -0.597009 -0.949672 0.25333 0.184249 -0.229233 0.253077 0.273876 0.927871 0.382258 
1534185790287 0.184591 0.9278 -0.324212 -0.596947 -0.949712 0.253284 0.184104 -0.229239 0.252929 0.273924 0.927897 0.382218 
1534185790303 0.18458 0.927802 -0.324214 -0.596898 -0.949743 0.253243 0.184002 -0.229252 0.252822 0.273956 0.927916 0.382194 
1534185790320 0.184579 0.927806 -0.324203 -0.596841 -0.949767 0.253214 0.183917 -0.229269 0.252732 0.27397 0.927937 0.382182 
1534185790337 0.184568 0.927804 -0.324213 -0.596797 -0.949782 0.253191 0.183869 -0.229278 0.252682 0.273995 0.927943 0.38218 
1534185790353 0.184536 0.927814 -0.324203 -0.596755 -0.949799 0.253148 0.183844 -0.229275 0.252644 0.274002 0.927952 0.382186 
1534185790370 0.1845 0.92783 -0.324179 -0.596725 -0.949815 0.2531 0.183827 -0.229263 0.25261 0.273994 0.927963 0.382188 
1534185790387 0.184503 0.927827 -0.324184 -0.596718 -0.94982 0.253098 0.183805 -0.229267 0.252589 0.274003 0.927966 0.38218 
1534185790404 0.184543 0.92781 -0.32421 -0.596717 -0.949816 0.253136 0.183769 -0.229287 0.252572 0.274027 0.927964 0.38216 
1534185790473 0.184553 0.927806 -0.324217 -0.596651 -0.949812 0.25315 0.183774 -0.229296 0.252582 0.274029 0.92796 0.382038 
1534185790493 0.184406 0.927927 -0.323955 -0.596551 -0.949876 0.252921 0.183756 -0.229233 0.252447 0.273831 0.928055 0.382026 
1534185790510 0.184308 0.928002 -0.323794 -0.596468 -0.949917 0.252773 0.183749 -0.229198 0.252365 0.273711 0.928113 0.382022 
1534185790527 0.184238 0.92805 -0.323696 -0.596392 -0.949951 0.252666 0.183719 -0.229183 0.252287 0.273648 0.928153 0.382007 
1534185790543 0.184177 0.928083 -0.323638 -0.596317 -0.949987 0.252571 0.183666 -0.229176 0.252199 0.273625 0.928184 0.381976 
1534185790560 0.184171 0.928084 -0.323636 -0.596281 -0.950003 0.252549 0.183612 -0.229189 0.252142 0.273639 0.928195 0.381941 
1534185790627 0.184253 0.92805 -0.323688 -0.596248 -0.950001 0.25262 0.183522 -0.229233 0.252088 0.27369 0.928195 0.381785 
1534185790664 0.18441 0.928125 -0.323384 -0.596278 -0.949972 0.252707 0.183557 -0.229243 0.252085 0.273356 0.928294 0.38178 
1534185790684 0.184518 0.928203 -0.323098 -0.596282 -0.949971 0.25273 0.183529 -0.229263 0.252009 0.27307 0.928399 0.381774 
1534185790715 0.184678 0.928263 -0.322834 -0.596295 -0.949936 0.252833 0.18357 -0.229298 0.252024 0.27277 0.928483 0.381756 
1534185790789 0.184518 0.928534 -0.322146 -0.596204 -0.950016 0.252493 0.183622 -0.229259 0.251839 0.272162 0.928712 0.381717 
1534185790804 0.184528 0.928576 -0.322018 -0.596176 -0.950027 0.252463 0.183606 -0.22926 0.25179 0.272045 0.928759 0.381673 
1534185790821 0.184569 0.928624 -0.321856 -0.596139 -0.95004 0.252447 0.183561 -0.22928 0.251711 0.271896 0.928824 0.381623 
1534185790837 0.184612 0.928677 -0.321679 -0.5961 -0.950056 0.252425 0.183506 -0.229304 0.251618 0.271736 0.928896 0.38159 
1534185790854 0.184668 0.92875 -0.321437 -0.596046 -0.95008 0.252392 0.183427 -0.229335 0.251486 0.271519 0.928995 0.381546 
1534185790871 0.184683 0.928777 -0.321351 -0.596016 -0.950093 0.252372 0.183387 -0.229347 0.251426 0.271445 0.929033 0.38151 
1534185790887 0.184673 0.92877 -0.321375 -0.596007 -0.950101 0.252362 0.183363 -0.229351 0.251405 0.271476 0.92903 0.381483 
1534185790904 0.184661 0.928767 -0.32139 -0.596001 -0.950107 0.25235 0.183349 -0.229353 0.251391 0.271498 0.929027 0.381481 
1534185790921 0.184623 0.92873 -0.32152 -0.596002 -0.950121 0.252332 0.1833 -0.229358 0.251366 0.271641 0.928992 0.381492 
1534185790951 0.184517 0.928638 -0.321847 -0.596012 -0.950123 0.252317 0.183311 -0.229333 0.251437 0.27197 0.928877 0.381507 
1534185790969 0.184416 0.928658 -0.321847 -0.595977 -0.950164 0.252199 0.183258 -0.229304 0.251354 0.272011 0.928887 0.381529 
1534185790985 0.184374 0.928688 -0.321783 -0.595937 -0.950195 0.252122 0.183202 -0.229281 0.251266 0.271979 0.92892 0.381545 
1534185791001 0.184425 0.928691 -0.321745 -0.595893 -0.950211 0.252134 0.183103 -0.229269 0.251169 0.271957 0.928953 0.381537 
1534185791019 0.184486 0.928716 -0.321638 -0.595838 -0.950245 0.252121 0.182945 -0.229272 0.250995 0.271884 0.929021 0.381505 
1534185791120 0.184289 0.928863 -0.321327 -0.595596 -0.950364 0.251788 0.182788 -0.22932 0.250692 0.271692 0.929159 0.381245 
1534185791134 0.184052 0.928854 -0.321488 -0.595607 -0.95036 0.251651 0.182996 -0.229344 0.250879 0.271849 0.929063 0.381272 
1534185791153 0.183847 0.928829 -0.32168 -0.595622 -0.95032 0.251582 0.1833 -0.229379 0.251183 0.271999 0.928937 0.38133 
1534185791182 0.183705 0.928839 -0.32173 -0.595611 -0.950236 0.25158 0.183738 -0.229429 0.251603 0.271966 0.928833 0.381453 
1534185791250 0.183509 0.928863 -0.321774 -0.595524 -0.950165 0.251521 0.184181 -0.229509 0.252012 0.271939 0.92873 0.381441 
1534185791294 0.183028 0.929043 -0.321527 -0.595257 -0.950259 0.251019 0.184382 -0.229572 0.252008 0.271787 0.928775 0.38137 
1534185791314 0.182896 0.929097 -0.321447 -0.595171 -0.950277 0.250887 0.18447 -0.229592 0.252037 0.271725 0.928786 0.38135 
1534185791330 0.182826 0.929106 -0.321459 -0.595111 -0.950273 0.250844 0.184552 -0.229627 0.252105 0.271733 0.928765 0.381321 
1534185791347 0.182753 0.929103 -0.321512 -0.59507 -0.950262 0.250812 0.184649 -0.229659 0.252197 0.271775 0.928728 0.381279 
1534185791392 0.18253 0.929105 -0.32163 -0.594971 -0.95025 0.250686 0.184882 -0.229745 0.252403 0.271883 0.92864 0.381204 
1534185791476 0.182398 0.929075 -0.321792 -0.594804 -0.95024 0.250632 0.185008 -0.229808 0.252538 0.272034 0.928559 0.381231 
1534185791525 0.181851 0.929115 -0.321987 -0.594592 -0.950291 0.250215 0.185309 -0.229746 0.252739 0.272283 0.928431 0.381176 
1534185791581 0.181634 0.929065 -0.322254 -0.594438 -0.950206 0.250201 0.185765 -0.229834 0.253216 0.272467 0.928248 0.38112 
1534185791634 0.181531 0.929064 -0.322316 -0.594249 -0.950127 0.250223 0.18614 -0.229962 0.253586 0.272451 0.928151 0.381137 
1534185791681 0.181255 0.929112 -0.32233 -0.594044 -0.950123 0.250028 0.186421 -0.230031 0.253798 0.272463 0.92809 0.381163 
1534185791737 0.180864 0.929146 -0.322452 -0.593834 -0.950131 0.249757 0.186744 -0.230049 0.254048 0.272596 0.927982 0.381098 
1534185791755 0.180656 0.929169 -0.322504 -0.593778 -0.950151 0.249593 0.186861 -0.230038 0.25412 0.27267 0.927941 0.381063 
1534185791772 0.18041 0.9292 -0.322553 -0.593713 -0.950177 0.249394 0.186993 -0.230025 0.254197 0.272747 0.927897 0.381028 
1534185791788 0.180224 0.929219 -0.3226 -0.593663 -0.950197 0.249245 0.187091 -0.230022 0.254255 0.272815 0.927861 0.380997 
1534185791805 0.180053 0.929229 -0.322669 -0.593613 -0.950212 0.249118 0.187183 -0.230035 0.254319 0.272901 0.927819 0.380959 
1534185791822 0.180095 0.929204 -0.322715 -0.593566 -0.95019 0.249181 0.18721 -0.230094 0.254371 0.272925 0.927797 0.380946 
1534185791929 0.1806 0.929194 -0.322463 -0.593426 -0.950197 0.249493 0.186757 -0.230093 0.253986 0.272675 0.927976 0.380999 
1534185791959 0.180288 0.92933 -0.322245 -0.593325 -0.950359 0.249046 0.186529 -0.229946 0.253601 0.27262 0.928097 0.380998 
1534185792054 0.180341 0.929547 -0.32159 -0.592991 -0.950569 0.248729 0.185885 -0.230028 0.252777 0.272171 0.928454 0.381024 
1534185792085 0.180343 0.929569 -0.321525 -0.592834 -0.950597 0.248687 0.185796 -0.230082 0.252669 0.272134 0.928494 0.381027 
1534185792103 0.180305 0.929589 -0.321489 -0.592769 -0.95062 0.248627 0.185758 -0.230085 0.252609 0.272121 0.928514 0.381025 
1534185792119 0.180236 0.929621 -0.321435 -0.592706 -0.950652 0.248531 0.185724 -0.23007 0.252539 0.272099 0.92854 0.381026 
1534185792135 0.180156 0.929655 -0.321381 -0.59265 -0.950684 0.248427 0.1857 -0.230046 0.252477 0.272076 0.928563 0.381029 
1534185792154 0.18011 0.929672 -0.321357 -0.592603 -0.950705 0.248366 0.185672 -0.23004 0.252428 0.272074 0.928577 0.381021 
1534185792169 0.180116 0.92967 -0.321358 -0.592568 -0.950713 0.248362 0.185637 -0.230059 0.252395 0.272083 0.928584 0.38101 
1534185792223 0.180158 0.929688 -0.321284 -0.592512 -0.950696 0.248396 0.185677 -0.230101 0.252428 0.271993 0.928601 0.380985 
1534185792251 0.18007 0.929812 -0.320973 -0.592443 -0.950646 0.248323 0.186031 -0.230062 0.252679 0.271633 0.928638 0.380957 
1534185792265 0.179948 0.929881 -0.320843 -0.59241 -0.950651 0.248202 0.186166 -0.230051 0.252746 0.27151 0.928656 0.380946 
1534185792300 0.179478 0.930036 -0.320658 -0.592296 -0.950674 0.247795 0.186594 -0.230055 0.252997 0.271351 0.928634 0.380901 
1534185792332 0.179344 0.930101 -0.320543 -0.592165 -0.950641 0.247708 0.186874 -0.230067 0.253213 0.271207 0.928617 0.380878 
1534185792351 0.179306 0.930136 -0.320462 -0.592099 -0.950622 0.247684 0.187003 -0.230066 0.253311 0.271108 0.928619 0.380871 
1534185792366 0.179252 0.930198 -0.320313 -0.592038 -0.950621 0.247616 0.187101 -0.230058 0.253356 0.270958 0.928651 0.380867 
1534185792383 0.179141 0.930294 -0.320095 -0.591947 -0.950623 0.247487 0.187258 -0.230031 0.253424 0.270744 0.928695 0.380859 
1534185792481 0.178828 0.930283 -0.320302 -0.591822 -0.950663 0.247255 0.187361 -0.230069 0.253495 0.270994 0.928603 0.38082 
1534185792495 0.178819 0.930195 -0.320564 -0.591861 -0.950655 0.247311 0.187332 -0.23008 0.253534 0.271247 0.928518 0.380819 
1534185792511 0.17879 0.930111 -0.320822 -0.591903 -0.950667 0.247328 0.187246 -0.23009 0.253508 0.271518 0.928446 0.380832 
1534185792570 0.179045 0.929931 -0.321204 -0.591965 -0.950642 0.247619 0.186989 -0.230108 0.253423 0.271871 0.928366 0.380893 
1534185792610 0.178862 0.929955 -0.321236 -0.591922 -0.950647 0.247485 0.187138 -0.229997 0.253531 0.271911 0.928325 0.380971 
1534185792652 0.178518 0.929994 -0.321314 -0.591796 -0.950659 0.247236 0.187411 -0.229885 0.253731 0.272004 0.928243 0.381055 
1534185792669 0.178476 0.929983 -0.321368 -0.591752 -0.950648 0.247227 0.187476 -0.229889 0.253801 0.272048 0.928211 0.381066 
1534185792685 0.178457 0.929966 -0.321429 -0.591703 -0.950633 0.247241 0.187535 -0.229907 0.253871 0.272094 0.928178 0.381078 
1534185792705 0.178465 0.92994 -0.3215 -0.591635 -0.950609 0.247287 0.187593 -0.229948 0.253953 0.272142 0.928141 0.381099 
1534185792726 0.178497 0.929906 -0.321579 -0.591574 -0.950585 0.247353 0.18763 -0.229998 0.254022 0.272197 0.928106 0.381116 
1534185792742 0.178478 0.929891 -0.321632 -0.591535 -0.950574 0.247361 0.187673 -0.23001 0.254074 0.27224 0.92808 0.381129 
1534185792759 0.17841 0.929901 -0.321643 -0.591524 -0.950581 0.247305 0.187711 -0.229982 0.254097 0.272258 0.928068 0.381135 
1534185792809 0.178208 0.929916 -0.321711 -0.591575 -0.950606 0.247143 0.187798 -0.229861 0.254145 0.272353 0.928027 0.381045 
1534185792829 0.178178 0.929915 -0.321731 -0.591595 -0.950557 0.247177 0.188 -0.229801 0.254349 0.272327 0.927979 0.380959 
1534185792846 0.178121 0.929915 -0.321761 -0.591605 -0.950508 0.247195 0.188229 -0.229738 0.254575 0.272309 0.927922 0.380864 
1534185792949 0.178294 0.929874 -0.321786 -0.591519 -0.950481 0.247356 0.188153 -0.229799 0.254554 0.272305 0.927929 0.380653 
1534185792971 0.178275 0.929817 -0.321961 -0.591517 -0.950557 0.247295 0.187845 -0.22984 0.254281 0.272555 0.927931 0.380743 
1534185792985 0.178269 0.929778 -0.322076 -0.591517 -0.950596 0.247273 0.18768 -0.229863 0.254142 0.272706 0.927924 0.380809 
1534185793001 0.178264 0.929748 -0.322166 -0.591514 -0.950631 0.247249 0.187531 -0.229879 0.254012 0.272831 0.927923 0.380895 
1534185793018 0.178241 0.929755 -0.322159 -0.591505 -0.950663 0.247197 0.187437 -0.229871 0.253907 0.272856 0.927944 0.380976 
1534185793042 0.178208 0.929785 -0.322091 -0.591491 -0.950693 0.247126 0.187379 -0.229837 0.253819 0.272818 0.92798 0.381066 
1534185793075 0.178186 0.929743 -0.322222 -0.59149 -0.950704 0.247125 0.187326 -0.229783 0.253794 0.272959 0.927945 0.381101 
1534185793100 0.178172 0.92968 -0.322414 -0.591494 -0.950721 0.247135 0.187226 -0.229737 0.25374 0.273167 0.927899 0.381105 
1534185793117 0.178112 0.929612 -0.322643 -0.591504 -0.950759 0.247096 0.187087 -0.229701 0.253642 0.273433 0.927847 0.381094 
1534185793134 0.178015 0.929559 -0.322848 -0.591502 -0.950809 0.247012 0.186943 -0.229654 0.253522 0.273688 0.927805 0.381076 
1534185793271 0.178428 0.929536 -0.322687 -0.591442 -0.950774 0.247321 0.18671 -0.229725 0.253361 0.273488 0.927907 0.380939 
1534185793288 0.178634 0.929612 -0.322353 -0.591435 -0.950723 0.247461 0.186785 -0.229774 0.253407 0.273102 0.928009 0.380949 
1534185793385 0.178391 0.929893 -0.321677 -0.591573 -0.950753 0.247114 0.187093 -0.229686 0.253467 0.27246 0.928181 0.380931 
1534185793415 0.178463 0.930003 -0.321318 -0.591576 -0.95076 0.247088 0.187093 -0.229659 0.253391 0.272107 0.928305 0.38093 
1534185793452 0.178653 0.930061 -0.321043 -0.59158 -0.950751 0.247182 0.187014 -0.229702 0.253291 0.271821 0.928416 0.380889 
1534185793487 0.17888 0.930109 -0.320779 -0.591586 -0.950739 0.247308 0.186907 -0.229748 0.253175 0.271544 0.928529 0.380787 
1534185793514 0.178991 0.930185 -0.320496 -0.59158 -0.950762 0.247309 0.186789 -0.229757 0.25301 0.271282 0.928651 0.380718 
1534185793530 0.179026 0.930214 -0.320392 -0.591585 -0.950773 0.247302 0.186744 -0.229751 0.252945 0.271188 0.928696 0.38068 
1534185793547 0.179058 0.930231 -0.320326 -0.591598 -0.95078 0.247305 0.186704 -0.229739 0.252896 0.271129 0.928727 0.380634 
1534185793563 0.179095 0.930246 -0.320262 -0.59161 -0.950785 0.247313 0.186664 -0.22973 0.252848 0.271069 0.928757 0.380592 
1534185793580 0.179144 0.930272 -0.320158 -0.591617 -0.950794 0.247319 0.186612 -0.229728 0.252781 0.270974 0.928803 0.38055 
1534185793600 0.179189 0.930301 -0.320049 -0.591617 -0.950798 0.247327 0.186583 -0.229731 0.252735 0.270868 0.928846 0.380526 
1534185793617 0.179231 0.930325 -0.319956 -0.591616 -0.950791 0.247346 0.186593 -0.229736 0.252732 0.270768 0.928876 0.380524 
1534185793633 0.17926 0.930339 -0.319899 -0.591614 -0.950778 0.247371 0.186627 -0.22974 0.25276 0.270698 0.928889 0.380534 
1534185793650 0.179285 0.930342 -0.319875 -0.591608 -0.950755 0.247409 0.186693 -0.229745 0.252829 0.270651 0.928884 0.380553 
1534185793671 0.179334 0.930328 -0.319888 -0.591596 -0.950706 0.247499 0.186821 -0.229768 0.252977 0.270617 0.928854 0.380579 
1534185793690 0.179365 0.9303 -0.319953 -0.591587 -0.950656 0.247589 0.186957 -0.229789 0.253143 0.270631 0.928804 0.380577 
1534185793707 0.179315 0.930238 -0.320163 -0.591593 -0.950604 0.24765 0.187142 -0.229807 0.253375 0.27079 0.928695 0.380554 
1534185793781 0.178879 0.930252 -0.320365 -0.591568 -0.950484 0.247497 0.18795 -0.229844 0.254131 0.270881 0.928462 0.38039 
1534185793810 0.179002 0.930358 -0.319987 -0.591563 -0.950518 0.247475 0.187808 -0.229837 0.253917 0.270535 0.928621 0.380377 
1534185793853 0.179555 0.93043 -0.319468 -0.591604 -0.950604 0.247688 0.187092 -0.229778 0.253205 0.270094 0.928944 0.380405 
1534185793889 0.179763 0.930529 -0.319064 -0.591622 -0.950752 0.247602 0.186453 -0.229775 0.252501 0.269833 0.929211 0.38041 
1534185793969 0.179971 0.930742 -0.318323 -0.591653 -0.950867 0.247484 0.186023 -0.229713 0.251919 0.269204 0.929551 0.380259 
1534185794007 0.180132 0.930816 -0.318015 -0.591662 -0.950871 0.247537 0.185931 -0.229699 0.251788 0.268899 0.929675 0.380138 
1534185794048 0.180374 0.930856 -0.317763 -0.591682 -0.950875 0.24766 0.185744 -0.229743 0.251598 0.26865 0.929799 0.380042 
1534185794065 0.180451 0.930886 -0.317631 -0.591697 -0.950886 0.247679 0.185665 -0.229748 0.251504 0.268527 0.92986 0.380006 
1534185794082 0.180502 0.930928 -0.317479 -0.591712 -0.950902 0.247669 0.185594 -0.229738 0.251404 0.268391 0.929926 0.379971 
1534185794098 0.180531 0.930963 -0.317359 -0.591726 -0.950916 0.247652 0.185544 -0.229722 0.251329 0.268285 0.929977 0.379941 
1534185794200 0.180537 0.930968 -0.317342 -0.591736 -0.950905 0.247664 0.185586 -0.229668 0.251369 0.268257 0.929974 0.379956 
1534185794212 0.180533 0.930891 -0.317567 -0.59173 -0.950862 0.247752 0.185688 -0.229695 0.251533 0.268439 0.929877 0.379977 
1534185794229 0.18052 0.930789 -0.317875 -0.591721 -0.950818 0.247852 0.185783 -0.229745 0.251711 0.268703 0.929753 0.380003 
1534185794246 0.180514 0.930712 -0.318105 -0.591708 -0.950782 0.247931 0.185861 -0.22979 0.251851 0.268898 0.929659 0.380025 
1534185794262 0.180508 0.930685 -0.318184 -0.591684 -0.950762 0.247964 0.185918 -0.229823 0.251929 0.268958 0.92962 0.380054 
1534185794279 0.180398 0.930691 -0.31823 -0.591662 -0.950771 0.247883 0.185982 -0.229842 0.251976 0.269013 0.929591 0.380088 
1534185794296 0.180213 0.930706 -0.318292 -0.591649 -0.95079 0.247738 0.186074 -0.229831 0.252033 0.269096 0.929552 0.380118 
1534185794312 0.180093 0.930714 -0.318337 -0.591641 -0.9508 0.247648 0.186146 -0.229808 0.252085 0.269151 0.929522 0.380126 
1534185794329 0.179929 0.930717 -0.318419 -0.591629 -0.950807 0.247535 0.186258 -0.22977 0.252173 0.269242 0.929471 0.380127 
1534185794346 0.179839 0.930709 -0.318495 -0.591624 -0.950809 0.247482 0.186319 -0.229751 0.25223 0.269321 0.929433 0.380122 
1534185794362 0.179718 0.930671 -0.318672 -0.591624 -0.950801 0.247437 0.186419 -0.229726 0.252346 0.269491 0.929352 0.380112 
1534185794379 0.179671 0.930627 -0.318829 -0.591633 -0.950784 0.247452 0.186486 -0.229728 0.252444 0.269631 0.929285 0.380104 
1534185794399 0.179676 0.930579 -0.318966 -0.591644 -0.950761 0.247508 0.186529 -0.229752 0.252526 0.269745 0.92923 0.380097 
1534185794419 0.179714 0.930564 -0.318988 -0.591643 -0.950747 0.247555 0.186537 -0.229787 0.252552 0.269754 0.92922 0.38009 
1534185794436 0.179741 0.930557 -0.318993 -0.591642 -0.950736 0.247588 0.186549 -0.229816 0.252573 0.269747 0.929216 0.380088 
1534185794456 0.179777 0.930564 -0.318953 -0.591632 -0.950693 0.247653 0.186686 -0.229838 0.252713 0.269665 0.929202 0.380089 
1534185794473 0.17978 0.930612 -0.318811 -0.591607 -0.950656 0.247666 0.186857 -0.229847 0.25285 0.269486 0.929217 0.380091 
1534185794490 0.179717 0.930636 -0.318776 -0.591595 -0.950615 0.247656 0.187078 -0.229843 0.253048 0.269412 0.929184 0.380072 
1534185794605 0.179558 0.930374 -0.31963 -0.591575 -0.950517 0.247815 0.187366 -0.230025 0.253529 0.270171 0.928833 0.380103 
1534185794618 0.179731 0.930341 -0.319627 -0.591575 -0.950558 0.247898 0.187044 -0.230022 0.25325 0.270207 0.928899 0.380132 
1534185794635 0.179873 0.930315 -0.319625 -0.591581 -0.950633 0.247922 0.186632 -0.229994 0.252869 0.270276 0.928982 0.38016 
1534185794652 0.179936 0.930305 -0.319617 -0.591591 -0.950712 0.247882 0.18628 -0.229933 0.252525 0.270346 0.929056 0.380177 
1534185794683 0.179814 0.930316 -0.319655 -0.591599 -0.950805 0.2477 0.186049 -0.229826 0.252263 0.270475 0.929089 0.380162 
1534185794719 0.179658 0.930275 -0.319863 -0.591615 -0.950853 0.247575 0.185969 -0.229733 0.252193 0.270732 0.929033 0.38014 
1534185794750 0.179559 0.93021 -0.320105 -0.591629 -0.950908 0.247492 0.185798 -0.229686 0.252055 0.271029 0.928984 0.380167 
1534185794763 0.179598 0.930169 -0.320203 -0.59163 -0.950918 0.247529 0.185699 -0.229682 0.251991 0.271136 0.92897 0.380179 
1534185794780 0.179654 0.930096 -0.320385 -0.591636 -0.950922 0.247602 0.185579 -0.229685 0.251935 0.271321 0.928932 0.380192 
1534185794797 0.179695 0.930019 -0.320583 -0.591639 -0.950921 0.247674 0.185492 -0.229695 0.251911 0.271517 0.928881 0.380204 
1534185794888 0.179702 0.929968 -0.320728 -0.591596 -0.950903 0.247726 0.185511 -0.229718 0.251972 0.271644 0.928827 0.380238 
1534185794902 0.179543 0.930014 -0.320683 -0.591593 -0.950901 0.247603 0.185687 -0.22971 0.252094 0.271599 0.928807 0.380225 
1534185794918 0.179356 0.930109 -0.320512 -0.591584 -0.950889 0.247445 0.185961 -0.22971 0.252273 0.271418 0.928811 0.380205 
1534185794935 0.179292 0.930187 -0.320321 -0.591573 -0.950862 0.247388 0.186174 -0.229721 0.25242 0.271202 0.928834 0.38019 
1534185794952 0.179264 0.930233 -0.320205 -0.59157 -0.950834 0.247375 0.186336 -0.229737 0.252546 0.271058 0.928842 0.380178 
1534185794968 0.17924 0.93024 -0.320199 -0.591576 -0.950819 0.247372 0.186417 -0.229751 0.25262 0.271038 0.928828 0.380172 
1534185794987 0.179159 0.930233 -0.320262 -0.591594 -0.950797 0.247348 0.186557 -0.229776 0.252758 0.271081 0.928778 0.380162 
1534185795005 0.179068 0.930235 -0.320309 -0.591604 -0.95079 0.247298 0.186662 -0.229792 0.252851 0.271121 0.928741 0.380154 
1534185795022 0.178959 0.930244 -0.320342 -0.591609 -0.950788 0.247226 0.186764 -0.229802 0.252933 0.271154 0.928709 0.380148 
1534185795038 0.178774 0.930262 -0.320394 -0.591612 -0.950784 0.247105 0.186948 -0.229794 0.253082 0.271204 0.928654 0.380143 
1534185795055 0.178574 0.930285 -0.320438 -0.591614 -0.950771 0.246979 0.187176 -0.229777 0.253268 0.271238 0.928593 0.380142 
1534185795072 0.178425 0.930298 -0.320484 -0.591612 -0.950748 0.246904 0.187395 -0.229767 0.253462 0.271264 0.928533 0.380142 
1534185795095 0.178409 0.93027 -0.320574 -0.591609 -0.950693 0.24697 0.187589 -0.229779 0.25368 0.2713 0.928462 0.380142 
1534185795130 0.178518 0.930197 -0.320726 -0.591587 -0.95067 0.247105 0.187526 -0.22985 0.253689 0.271428 0.928423 0.380178 
1534185795150 0.178526 0.93015 -0.320858 -0.591571 -0.9507 0.247105 0.187372 -0.229882 0.253569 0.27159 0.928408 0.380213 
1534185795171 0.178591 0.930092 -0.320989 -0.591559 -0.950743 0.247134 0.187119 -0.2299 0.253365 0.27176 0.928414 0.38025 
1534185795197 0.178625 0.930041 -0.32112 -0.59155 -0.950804 0.247119 0.186826 -0.22991 0.253111 0.27195 0.928428 0.380291 
1534185795207 0.178608 0.930021 -0.321187 -0.591546 -0.950836 0.247087 0.186709 -0.229914 0.253004 0.272048 0.928428 0.380312 
1534185795224 0.178523 0.929979 -0.321355 -0.591549 -0.950872 0.247018 0.186612 -0.229916 0.252926 0.272253 0.928389 0.380337 
1534185795244 0.178423 0.929921 -0.321576 -0.591554 -0.95088 0.246981 0.186625 -0.229909 0.252969 0.272482 0.92831 0.380344 
1534185795260 0.178337 0.929858 -0.321808 -0.591562 -0.950875 0.246968 0.186663 -0.229901 0.253047 0.272711 0.928222 0.380333 
1534185795277 0.178294 0.929847 -0.321864 -0.591562 -0.95088 0.246944 0.186673 -0.229899 0.253059 0.272771 0.928201 0.38033 
1534185795294 0.178108 0.929851 -0.321954 -0.591555 -0.95092 0.246781 0.186682 -0.229898 0.253039 0.272903 0.928168 0.380329 
1534185795310 0.178021 0.929873 -0.32194 -0.591542 -0.950949 0.246683 0.186666 -0.22991 0.252993 0.272918 0.928176 0.380333 
1534185795327 0.178007 0.929882 -0.321922 -0.591536 -0.950959 0.246658 0.186646 -0.229929 0.252963 0.27291 0.928186 0.380332 
1534185795344 0.178059 0.929893 -0.32186 -0.591541 -0.950962 0.24668 0.186599 -0.22996 0.252914 0.272851 0.928217 0.380324 
1534185795364 0.178164 0.929968 -0.321584 -0.591524 -0.950978 0.246685 0.186513 -0.229992 0.252781 0.27259 0.92833 0.380323 
1534185795459 0.178084 0.930054 -0.32138 -0.591552 -0.951034 0.246525 0.18644 -0.22998 0.252627 0.272441 0.928415 0.380312 
1534185795492 0.177956 0.929853 -0.322031 -0.591627 -0.950979 0.246621 0.186594 -0.229956 0.252924 0.27304 0.928159 0.380283 
1534185795551 0.177734 0.929808 -0.322286 -0.591565 -0.951047 0.246435 0.186494 -0.229936 0.252827 0.273363 0.92809 0.380324 
1534185795593 0.177607 0.92974 -0.322552 -0.591515 -0.95107 0.24637 0.186461 -0.229952 0.252828 0.273653 0.928004 0.380377 
1534185795626 0.177503 0.929659 -0.322843 -0.591494 -0.951095 0.246325 0.186395 -0.229983 0.252808 0.273968 0.927917 0.380447 
1534185795666 0.177441 0.929556 -0.323172 -0.5915 -0.951107 0.246332 0.186323 -0.230029 0.252805 0.274309 0.927817 0.380499 
1534185795696 0.177311 0.92947 -0.323491 -0.591514 -0.951122 0.246284 0.186308 -0.230034 0.252838 0.274645 0.927708 0.380546 
1534185795730 0.177078 0.929408 -0.323795 -0.591532 -0.951165 0.246127 0.186297 -0.230023 0.252841 0.274994 0.927604 0.380591 
1534185795747 0.176978 0.929387 -0.323913 -0.591537 -0.951191 0.246048 0.186267 -0.230023 0.252812 0.275138 0.927569 0.380617 
1534185795763 0.176893 0.929368 -0.324013 -0.59154 -0.95122 0.245975 0.186218 -0.230025 0.252764 0.275267 0.927544 0.380641 
1534185795780 0.176792 0.929346 -0.324131 -0.591542 -0.951256 0.245885 0.186151 -0.23003 0.252698 0.275422 0.927516 0.380669 
1534185795797 0.176703 0.929301 -0.324307 -0.591545 -0.951279 0.24583 0.186107 -0.230036 0.252673 0.275621 0.927464 0.38069 
1534185795813 0.17664 0.929256 -0.324471 -0.591545 -0.951277 0.245818 0.186132 -0.230037 0.252725 0.275783 0.927402 0.380705 
1534185795830 0.176611 0.929227 -0.324569 -0.591543 -0.951265 0.245829 0.186178 -0.230037 0.252791 0.27587 0.927358 0.380716 
1534185795847 0.176607 0.929234 -0.324553 -0.591531 -0.951268 0.24582 0.186174 -0.230042 0.252781 0.275857 0.927364 0.38072 
1534185795863 0.176615 0.929247 -0.324512 -0.591521 -0.951271 0.245814 0.186167 -0.230045 0.252764 0.275819 0.92738 0.380718 
1534185795880 0.176642 0.929253 -0.324478 -0.591514 -0.951274 0.245824 0.186139 -0.230058 0.252735 0.275788 0.927397 0.380707 
1534185795897 0.176698 0.929281 -0.324368 -0.591505 -0.951273 0.245845 0.186118 -0.230071 0.2527 0.275676 0.92744 0.380693 
1534185795920 0.176777 0.929335 -0.324171 -0.591496 -0.951275 0.245862 0.186088 -0.230084 0.252639 0.27548 0.927515 0.380683 
1534185795938 0.176792 0.929348 -0.324123 -0.591499 -0.951276 0.245861 0.186079 -0.230083 0.252622 0.275434 0.927534 0.380679 
1534185795954 0.176788 0.929341 -0.324146 -0.591508 -0.951277 0.245862 0.186075 -0.230081 0.252623 0.275457 0.927526 0.380675 
1534185795970 0.176785 0.929337 -0.324161 -0.591512 -0.951283 0.245856 0.186051 -0.230084 0.252601 0.275478 0.927526 0.380675 
1534185796026 0.176661 0.929235 -0.32452 -0.591562 -0.951298 0.24582 0.186022 -0.230098 0.252632 0.275853 0.927406 0.380654 
