1535122651221 0.220728 0.922692 -0.316099 -0.501268 -0.942302 0.285375 0.175009 -0.184327 0.251686 0.259231 0.932445 0.453903 
1535122656737 0.220728 0.922692 -0.3161 -0.501268 -0.942302 0.285375 0.175009 -0.184327 0.251686 0.259232 0.932445 0.453903 
1535122657976 0.226878 0.923582 -0.309067 -0.527819 -0.941994 0.288688 0.171191 -0.196393 0.247333 0.2523 0.935506 0.438015 
1535122659548 0.234717 0.925215 -0.298135 -0.568186 -0.941549 0.292636 0.166884 -0.213936 0.241649 0.241538 0.939822 0.413626 
1535122661163 0.242512 0.926559 -0.287536 -0.608574 -0.941029 0.296734 0.162522 -0.231614 0.235908 0.231167 0.94388 0.389266 
1535122662132 0.244761 0.927093 -0.283884 -0.622098 -0.940804 0.297895 0.161702 -0.237265 0.23448 0.227501 0.945126 0.3811 
