1535119028484 0.256126 0.92962 -0.264966 -0.601373 -0.93765 0.305558 0.165669 -0.230627 0.234972 0.206013 0.949919 0.382442 
1535119033568 0.256125 0.92962 -0.264965 -0.601373 -0.93765 0.305558 0.165671 -0.230627 0.234973 0.206012 0.949919 0.382443 
1535119034204 0.256086 0.928849 -0.267693 -0.607928 -0.937677 0.305991 0.164716 -0.233272 0.234908 0.208828 0.94932 0.380369 
1535119034670 0.255315 0.928842 -0.268451 -0.611414 -0.937891 0.305382 0.164628 -0.234319 0.234894 0.209746 0.949121 0.379423 
1535119035475 0.254187 0.928081 -0.27213 -0.621682 -0.938109 0.305031 0.164034 -0.237999 0.235245 0.213592 0.948176 0.37637 
1535119036148 0.253264 0.927748 -0.274119 -0.62857 -0.938393 0.304467 0.16346 -0.240447 0.23511 0.215833 0.947702 0.374476 
1535119036617 0.252999 0.927569 -0.274968 -0.631909 -0.938429 0.304396 0.163386 -0.24174 0.235251 0.216702 0.947469 0.373576 
1535119037565 0.252216 0.927947 -0.274411 -0.632199 -0.938648 0.30354 0.16372 -0.24148 0.235218 0.216282 0.947573 0.373699 
1535119037810 0.251432 0.927211 -0.277601 -0.632288 -0.938341 0.30383 0.164934 -0.241933 0.237273 0.219015 0.946432 0.37349 
1535119038036 0.250263 0.926812 -0.279977 -0.632554 -0.938198 0.303558 0.166245 -0.242425 0.239067 0.221069 0.945503 0.373534 
1535119038239 0.248626 0.926453 -0.282611 -0.632964 -0.938134 0.30293 0.167743 -0.242579 0.241017 0.223422 0.944454 0.37348 
1535119038360 0.248246 0.926164 -0.283892 -0.633106 -0.937917 0.303094 0.168657 -0.242914 0.24225 0.224398 0.943907 0.373556 
1535119038482 0.247319 0.92606 -0.285037 -0.633284 -0.937978 0.302589 0.169227 -0.242951 0.242964 0.225505 0.94346 0.373501 
1535119039575 0.246588 0.925856 -0.286332 -0.633479 -0.937846 0.302429 0.170238 -0.243064 0.24421 0.226557 0.942886 0.373501 
1535119039594 0.246611 0.925875 -0.286249 -0.633456 -0.937882 0.302398 0.170097 -0.243062 0.24405 0.22652 0.942936 0.373491 
1535119039754 0.246694 0.926093 -0.28547 -0.63345 -0.938199 0.302019 0.16902 -0.243004 0.242745 0.226131 0.943366 0.37356 
1535119039789 0.246321 0.92604 -0.285965 -0.633622 -0.938297 0.301754 0.168948 -0.243086 0.242744 0.226705 0.943229 0.373628 
1535119039880 0.246023 0.925987 -0.286393 -0.633828 -0.938372 0.30155 0.168894 -0.243219 0.242755 0.227192 0.943109 0.373825 
1535119039941 0.245618 0.925953 -0.286849 -0.633959 -0.93852 0.301208 0.168682 -0.24332 0.242593 0.227783 0.943008 0.373827 
1535119040087 0.24495 0.925776 -0.28799 -0.63436 -0.93868 0.300792 0.168536 -0.243584 0.242652 0.229048 0.942686 0.374028 
1535119040115 0.24456 0.925795 -0.288259 -0.634455 -0.938789 0.300462 0.168515 -0.243647 0.242622 0.229402 0.942608 0.374088 
1535119040789 0.243759 0.925772 -0.289013 -0.634806 -0.93902 0.299814 0.168382 -0.243721 0.242533 0.230344 0.942401 0.374273 
1535119040955 0.243787 0.925902 -0.288572 -0.634731 -0.939072 0.299705 0.16829 -0.243711 0.242306 0.229963 0.942552 0.37422 
1535119040997 0.244012 0.926083 -0.2878 -0.634611 -0.939001 0.29979 0.168532 -0.243719 0.242354 0.229121 0.942745 0.374213 
1535119041134 0.243751 0.926296 -0.287334 -0.634675 -0.939196 0.299337 0.168253 -0.243943 0.241862 0.228851 0.942937 0.374121 
1535119041244 0.243134 0.926685 -0.286601 -0.634867 -0.939467 0.29851 0.168209 -0.243895 0.24143 0.228355 0.943168 0.374211 
1535119041361 0.243 0.926936 -0.285904 -0.634915 -0.939599 0.298164 0.168084 -0.244188 0.241049 0.22779 0.943402 0.374372 
1535119041626 0.241516 0.92776 -0.284485 -0.635353 -0.940307 0.296182 0.167627 -0.244549 0.239777 0.227019 0.943912 0.374392 
1535119041707 0.240979 0.928105 -0.283815 -0.635508 -0.940497 0.2955 0.167767 -0.244483 0.239572 0.226499 0.944089 0.37456 
1535119042598 0.24052 0.928424 -0.283158 -0.635605 -0.940739 0.294825 0.167596 -0.244609 0.239082 0.226067 0.944316 0.374625 
1535119042615 0.240575 0.928393 -0.283213 -0.635574 -0.940712 0.294899 0.167615 -0.244598 0.239132 0.226098 0.944296 0.374635 
1535119042800 0.240921 0.92829 -0.283257 -0.635507 -0.94063 0.295232 0.167494 -0.244638 0.239109 0.226087 0.944305 0.374534 
1535119042997 0.240605 0.928809 -0.281819 -0.635582 -0.940981 0.294416 0.166956 -0.244746 0.238042 0.225016 0.94483 0.37448 
1535119043040 0.240635 0.928956 -0.28131 -0.635571 -0.941093 0.29424 0.166636 -0.244933 0.23757 0.22464 0.945038 0.374407 
1535119043199 0.240353 0.929419 -0.280021 -0.635651 -0.941453 0.293467 0.165961 -0.245092 0.236424 0.223738 0.94554 0.374249 
1535119043377 0.240114 0.929901 -0.278622 -0.63572 -0.941757 0.292759 0.165487 -0.245249 0.235456 0.222659 0.946036 0.37424 
1535119043710 0.239896 0.93016 -0.277944 -0.635793 -0.941935 0.292315 0.165258 -0.245336 0.234964 0.22216 0.946275 0.374178 
1535119043883 0.240081 0.930138 -0.277856 -0.63572 -0.941876 0.292487 0.165288 -0.245313 0.23501 0.222023 0.946296 0.374221 
1535119043904 0.240318 0.930023 -0.278037 -0.635705 -0.941766 0.292792 0.165374 -0.245239 0.235209 0.222103 0.946228 0.374255 
1535119044084 0.241668 0.929683 -0.278005 -0.635592 -0.941469 0.294032 0.164866 -0.245208 0.235015 0.22189 0.946326 0.374061 
1535119044250 0.242677 0.929594 -0.277421 -0.635426 -0.941387 0.294727 0.164096 -0.245141 0.234306 0.221338 0.946631 0.373966 
1535119044285 0.24302 0.929513 -0.277392 -0.635415 -0.941298 0.29505 0.164024 -0.245142 0.234307 0.221247 0.946652 0.373951 
1535119044398 0.243449 0.929488 -0.2771 -0.635354 -0.941247 0.295353 0.163772 -0.245132 0.234066 0.22095 0.946781 0.373904 
1535119044827 0.244347 0.929372 -0.276699 -0.635256 -0.941125 0.296036 0.163235 -0.245127 0.233619 0.220523 0.946991 0.373783 
1535119044846 0.244268 0.929392 -0.276702 -0.63526 -0.941134 0.295973 0.163302 -0.24512 0.233668 0.220524 0.946979 0.373808 
1535119045026 0.244123 0.929338 -0.277011 -0.635162 -0.941015 0.296035 0.163869 -0.245001 0.234295 0.220667 0.94679 0.373996 
1535119045164 0.244854 0.929174 -0.276914 -0.634924 -0.940851 0.296694 0.16362 -0.244961 0.23419 0.220472 0.946862 0.373955 
1535119045283 0.245403 0.929149 -0.276513 -0.634715 -0.940648 0.297205 0.163862 -0.244751 0.234433 0.219889 0.946937 0.37414 
1535119045401 0.246132 0.928983 -0.276422 -0.634553 -0.940448 0.297896 0.163756 -0.244683 0.234471 0.219655 0.946982 0.374162 
1535119045596 0.247574 0.928721 -0.276016 -0.634083 -0.940068 0.299205 0.163548 -0.244576 0.234476 0.218984 0.947136 0.37428 
1535119045805 0.248967 0.928445 -0.27569 -0.633661 -0.939688 0.300494 0.163372 -0.244403 0.234525 0.218388 0.947262 0.374347 
1535119046889 0.249529 0.928333 -0.275559 -0.633441 -0.939517 0.301029 0.163371 -0.244283 0.234614 0.218127 0.9473 0.374399 
1535119047156 0.249306 0.928296 -0.275885 -0.633091 -0.939593 0.300857 0.163251 -0.244084 0.234547 0.21852 0.947226 0.374655 
1535119047348 0.249534 0.928104 -0.276326 -0.632695 -0.939541 0.301144 0.163016 -0.24399 0.23451 0.218942 0.947137 0.374734 
1535119047554 0.249745 0.927995 -0.276501 -0.632303 -0.939489 0.301373 0.162893 -0.243797 0.234494 0.219088 0.947108 0.374886 
1535119047833 0.250284 0.927764 -0.27679 -0.631488 -0.939354 0.301932 0.162638 -0.243518 0.234461 0.219298 0.947067 0.375221 
1535119048044 0.250676 0.927564 -0.277106 -0.631121 -0.939242 0.302369 0.162471 -0.243271 0.23449 0.219542 0.947003 0.375312 
1535119048238 0.250939 0.927395 -0.27743 -0.630724 -0.939159 0.30269 0.162353 -0.243171 0.234541 0.21981 0.946929 0.37547 
1535119048447 0.251264 0.927237 -0.277664 -0.630324 -0.939083 0.303032 0.162156 -0.243013 0.234499 0.220005 0.946894 0.375614 
1535119048951 0.251411 0.927164 -0.277775 -0.630121 -0.939082 0.303156 0.161929 -0.242969 0.234344 0.220143 0.9469 0.375685 
1535119049264 0.251254 0.927237 -0.277676 -0.629562 -0.939067 0.303042 0.162231 -0.242689 0.234574 0.219995 0.946878 0.37596 
1535119049481 0.251202 0.927191 -0.277875 -0.629113 -0.939107 0.303003 0.162075 -0.24245 0.234471 0.220241 0.946846 0.376018 
1535119049864 0.25119 0.927184 -0.277908 -0.627673 -0.939046 0.303057 0.162323 -0.241763 0.234726 0.220195 0.946794 0.376589 
1535119050163 0.251237 0.927037 -0.278357 -0.626749 -0.938992 0.30322 0.162333 -0.241349 0.234892 0.220591 0.94666 0.376935 
1535119050404 0.251285 0.926923 -0.278692 -0.626236 -0.938967 0.303336 0.162262 -0.241126 0.234942 0.220908 0.946574 0.376999 
1535119050640 0.251484 0.926835 -0.278806 -0.626058 -0.93889 0.303568 0.16227 -0.241083 0.235034 0.220959 0.946539 0.377025 
1535119050955 0.250466 0.926966 -0.279287 -0.625298 -0.938556 0.303246 0.164786 -0.2408 0.237444 0.220853 0.945962 0.377292 
1535119051239 0.250246 0.926839 -0.279903 -0.624459 -0.938 0.303715 0.167074 -0.240682 0.239862 0.22074 0.945378 0.377588 
1535119051496 0.249678 0.926782 -0.280601 -0.623643 -0.937568 0.303833 0.169268 -0.240506 0.24213 0.22082 0.944781 0.377824 
1535119051689 0.249389 0.926723 -0.28105 -0.623273 -0.937323 0.303932 0.170442 -0.240351 0.243373 0.220929 0.944437 0.377874 
1535119051875 0.249001 0.926705 -0.281455 -0.622899 -0.937106 0.303926 0.171642 -0.24018 0.244603 0.221014 0.944099 0.377914 
1535119052250 0.249262 0.926587 -0.281612 -0.622597 -0.936829 0.304392 0.172327 -0.240296 0.245396 0.220868 0.943927 0.378081 
1535119052487 0.249108 0.9266 -0.281705 -0.62252 -0.936901 0.304234 0.172217 -0.239976 0.24528 0.221029 0.943919 0.378087 
1535119052729 0.248869 0.926509 -0.282214 -0.621936 -0.936833 0.304219 0.172611 -0.23972 0.245781 0.22143 0.943695 0.378229 
1535119052968 0.249225 0.926259 -0.28272 -0.621248 -0.936535 0.304836 0.173138 -0.239619 0.246554 0.221627 0.943447 0.378417 
1535119053138 0.249214 0.926108 -0.283224 -0.621008 -0.936454 0.304996 0.173295 -0.239495 0.246872 0.222039 0.943267 0.378408 
1535119053313 0.249327 0.925972 -0.28357 -0.620682 -0.936307 0.305273 0.173601 -0.23944 0.247317 0.222225 0.943107 0.378449 
1535119053497 0.249185 0.925937 -0.283808 -0.620342 -0.936215 0.305299 0.17405 -0.239141 0.247806 0.222334 0.942953 0.37854 
1535119053931 0.24935 0.925818 -0.284052 -0.620189 -0.936134 0.305536 0.174072 -0.239209 0.247947 0.222506 0.942875 0.378545 
1535119053953 0.249349 0.925818 -0.284052 -0.620189 -0.936134 0.305535 0.174072 -0.239208 0.247947 0.222506 0.942875 0.378545 
1535119054148 0.249121 0.925861 -0.284113 -0.620087 -0.936243 0.305285 0.173924 -0.23896 0.247765 0.222671 0.942884 0.378684 
1535119054307 0.249625 0.925574 -0.284607 -0.619786 -0.936159 0.305814 0.173447 -0.239078 0.247575 0.22314 0.942823 0.378678 
1535119054528 0.249256 0.925562 -0.284968 -0.619381 -0.936279 0.30551 0.173336 -0.238665 0.247494 0.223605 0.942734 0.378927 
1535119054684 0.24985 0.925248 -0.285468 -0.619101 -0.936125 0.306166 0.173009 -0.238774 0.247477 0.224007 0.942643 0.379039 
1535119054853 0.249857 0.925154 -0.285764 -0.618858 -0.936179 0.306178 0.172697 -0.238699 0.247266 0.224376 0.942611 0.379142 
1535119055011 0.249869 0.92502 -0.286187 -0.61865 -0.936218 0.30623 0.172393 -0.238608 0.247106 0.224858 0.942538 0.379189 
1535119055157 0.249788 0.925032 -0.28622 -0.618429 -0.936282 0.30612 0.172239 -0.23844 0.246944 0.224959 0.942556 0.37936 
1535119055809 0.250007 0.924877 -0.286528 -0.618215 -0.936206 0.306402 0.172153 -0.238421 0.247013 0.22521 0.942478 0.379425 
1535119056000 0.249863 0.925041 -0.286125 -0.618247 -0.936266 0.30617 0.17224 -0.238281 0.246932 0.224852 0.942585 0.379473 
1535119056062 0.250023 0.92499 -0.28615 -0.618039 -0.936205 0.306344 0.17226 -0.238235 0.246999 0.224826 0.942573 0.379528 
1535119056252 0.250073 0.924977 -0.286149 -0.617662 -0.936279 0.306312 0.171917 -0.237973 0.24667 0.224923 0.942636 0.37957 
1535119056307 0.250453 0.924879 -0.286133 -0.617421 -0.936171 0.306677 0.171853 -0.23799 0.246693 0.224828 0.942653 0.379675 
1535119056453 0.250465 0.924898 -0.286062 -0.617229 -0.936238 0.306611 0.171603 -0.237845 0.246425 0.224842 0.94272 0.379693 
1535119056517 0.250535 0.924903 -0.285984 -0.61702 -0.936222 0.306661 0.1716 -0.237771 0.246414 0.224753 0.942744 0.379797 
1535119056661 0.250904 0.924801 -0.28599 -0.616816 -0.936156 0.306984 0.171384 -0.237704 0.24629 0.224731 0.942782 0.379843 
1535119057224 0.251108 0.924702 -0.286131 -0.61659 -0.936155 0.307156 0.171083 -0.237669 0.246088 0.224903 0.942793 0.379865 
1535119057248 0.25111 0.924714 -0.286091 -0.616594 -0.936152 0.307153 0.171104 -0.237672 0.246096 0.224859 0.942802 0.379875 
1535119057500 0.250889 0.925007 -0.285335 -0.61607 -0.936336 0.306688 0.170932 -0.237255 0.245623 0.224284 0.943062 0.380015 
1535119057739 0.251334 0.925092 -0.284667 -0.615475 -0.936374 0.306846 0.170439 -0.236935 0.245021 0.223718 0.943353 0.380161 
1535119057788 0.251243 0.925189 -0.284431 -0.615303 -0.936447 0.306672 0.170351 -0.236737 0.244834 0.223555 0.94344 0.38019 
1535119058207 0.251702 0.925052 -0.284472 -0.615026 -0.936439 0.307011 0.169781 -0.236788 0.244392 0.223656 0.943531 0.380146 
1535119058221 0.25168 0.92506 -0.284467 -0.615044 -0.93644 0.306994 0.169809 -0.236773 0.244413 0.223649 0.943527 0.380155 
1535119058409 0.25137 0.925217 -0.284231 -0.61506 -0.936421 0.306748 0.170355 -0.236544 0.244802 0.223338 0.9435 0.380321 
1535119058535 0.251626 0.925144 -0.284242 -0.614775 -0.936443 0.306912 0.16994 -0.236535 0.244456 0.223415 0.943571 0.380268 
1535119058650 0.251461 0.925285 -0.283927 -0.614565 -0.936523 0.306664 0.169947 -0.236258 0.24432 0.223169 0.943665 0.380324 
1535119058925 0.252221 0.925291 -0.283233 -0.613514 -0.936436 0.307155 0.169539 -0.235864 0.243869 0.222468 0.943947 0.380673 
1535119059038 0.25244 0.925266 -0.283118 -0.613275 -0.936451 0.307276 0.169236 -0.235744 0.243584 0.222404 0.944036 0.380715 
1535119059651 0.252721 0.925195 -0.283102 -0.613026 -0.936443 0.30748 0.168913 -0.235715 0.243326 0.222421 0.944098 0.380751 
1535119059899 0.252382 0.925269 -0.28316 -0.612816 -0.93638 0.307307 0.169573 -0.235539 0.243918 0.222348 0.943963 0.380945 
1535119060187 0.252363 0.925189 -0.283442 -0.611769 -0.93613 0.307573 0.170471 -0.235159 0.244897 0.222317 0.943716 0.381312 
1535119060407 0.25258 0.925003 -0.283853 -0.611058 -0.935911 0.308001 0.170897 -0.234932 0.245507 0.222496 0.943516 0.381449 
1535119060644 0.252687 0.924861 -0.284222 -0.610393 -0.935665 0.308368 0.171581 -0.234645 0.246333 0.22258 0.94328 0.3817 
1535119060774 0.253137 0.924645 -0.284522 -0.610084 -0.935472 0.308918 0.171644 -0.234805 0.246604 0.222713 0.943178 0.381729 
1535119060793 0.253086 0.924651 -0.28455 -0.610084 -0.935483 0.308877 0.171658 -0.234779 0.246615 0.222747 0.943167 0.381723 
1535119061032 0.252915 0.924811 -0.284181 -0.609663 -0.935498 0.308673 0.171944 -0.234287 0.246735 0.222364 0.943226 0.381901 
1535119061246 0.25335 0.924711 -0.284117 -0.609012 -0.935345 0.309109 0.171994 -0.233992 0.246868 0.222172 0.943237 0.382076 
1535119061423 0.253766 0.924525 -0.284353 -0.608683 -0.935243 0.30954 0.171774 -0.23399 0.246828 0.222349 0.943206 0.382077 
1535119061666 0.25411 0.924524 -0.28405 -0.607987 -0.935126 0.309833 0.171883 -0.233734 0.246917 0.221945 0.943277 0.382278 
1535119061826 0.25454 0.924327 -0.284305 -0.607671 -0.934952 0.310342 0.171909 -0.233664 0.247132 0.222054 0.943196 0.382327 
1535119061970 0.254749 0.924312 -0.284165 -0.607398 -0.934891 0.310519 0.17192 -0.233616 0.247147 0.221867 0.943236 0.382402 
1535119062248 0.255003 0.924357 -0.283791 -0.607139 -0.93485 0.310667 0.17188 -0.233455 0.247043 0.221472 0.943356 0.38244 
1535119062435 0.255163 0.924489 -0.283218 -0.606637 -0.934806 0.310712 0.172031 -0.233113 0.24704 0.220858 0.9435 0.382481 
1535119062544 0.255433 0.924452 -0.283095 -0.606348 -0.934752 0.31093 0.171935 -0.233137 0.246969 0.220705 0.943555 0.382498 
1535119062657 0.255407 0.92458 -0.282701 -0.606103 -0.934776 0.310816 0.172006 -0.232931 0.246902 0.22033 0.94366 0.382547 
1535119062758 0.255485 0.924681 -0.282298 -0.605862 -0.934758 0.310814 0.172114 -0.23273 0.246893 0.219908 0.943761 0.382641 
1535119062880 0.255971 0.924602 -0.282116 -0.605551 -0.93463 0.311239 0.172038 -0.232748 0.246872 0.219637 0.943829 0.382678 
1535119063294 0.256105 0.924609 -0.281974 -0.605302 -0.934626 0.311312 0.171929 -0.232627 0.246749 0.219509 0.943891 0.38265 
1535119063475 0.256093 0.924688 -0.281723 -0.605278 -0.934592 0.311287 0.172159 -0.232572 0.24689 0.219207 0.943924 0.382688 
1535119063574 0.255989 0.925082 -0.280524 -0.604931 -0.934708 0.310887 0.172252 -0.232356 0.246559 0.218113 0.944264 0.382784 
1535119063707 0.256144 0.92521 -0.279957 -0.604584 -0.93477 0.310837 0.172004 -0.232285 0.246161 0.217638 0.944478 0.382713 
1535119063938 0.256177 0.925688 -0.278343 -0.60395 -0.934881 0.310462 0.172078 -0.231915 0.245705 0.216135 0.944942 0.382771 
1535119064136 0.256568 0.926022 -0.276868 -0.603291 -0.934886 0.310464 0.172048 -0.231653 0.245278 0.214698 0.94538 0.382788 
1535119064265 0.256715 0.926197 -0.276146 -0.602947 -0.934905 0.310418 0.172026 -0.231574 0.245051 0.214008 0.945595 0.382763 
1535119064327 0.256444 0.926398 -0.275722 -0.602803 -0.935 0.310062 0.172151 -0.231338 0.244971 0.213653 0.945696 0.38281 
1535119064343 0.256389 0.926438 -0.27564 -0.602769 -0.93502 0.30999 0.172172 -0.231295 0.244952 0.213586 0.945716 0.382818 
1535119064360 0.25633 0.926484 -0.27554 -0.602721 -0.935044 0.309909 0.17219 -0.231252 0.244924 0.213505 0.945742 0.382828 
1535119064515 0.256921 0.926454 -0.275092 -0.602539 -0.934872 0.310399 0.172241 -0.231393 0.244962 0.212923 0.945863 0.382821 
1535119064568 0.257039 0.926626 -0.2744 -0.602274 -0.93484 0.310383 0.172444 -0.23132 0.24496 0.212195 0.946027 0.382935 
1535119064739 0.257092 0.92691 -0.273388 -0.601789 -0.934813 0.310256 0.172817 -0.231037 0.245006 0.211137 0.946252 0.38288 
1535119064910 0.257446 0.927176 -0.272151 -0.601291 -0.93473 0.310351 0.173094 -0.230854 0.244951 0.209826 0.946558 0.382862 
1535119064969 0.257298 0.927415 -0.271475 -0.601042 -0.934765 0.310088 0.173375 -0.230608 0.244972 0.209156 0.946701 0.382913 
1535119065099 0.257623 0.92743 -0.271116 -0.600911 -0.93468 0.310329 0.173406 -0.230673 0.244957 0.208733 0.946798 0.382918 
1535119065119 0.257623 0.92743 -0.271116 -0.600911 -0.93468 0.310329 0.173406 -0.230673 0.244957 0.208733 0.946798 0.382918 
1535119065136 0.257623 0.92743 -0.271116 -0.600911 -0.93468 0.310329 0.173406 -0.230673 0.244957 0.208733 0.946798 0.382918 
1535119065291 0.257872 0.927609 -0.270267 -0.600739 -0.934688 0.310343 0.173335 -0.230485 0.244662 0.207917 0.947054 0.382879 
1535119065328 0.258 0.927748 -0.269668 -0.600727 -0.934809 0.310221 0.172903 -0.230371 0.244067 0.207479 0.947303 0.382805 
1535119065441 0.258449 0.927861 -0.268846 -0.600696 -0.934856 0.310353 0.172411 -0.230266 0.243411 0.206773 0.947627 0.382816 
1535119065496 0.258887 0.927969 -0.26805 -0.60058 -0.934827 0.310546 0.172217 -0.230244 0.243054 0.205996 0.947887 0.38277 
1535119065597 0.25905 0.928074 -0.26753 -0.600472 -0.934915 0.310494 0.171837 -0.230126 0.242544 0.205603 0.948103 0.382621 
1535119065649 0.259349 0.928186 -0.266849 -0.600372 -0.934941 0.310563 0.171572 -0.230073 0.242125 0.204991 0.948343 0.382603 
1535119065761 0.259843 0.928316 -0.265915 -0.600249 -0.934914 0.31077 0.17134 -0.229921 0.241696 0.204086 0.948647 0.382646 
1535119066572 0.260287 0.928532 -0.264725 -0.600085 -0.934995 0.310804 0.170836 -0.229782 0.240904 0.20305 0.949071 0.382586 
1535119066933 0.261385 0.929057 -0.261784 -0.600515 -0.935229 0.310865 0.169441 -0.229899 0.2388 0.200539 0.950136 0.382237 
1535119067215 0.262369 0.929452 -0.259387 -0.600774 -0.935464 0.310947 0.167986 -0.229801 0.23679 0.198573 0.951052 0.381892 
1535119067269 0.262648 0.929502 -0.258925 -0.600824 -0.935489 0.311045 0.167665 -0.229847 0.236382 0.198185 0.951234 0.381801 
1535119068615 0.251312 0.928203 -0.274373 -0.572464 -0.937595 0.303842 0.169105 -0.216724 0.24033 0.214752 0.946638 0.402204 
1535119070991 0.213568 0.919984 -0.328661 -0.472688 -0.944006 0.280942 0.172983 -0.171171 0.251477 0.273315 0.928471 0.473592 
1535119072514 0.214188 0.919794 -0.328789 -0.472297 -0.943878 0.281536 0.172717 -0.171359 0.25143 0.273343 0.928475 0.473927 
1535119073377 0.218328 0.920391 -0.324367 -0.484984 -0.942799 0.28474 0.173361 -0.177413 0.25192 0.267963 0.92991 0.465224 
1535119074923 0.230232 0.921969 -0.311394 -0.523102 -0.939336 0.294153 0.176416 -0.195316 0.254248 0.251887 0.933762 0.438984 
1535119076167 0.237802 0.923011 -0.302492 -0.548538 -0.937003 0.300035 0.178896 -0.207074 0.255881 0.240894 0.936213 0.421504 
1535119077435 0.245947 0.923578 -0.294131 -0.574003 -0.934449 0.306548 0.181199 -0.219029 0.257516 0.230285 0.938432 0.404008 
1535119078382 0.24995 0.923919 -0.289651 -0.586648 -0.933167 0.309666 0.182499 -0.22501 0.25831 0.224677 0.939572 0.395373 
1535119078835 0.248328 0.924287 -0.289873 -0.58448 -0.933537 0.308221 0.183051 -0.223558 0.258536 0.22515 0.939397 0.396875 
1535119079590 0.251737 0.923902 -0.288155 -0.591668 -0.932635 0.311115 0.182755 -0.227439 0.258497 0.222737 0.939983 0.391854 
1535119080192 0.253111 0.9241 -0.286311 -0.596801 -0.932079 0.312215 0.183712 -0.229739 0.259159 0.220365 0.940359 0.388329 
1535119080223 0.252653 0.924329 -0.285978 -0.596964 -0.932196 0.311719 0.183962 -0.229529 0.259187 0.220109 0.940412 0.388252 
1535119080449 0.252764 0.924269 -0.286073 -0.597191 -0.932095 0.311904 0.18416 -0.229709 0.259441 0.220099 0.940344 0.388107 
1535119080683 0.253081 0.924266 -0.285803 -0.597728 -0.932048 0.312118 0.184032 -0.229998 0.259299 0.219807 0.940451 0.387745 
1535119080848 0.25299 0.924335 -0.285658 -0.598012 -0.932036 0.312035 0.184239 -0.230094 0.259433 0.219633 0.940455 0.387558 
1535119081067 0.253063 0.924381 -0.285446 -0.598591 -0.931977 0.312095 0.184434 -0.230292 0.259574 0.219356 0.940481 0.387174 
