1535116929786 0.251955 0.929618 -0.26894 -0.606668 -0.935434 0.305155 0.178445 -0.240161 0.247954 0.206616 0.946482 0.382928 
1535116934655 0.251955 0.929618 -0.26894 -0.606668 -0.935434 0.305155 0.178445 -0.240161 0.247954 0.206616 0.946482 0.382928 
1535116935267 0.251955 0.929618 -0.268942 -0.606668 -0.935435 0.305156 0.178442 -0.240161 0.247952 0.206618 0.946482 0.382926 
1535116936172 0.250521 0.929072 -0.272149 -0.620375 -0.93715 0.303255 0.172588 -0.244983 0.242877 0.211807 0.946651 0.378627 
1535116937496 0.248452 0.928961 -0.274414 -0.634297 -0.93906 0.300477 0.166973 -0.249698 0.237566 0.216206 0.947004 0.374631 
1535116938381 0.248153 0.928898 -0.274899 -0.637723 -0.939531 0.299919 0.16532 -0.251046 0.236013 0.217251 0.947153 0.373616 
1535116938409 0.248153 0.928898 -0.274899 -0.637723 -0.939531 0.299919 0.16532 -0.251046 0.236013 0.217251 0.947153 0.373616 
1535116938624 0.247371 0.929273 -0.274335 -0.637987 -0.939815 0.298998 0.165373 -0.250851 0.235702 0.216915 0.947308 0.37374 
1535116938926 0.246468 0.928261 -0.278541 -0.638952 -0.939334 0.299549 0.167097 -0.252079 0.238547 0.220459 0.945777 0.373359 
1535116939315 0.245616 0.928138 -0.279703 -0.639384 -0.939275 0.299204 0.168044 -0.252238 0.239656 0.221444 0.945266 0.373256 
1535116939634 0.243706 0.927688 -0.282847 -0.640532 -0.939147 0.298532 0.169947 -0.252933 0.242097 0.224218 0.943989 0.373047 
1535116939867 0.243287 0.927511 -0.283785 -0.640863 -0.939029 0.298515 0.170629 -0.253285 0.242974 0.22497 0.943585 0.373084 
1535116939892 0.242801 0.927438 -0.284441 -0.641146 -0.939027 0.29829 0.171032 -0.253373 0.243468 0.225571 0.943314 0.373074 
1535116940122 0.242792 0.927437 -0.284452 -0.641148 -0.939026 0.298286 0.171042 -0.253369 0.243479 0.22558 0.943309 0.373068 
1535116940385 0.240853 0.92762 -0.2855 -0.641198 -0.939488 0.296664 0.171327 -0.25344 0.243624 0.226959 0.942941 0.373593 
1535116940649 0.240223 0.927798 -0.285455 -0.641271 -0.939572 0.296128 0.171794 -0.253484 0.243921 0.226936 0.942869 0.373752 
1535116941588 0.236395 0.929794 -0.282135 -0.641268 -0.94059 0.291815 0.173595 -0.254058 0.243739 0.224336 0.943538 0.37436 
1535116942450 0.234581 0.931335 -0.278545 -0.641308 -0.941687 0.288824 0.172647 -0.254699 0.241243 0.221803 0.944778 0.374402 
1535116942940 0.234159 0.93162 -0.277945 -0.641381 -0.941862 0.288245 0.17266 -0.254663 0.24097 0.221356 0.944952 0.374438 
1535116942988 0.233732 0.93194 -0.277231 -0.641421 -0.942093 0.28759 0.172489 -0.254807 0.240478 0.220862 0.945193 0.374441 
1535116943550 0.236163 0.931441 -0.276848 -0.641219 -0.94173 0.289619 0.171073 -0.254766 0.239525 0.220315 0.945563 0.37428 
1535116944566 0.237413 0.931373 -0.276005 -0.641138 -0.941743 0.290358 0.169741 -0.254688 0.238233 0.219627 0.946049 0.374157 
1535116944597 0.237413 0.931373 -0.276005 -0.641138 -0.941743 0.290358 0.169741 -0.254688 0.238233 0.219627 0.946049 0.374157 
1535116944952 0.238205 0.931394 -0.275252 -0.641057 -0.941796 0.290745 0.168781 -0.254637 0.23723 0.219027 0.94644 0.374105 
1535116945563 0.242414 0.930242 -0.275474 -0.639894 -0.940865 0.294679 0.167146 -0.254136 0.236662 0.218665 0.946666 0.374332 
1535116946346 0.243733 0.930016 -0.27507 -0.639511 -0.940616 0.295785 0.166595 -0.253739 0.236297 0.218131 0.94688 0.37446 
1535116946374 0.243733 0.930016 -0.27507 -0.639511 -0.940616 0.295785 0.166595 -0.253739 0.236297 0.218131 0.94688 0.37446 
1535116946667 0.244434 0.929816 -0.275127 -0.639356 -0.940479 0.296424 0.166229 -0.253752 0.236116 0.218119 0.946928 0.374479 
1535116947076 0.24445 0.929988 -0.274529 -0.638282 -0.940235 0.296552 0.167375 -0.25331 0.237069 0.217207 0.9469 0.374859 
1535116947577 0.244837 0.929947 -0.274323 -0.637221 -0.939944 0.29706 0.168111 -0.252896 0.237824 0.216689 0.946829 0.375098 
1535116948062 0.245724 0.929744 -0.274219 -0.636432 -0.939518 0.298066 0.168708 -0.252819 0.238591 0.216178 0.946753 0.375378 
1535116948089 0.245724 0.929744 -0.274219 -0.636432 -0.939518 0.298066 0.168708 -0.252819 0.238591 0.216178 0.946753 0.375378 
1535116948107 0.245724 0.929744 -0.274219 -0.636432 -0.939518 0.298066 0.168708 -0.252819 0.238591 0.216178 0.946753 0.375378 
1535116948280 0.245825 0.929705 -0.27426 -0.636231 -0.939448 0.29821 0.168846 -0.252677 0.238764 0.216146 0.946717 0.375373 
1535116948509 0.245825 0.929705 -0.27426 -0.636231 -0.939448 0.29821 0.168846 -0.252677 0.238764 0.216146 0.946717 0.375373 
1535116948662 0.245254 0.929778 -0.274524 -0.6354 -0.939399 0.297891 0.169679 -0.252276 0.239542 0.216273 0.946491 0.375696 
1535116948863 0.245254 0.929778 -0.274524 -0.6354 -0.939399 0.297891 0.169679 -0.252276 0.239542 0.216273 0.946491 0.375696 
1535116949010 0.245045 0.929692 -0.275001 -0.634155 -0.93912 0.298078 0.170887 -0.251723 0.240844 0.216384 0.946135 0.376214 
1535116949169 0.245045 0.929692 -0.275001 -0.634155 -0.93912 0.298078 0.170887 -0.251723 0.240844 0.216384 0.946135 0.376214 
1535116949263 0.244982 0.929453 -0.275863 -0.632879 -0.9388 0.298479 0.171945 -0.251272 0.242154 0.216857 0.945693 0.376484 
1535116949497 0.245139 0.929271 -0.276336 -0.632659 -0.938635 0.298828 0.17224 -0.251176 0.242635 0.217156 0.945501 0.376443 
1535116949898 0.24474 0.929308 -0.276565 -0.631771 -0.938566 0.298644 0.172933 -0.250714 0.243302 0.217251 0.945307 0.376968 
1535116950238 0.24482 0.92902 -0.277462 -0.63091 -0.9383 0.299106 0.173575 -0.250416 0.244245 0.217848 0.944927 0.377251 
1535116950589 0.245058 0.928768 -0.278094 -0.630007 -0.937988 0.299675 0.174282 -0.250101 0.245205 0.218139 0.944611 0.377598 
1535116950832 0.245098 0.92848 -0.279021 -0.629126 -0.937743 0.300096 0.174875 -0.249794 0.246101 0.218788 0.944228 0.377849 
1535116950859 0.245098 0.92848 -0.279021 -0.629126 -0.937743 0.300096 0.174875 -0.249794 0.246101 0.218788 0.944228 0.377849 
1535116950877 0.245426 0.928255 -0.27948 -0.628912 -0.937569 0.300574 0.174985 -0.249837 0.246435 0.219086 0.944072 0.37786 
1535116951113 0.245107 0.92846 -0.279079 -0.628817 -0.937685 0.300164 0.175065 -0.249682 0.24631 0.218778 0.944175 0.377928 
1535116951318 0.245107 0.92846 -0.279079 -0.628817 -0.937685 0.300164 0.175065 -0.249682 0.24631 0.218778 0.944175 0.377928 
1535116951375 0.244908 0.928533 -0.27901 -0.628218 -0.937625 0.30006 0.175564 -0.249501 0.246737 0.218609 0.944103 0.378137 
1535116951593 0.244908 0.928533 -0.27901 -0.628218 -0.937625 0.30006 0.175564 -0.249501 0.246737 0.218609 0.944103 0.378137 
1535116951644 0.24445 0.928664 -0.278976 -0.627436 -0.937625 0.299722 0.176139 -0.249169 0.24719 0.218518 0.944006 0.378365 
1535116951844 0.244359 0.928681 -0.278999 -0.626773 -0.937528 0.299746 0.176615 -0.248976 0.247648 0.218412 0.94391 0.378464 
1535116952041 0.244295 0.928699 -0.278996 -0.62672 -0.937521 0.299706 0.176724 -0.248921 0.24774 0.218391 0.943891 0.378484 
1535116952272 0.244382 0.928613 -0.279206 -0.626262 -0.937517 0.299813 0.176565 -0.248685 0.24767 0.218611 0.943858 0.378544 
1535116952494 0.244718 0.928535 -0.279171 -0.625703 -0.93738 0.30017 0.17668 -0.248398 0.247852 0.218452 0.943847 0.378761 
1535116952780 0.245234 0.928337 -0.279374 -0.624787 -0.937197 0.300743 0.176678 -0.248194 0.248036 0.218501 0.943788 0.379053 
1535116952855 0.245553 0.928163 -0.279675 -0.624537 -0.937131 0.30109 0.176439 -0.248108 0.247971 0.218767 0.943743 0.379009 
1535116952872 0.245452 0.928215 -0.27959 -0.624466 -0.937146 0.300987 0.176531 -0.248004 0.248012 0.218687 0.943751 0.379071 
1535116952889 0.245429 0.928231 -0.279557 -0.624424 -0.937145 0.300965 0.176574 -0.247959 0.248039 0.21865 0.943753 0.379102 
1535116953132 0.2455 0.928138 -0.279804 -0.624175 -0.937109 0.301095 0.176545 -0.247922 0.248106 0.218865 0.943685 0.379229 
1535116953400 0.2455 0.928138 -0.279804 -0.624175 -0.937109 0.301095 0.176545 -0.247922 0.248106 0.218865 0.943685 0.379229 
1535116953466 0.245415 0.927907 -0.280642 -0.622758 -0.936963 0.301323 0.176934 -0.247305 0.248742 0.219528 0.943363 0.379826 
1535116953708 0.245659 0.927578 -0.281515 -0.622218 -0.936849 0.301766 0.176782 -0.247124 0.248931 0.220309 0.943132 0.37985 
1535116953724 0.245561 0.927592 -0.281553 -0.622101 -0.936864 0.30169 0.176832 -0.247056 0.24897 0.220354 0.943111 0.379904 
1535116953949 0.24599 0.927683 -0.280878 -0.622017 -0.936894 0.301844 0.176408 -0.246968 0.248432 0.219758 0.943392 0.379906 
1535116954240 0.246641 0.927667 -0.280362 -0.621637 -0.936862 0.302245 0.175893 -0.246898 0.247908 0.219277 0.943641 0.379892 
1535116954518 0.246237 0.927656 -0.280753 -0.621415 -0.936814 0.302069 0.176447 -0.246789 0.248489 0.219565 0.943422 0.379971 
1535116954584 0.246237 0.927656 -0.280753 -0.621415 -0.936814 0.302069 0.176447 -0.246789 0.248489 0.219565 0.943422 0.379971 
1535116954705 0.246282 0.927667 -0.280677 -0.620863 -0.936751 0.302143 0.176655 -0.246607 0.248682 0.219417 0.943405 0.380109 
1535116954773 0.246282 0.927667 -0.280677 -0.620863 -0.936751 0.302143 0.176655 -0.246607 0.248682 0.219417 0.943405 0.380109 
1535116954867 0.246383 0.927666 -0.280592 -0.620027 -0.936666 0.302274 0.176879 -0.24638 0.248901 0.219241 0.943388 0.380281 
1535116954884 0.246383 0.927666 -0.280592 -0.620027 -0.936666 0.302274 0.176879 -0.24638 0.248901 0.219241 0.943388 0.380281 
1535116955064 0.24651 0.927591 -0.280727 -0.619752 -0.936607 0.302445 0.176904 -0.24631 0.248999 0.219323 0.943344 0.380241 
1535116955150 0.24651 0.927591 -0.280727 -0.619752 -0.936607 0.302445 0.176904 -0.24631 0.248999 0.219323 0.943344 0.380241 
1535116955266 0.246567 0.92764 -0.280516 -0.619324 -0.936536 0.302508 0.177173 -0.246068 0.249211 0.219028 0.943356 0.380434 
1535116955377 0.246567 0.92764 -0.280516 -0.619324 -0.936536 0.302508 0.177173 -0.246068 0.249211 0.219028 0.943356 0.380434 
1535116955473 0.246567 0.92764 -0.280516 -0.619324 -0.936536 0.302508 0.177173 -0.246068 0.249211 0.219028 0.943356 0.380434 
1535116955517 0.246958 0.92771 -0.279939 -0.61839 -0.936439 0.302765 0.177241 -0.24557 0.249184 0.218375 0.943514 0.380683 
1535116955933 0.2474 0.927696 -0.279595 -0.617259 -0.936273 0.303164 0.177436 -0.245115 0.24937 0.217879 0.94358 0.381022 
1535116956374 0.248607 0.927417 -0.27945 -0.615889 -0.936009 0.30424 0.176989 -0.244443 0.249163 0.217567 0.943707 0.381355 
1535116956733 0.248902 0.92731 -0.279544 -0.615655 -0.935971 0.304504 0.176734 -0.244316 0.249009 0.217656 0.943727 0.381321 
1535116956940 0.249345 0.927229 -0.279417 -0.614916 -0.935843 0.304912 0.176709 -0.24387 0.249047 0.217429 0.943769 0.381571 
1535116957180 0.249342 0.927273 -0.279274 -0.614536 -0.935848 0.304878 0.176743 -0.243655 0.249033 0.217288 0.943805 0.381743 
1535116957395 0.249738 0.927217 -0.279103 -0.613737 -0.935792 0.305181 0.176514 -0.243292 0.248844 0.2171 0.943898 0.381895 
1535116957623 0.250044 0.927094 -0.279241 -0.613327 -0.935795 0.305425 0.176076 -0.243182 0.248526 0.217286 0.943939 0.381899 
1535116957832 0.250293 0.927061 -0.279127 -0.612548 -0.935767 0.305607 0.175909 -0.242834 0.248382 0.217169 0.944004 0.3822 
1535116958209 0.25087 0.926959 -0.278948 -0.611563 -0.935701 0.306047 0.175495 -0.242442 0.248047 0.216985 0.944134 0.382385 
1535116958533 0.250325 0.927122 -0.278894 -0.611134 -0.935634 0.305703 0.176451 -0.242322 0.24885 0.216772 0.943972 0.382454 
1535116958886 0.249785 0.927366 -0.278567 -0.609652 -0.935253 0.305579 0.178672 -0.241978 0.250818 0.215902 0.943651 0.382837 
1535116959145 0.249836 0.927323 -0.278664 -0.609334 -0.935064 0.305797 0.179286 -0.241968 0.251471 0.215777 0.943506 0.382856 
1535116959173 0.249836 0.927323 -0.278664 -0.609334 -0.935064 0.305797 0.179286 -0.241968 0.251471 0.215777 0.943506 0.382856 
1535116959429 0.249674 0.927371 -0.278652 -0.609081 -0.934997 0.305735 0.179742 -0.241868 0.251881 0.215661 0.943422 0.382918 
1535116959801 0.249512 0.927631 -0.27793 -0.608314 -0.935134 0.30536 0.179664 -0.241463 0.25153 0.215073 0.94365 0.383131 
1535116960186 0.249196 0.927886 -0.27736 -0.607297 -0.935201 0.304963 0.179992 -0.241067 0.251596 0.214534 0.943755 0.383308 
1535116960488 0.249378 0.928191 -0.276174 -0.606976 -0.935198 0.304867 0.180167 -0.240915 0.251425 0.213348 0.94407 0.383289 
1535116961253 0.250011 0.928882 -0.273263 -0.606213 -0.935188 0.304773 0.18038 -0.240561 0.250835 0.210456 0.944876 0.383166 
1535116961637 0.250693 0.92908 -0.271962 -0.606238 -0.935344 0.304889 0.17937 -0.240505 0.249567 0.209411 0.945443 0.383082 
1535116962313 0.252601 0.929798 -0.267708 -0.606588 -0.93604 0.304887 0.175709 -0.240106 0.244995 0.206201 0.947343 0.382625 
1535116962985 0.253308 0.92988 -0.266755 -0.606671 -0.936116 0.305159 0.174826 -0.240144 0.24397 0.205429 0.947775 0.382603 
1535116963816 0.230401 0.925046 -0.302002 -0.577716 -0.940484 0.291357 0.174931 -0.226317 0.249809 0.243724 0.93712 0.406163 
1535116964132 0.230401 0.925046 -0.302002 -0.577716 -0.940484 0.291357 0.174931 -0.226317 0.249809 0.243724 0.93712 0.406163 
1535116964476 0.230401 0.925046 -0.302002 -0.577716 -0.940484 0.291357 0.174931 -0.226317 0.249809 0.243724 0.93712 0.406163 
1535116964817 0.230401 0.925046 -0.302002 -0.577716 -0.940484 0.291357 0.174931 -0.226317 0.249809 0.243724 0.93712 0.406163 
