1530629017212 -0.0209324 -0.178633 0.983693 0.387119 -0.999724 0.0142288 -0.0186897 -0.488385 -0.0106581 -0.983813 -0.178881 0.447672 
1530629028514 -0.0209321 -0.17863 0.983694 0.387119 -0.999724 0.0142289 -0.0186894 -0.488385 -0.0106584 -0.983813 -0.178879 0.447672 
1530629029172 0.00132159 -0.168523 0.985697 0.386602 -0.999937 0.0107648 0.00318113 -0.487926 -0.011147 -0.985639 -0.168499 0.445286 
1530629029848 0.0237491 -0.158395 0.98709 0.386091 -0.999652 0.00759218 0.0252696 -0.487425 -0.0114967 -0.987347 -0.158159 0.442796 
1530629030521 0.046188 -0.148307 0.987862 0.385552 -0.998865 0.00464789 0.0474002 -0.486859 -0.0116212 -0.988931 -0.147924 0.440272 
1530629031193 0.0684649 -0.137928 0.988073 0.385027 -0.99759 0.00173673 0.0693668 -0.486364 -0.0112836 -0.990441 -0.137477 0.437894 
1530629031889 0.0907797 -0.127505 0.987675 0.384467 -0.995812 -0.000870425 0.0914152 -0.485856 -0.0107962 -0.991838 -0.12705 0.435463 
1530629032577 0.112918 -0.116973 0.986695 0.383937 -0.993553 -0.00316104 0.113329 -0.485322 -0.0101374 -0.99313 -0.116575 0.433065 
1530629033453 0.157243 -0.0960039 0.982882 0.382929 -0.987527 -0.00711038 0.157292 -0.483848 -0.00811197 -0.995356 -0.0959245 0.428303 
1530629034107 0.178744 -0.085597 0.980165 0.382896 -0.983873 -0.00880661 0.178651 -0.4824 -0.00666004 -0.996291 -0.0857907 0.426556 
1530629034131 0.178751 -0.0855228 0.98017 0.382885 -0.983873 -0.00891687 0.178648 -0.48242 -0.00653842 -0.996296 -0.0857375 0.426606 
1530629034404 0.180921 -0.0845177 0.979859 0.382757 -0.983476 -0.00898371 0.180814 -0.482507 -0.00647918 -0.996381 -0.0847465 0.426264 
1530629034737 0.18319 -0.0834789 0.979527 0.382652 -0.983056 -0.0089179 0.18309 -0.482577 -0.00654885 -0.99647 -0.0836981 0.425829 
1530629035021 0.18536 -0.0823361 0.979215 0.382554 -0.982651 -0.00921957 0.185235 -0.482722 -0.0062236 -0.996562 -0.0826166 0.425559 
1530629035316 0.187581 -0.0811428 0.978892 0.382414 -0.98223 -0.00933373 0.187447 -0.482803 -0.00607324 -0.996659 -0.0814517 0.425275 
1530629035596 0.189892 -0.0801427 0.978529 0.38233 -0.981786 -0.0093211 0.18976 -0.482854 -0.00608692 -0.99674 -0.080453 0.42484 
1530629035919 0.192252 -0.0790516 0.978157 0.382227 -0.981329 -0.00970618 0.192091 -0.482954 -0.00569091 -0.996823 -0.0794416 0.424527 
1530629036248 0.194467 -0.0779929 0.977803 0.38208 -0.980893 -0.00973747 0.194305 -0.483018 -0.00563306 -0.996906 -0.0783963 0.424174 
1530629036545 0.196733 -0.0768065 0.977444 0.382049 -0.980442 -0.00991718 0.196557 -0.483071 -0.0054034 -0.996997 -0.0772554 0.423918 
1530629036895 0.198877 -0.0757198 0.977095 0.381922 -0.980011 -0.0102028 0.19868 -0.483051 -0.00507486 -0.997077 -0.0762354 0.423705 
1530629036912 0.198912 -0.075702 0.977089 0.381935 -0.980004 -0.0102205 0.198713 -0.483039 -0.00505668 -0.997078 -0.0762213 0.42372 
1530629037296 0.198638 -0.0759302 0.977127 0.381955 -0.980073 -0.0159576 0.197997 -0.482808 0.000558665 -0.996985 -0.0775869 0.423904 
1530629037759 0.197554 -0.0764052 0.97731 0.381848 -0.980217 -0.027697 0.195977 -0.482537 0.0120949 -0.996692 -0.0803653 0.424474 
1530629038208 0.196921 -0.0767017 0.977414 0.381904 -0.980134 -0.0394301 0.194375 -0.482097 0.0236306 -0.996274 -0.0829426 0.425058 
1530629038543 0.196366 -0.0769543 0.977506 0.381828 -0.980091 -0.0452475 0.193323 -0.481982 0.0293527 -0.996007 -0.0843073 0.425296 
1530629038934 0.196058 -0.0771389 0.977553 0.381832 -0.979961 -0.0511694 0.192503 -0.48176 0.0351713 -0.995706 -0.0856253 0.425546 
1530629039305 0.195572 -0.0773773 0.977632 0.381847 -0.979833 -0.0570776 0.191494 -0.481693 0.0409836 -0.995367 -0.0869796 0.42587 
1530629039666 0.195258 -0.0776819 0.977671 0.381876 -0.979641 -0.0628891 0.190655 -0.481699 0.0466744 -0.994993 -0.08838 0.426154 
1530629039683 0.195274 -0.0777125 0.977665 0.38188 -0.979637 -0.0629164 0.190667 -0.481695 0.046694 -0.994989 -0.0884159 0.426134 
1530629039912 0.195093 -0.0789933 0.977599 0.381909 -0.979576 -0.0651624 0.190222 -0.481518 0.0486764 -0.994743 -0.0900926 0.426389 
1530629040148 0.194605 -0.0803812 0.977583 0.381803 -0.979575 -0.0673518 0.189464 -0.481372 0.0506127 -0.994486 -0.0918464 0.426578 
1530629040375 0.194312 -0.0815501 0.977544 0.381824 -0.979523 -0.0696633 0.188894 -0.481183 0.0526946 -0.994232 -0.0934167 0.426867 
1530629040604 0.194089 -0.0829451 0.977471 0.381847 -0.979454 -0.0720193 0.188372 -0.481031 0.0547723 -0.993948 -0.0952191 0.427101 
1530629040840 0.193854 -0.0841798 0.977412 0.381863 -0.979382 -0.0743412 0.187842 -0.48082 0.0568495 -0.993674 -0.0968555 0.427402 
1530629041175 0.193303 -0.0869294 0.97728 0.381888 -0.97925 -0.0788692 0.186677 -0.480443 0.0608496 -0.993088 -0.100371 0.427827 
1530629041408 0.193125 -0.088143 0.977207 0.38193 -0.979156 -0.0811644 0.186189 -0.480351 0.0629031 -0.992796 -0.101981 0.428017 
1530629041638 0.192756 -0.0894514 0.977161 0.381901 -0.979099 -0.0833816 0.185506 -0.480338 0.0648835 -0.992495 -0.103654 0.428185 
1530629041655 0.192798 -0.0894967 0.977149 0.381908 -0.979086 -0.0834754 0.185535 -0.480323 0.0649631 -0.992483 -0.103719 0.428211 
1530629041912 0.192547 -0.0895965 0.977189 0.381849 -0.979122 -0.0836735 0.185256 -0.480216 0.0651666 -0.992457 -0.103837 0.428199 
1530629042114 0.192472 -0.0896323 0.9772 0.381941 -0.979119 -0.0839391 0.18515 -0.480047 0.0654298 -0.992432 -0.103917 0.428214 
1530629042341 0.192161 -0.089624 0.977262 0.381827 -0.979141 -0.0844957 0.184782 -0.479971 0.0660136 -0.992385 -0.103991 0.428314 
1530629042536 0.191875 -0.0898468 0.977298 0.381839 -0.979177 -0.0848065 0.184447 -0.479897 0.0663093 -0.992338 -0.104248 0.428326 
1530629042733 0.191906 -0.089725 0.977303 0.381916 -0.979127 -0.0854417 0.18442 -0.479701 0.0669553 -0.992295 -0.104249 0.428504 
1530629042961 0.19149 -0.0897562 0.977382 0.38184 -0.979192 -0.0856432 0.18398 -0.479635 0.0671927 -0.992275 -0.104288 0.42848 
1530629043139 0.191311 -0.0897276 0.97742 0.38184 -0.979193 -0.0861109 0.183754 -0.479504 0.0676787 -0.992237 -0.104335 0.428593 
1530629043329 0.191228 -0.0898559 0.977424 0.381865 -0.979195 -0.0863443 0.183637 -0.479412 0.0678941 -0.992205 -0.104498 0.428564 
1530629043481 0.191089 -0.0898853 0.977449 0.381869 -0.979191 -0.0867785 0.183449 -0.479335 0.0683321 -0.992164 -0.104597 0.428645 
1530629043498 0.191075 -0.089904 0.97745 0.381875 -0.979193 -0.0867935 0.183432 -0.479329 0.0683449 -0.992161 -0.104617 0.428645 
1530629043813 0.192031 -0.0892363 0.977323 0.38187 -0.97932 -0.0820601 0.18493 -0.479559 0.0636967 -0.992624 -0.103149 0.428392 
1530629044137 0.192932 -0.0888116 0.977185 0.381853 -0.979457 -0.0769728 0.186385 -0.479782 0.0586635 -0.99307 -0.101838 0.427965 
1530629044453 0.193695 -0.0882691 0.977083 0.381818 -0.979581 -0.0721055 0.187676 -0.480048 0.053887 -0.993483 -0.100433 0.427672 
1530629044797 0.194745 -0.0875443 0.976939 0.381862 -0.979632 -0.0670509 0.189273 -0.480205 0.0489348 -0.993901 -0.0988191 0.427379 
1530629045151 0.195645 -0.086874 0.976819 0.381865 -0.979672 -0.0623386 0.190672 -0.480456 0.0443291 -0.994267 -0.0973043 0.427184 
1530629045468 0.196453 -0.0863993 0.976699 0.381835 -0.979717 -0.0574446 0.191978 -0.48069 0.0395193 -0.994603 -0.095932 0.426837 
1530629045848 0.197338 -0.0858476 0.976569 0.381851 -0.979731 -0.0522481 0.193384 -0.480885 0.0344224 -0.994937 -0.0944181 0.426456 
1530629046194 0.19825 -0.085223 0.976439 0.381797 -0.979697 -0.0475496 0.194761 -0.481024 0.0298312 -0.995227 -0.0929195 0.42624 
1530629046506 0.199242 -0.084676 0.976285 0.38181 -0.979631 -0.0426428 0.196227 -0.480974 0.0250158 -0.995496 -0.0914475 0.425939 
1530629046522 0.19919 -0.0846995 0.976294 0.381796 -0.979644 -0.0425475 0.196182 -0.48099 0.0249224 -0.995498 -0.0914504 0.425921 
1530629046757 0.198798 -0.0858266 0.976275 0.381842 -0.979648 -0.045602 0.195476 -0.480832 0.0277431 -0.995266 -0.0931455 0.426228 
1530629047062 0.197732 -0.087982 0.9763 0.38184 -0.979693 -0.0514796 0.19378 -0.4805 0.0332103 -0.994791 -0.0963746 0.426838 
1530629047375 0.196639 -0.0901091 0.976327 0.381854 -0.979699 -0.0576797 0.191995 -0.48026 0.0390137 -0.99426 -0.0996219 0.42753 
1530629047663 0.19618 -0.0911884 0.976319 0.381884 -0.979672 -0.0607802 0.191177 -0.480063 0.0419077 -0.993977 -0.101259 0.427883 
1530629047916 0.19555 -0.0921764 0.976352 0.381847 -0.979678 -0.0636649 0.190205 -0.479987 0.044627 -0.993705 -0.102753 0.428198 
1530629048153 0.195038 -0.0932684 0.976351 0.381897 -0.979645 -0.0667371 0.18932 -0.479922 0.0475012 -0.993402 -0.104386 0.428502 
1530629048405 0.194598 -0.0945668 0.976314 0.381889 -0.979602 -0.0695802 0.188514 -0.479901 0.0501049 -0.993084 -0.106178 0.428662 
1530629048422 0.194627 -0.0945568 0.976309 0.381904 -0.979594 -0.0696328 0.188537 -0.479887 0.0501556 -0.993081 -0.10618 0.428682 
1530629048665 0.194572 -0.095489 0.976229 0.381906 -0.979497 -0.0718976 0.18819 -0.479848 0.0522184 -0.992831 -0.10752 0.428924 
1530629048895 0.194522 -0.0963944 0.97615 0.381987 -0.97938 -0.0744283 0.187816 -0.479759 0.0545488 -0.992557 -0.108885 0.429218 
1530629049124 0.194539 -0.0975067 0.976036 0.381987 -0.979257 -0.0767776 0.187511 -0.479705 0.0566542 -0.992269 -0.11042 0.429407 
1530629049364 0.194514 -0.0983852 0.975953 0.382016 -0.979131 -0.0792042 0.187163 -0.479617 0.0588855 -0.991991 -0.111738 0.429737 
1530629049592 0.19449 -0.0993787 0.975857 0.382086 -0.97901 -0.0814709 0.186821 -0.479536 0.0609379 -0.991709 -0.113138 0.429932 
1530629049821 0.194506 -0.100377 0.975752 0.382127 -0.978867 -0.0838915 0.186497 -0.479452 0.0631374 -0.991406 -0.114573 0.430182 
1530629050059 0.194518 -0.101282 0.975656 0.382147 -0.978716 -0.0863534 0.186164 -0.479388 0.0653961 -0.991103 -0.115924 0.430489 
1530629050281 0.194533 -0.102269 0.97555 0.382244 -0.978574 -0.0886302 0.185845 -0.479311 0.0674571 -0.990801 -0.117319 0.430658 
1530629050528 0.194576 -0.103138 0.97545 0.382258 -0.978418 -0.0909296 0.185554 -0.479272 0.0695596 -0.990502 -0.118605 0.430882 
1530629050545 0.194557 -0.103178 0.97545 0.382245 -0.978414 -0.091045 0.185518 -0.479274 0.0696684 -0.990487 -0.118664 0.430933 
1530629050801 0.194609 -0.103312 0.975425 0.382352 -0.978378 -0.0914367 0.185513 -0.479211 0.070024 -0.990437 -0.118873 0.430928 
1530629050999 0.194577 -0.103694 0.975391 0.382343 -0.978355 -0.0919163 0.185397 -0.479198 0.0704296 -0.990353 -0.119335 0.431025 
1530629051228 0.19443 -0.104078 0.975379 0.382271 -0.978351 -0.0924452 0.185158 -0.479217 0.0708983 -0.990263 -0.119799 0.431058 
1530629051403 0.194415 -0.104071 0.975383 0.382352 -0.978324 -0.0928634 0.185093 -0.479147 0.0713146 -0.990225 -0.119869 0.431182 
1530629051604 0.194555 -0.104572 0.975301 0.382399 -0.978271 -0.0933123 0.185142 -0.479084 0.0716468 -0.99013 -0.120454 0.431153 
1530629051816 0.194382 -0.10468 0.975324 0.382402 -0.978259 -0.0939602 0.184883 -0.47907 0.072288 -0.990057 -0.120669 0.431275 
1530629051995 0.194388 -0.104963 0.975293 0.382443 -0.978238 -0.0942852 0.184828 -0.479023 0.0725557 -0.989997 -0.121006 0.431293 
1530629052167 0.194378 -0.105298 0.975259 0.382469 -0.978199 -0.0949015 0.184718 -0.478989 0.0731031 -0.989902 -0.121449 0.431334 
1530629052396 0.194581 -0.105477 0.975199 0.38252 -0.978124 -0.0954302 0.184843 -0.478908 0.0735667 -0.989832 -0.121739 0.431466 
1530629052652 0.194231 -0.105263 0.975292 0.382429 -0.97823 -0.0948472 0.184579 -0.479027 0.0730743 -0.989911 -0.121394 0.431316 
1530629052945 0.194337 -0.103732 0.975435 0.382468 -0.97814 -0.0955046 0.184719 -0.4789 0.0739973 -0.990009 -0.120024 0.431207 
1530629053263 0.194034 -0.100798 0.975803 0.382496 -0.978048 -0.0969229 0.184469 -0.478828 0.0759836 -0.990175 -0.117391 0.430888 
1530629053516 0.19372 -0.0993244 0.976016 0.382426 -0.978016 -0.097817 0.184163 -0.478871 0.0771791 -0.990236 -0.11609 0.430786 
1530629053773 0.19371 -0.0980554 0.976146 0.382484 -0.977951 -0.0984302 0.184181 -0.478773 0.0780223 -0.990301 -0.11496 0.430534 
1530629054047 0.193462 -0.0965294 0.976348 0.382449 -0.977927 -0.0990459 0.183982 -0.478729 0.0789435 -0.99039 -0.11356 0.430338 
1530629054306 0.193331 -0.0949455 0.976529 0.382437 -0.977862 -0.0998589 0.183885 -0.47872 0.0800561 -0.990461 -0.112149 0.430297 
1530629054581 0.193024 -0.0935042 0.976729 0.382352 -0.977851 -0.100432 0.183631 -0.478717 0.0809247 -0.99054 -0.110819 0.43012 
1530629054879 0.193197 -0.0920536 0.976832 0.382536 -0.977735 -0.101181 0.183841 -0.478635 0.0819132 -0.9906 -0.109552 0.429994 
1530629054896 0.193216 -0.0920505 0.976829 0.382541 -0.977733 -0.10116 0.183862 -0.478633 0.0818913 -0.990603 -0.109547 0.429976 
1530629055126 0.19319 -0.0909253 0.976939 0.382553 -0.977725 -0.101095 0.183937 -0.478596 0.0820394 -0.990713 -0.108431 0.429958 
1530629055395 0.193031 -0.0898735 0.977068 0.382508 -0.977762 -0.100822 0.183894 -0.478618 0.0819826 -0.990837 -0.107337 0.429849 
1530629055613 0.192856 -0.089005 0.977182 0.382461 -0.977799 -0.100612 0.183813 -0.47863 0.0819557 -0.990937 -0.106433 0.429709 
1530629055814 0.19268 -0.0881417 0.977295 0.382439 -0.977855 -0.100161 0.183757 -0.478604 0.0816903 -0.991059 -0.105489 0.42957 
1530629056025 0.192678 -0.0871512 0.977384 0.382415 -0.977853 -0.100009 0.183853 -0.478563 0.0817243 -0.991162 -0.104491 0.429443 
1530629056242 0.192415 -0.0860577 0.977533 0.382321 -0.977911 -0.0997004 0.183712 -0.478591 0.0816506 -0.991289 -0.103341 0.429349 
1530629056474 0.192414 -0.0851514 0.977612 0.382379 -0.977907 -0.0995724 0.1838 -0.478583 0.0816924 -0.99138 -0.102429 0.429204 
1530629056686 0.192187 -0.084149 0.977744 0.382256 -0.977966 -0.0991953 0.183693 -0.478576 0.08153 -0.991504 -0.101359 0.429131 
1530629056879 0.192194 -0.0833348 0.977812 0.382324 -0.977956 -0.0991405 0.183773 -0.478558 0.0816261 -0.991578 -0.100552 0.429072 
1530629056895 0.192211 -0.0832164 0.977819 0.382332 -0.977955 -0.0990908 0.183805 -0.478552 0.0815973 -0.991593 -0.100428 0.429077 
1530629057219 0.192107 -0.0831907 0.977842 0.382299 -0.977935 -0.0995749 0.183654 -0.478533 0.0820902 -0.991546 -0.100484 0.429013 
1530629057521 0.191852 -0.0833132 0.977881 0.382235 -0.977925 -0.100284 0.183316 -0.478541 0.0827928 -0.991465 -0.100714 0.429013 
1530629057715 0.191829 -0.0830986 0.977904 0.382247 -0.977877 -0.100875 0.183252 -0.478509 0.0834183 -0.991423 -0.100611 0.429022 
1530629057949 0.191629 -0.0826849 0.977978 0.382224 -0.977803 -0.102107 0.182962 -0.478474 0.0847303 -0.991331 -0.100416 0.429115 
1530629058152 0.191462 -0.0824254 0.978033 0.382217 -0.977771 -0.102796 0.182748 -0.478435 0.0854749 -0.991281 -0.100275 0.429174 
1530629058374 0.191546 -0.0823966 0.978019 0.382247 -0.977713 -0.10328 0.182785 -0.478337 0.0859487 -0.991234 -0.100343 0.429111 
1530629058570 0.191486 -0.0824338 0.978027 0.382287 -0.977685 -0.103736 0.182676 -0.478295 0.0863976 -0.991183 -0.100458 0.429079 
1530629058753 0.191382 -0.0822668 0.978062 0.382271 -0.977655 -0.10427 0.182532 -0.478298 0.0869659 -0.991141 -0.100384 0.42909 
1530629058770 0.191374 -0.0822506 0.978065 0.38227 -0.977652 -0.104323 0.18252 -0.478299 0.0870226 -0.991136 -0.100377 0.429092 
1530629058989 0.191593 -0.0829108 0.977966 0.382255 -0.977701 -0.103419 0.182773 -0.478294 0.0859862 -0.991176 -0.100876 0.429098 
1530629059197 0.191601 -0.0834506 0.977919 0.3823 -0.977782 -0.102561 0.182822 -0.478302 0.0850399 -0.99122 -0.101247 0.429149 
1530629059438 0.191907 -0.0840754 0.977805 0.38238 -0.977799 -0.101809 0.183152 -0.478291 0.0841513 -0.991245 -0.101747 0.429233 
1530629059647 0.191961 -0.0845333 0.977755 0.382389 -0.977857 -0.101081 0.183242 -0.478304 0.0833425 -0.99128 -0.102065 0.429329 
1530629059858 0.192058 -0.0850944 0.977687 0.38239 -0.977909 -0.10035 0.183368 -0.478306 0.0825074 -0.991307 -0.102488 0.429438 
1530629060070 0.19217 -0.0857948 0.977604 0.382423 -0.97797 -0.0994854 0.183511 -0.478309 0.081513 -0.991333 -0.103023 0.429436 
1530629060285 0.192345 -0.0865605 0.977502 0.382458 -0.978007 -0.0987828 0.183697 -0.478309 0.0806596 -0.991337 -0.103657 0.429485 
1530629060493 0.192472 -0.0869806 0.97744 0.382485 -0.978058 -0.0979324 0.183879 -0.478309 0.0797291 -0.991385 -0.103921 0.42958 
1530629060705 0.192479 -0.0875961 0.977384 0.382469 -0.978122 -0.0972292 0.183911 -0.478346 0.0789203 -0.9914 -0.104394 0.429621 
1530629060729 0.192501 -0.087664 0.977373 0.382466 -0.978118 -0.0972486 0.183925 -0.478348 0.0789245 -0.991392 -0.104466 0.429621 
1530629061021 0.192993 -0.0875445 0.977287 0.382492 -0.97801 -0.0974155 0.184409 -0.478369 0.0790589 -0.991386 -0.10442 0.42974 
1530629061227 0.193277 -0.0876267 0.977223 0.382519 -0.977952 -0.0974794 0.18468 -0.478402 0.0790762 -0.991372 -0.104535 0.429739 
1530629061401 0.193536 -0.0876686 0.977168 0.3825 -0.977906 -0.0974596 0.184938 -0.47845 0.0790212 -0.991371 -0.104594 0.429754 
1530629061603 0.194038 -0.0877448 0.977062 0.382501 -0.977824 -0.0973043 0.185451 -0.478472 0.0787999 -0.991379 -0.10468 0.42974 
1530629061796 0.194374 -0.0878918 0.976982 0.382513 -0.977757 -0.0973745 0.185768 -0.478523 0.0788057 -0.991359 -0.104864 0.429713 
1530629061951 0.194748 -0.0878395 0.976912 0.382542 -0.977676 -0.0974882 0.186135 -0.478565 0.0788874 -0.991353 -0.104864 0.429791 
1530629062129 0.195154 -0.0878984 0.976826 0.382542 -0.977602 -0.09745 0.18654 -0.478583 0.0787951 -0.991351 -0.104947 0.429835 
1530629062332 0.195655 -0.0876403 0.976749 0.382573 -0.97748 -0.0977379 0.187032 -0.478625 0.0790738 -0.991346 -0.10479 0.429964 
1530629062559 0.196034 -0.087877 0.976652 0.382561 -0.977405 -0.0978041 0.187385 -0.478613 0.0790537 -0.991318 -0.105064 0.42995 
1530629062576 0.196062 -0.0878731 0.976646 0.382561 -0.9774 -0.0978038 0.187413 -0.478611 0.0790511 -0.991319 -0.105063 0.429951 
1530629062751 0.196135 -0.0877813 0.97664 0.382546 -0.977366 -0.0980416 0.187468 -0.478616 0.0792951 -0.991303 -0.105024 0.429964 
1530629063029 0.196139 -0.0876973 0.976647 0.382531 -0.977327 -0.0984954 0.187431 -0.478631 0.079758 -0.991266 -0.105028 0.42997 
1530629063189 0.196114 -0.0876283 0.976658 0.382531 -0.977319 -0.0986391 0.187396 -0.478637 0.0799154 -0.991258 -0.104985 0.429977 
1530629063443 0.196144 -0.0875161 0.976662 0.382536 -0.977277 -0.099071 0.18739 -0.478638 0.0803592 -0.991224 -0.10496 0.429983 
1530629063699 0.196085 -0.0873166 0.976692 0.382555 -0.977265 -0.0993166 0.187321 -0.478641 0.0806454 -0.991217 -0.104806 0.430006 
1530629063880 0.196114 -0.0872117 0.976695 0.382568 -0.97724 -0.0995364 0.187336 -0.478632 0.0808789 -0.991205 -0.104747 0.430033 
1530629064034 0.196188 -0.0870863 0.976691 0.382587 -0.97719 -0.099954 0.187376 -0.47862 0.0813063 -0.991174 -0.10471 0.430046 
1530629064245 0.196311 -0.0868462 0.976688 0.382611 -0.977107 -0.100622 0.187448 -0.478609 0.0819968 -0.991127 -0.104611 0.430094 
1530629064263 0.196315 -0.0868398 0.976688 0.382612 -0.977106 -0.100622 0.187452 -0.478608 0.0819983 -0.991128 -0.104605 0.430096 
1530629064500 0.19652 -0.0867445 0.976655 0.382621 -0.976981 -0.10164 0.187558 -0.478627 0.0829979 -0.991032 -0.104722 0.430128 
1530629064690 0.196779 -0.0867976 0.976598 0.382641 -0.976851 -0.102601 0.187711 -0.478621 0.0839074 -0.990928 -0.104978 0.430146 
1530629064885 0.197054 -0.0867648 0.976546 0.382686 -0.976699 -0.103754 0.187866 -0.478632 0.0850207 -0.990811 -0.105188 0.430203 
1530629065092 0.19735 -0.0867433 0.976488 0.382725 -0.976535 -0.10499 0.188033 -0.478661 0.0862106 -0.990683 -0.105428 0.430274 
1530629065281 0.197614 -0.086737 0.976435 0.382749 -0.976386 -0.106108 0.188179 -0.478653 0.0872856 -0.990564 -0.105657 0.430293 
1530629065506 0.197873 -0.0867829 0.976379 0.382743 -0.97624 -0.107208 0.188315 -0.478691 0.0883328 -0.990442 -0.105934 0.430357 
1530629065688 0.198091 -0.086686 0.976343 0.382756 -0.976105 -0.108222 0.188434 -0.4787 0.0893271 -0.99034 -0.106052 0.430389 
1530629065885 0.198531 -0.0866191 0.97626 0.382841 -0.975908 -0.109438 0.188749 -0.478682 0.0904904 -0.990212 -0.106259 0.430449 
1530629066116 0.198809 -0.0865099 0.976213 0.38289 -0.975753 -0.110516 0.188922 -0.478637 0.091543 -0.990102 -0.106384 0.430496 
1530629066136 0.198825 -0.0865151 0.976209 0.382891 -0.975748 -0.110547 0.188934 -0.478639 0.0915709 -0.990098 -0.106396 0.430506 
1530629066380 0.198471 -0.0872925 0.976212 0.382925 -0.975937 -0.109382 0.188634 -0.47862 0.0903135 -0.990159 -0.106901 0.430546 
1530629066598 0.198213 -0.0879906 0.976201 0.382915 -0.976086 -0.108426 0.188417 -0.47859 0.0892663 -0.990203 -0.107378 0.430653 
1530629066836 0.198183 -0.0888499 0.97613 0.382945 -0.97621 -0.107268 0.188436 -0.478487 0.0879651 -0.990252 -0.107995 0.430705 
1530629067095 0.197719 -0.0895506 0.97616 0.382956 -0.976399 -0.106269 0.188019 -0.478439 0.0868981 -0.990297 -0.108448 0.430885 
1530629067457 0.197307 -0.0906198 0.976144 0.382862 -0.976595 -0.105134 0.187638 -0.478492 0.0856222 -0.990321 -0.109243 0.430903 
1530629067718 0.197133 -0.0910968 0.976135 0.382952 -0.976723 -0.104128 0.187534 -0.478391 0.0845596 -0.990383 -0.109504 0.431081 
1530629067952 0.197087 -0.0919288 0.976066 0.382987 -0.976838 -0.10304 0.187538 -0.478328 0.0833334 -0.99042 -0.110107 0.43107 
1530629068203 0.196819 -0.0928239 0.976036 0.382994 -0.977002 -0.10186 0.187327 -0.478289 0.0820301 -0.990459 -0.110737 0.431137 
1530629068446 0.196612 -0.093374 0.976025 0.383007 -0.977129 -0.100904 0.187182 -0.478236 0.0810071 -0.990505 -0.111077 0.431259 
1530629068463 0.196639 -0.0934146 0.976016 0.383009 -0.977124 -0.100919 0.187203 -0.478229 0.0810107 -0.990499 -0.111122 0.431255 
1530629068787 0.196555 -0.0935218 0.976022 0.382963 -0.977206 -0.100119 0.1872 -0.478262 0.0802115 -0.99057 -0.111069 0.431276 
1530629069003 0.196737 -0.0934796 0.97599 0.383008 -0.977236 -0.0993146 0.187476 -0.478246 0.0794048 -0.990655 -0.11089 0.431257 
1530629069195 0.196757 -0.0935012 0.975984 0.383013 -0.977309 -0.0983427 0.187603 -0.47826 0.0784398 -0.99075 -0.110729 0.431258 
1530629069394 0.196663 -0.0935763 0.975996 0.382957 -0.9774 -0.0974381 0.187603 -0.478323 0.077544 -0.990833 -0.110624 0.431222 
1530629069605 0.196725 -0.0935638 0.975984 0.38297 -0.977459 -0.0965191 0.18777 -0.478334 0.0766327 -0.990924 -0.110443 0.43123 
1530629069807 0.196754 -0.0936131 0.975974 0.382965 -0.977519 -0.0956824 0.187888 -0.478373 0.0757947 -0.991 -0.110334 0.431198 
1530629070024 0.197017 -0.0935349 0.975928 0.383031 -0.97752 -0.0949808 0.188235 -0.478375 0.0750879 -0.991075 -0.110145 0.431193 
1530629070219 0.197037 -0.0936167 0.975916 0.383039 -0.977583 -0.0941085 0.188346 -0.478355 0.0742097 -0.991151 -0.110061 0.431197 
1530629070413 0.196971 -0.0936725 0.975924 0.382992 -0.977656 -0.0933144 0.188363 -0.478379 0.0734233 -0.99122 -0.10996 0.431204 
1530629070430 0.196953 -0.0936793 0.975927 0.382984 -0.977664 -0.0932501 0.188353 -0.478385 0.0733605 -0.991226 -0.109953 0.431205 
1530629070447 0.196932 -0.0936855 0.975931 0.382973 -0.977673 -0.0931936 0.188337 -0.478393 0.073306 -0.991231 -0.109947 0.431205 
1530629070763 0.197037 -0.0935008 0.975927 0.382934 -0.977656 -0.0931067 0.188466 -0.478406 0.0732437 -0.991256 -0.109757 0.43123 
1530629070920 0.197114 -0.0934393 0.975918 0.382965 -0.977644 -0.0930662 0.188552 -0.47842 0.0732068 -0.991266 -0.109695 0.431263 
1530629071205 0.197302 -0.0934192 0.975882 0.383009 -0.97763 -0.0927566 0.188776 -0.47843 0.0728841 -0.991297 -0.10963 0.431227 
1530629071333 0.197312 -0.0934665 0.975875 0.383013 -0.977631 -0.0927178 0.188786 -0.478431 0.0728358 -0.991296 -0.10967 0.4312 
1530629071552 0.197385 -0.0935723 0.97585 0.383018 -0.977634 -0.0925148 0.188874 -0.478428 0.0726071 -0.991305 -0.10974 0.431154 
1530629071679 0.197486 -0.0935675 0.97583 0.38302 -0.977621 -0.0924178 0.188987 -0.478421 0.0725011 -0.991314 -0.109725 0.431138 
1530629071747 0.197605 -0.0935047 0.975812 0.383023 -0.977603 -0.0923401 0.189119 -0.478409 0.072423 -0.991327 -0.109657 0.431141 
1530629071897 0.197738 -0.0934664 0.975789 0.383041 -0.977593 -0.0921117 0.189281 -0.478408 0.0721902 -0.991352 -0.109586 0.431149 
1530629071914 0.197749 -0.0934656 0.975787 0.383043 -0.977593 -0.0920778 0.189296 -0.478407 0.0721556 -0.991356 -0.10958 0.431149 
1530629072110 0.197521 -0.0933446 0.975844 0.383061 -0.977714 -0.0909923 0.189195 -0.478366 0.0711339 -0.991467 -0.109237 0.431077 
1530629072299 0.197208 -0.093254 0.975916 0.383027 -0.977869 -0.0896502 0.189036 -0.478315 0.0698628 -0.991598 -0.10887 0.430971 
1530629072493 0.19696 -0.0929807 0.975993 0.383048 -0.977997 -0.0884583 0.188937 -0.478301 0.0687672 -0.991731 -0.108358 0.430984 
1530629072694 0.19667 -0.0928365 0.976065 0.383059 -0.978137 -0.0872048 0.188793 -0.478225 0.0675906 -0.991855 -0.107957 0.430902 
1530629072893 0.196323 -0.0926874 0.976149 0.383064 -0.978285 -0.0859828 0.188588 -0.478203 0.0664522 -0.991976 -0.107555 0.430877 
1530629073121 0.195916 -0.0924723 0.976251 0.383055 -0.978438 -0.0848188 0.188321 -0.478182 0.06539 -0.992096 -0.107096 0.43084 
1530629073341 0.195522 -0.0922437 0.976351 0.383064 -0.978595 -0.0835284 0.18808 -0.478167 0.0642038 -0.992227 -0.106601 0.430825 
1530629073536 0.195356 -0.0921571 0.976393 0.383043 -0.978707 -0.0822746 0.188054 -0.478096 0.0630019 -0.99234 -0.106268 0.430745 
1530629073758 0.195044 -0.0918278 0.976486 0.383056 -0.97884 -0.0810449 0.187893 -0.478076 0.0618855 -0.992471 -0.105692 0.430753 
1530629073775 0.195013 -0.0917943 0.976496 0.383053 -0.978848 -0.0810142 0.187867 -0.478076 0.061865 -0.992477 -0.105651 0.430751 
1530629074017 0.19549 -0.0912286 0.976453 0.383081 -0.978642 -0.0826987 0.188201 -0.478082 0.0635821 -0.99239 -0.105447 0.430734 
1530629074261 0.195907 -0.090691 0.97642 0.383096 -0.978461 -0.0841575 0.1885 -0.478134 0.0650779 -0.992317 -0.105225 0.43059 
1530629074513 0.196256 -0.0898788 0.976425 0.383043 -0.978264 -0.0859399 0.188715 -0.478199 0.0669523 -0.992238 -0.104791 0.430641 
1530629074862 0.196693 -0.0891156 0.976407 0.383054 -0.978043 -0.0877912 0.18901 -0.478281 0.0688763 -0.992145 -0.104427 0.430648 
1530629075138 0.197118 -0.0885868 0.976369 0.383068 -0.97786 -0.0891235 0.189332 -0.478259 0.0702451 -0.992073 -0.104193 0.430521 
1530629075393 0.197478 -0.0880278 0.976347 0.38311 -0.977665 -0.090767 0.189561 -0.478311 0.0719334 -0.991974 -0.103986 0.430463 
1530629075682 0.197915 -0.0872898 0.976325 0.38312 -0.977433 -0.0926221 0.189859 -0.478375 0.0738565 -0.991868 -0.103651 0.430482 
1530629075953 0.198301 -0.0867108 0.976298 0.383103 -0.977248 -0.0939712 0.190148 -0.47839 0.0752561 -0.991792 -0.103373 0.430325 
1530629076183 0.19863 -0.0860491 0.97629 0.383141 -0.97704 -0.0957098 0.190346 -0.478441 0.0770614 -0.991683 -0.103084 0.430414 
1530629076200 0.198682 -0.0859834 0.976285 0.383144 -0.977026 -0.0957533 0.190399 -0.47844 0.0771113 -0.991685 -0.103032 0.430428 
1530629076411 0.19867 -0.0868899 0.976207 0.383174 -0.977058 -0.095538 0.19034 -0.478455 0.0767262 -0.991626 -0.103877 0.430514 
1530629076612 0.198746 -0.0877028 0.976119 0.383205 -0.977076 -0.0952832 0.19038 -0.478396 0.076311 -0.991579 -0.104629 0.430581 
1530629076821 0.198708 -0.0886635 0.97604 0.383135 -0.977126 -0.0949124 0.190307 -0.478433 0.075765 -0.991529 -0.105495 0.430634 
1530629077039 0.198895 -0.0894258 0.975932 0.383227 -0.977113 -0.094748 0.190454 -0.478383 0.0754361 -0.991477 -0.106224 0.430755 
1530629077258 0.198865 -0.090156 0.975871 0.38324 -0.977142 -0.0945877 0.190385 -0.478389 0.0751411 -0.991426 -0.106905 0.430904 
1530629077470 0.198787 -0.0910661 0.975802 0.383193 -0.977189 -0.0943431 0.190265 -0.478423 0.0747335 -0.991366 -0.107743 0.430962 
1530629077692 0.198897 -0.0918121 0.97571 0.383198 -0.977191 -0.0941813 0.190336 -0.47838 0.0744185 -0.991312 -0.10845 0.431136 
1530629077950 0.198928 -0.0927222 0.975618 0.383183 -0.977209 -0.0940323 0.190315 -0.478406 0.0740931 -0.991242 -0.109315 0.431178 
1530629078138 0.198878 -0.0934053 0.975563 0.383229 -0.977248 -0.0937824 0.190242 -0.478377 0.073721 -0.991201 -0.109931 0.431239 
1530629078155 0.198913 -0.0934891 0.975548 0.383232 -0.977241 -0.0937916 0.19027 -0.478371 0.07371 -0.991193 -0.110018 0.431237 
1530629078407 0.198761 -0.0934068 0.975587 0.383256 -0.977345 -0.0927773 0.190236 -0.478371 0.072743 -0.991296 -0.109731 0.431248 
1530629078628 0.198762 -0.0933165 0.975595 0.383259 -0.977424 -0.0916719 0.190366 -0.478367 0.0716704 -0.991407 -0.109431 0.431206 
1530629078821 0.198634 -0.0933516 0.975618 0.383239 -0.977534 -0.0904826 0.190366 -0.478389 0.0705055 -0.991513 -0.109227 0.431177 
1530629079013 0.198611 -0.0934912 0.975609 0.38326 -0.977616 -0.0894205 0.190451 -0.478384 0.069434 -0.991596 -0.109158 0.431088 
1530629079215 0.198671 -0.0935847 0.975588 0.383304 -0.97769 -0.0882028 0.190638 -0.478352 0.0682088 -0.991697 -0.10902 0.43102 
1530629079417 0.198491 -0.0935761 0.975625 0.383272 -0.977792 -0.0872125 0.190567 -0.47839 0.0672541 -0.991785 -0.108809 0.430996 
1530629079605 0.198283 -0.0935984 0.975665 0.383206 -0.977908 -0.0861009 0.190479 -0.478449 0.0661771 -0.99188 -0.108603 0.430964 
1530629079820 0.198171 -0.09366 0.975682 0.383212 -0.978009 -0.0849193 0.190492 -0.478462 0.0650128 -0.991976 -0.108429 0.430891 
1530629080013 0.1982 -0.0936264 0.97568 0.383245 -0.97807 -0.0838888 0.190636 -0.478435 0.064 -0.992067 -0.1082 0.430861 
1530629080251 0.198195 -0.0935106 0.975692 0.383247 -0.978082 -0.0837012 0.190658 -0.478436 0.063838 -0.992094 -0.10805 0.430854 
1530629080434 0.198224 -0.0933805 0.975698 0.383233 -0.97803 -0.0843858 0.190622 -0.478453 0.0645348 -0.992048 -0.108056 0.430837 
1530629080621 0.198507 -0.0930236 0.975675 0.383222 -0.977925 -0.0850765 0.190854 -0.478451 0.0652531 -0.992022 -0.107858 0.430815 
1530629080820 0.198494 -0.0929002 0.975689 0.383229 -0.97789 -0.0856166 0.19079 -0.47849 0.0658108 -0.991988 -0.107841 0.430729 
1530629081002 0.198671 -0.09257 0.975685 0.383257 -0.977811 -0.0862206 0.190924 -0.478502 0.0664504 -0.991966 -0.107645 0.430735 
1530629081207 0.198877 -0.0921617 0.975681 0.383272 -0.977715 -0.0869588 0.191078 -0.478514 0.0672339 -0.99194 -0.107402 0.430743 
1530629081390 0.199055 -0.091935 0.975666 0.383301 -0.977641 -0.0874936 0.191214 -0.478522 0.0677854 -0.991914 -0.107295 0.430652 
1530629081572 0.199204 -0.0917039 0.975658 0.383331 -0.977575 -0.0879809 0.191326 -0.478524 0.0682938 -0.991892 -0.107174 0.430589 
1530629081747 0.19931 -0.0913723 0.975667 0.383353 -0.977506 -0.0886167 0.191387 -0.478525 0.0689729 -0.991866 -0.106979 0.430593 
1530629081912 0.199439 -0.0911063 0.975666 0.383375 -0.977435 -0.0892179 0.19147 -0.478529 0.0696027 -0.991837 -0.106844 0.430588 
1530629081929 0.199458 -0.0910762 0.975665 0.383377 -0.977426 -0.0892901 0.191483 -0.478528 0.0696777 -0.991833 -0.10683 0.430588 
1530629082192 0.199427 -0.0916315 0.975619 0.383354 -0.977404 -0.0897951 0.191358 -0.478569 0.0700714 -0.991736 -0.107469 0.430611 
1530629082392 0.199727 -0.0918302 0.975539 0.383433 -0.977318 -0.0902209 0.191598 -0.478514 0.0704195 -0.991679 -0.107767 0.430677 
1530629082567 0.199593 -0.0921497 0.975536 0.383429 -0.977313 -0.0907153 0.191387 -0.478574 0.0708598 -0.991604 -0.108165 0.430754 
1530629082760 0.199794 -0.092379 0.975474 0.383456 -0.977235 -0.0913035 0.191508 -0.47852 0.0713728 -0.991529 -0.108518 0.430887 
1530629082937 0.199835 -0.0929887 0.975407 0.383461 -0.9772 -0.0917995 0.19145 -0.47852 0.0717391 -0.991426 -0.109213 0.430884 
1530629083117 0.199968 -0.0931353 0.975366 0.383487 -0.977138 -0.0923147 0.191517 -0.47852 0.0722036 -0.991365 -0.109466 0.430936 
1530629083280 0.199975 -0.0935642 0.975323 0.383463 -0.977107 -0.0928063 0.191437 -0.478555 0.0726045 -0.991278 -0.109981 0.430966 
1530629083480 0.200029 -0.0942742 0.975244 0.38348 -0.977023 -0.0939386 0.191313 -0.478596 0.0735771 -0.991104 -0.110898 0.431082 
1530629083497 0.200064 -0.0943146 0.975233 0.383499 -0.977007 -0.0940717 0.191331 -0.478594 0.0736965 -0.991088 -0.110966 0.431099 
1530629083730 0.200444 -0.0939043 0.975194 0.383496 -0.976794 -0.0958345 0.191545 -0.478583 0.0754704 -0.990958 -0.110935 0.431111 
1530629083976 0.200665 -0.0935518 0.975183 0.383505 -0.976604 -0.097667 0.191588 -0.478629 0.0773197 -0.990812 -0.110961 0.431089 
1530629084213 0.20094 -0.093121 0.975168 0.383521 -0.976391 -0.0995967 0.191681 -0.478681 0.0792739 -0.990661 -0.110935 0.431102 
1530629084607 0.201267 -0.0927104 0.975139 0.383513 -0.976166 -0.101492 0.191829 -0.478721 0.0811839 -0.990507 -0.110928 0.431101 
1530629084874 0.201553 -0.0924347 0.975106 0.383508 -0.97594 -0.103483 0.191916 -0.47877 0.083167 -0.990327 -0.111068 0.43106 
1530629085163 0.201846 -0.0921481 0.975073 0.383544 -0.975707 -0.105492 0.192008 -0.478846 0.0851691 -0.990142 -0.111203 0.431055 
1530629085408 0.202166 -0.091806 0.975039 0.383533 -0.975491 -0.107184 0.192167 -0.478842 0.0868668 -0.989991 -0.111225 0.431004 
1530629085670 0.202654 -0.0912316 0.974991 0.383591 -0.9752 -0.109269 0.192473 -0.478877 0.0889763 -0.989817 -0.111113 0.431105 
1530629085902 0.202875 -0.0909628 0.97497 0.383594 -0.974988 -0.111066 0.192517 -0.478883 0.0907743 -0.989641 -0.11122 0.431091 
1530629085920 0.202886 -0.0909545 0.974969 0.3836 -0.974982 -0.111104 0.192524 -0.478888 0.0908122 -0.989638 -0.111221 0.431099 
1530629086200 0.202936 -0.0914842 0.974909 0.383614 -0.974949 -0.11146 0.192485 -0.478897 0.0910536 -0.989549 -0.111812 0.431126 
1530629086411 0.203171 -0.0923133 0.974782 0.38364 -0.974873 -0.111946 0.192588 -0.478832 0.0913447 -0.989417 -0.112738 0.431317 
1530629086635 0.203192 -0.0927743 0.974734 0.383665 -0.974857 -0.112162 0.192543 -0.47886 0.0914652 -0.98935 -0.113232 0.43131 
1530629086810 0.203279 -0.0930678 0.974688 0.383718 -0.974814 -0.112501 0.192563 -0.478825 0.0917318 -0.989284 -0.113593 0.431409 
1530629086983 0.203164 -0.0936068 0.97466 0.383662 -0.974819 -0.112798 0.192364 -0.47888 0.0919331 -0.989199 -0.114166 0.431485 
1530629087177 0.203407 -0.0940733 0.974564 0.383732 -0.974761 -0.113005 0.192539 -0.478828 0.0920182 -0.989131 -0.114685 0.431523 
1530629087336 0.203618 -0.094368 0.974492 0.38381 -0.974686 -0.113418 0.192675 -0.478782 0.0923426 -0.989056 -0.115073 0.43162 
1530629087509 0.203694 -0.0947514 0.974439 0.383803 -0.974639 -0.113832 0.192667 -0.478787 0.0926666 -0.988971 -0.115535 0.431726 
1530629087529 0.203676 -0.0948023 0.974438 0.383797 -0.974641 -0.113864 0.192641 -0.478793 0.0926907 -0.988963 -0.11559 0.431732 
1530629087751 0.203858 -0.095011 0.974379 0.383791 -0.974549 -0.114493 0.19273 -0.478791 0.093248 -0.98887 -0.115933 0.431733 
1530629088002 0.204042 -0.0952404 0.974318 0.383798 -0.97446 -0.115098 0.192821 -0.478809 0.0937779 -0.988778 -0.116293 0.431749 
1530629088183 0.204129 -0.0953049 0.974294 0.383842 -0.974401 -0.115551 0.192849 -0.478825 0.0942014 -0.988719 -0.116453 0.431791 
1530629088326 0.204411 -0.0955461 0.974211 0.383895 -0.974301 -0.116064 0.193047 -0.478805 0.0946264 -0.988635 -0.116816 0.431798 
1530629088496 0.20461 -0.0956863 0.974155 0.383962 -0.974194 -0.116792 0.193147 -0.47883 0.095292 -0.988536 -0.117114 0.431874 
1530629088677 0.204786 -0.0958042 0.974107 0.384009 -0.974095 -0.117481 0.193229 -0.478793 0.095927 -0.988443 -0.117381 0.431929 
1530629088844 0.204963 -0.0960094 0.97405 0.384014 -0.974008 -0.118057 0.193317 -0.478825 0.0964334 -0.988355 -0.117711 0.431988 
1530629089004 0.205044 -0.0962413 0.97401 0.383991 -0.973939 -0.118641 0.193306 -0.478859 0.0969538 -0.988262 -0.11806 0.432009 
1530629089190 0.205226 -0.0964363 0.973952 0.384041 -0.973839 -0.11933 0.193387 -0.478863 0.0975725 -0.98816 -0.118403 0.432057 
1530629089207 0.205253 -0.0964432 0.973945 0.384051 -0.973826 -0.119411 0.193403 -0.478865 0.0976472 -0.98815 -0.118428 0.432069 
1530629089429 0.205547 -0.0973428 0.973794 0.384087 -0.973799 -0.119263 0.193626 -0.47883 0.0972894 -0.988079 -0.119306 0.432084 
1530629089611 0.205548 -0.0981569 0.973712 0.384122 -0.973787 -0.119549 0.193513 -0.478896 0.0974115 -0.987964 -0.120157 0.432223 
1530629089833 0.205646 -0.0989808 0.973608 0.384044 -0.973764 -0.119748 0.193505 -0.478956 0.0974347 -0.987858 -0.12101 0.432373 
1530629090055 0.206001 -0.0997381 0.973456 0.384116 -0.973683 -0.120003 0.193754 -0.478906 0.0974927 -0.987751 -0.121834 0.432535 
1530629090308 0.205938 -0.100757 0.973364 0.3841 -0.973702 -0.120141 0.193573 -0.479042 0.0974366 -0.987631 -0.122849 0.432587 
1530629090524 0.206131 -0.101531 0.973243 0.384103 -0.973674 -0.120186 0.193685 -0.479021 0.0973053 -0.987546 -0.123632 0.432716 
1530629090748 0.206326 -0.102392 0.973111 0.384169 -0.973646 -0.120253 0.193786 -0.479012 0.0971776 -0.987449 -0.124505 0.432796 
1530629090957 0.206626 -0.103027 0.97298 0.384216 -0.973577 -0.120467 0.193997 -0.479033 0.0972255 -0.987357 -0.125196 0.432977 
1530629091180 0.206819 -0.103959 0.97284 0.384201 -0.973546 -0.120577 0.194084 -0.479022 0.0971257 -0.987245 -0.126147 0.432969 
1530629091197 0.206797 -0.103979 0.972843 0.384201 -0.973552 -0.120564 0.194062 -0.479025 0.0971119 -0.987245 -0.126161 0.432969 
1530629091392 0.207243 -0.104582 0.972683 0.384224 -0.973455 -0.120774 0.194422 -0.479058 0.097142 -0.987156 -0.126836 0.433025 
1530629091643 0.208081 -0.105521 0.972403 0.384348 -0.973273 -0.121102 0.195126 -0.479185 0.0971699 -0.987016 -0.1279 0.433265 
1530629091880 0.208403 -0.106092 0.972272 0.384348 -0.973189 -0.121408 0.195352 -0.479262 0.0973166 -0.986917 -0.128549 0.4334 
1530629092159 0.208881 -0.106598 0.972114 0.384436 -0.973117 -0.121273 0.195798 -0.47925 0.0970195 -0.986879 -0.129064 0.433484 
1530629092382 0.209137 -0.107147 0.971999 0.38444 -0.973054 -0.121493 0.195972 -0.479317 0.0970936 -0.986792 -0.129669 0.43356 
1530629092582 0.209467 -0.107609 0.971876 0.3845 -0.972974 -0.121722 0.196227 -0.479388 0.0971829 -0.986714 -0.130198 0.433693 
1530629092835 0.21041 -0.108614 0.971561 0.38462 -0.972766 -0.122098 0.197022 -0.479418 0.0972261 -0.986557 -0.131347 0.433914 
1530629092852 0.210381 -0.108632 0.971565 0.384611 -0.972775 -0.122076 0.196994 -0.479422 0.0972051 -0.986558 -0.131357 0.43392 
1530629093204 0.210236 -0.108945 0.971561 0.384654 -0.973014 -0.119986 0.197096 -0.479389 0.095101 -0.98678 -0.13123 0.433919 
1530629093462 0.210014 -0.109254 0.971575 0.384631 -0.973253 -0.118021 0.197105 -0.479433 0.0931318 -0.986983 -0.131118 0.433907 
1530629093710 0.209717 -0.10954 0.971607 0.38457 -0.973504 -0.11603 0.197045 -0.479498 0.0911512 -0.987187 -0.130971 0.433896 
1530629093980 0.20962 -0.109816 0.971597 0.384634 -0.973719 -0.11395 0.197198 -0.479481 0.0890579 -0.987399 -0.130816 0.433864 
1530629094234 0.209425 -0.110063 0.971611 0.384655 -0.973946 -0.1119 0.197253 -0.479486 0.0870127 -0.987605 -0.13063 0.433872 
1530629094480 0.2092 -0.110395 0.971622 0.384656 -0.974182 -0.109772 0.197279 -0.479515 0.0848782 -0.987807 -0.130509 0.433823 
1530629094719 0.208988 -0.11073 0.971629 0.384656 -0.974405 -0.107718 0.197309 -0.479543 0.0828138 -0.987996 -0.130408 0.433772 
1530629095031 0.208509 -0.111358 0.97166 0.384624 -0.974845 -0.103655 0.197313 -0.479581 0.078745 -0.98836 -0.13017 0.433707 
1530629095052 0.208514 -0.111338 0.971661 0.384627 -0.974846 -0.103631 0.197323 -0.479579 0.078725 -0.988365 -0.130146 0.433705 
1530629095318 0.208474 -0.111387 0.971664 0.384618 -0.974897 -0.103093 0.19735 -0.479596 0.0781896 -0.988415 -0.130083 0.433674 
1530629095675 0.208718 -0.111148 0.971639 0.384692 -0.974887 -0.102554 0.197684 -0.479632 0.0776731 -0.988498 -0.129761 0.433795 
1530629095850 0.208686 -0.111256 0.971634 0.384723 -0.974922 -0.102201 0.19769 -0.479643 0.0773083 -0.988523 -0.129794 0.433749 
1530629096005 0.208853 -0.111173 0.971607 0.38475 -0.974918 -0.101798 0.197917 -0.47963 0.0769046 -0.988574 -0.129645 0.433755 
1530629096183 0.20884 -0.111216 0.971605 0.384778 -0.974945 -0.101497 0.19794 -0.479666 0.0766013 -0.9886 -0.129626 0.433772 
1530629096353 0.20889 -0.111204 0.971596 0.384804 -0.974959 -0.10119 0.198031 -0.479699 0.0762939 -0.988632 -0.129557 0.433798 
1530629096564 0.208981 -0.111215 0.971575 0.384823 -0.974977 -0.100709 0.198184 -0.479688 0.0758056 -0.98868 -0.129478 0.433759 
1530629096706 0.209008 -0.111254 0.971565 0.384831 -0.975005 -0.100288 0.198264 -0.47968 0.075379 -0.988719 -0.129434 0.433738 
