1535147280241 0.257665 0.923184 -0.285201 -0.586996 -0.931477 0.315785 0.180641 -0.223929 0.256827 0.219114 0.941291 0.394038 
1535147286280 0.257664 0.923185 -0.285201 -0.586996 -0.931477 0.315784 0.180643 -0.223928 0.256828 0.219113 0.941291 0.394038 
1535147287016 0.249001 0.922781 -0.294063 -0.596433 -0.932905 0.310088 0.18312 -0.228492 0.260166 0.228736 0.93808 0.391492 
1535147287553 0.244275 0.922536 -0.298761 -0.601365 -0.933643 0.30699 0.184575 -0.23071 0.261993 0.233849 0.936309 0.390141 
1535147288309 0.234723 0.921966 -0.308032 -0.611193 -0.935053 0.300757 0.187673 -0.235187 0.265671 0.243975 0.932682 0.38752 
1535147289091 0.224991 0.921333 -0.317055 -0.62102 -0.936488 0.294317 0.190701 -0.239561 0.269014 0.254013 0.929037 0.384863 
1535147289862 0.215369 0.920469 -0.326119 -0.630798 -0.937822 0.288052 0.193688 -0.244064 0.272223 0.264127 0.925274 0.382217 
1535147290467 0.21433 0.920436 -0.326895 -0.631183 -0.937892 0.287405 0.194312 -0.243873 0.272803 0.264945 0.924869 0.381944 
1535147290485 0.21433 0.920436 -0.326895 -0.631183 -0.937892 0.287405 0.194312 -0.243874 0.272803 0.264945 0.924869 0.381945 
1535147290698 0.213493 0.920049 -0.328528 -0.631258 -0.93795 0.287095 0.19449 -0.244295 0.273259 0.266621 0.924253 0.382238 
1535147290800 0.213324 0.919781 -0.329385 -0.631395 -0.937822 0.287281 0.194834 -0.244505 0.273831 0.267342 0.923875 0.382215 
1535147290991 0.211932 0.91944 -0.331231 -0.631753 -0.93789 0.28661 0.19549 -0.244774 0.274676 0.269228 0.923076 0.382242 
1535147291193 0.210243 0.919023 -0.333459 -0.63221 -0.93795 0.28582 0.196359 -0.24493 0.275768 0.271485 0.922089 0.382304 
1535147291300 0.209645 0.918763 -0.334549 -0.632424 -0.937914 0.285661 0.196759 -0.245055 0.276343 0.272529 0.921609 0.38225 
1535147291363 0.20936 0.918673 -0.334975 -0.632529 -0.937923 0.28554 0.196895 -0.245157 0.276531 0.272959 0.921425 0.382276 
1535147291383 0.209185 0.918626 -0.335214 -0.632572 -0.937937 0.285453 0.196955 -0.245183 0.276616 0.27321 0.921325 0.382272 
1535147291583 0.208594 0.91858 -0.335706 -0.632766 -0.938023 0.285051 0.197126 -0.245292 0.276769 0.273781 0.92111 0.382256 
1535147291733 0.207629 0.918525 -0.336454 -0.633142 -0.938102 0.284444 0.197625 -0.245318 0.277226 0.274596 0.920729 0.382329 
1535147291915 0.206894 0.918383 -0.337294 -0.633454 -0.938161 0.284042 0.197926 -0.245506 0.277578 0.275486 0.920358 0.382327 
1535147292143 0.205375 0.918119 -0.338938 -0.633982 -0.938326 0.283147 0.198425 -0.245918 0.278147 0.277283 0.919646 0.3823 
1535147292379 0.203803 0.917779 -0.340802 -0.634582 -0.938405 0.282348 0.199186 -0.246263 0.279034 0.279216 0.918792 0.382297 
1535147292552 0.202816 0.917668 -0.341688 -0.634946 -0.938477 0.281762 0.199675 -0.246316 0.27951 0.280169 0.918357 0.38235 
1535147292579 0.202714 0.917622 -0.341874 -0.635003 -0.938476 0.281731 0.199725 -0.246416 0.279589 0.280353 0.918277 0.382374 
1535147292596 0.20266 0.917574 -0.342033 -0.635042 -0.938472 0.281732 0.199743 -0.246469 0.279641 0.280508 0.918214 0.382372 
1535147292755 0.20205 0.917812 -0.341754 -0.635153 -0.938592 0.281115 0.20005 -0.24641 0.279681 0.280347 0.918251 0.382349 
1535147293053 0.200497 0.918501 -0.340817 -0.635663 -0.938918 0.27947 0.200821 -0.247252 0.279702 0.279736 0.918431 0.382358 
1535147293314 0.198835 0.919097 -0.340185 -0.636221 -0.939244 0.277811 0.2016 -0.247683 0.279797 0.279432 0.918494 0.382343 
1535147293590 0.1998 0.918985 -0.339921 -0.635952 -0.939143 0.278549 0.201051 -0.247438 0.279448 0.279064 0.918712 0.382298 
1535147293609 0.199957 0.918967 -0.339879 -0.63588 -0.939156 0.278639 0.200864 -0.247414 0.279291 0.279035 0.918769 0.3823 
1535147293773 0.200103 0.919154 -0.339285 -0.635872 -0.939328 0.278442 0.200332 -0.247427 0.278607 0.278613 0.919105 0.382248 
1535147293809 0.199874 0.919437 -0.338653 -0.635909 -0.939479 0.27799 0.200254 -0.247432 0.278263 0.278132 0.919354 0.382222 
1535147293904 0.19995 0.919515 -0.338397 -0.635935 -0.939557 0.277911 0.199997 -0.247536 0.277944 0.277954 0.919505 0.382143 
1535147294034 0.199776 0.919873 -0.337526 -0.636056 -0.939798 0.277355 0.199634 -0.247689 0.277253 0.277324 0.919903 0.382057 
1535147294792 0.199449 0.920294 -0.336569 -0.636114 -0.940084 0.276625 0.199299 -0.247716 0.276517 0.276653 0.920327 0.382006 
1535147294838 0.199571 0.920085 -0.337068 -0.636096 -0.939914 0.276991 0.199592 -0.247606 0.277006 0.276982 0.920081 0.38204 
1535147294965 0.200435 0.919967 -0.336876 -0.635979 -0.939721 0.277766 0.199426 -0.247767 0.277038 0.276598 0.920187 0.382052 
1535147295001 0.200789 0.92009 -0.33633 -0.635931 -0.939648 0.277975 0.199479 -0.247745 0.277029 0.275978 0.920375 0.381964 
1535147295098 0.201298 0.920154 -0.335851 -0.635914 -0.939642 0.278244 0.199133 -0.247758 0.276682 0.275495 0.920625 0.381791 
1535147295248 0.202395 0.920333 -0.334698 -0.635839 -0.939455 0.27897 0.198999 -0.247774 0.276517 0.274157 0.921073 0.38173 
1535147295290 0.202663 0.920474 -0.334148 -0.635789 -0.939451 0.279048 0.198909 -0.247754 0.276334 0.273604 0.921293 0.381709 
1535147295393 0.203279 0.920552 -0.33356 -0.635757 -0.939383 0.279432 0.198689 -0.247749 0.276111 0.272951 0.921553 0.381654 
1535147295899 0.203839 0.920782 -0.332582 -0.635719 -0.939364 0.279644 0.198482 -0.247673 0.275763 0.271957 0.921951 0.381572 
1535147296086 0.203778 0.920607 -0.333101 -0.635626 -0.939315 0.27976 0.198549 -0.247633 0.275973 0.272427 0.92175 0.381704 
1535147296306 0.20579 0.920673 -0.331679 -0.635147 -0.939045 0.281168 0.197836 -0.247466 0.2754 0.270749 0.922415 0.381786 
1535147296392 0.206483 0.920764 -0.330995 -0.634917 -0.939006 0.281559 0.197466 -0.247468 0.275015 0.270033 0.92274 0.381864 
1535147296585 0.207764 0.920769 -0.330181 -0.634648 -0.93886 0.282448 0.196888 -0.247306 0.274547 0.269088 0.923155 0.381809 
1535147296646 0.208468 0.920809 -0.329624 -0.634448 -0.938762 0.282932 0.196661 -0.247319 0.274349 0.268441 0.923403 0.381873 
1535147297017 0.20903 0.920923 -0.328948 -0.634292 -0.938747 0.283206 0.196336 -0.247156 0.27397 0.267759 0.923713 0.381957 
1535147297173 0.208244 0.920815 -0.329748 -0.634342 -0.938803 0.282757 0.196716 -0.247222 0.274377 0.268604 0.923347 0.381846 
1535147297436 0.208504 0.920627 -0.330109 -0.633672 -0.938781 0.283042 0.196411 -0.247068 0.274256 0.268948 0.923283 0.382161 
1535147297676 0.208213 0.920613 -0.330333 -0.633081 -0.938896 0.282768 0.196255 -0.246688 0.274083 0.269285 0.923236 0.382515 
1535147297841 0.208637 0.920463 -0.330482 -0.632718 -0.938812 0.283188 0.196055 -0.246691 0.274049 0.269356 0.923225 0.382683 
1535147298085 0.208514 0.920434 -0.33064 -0.632102 -0.938885 0.283061 0.195886 -0.246307 0.273892 0.269588 0.923204 0.382988 
1535147298256 0.20884 0.920259 -0.33092 -0.631722 -0.938899 0.28334 0.195414 -0.246433 0.273595 0.269891 0.923204 0.383125 
1535147298622 0.20881 0.920216 -0.331059 -0.631547 -0.938892 0.283355 0.195429 -0.246308 0.273644 0.270022 0.923151 0.38326 
1535147298837 0.20858 0.920369 -0.330779 -0.631467 -0.93894 0.283083 0.195588 -0.246242 0.273651 0.269786 0.923217 0.383211 
1535147299028 0.208655 0.920325 -0.330854 -0.630993 -0.938833 0.283258 0.195849 -0.246058 0.273962 0.269752 0.923135 0.383474 
1535147299305 0.208444 0.920288 -0.33109 -0.630036 -0.938711 0.283277 0.196405 -0.245592 0.27454 0.269859 0.922932 0.383662 
1535147299593 0.208312 0.920291 -0.331165 -0.629091 -0.938524 0.283382 0.197148 -0.245153 0.27528 0.269738 0.922747 0.384028 
1535147299783 0.20839 0.920238 -0.331263 -0.628604 -0.93841 0.283571 0.197417 -0.24498 0.275607 0.26972 0.922655 0.384245 
1535147299980 0.208426 0.920234 -0.331253 -0.628081 -0.938312 0.28369 0.197712 -0.244869 0.275915 0.269611 0.922595 0.384457 
1535147300190 0.208297 0.92021 -0.3314 -0.627628 -0.938265 0.283676 0.197956 -0.244563 0.276171 0.269707 0.92249 0.384539 
1535147300489 0.208513 0.920118 -0.33152 -0.627344 -0.938166 0.283953 0.19803 -0.244652 0.276347 0.269729 0.922431 0.384651 
1535147300723 0.207994 0.920167 -0.33171 -0.627075 -0.938223 0.283565 0.198313 -0.244315 0.276542 0.26997 0.922302 0.384702 
1535147300907 0.207946 0.920185 -0.331689 -0.626686 -0.9381 0.283647 0.19878 -0.244149 0.276997 0.269822 0.922209 0.384956 
1535147301084 0.208111 0.920081 -0.331875 -0.626228 -0.938048 0.283855 0.198725 -0.24419 0.277048 0.269958 0.922154 0.385087 
1535147301346 0.207703 0.920098 -0.332084 -0.625485 -0.937998 0.283656 0.199246 -0.243774 0.277523 0.27011 0.921966 0.385375 
1535147301583 0.207612 0.920035 -0.332314 -0.624674 -0.937858 0.283777 0.199733 -0.243564 0.278064 0.270196 0.921778 0.385739 
1535147301744 0.207655 0.919946 -0.332533 -0.624262 -0.937773 0.283938 0.199903 -0.243476 0.278318 0.27033 0.921662 0.385864 
1535147302069 0.207862 0.919866 -0.332627 -0.624006 -0.937613 0.284262 0.200191 -0.243489 0.278702 0.270263 0.921565 0.386043 
1535147302282 0.207488 0.919931 -0.332679 -0.623852 -0.937684 0.283936 0.200323 -0.243215 0.278743 0.270383 0.921518 0.386034 
1535147302521 0.207613 0.919786 -0.333001 -0.623167 -0.937367 0.284403 0.201141 -0.243024 0.279713 0.270385 0.921223 0.386364 
1535147302705 0.207761 0.91965 -0.333284 -0.622825 -0.9372 0.284733 0.201454 -0.242978 0.280164 0.2705 0.921053 0.386482 
1535147302983 0.207307 0.919531 -0.333896 -0.6219 -0.93703 0.284704 0.202283 -0.242492 0.281067 0.270936 0.920649 0.386785 
1535147303145 0.207938 0.919321 -0.33408 -0.621437 -0.936668 0.285548 0.202768 -0.242605 0.281805 0.270759 0.920476 0.387041 
1535147303300 0.207839 0.919251 -0.334336 -0.621291 -0.936578 0.285619 0.203083 -0.242453 0.282177 0.270923 0.920314 0.387095 
1535147303493 0.207724 0.919265 -0.334369 -0.621114 -0.936594 0.285528 0.203137 -0.242385 0.282208 0.270972 0.920289 0.387086 
1535147303702 0.207996 0.919021 -0.33487 -0.62061 -0.936346 0.286074 0.203516 -0.242337 0.282833 0.271223 0.920024 0.387291 
1535147303868 0.207992 0.918888 -0.335238 -0.620377 -0.936187 0.286304 0.20392 -0.242214 0.28336 0.271432 0.9198 0.387427 
1535147304125 0.207725 0.918685 -0.335957 -0.61962 -0.936009 0.286442 0.204543 -0.241872 0.284143 0.27197 0.919399 0.387616 
1535147304274 0.207796 0.918591 -0.336173 -0.619376 -0.935862 0.286682 0.204879 -0.241752 0.284575 0.272038 0.919246 0.387773 
1535147304658 0.207784 0.918469 -0.336511 -0.619175 -0.935778 0.286829 0.205057 -0.241674 0.28486 0.272292 0.919082 0.38781 
1535147304677 0.207784 0.91847 -0.336511 -0.619175 -0.935778 0.286829 0.205059 -0.241674 0.284861 0.272291 0.919082 0.387811 
1535147304850 0.20764 0.918526 -0.336447 -0.61918 -0.935872 0.286621 0.204921 -0.241616 0.284658 0.272321 0.919136 0.387847 
1535147304950 0.207795 0.918465 -0.336516 -0.618968 -0.935879 0.286741 0.204718 -0.241505 0.284519 0.272399 0.919156 0.387898 
1535147305152 0.207678 0.91829 -0.337067 -0.618603 -0.935901 0.286759 0.204595 -0.24124 0.284535 0.272971 0.918981 0.388021 
1535147305362 0.207796 0.918153 -0.337367 -0.61818 -0.935873 0.286938 0.204472 -0.24108 0.28454 0.273244 0.918899 0.388193 
1535147305486 0.208125 0.917996 -0.337591 -0.617906 -0.935837 0.287259 0.204186 -0.241165 0.284418 0.273433 0.91888 0.388265 
1535147305659 0.208011 0.917945 -0.3378 -0.617767 -0.935855 0.287206 0.204177 -0.240934 0.284441 0.273661 0.918805 0.388364 
1535147305714 0.208065 0.917941 -0.337778 -0.617762 -0.935848 0.287246 0.204152 -0.240958 0.284425 0.273632 0.918819 0.38839 
1535147305730 0.208026 0.917955 -0.337763 -0.617739 -0.935866 0.287198 0.204139 -0.240947 0.284396 0.273634 0.918827 0.388402 
1535147305746 0.207958 0.91798 -0.337737 -0.617693 -0.935892 0.287118 0.20413 -0.240918 0.284358 0.273635 0.918839 0.388415 
1535147305961 0.208038 0.91789 -0.337933 -0.617398 -0.935702 0.287402 0.204602 -0.240788 0.284925 0.273639 0.918662 0.3885 
1535147306160 0.208014 0.917837 -0.33809 -0.61694 -0.9355 0.287614 0.205229 -0.240577 0.285606 0.273593 0.918464 0.388635 
1535147306192 0.208032 0.917823 -0.338117 -0.616804 -0.935436 0.287693 0.205405 -0.2405 0.2858 0.273556 0.918415 0.3887 
1535147306314 0.208314 0.917773 -0.338081 -0.616556 -0.935311 0.288008 0.205535 -0.24066 0.286004 0.273395 0.918399 0.388826 
1535147306786 0.208209 0.917753 -0.3382 -0.616359 -0.935228 0.288039 0.205871 -0.240494 0.286353 0.27343 0.91828 0.388919 
1535147306800 0.208262 0.917736 -0.338211 -0.616376 -0.935218 0.288089 0.205845 -0.240514 0.286346 0.273432 0.918282 0.388909 
1535147307021 0.208382 0.917659 -0.338348 -0.616056 -0.935311 0.288116 0.205383 -0.240336 0.285955 0.273662 0.918335 0.388898 
1535147307169 0.208727 0.917581 -0.338347 -0.615801 -0.935206 0.288466 0.205373 -0.240309 0.286048 0.273557 0.918337 0.389135 
1535147307409 0.208817 0.917548 -0.338381 -0.615306 -0.935151 0.28859 0.205447 -0.239977 0.286161 0.273536 0.918308 0.389332 
1535147307559 0.209182 0.917399 -0.338559 -0.615021 -0.935059 0.28898 0.205319 -0.240027 0.286197 0.273623 0.918271 0.389397 
1535147307713 0.209279 0.91735 -0.33863 -0.614804 -0.935032 0.289091 0.205284 -0.239806 0.286212 0.273669 0.918253 0.389465 
1535147307832 0.209257 0.917305 -0.338767 -0.614556 -0.935041 0.289097 0.205233 -0.239752 0.286197 0.273815 0.918214 0.389505 
1535147307887 0.209364 0.917252 -0.338845 -0.614476 -0.935008 0.289223 0.205208 -0.239737 0.28623 0.27386 0.91819 0.389539 
1535147307909 0.209303 0.917265 -0.338847 -0.614442 -0.935027 0.289162 0.205208 -0.23969 0.286211 0.27388 0.91819 0.389558 
1535147308102 0.209361 0.917272 -0.338792 -0.614201 -0.935005 0.289212 0.205238 -0.239591 0.286242 0.273804 0.918203 0.38967 
1535147308257 0.209646 0.91727 -0.338621 -0.613857 -0.934914 0.289466 0.205294 -0.239531 0.286329 0.273542 0.918254 0.389765 
1535147308526 0.209617 0.917387 -0.338322 -0.612932 -0.934869 0.289421 0.205563 -0.23912 0.286498 0.273197 0.918304 0.389985 
1535147308750 0.209983 0.917403 -0.338053 -0.612319 -0.9348 0.289688 0.205498 -0.238881 0.286454 0.272861 0.918418 0.39022 
1535147308902 0.210271 0.917331 -0.338067 -0.611984 -0.93469 0.290003 0.205554 -0.238853 0.286602 0.272765 0.9184 0.390348 
1535147309194 0.2103 0.917356 -0.337982 -0.611768 -0.934661 0.290033 0.205645 -0.238721 0.286676 0.272652 0.91841 0.390479 
1535147309466 0.210199 0.917438 -0.337824 -0.611344 -0.934706 0.289882 0.205653 -0.238461 0.286603 0.272538 0.918467 0.390467 
1535147309697 0.210489 0.917518 -0.337425 -0.610708 -0.934567 0.290133 0.205929 -0.238206 0.286842 0.272001 0.918552 0.390698 
1535147309885 0.210987 0.917457 -0.337278 -0.610312 -0.934441 0.290577 0.205875 -0.23823 0.286887 0.27173 0.918618 0.390783 
1535147310039 0.211059 0.917524 -0.337051 -0.610031 -0.93442 0.290598 0.205943 -0.238067 0.286904 0.271481 0.918686 0.390885 
1535147310196 0.211272 0.917551 -0.336844 -0.609714 -0.934347 0.290774 0.206027 -0.237933 0.286986 0.271202 0.918743 0.390989 
1535147310342 0.211178 0.917648 -0.336639 -0.609422 -0.934366 0.290643 0.206126 -0.237759 0.286992 0.271015 0.918796 0.39108 
1535147310996 0.211397 0.917662 -0.336464 -0.609152 -0.934284 0.290838 0.206221 -0.237689 0.287098 0.270758 0.918839 0.391191 
1535147311262 0.211596 0.91754 -0.336671 -0.608702 -0.934181 0.291125 0.206283 -0.237436 0.287286 0.270863 0.918749 0.391202 
1535147311550 0.212185 0.917548 -0.336278 -0.607712 -0.933913 0.291712 0.206666 -0.237059 0.287722 0.270203 0.918807 0.391653 
1535147311836 0.212606 0.91749 -0.336171 -0.606771 -0.933745 0.292148 0.206809 -0.236579 0.287957 0.269929 0.918814 0.391885 
1535147311864 0.212789 0.917458 -0.336142 -0.606636 -0.933684 0.292331 0.206827 -0.236534 0.28802 0.26984 0.91882 0.391926 
1535147312060 0.212692 0.917533 -0.336 -0.606398 -0.933689 0.292224 0.206954 -0.236402 0.288074 0.269702 0.918844 0.39211 
1535147312220 0.212819 0.91754 -0.3359 -0.60599 -0.933576 0.292399 0.207217 -0.236437 0.288346 0.269489 0.918821 0.392217 
1535147312432 0.212494 0.917724 -0.335602 -0.605389 -0.93361 0.292065 0.207533 -0.236041 0.288476 0.269222 0.918859 0.392369 
1535147312651 0.212227 0.917885 -0.335329 -0.604752 -0.933615 0.291807 0.207875 -0.235761 0.288657 0.268952 0.918881 0.392593 
1535147312806 0.212677 0.917814 -0.33524 -0.604356 -0.933436 0.292277 0.208018 -0.235808 0.288904 0.268685 0.918881 0.392752 
1535147312969 0.212593 0.917858 -0.335173 -0.604038 -0.933438 0.2922 0.208118 -0.235652 0.288961 0.268619 0.918883 0.39281 
1535147313177 0.212517 0.917898 -0.335113 -0.603768 -0.933456 0.292114 0.208156 -0.235593 0.288957 0.268576 0.918896 0.392862 
1535147313403 0.212323 0.918135 -0.334586 -0.603643 -0.933572 0.291747 0.208151 -0.235294 0.288725 0.268164 0.91909 0.392935 
1535147313592 0.212684 0.918272 -0.333979 -0.603142 -0.933596 0.291849 0.207903 -0.23515 0.288383 0.267584 0.919366 0.393025 
1535147313842 0.212816 0.918531 -0.333181 -0.602432 -0.933697 0.29167 0.2077 -0.234801 0.287958 0.266888 0.919702 0.393126 
1535147313900 0.212874 0.918631 -0.332869 -0.602179 -0.933745 0.291596 0.207587 -0.234728 0.287759 0.266625 0.91984 0.393205 
1535147313925 0.212969 0.918627 -0.332819 -0.602116 -0.93374 0.291658 0.207522 -0.234779 0.287705 0.266571 0.919873 0.393227 
1535147313941 0.213077 0.918614 -0.332786 -0.602095 -0.933723 0.291744 0.207476 -0.234823 0.287678 0.266522 0.919895 0.393243 
1535147313959 0.21319 0.918603 -0.332745 -0.602082 -0.933705 0.291833 0.207434 -0.234855 0.287655 0.266463 0.91992 0.393261 
1535147314104 0.212939 0.918902 -0.332079 -0.601904 -0.93386 0.291358 0.207401 -0.234566 0.287335 0.265952 0.920167 0.393254 
1535147314201 0.213326 0.919126 -0.331208 -0.602029 -0.933736 0.291556 0.207685 -0.234496 0.287454 0.264956 0.920418 0.393112 
1535147314370 0.213885 0.919505 -0.329794 -0.601798 -0.933737 0.29164 0.207558 -0.234439 0.287032 0.263548 0.920953 0.392913 
1535147314411 0.214137 0.919639 -0.329255 -0.601719 -0.933675 0.291758 0.207673 -0.234394 0.287047 0.262946 0.921121 0.392868 
1535147314739 0.21425 0.919985 -0.328215 -0.601592 -0.933677 0.291603 0.207881 -0.234171 0.286956 0.261909 0.921445 0.392752 
1535147315011 0.214932 0.920253 -0.327013 -0.601717 -0.933884 0.291638 0.206902 -0.234303 0.285772 0.260923 0.922092 0.392703 
1535147315248 0.215906 0.921155 -0.323819 -0.60183 -0.934269 0.291279 0.205665 -0.234061 0.283771 0.25813 0.923495 0.39235 
1535147315439 0.21687 0.921686 -0.321654 -0.601863 -0.93446 0.291324 0.204731 -0.234061 0.282404 0.256173 0.924459 0.392144 
1535147315553 0.21732 0.921884 -0.320783 -0.60192 -0.934594 0.291336 0.204101 -0.23405 0.281613 0.255446 0.924901 0.391906 
1535147315693 0.217611 0.922181 -0.31973 -0.602004 -0.934656 0.291259 0.20393 -0.233876 0.281184 0.25446 0.925303 0.391911 
1535147317100 0.214607 0.921454 -0.323831 -0.573445 -0.936955 0.287849 0.198136 -0.220049 0.275788 0.260894 0.925135 0.409723 
1535147319352 0.208808 0.918963 -0.334525 -0.472772 -0.944051 0.278699 0.176335 -0.171736 0.255278 0.278989 0.925742 0.474428 
1535147321641 0.209513 0.918712 -0.334772 -0.472423 -0.943736 0.279581 0.176624 -0.171717 0.255863 0.278932 0.925598 0.474983 
1535147321658 0.209513 0.918712 -0.334772 -0.472423 -0.943736 0.279581 0.176624 -0.171717 0.255863 0.278932 0.925598 0.474983 
1535147321678 0.209513 0.918712 -0.334773 -0.472423 -0.943736 0.279581 0.176624 -0.171717 0.255863 0.278932 0.925598 0.474983 
1535147321698 0.209513 0.918712 -0.334773 -0.472423 -0.943736 0.279581 0.176624 -0.171717 0.255863 0.278932 0.925598 0.474983 
1535147321718 0.209513 0.918712 -0.334771 -0.472423 -0.943737 0.27958 0.176625 -0.171716 0.255863 0.278931 0.925598 0.474984 
1535147321739 0.209513 0.918712 -0.334771 -0.472423 -0.943736 0.279581 0.176624 -0.171716 0.255863 0.278931 0.925598 0.474984 
1535147323156 0.209521 0.918706 -0.334783 -0.472424 -0.943733 0.279592 0.176625 -0.171716 0.255869 0.27894 0.925594 0.474985 
1535147323177 0.209521 0.918706 -0.334783 -0.472424 -0.943733 0.279592 0.176625 -0.171716 0.255869 0.278939 0.925594 0.474985 
1535147323196 0.209521 0.918706 -0.334784 -0.472424 -0.943733 0.279592 0.176625 -0.171716 0.255869 0.27894 0.925594 0.474985 
1535147323215 0.209521 0.918706 -0.334784 -0.472424 -0.943733 0.279593 0.176625 -0.171716 0.25587 0.27894 0.925593 0.474985 
1535147323230 0.209521 0.918706 -0.334784 -0.472424 -0.943733 0.279593 0.176625 -0.171716 0.25587 0.27894 0.925594 0.474985 
1535147323245 0.209521 0.918706 -0.334784 -0.472424 -0.943733 0.279593 0.176625 -0.171716 0.25587 0.27894 0.925594 0.474985 
1535147323261 0.209521 0.918706 -0.334784 -0.472424 -0.943733 0.279593 0.176625 -0.171716 0.25587 0.27894 0.925593 0.474985 
1535147323277 0.209521 0.918706 -0.334784 -0.472424 -0.943733 0.279593 0.176625 -0.171716 0.25587 0.27894 0.925593 0.474985 
1535147323294 0.209522 0.918706 -0.334784 -0.472424 -0.943733 0.279593 0.176625 -0.171716 0.25587 0.27894 0.925593 0.474985 
1535147324077 0.209523 0.918704 -0.334788 -0.472424 -0.943731 0.279596 0.176627 -0.171715 0.255873 0.278943 0.925592 0.474985 
1535147324098 0.209523 0.918704 -0.334788 -0.472425 -0.943731 0.279597 0.176627 -0.171716 0.255874 0.278943 0.925592 0.474985 
1535147324112 0.209523 0.918704 -0.334788 -0.472424 -0.943731 0.279596 0.176627 -0.171715 0.255873 0.278943 0.925592 0.474985 
1535147324128 0.209523 0.918704 -0.334788 -0.472425 -0.943731 0.279596 0.176627 -0.171715 0.255874 0.278943 0.925591 0.474985 
1535147324154 0.209523 0.918704 -0.334789 -0.472425 -0.943731 0.279596 0.176627 -0.171715 0.255873 0.278943 0.925591 0.474985 
1535147324161 0.209523 0.918704 -0.334789 -0.472425 -0.943731 0.279596 0.176627 -0.171715 0.255873 0.278943 0.925591 0.474985 
1535147324185 0.209523 0.918704 -0.334788 -0.472425 -0.943731 0.279596 0.176627 -0.171715 0.255874 0.278943 0.925592 0.474985 
1535147324207 0.209523 0.918704 -0.334789 -0.472425 -0.943731 0.279597 0.176627 -0.171715 0.255874 0.278943 0.925591 0.474985 
1535147324221 0.209523 0.918704 -0.334789 -0.472425 -0.943731 0.279597 0.176627 -0.171715 0.255874 0.278943 0.925591 0.474985 
1535147324715 0.209524 0.918703 -0.334791 -0.472425 -0.943731 0.279598 0.176628 -0.171715 0.255875 0.278944 0.925591 0.474985 
1535147324731 0.209524 0.918703 -0.334791 -0.472425 -0.943731 0.279598 0.176628 -0.171715 0.255876 0.278944 0.92559 0.474985 
1535147324751 0.209524 0.918703 -0.334791 -0.472425 -0.943731 0.279598 0.176628 -0.171715 0.255876 0.278944 0.92559 0.474985 
1535147324769 0.209524 0.918703 -0.334791 -0.472425 -0.943731 0.279598 0.176628 -0.171715 0.255876 0.278944 0.92559 0.474985 
1535147324783 0.209524 0.918703 -0.334791 -0.472425 -0.94373 0.279599 0.176628 -0.171715 0.255876 0.278945 0.92559 0.474985 
1535147324805 0.209524 0.918703 -0.334791 -0.472425 -0.94373 0.279599 0.176628 -0.171715 0.255876 0.278944 0.92559 0.474985 
1535147324825 0.209524 0.918703 -0.334791 -0.472425 -0.94373 0.279599 0.176628 -0.171715 0.255876 0.278944 0.92559 0.474986 
1535147324843 0.209524 0.918703 -0.334791 -0.472425 -0.94373 0.279599 0.176628 -0.171715 0.255876 0.278945 0.92559 0.474985 
1535147325313 0.209525 0.918702 -0.334792 -0.472425 -0.94373 0.2796 0.176629 -0.171715 0.255877 0.278945 0.92559 0.474986 
1535147325318 0.209525 0.918702 -0.334793 -0.472425 -0.94373 0.2796 0.176629 -0.171715 0.255877 0.278946 0.92559 0.474985 
1535147325338 0.209525 0.918702 -0.334792 -0.472425 -0.94373 0.2796 0.176629 -0.171715 0.255877 0.278945 0.92559 0.474986 
1535147325364 0.209525 0.918702 -0.334792 -0.472425 -0.94373 0.2796 0.176629 -0.171715 0.255878 0.278945 0.92559 0.474985 
1535147325380 0.209525 0.918702 -0.334793 -0.472425 -0.94373 0.279601 0.176629 -0.171715 0.255878 0.278946 0.92559 0.474985 
1535147325397 0.209525 0.918702 -0.334792 -0.472425 -0.94373 0.2796 0.176629 -0.171715 0.255878 0.278945 0.92559 0.474985 
1535147325414 0.209525 0.918702 -0.334793 -0.472425 -0.94373 0.2796 0.176629 -0.171715 0.255878 0.278945 0.92559 0.474985 
1535147325431 0.209526 0.918702 -0.334793 -0.472425 -0.94373 0.279601 0.176629 -0.171715 0.255878 0.278946 0.925589 0.474985 
1535147325447 0.209525 0.918702 -0.334793 -0.472425 -0.94373 0.279601 0.176629 -0.171715 0.255878 0.278945 0.92559 0.474985 
1535147325872 0.209526 0.918701 -0.334794 -0.472425 -0.943729 0.279602 0.17663 -0.171715 0.255879 0.278946 0.925589 0.474986 
1535147325896 0.209526 0.918701 -0.334794 -0.472425 -0.943729 0.279602 0.17663 -0.171715 0.255879 0.278946 0.925589 0.474985 
1535147325913 0.209526 0.918701 -0.334794 -0.472425 -0.943729 0.279602 0.17663 -0.171715 0.255879 0.278946 0.925589 0.474986 
1535147325929 0.209526 0.918701 -0.334794 -0.472425 -0.943729 0.279602 0.17663 -0.171715 0.255879 0.278946 0.925589 0.474986 
1535147325957 0.209526 0.918701 -0.334794 -0.472425 -0.943729 0.279602 0.17663 -0.171715 0.255879 0.278946 0.925589 0.474985 
1535147325981 0.209526 0.918701 -0.334794 -0.472425 -0.943729 0.279602 0.17663 -0.171715 0.255879 0.278946 0.925589 0.474986 
1535147325995 0.209526 0.918701 -0.334794 -0.472425 -0.943729 0.279602 0.17663 -0.171715 0.255879 0.278946 0.925589 0.474986 
1535147326010 0.209526 0.918701 -0.334794 -0.472425 -0.943729 0.279602 0.17663 -0.171715 0.255879 0.278947 0.925589 0.474985 
1535147326347 0.209527 0.918701 -0.334795 -0.472425 -0.943729 0.279603 0.17663 -0.171715 0.25588 0.278947 0.925589 0.474986 
1535147326362 0.209527 0.918701 -0.334795 -0.472425 -0.943729 0.279603 0.176631 -0.171715 0.25588 0.278947 0.925588 0.474985 
1535147326385 0.209527 0.918701 -0.334795 -0.472425 -0.943729 0.279603 0.176631 -0.171715 0.25588 0.278947 0.925588 0.474985 
1535147326395 0.209527 0.918701 -0.334795 -0.472425 -0.943729 0.279603 0.176631 -0.171715 0.25588 0.278947 0.925588 0.474986 
1535147326415 0.209527 0.918701 -0.334795 -0.472425 -0.943729 0.279603 0.17663 -0.171715 0.25588 0.278947 0.925588 0.474986 
1535147326434 0.209527 0.9187 -0.334795 -0.472425 -0.943729 0.279603 0.176631 -0.171715 0.255881 0.278947 0.925588 0.474985 
1535147326449 0.209527 0.9187 -0.334795 -0.472425 -0.943729 0.279603 0.176631 -0.171715 0.25588 0.278947 0.925588 0.474986 
1535147326474 0.209527 0.9187 -0.334795 -0.472425 -0.943729 0.279603 0.176631 -0.171715 0.255881 0.278947 0.925588 0.474986 
1535147326855 0.209528 0.9187 -0.334796 -0.472425 -0.943728 0.279604 0.176631 -0.171715 0.255881 0.278947 0.925588 0.474986 
1535147326877 0.209528 0.9187 -0.334796 -0.472425 -0.943728 0.279604 0.176631 -0.171715 0.255881 0.278947 0.925588 0.474986 
1535147326892 0.209527 0.9187 -0.334796 -0.472425 -0.943728 0.279604 0.176631 -0.171715 0.255882 0.278948 0.925588 0.474986 
1535147326917 0.209528 0.9187 -0.334796 -0.472425 -0.943728 0.279604 0.176631 -0.171715 0.255881 0.278947 0.925588 0.474986 
1535147326936 0.209528 0.9187 -0.334796 -0.472425 -0.943728 0.279605 0.176631 -0.171715 0.255882 0.278947 0.925588 0.474986 
1535147326957 0.209528 0.9187 -0.334796 -0.472426 -0.943728 0.279604 0.176631 -0.171715 0.255882 0.278948 0.925588 0.474986 
1535147326976 0.209528 0.9187 -0.334796 -0.472425 -0.943728 0.279605 0.176631 -0.171715 0.255882 0.278947 0.925588 0.474986 
1535147327510 0.209528 0.918699 -0.334797 -0.472426 -0.943728 0.279606 0.176632 -0.171715 0.255883 0.278948 0.925587 0.474986 
1535147327527 0.209528 0.918699 -0.334798 -0.472426 -0.943728 0.279606 0.176632 -0.171715 0.255883 0.278948 0.925587 0.474986 
1535147327546 0.209528 0.918699 -0.334798 -0.472426 -0.943727 0.279606 0.176632 -0.171715 0.255883 0.278948 0.925587 0.474986 
1535147327562 0.209528 0.918699 -0.334798 -0.472426 -0.943727 0.279606 0.176632 -0.171715 0.255883 0.278948 0.925587 0.474986 
1535147327578 0.209529 0.918699 -0.334798 -0.472426 -0.943727 0.279606 0.176632 -0.171715 0.255883 0.278948 0.925587 0.474986 
1535147327597 0.209529 0.918699 -0.334798 -0.472426 -0.943727 0.279606 0.176632 -0.171715 0.255884 0.278949 0.925587 0.474986 
1535147327613 0.209529 0.918699 -0.334798 -0.472426 -0.943727 0.279606 0.176632 -0.171715 0.255883 0.278948 0.925587 0.474986 
1535147327629 0.209528 0.918699 -0.334798 -0.472426 -0.943727 0.279606 0.176632 -0.171715 0.255884 0.278948 0.925587 0.474986 
1535147327645 0.209529 0.918699 -0.334798 -0.472426 -0.943727 0.279606 0.176632 -0.171715 0.255884 0.278948 0.925587 0.474986 
1535147328623 0.20953 0.918698 -0.334799 -0.472426 -0.943727 0.279608 0.176633 -0.171715 0.255885 0.278949 0.925586 0.474986 
1535147329430 0.215412 0.919083 -0.329976 -0.4848 -0.942128 0.284492 0.177365 -0.177537 0.256888 0.272673 0.927177 0.466569 
1535147330891 0.230849 0.920783 -0.314431 -0.522849 -0.938232 0.296262 0.178746 -0.195043 0.25774 0.253746 0.9323 0.439753 
