1535383626496 0.447677 0.851624 -0.272621 -0.521324 -0.884132 0.467176 0.0075311 -0.178229 0.133775 0.237661 0.962092 0.350444 
1535383631939 0.447678 0.851623 -0.27262 -0.521323 -0.884132 0.467177 0.00753016 -0.178229 0.133775 0.237661 0.962092 0.350444 
1535383632596 0.447678 0.851623 -0.27262 -0.521323 -0.884132 0.467177 0.00753016 -0.178229 0.133775 0.237661 0.962092 0.350444 
1535383633837 0.428719 0.860508 -0.275182 -0.532847 -0.891932 0.451604 0.022605 -0.184307 0.143725 0.235753 0.961126 0.35285 
1535383634820 0.409215 0.869141 -0.277735 -0.544486 -0.899521 0.435315 0.0369146 -0.190566 0.152986 0.234723 0.959948 0.354879 
1535383635718 0.389683 0.8774 -0.27985 -0.556153 -0.906467 0.419096 0.0517418 -0.196877 0.162682 0.233512 0.958648 0.357133 
1535383636613 0.369537 0.885372 -0.282061 -0.567957 -0.913068 0.402325 0.0666346 -0.202916 0.172477 0.232917 0.95708 0.359166 
1535383637552 0.349549 0.892871 -0.283895 -0.579674 -0.919009 0.385711 0.08155 -0.209225 0.182315 0.232397 0.955381 0.361448 
1535383638445 0.329605 0.900088 -0.284959 -0.59138 -0.924344 0.369102 0.096701 -0.215442 0.192218 0.231527 0.95365 0.363815 
1535383639225 0.309211 0.90703 -0.285806 -0.603178 -0.929318 0.351994 0.111662 -0.2216 0.201883 0.231078 0.95176 0.366148 
1535383640159 0.288639 0.913636 -0.28628 -0.614913 -0.933755 0.334714 0.126758 -0.227731 0.211633 0.230728 0.949724 0.368458 
1535383640476 0.268134 0.919776 -0.286558 -0.626553 -0.93762 0.317479 0.14169 -0.23395 0.221299 0.230691 0.947527 0.370711 
1535383640783 0.266601 0.919993 -0.287291 -0.627062 -0.937918 0.31627 0.14242 -0.234145 0.221887 0.231486 0.947196 0.370814 
1535383641081 0.265229 0.919896 -0.288868 -0.627692 -0.938102 0.315415 0.1431 -0.235001 0.222751 0.233034 0.946614 0.371029 
1535383641432 0.263476 0.919964 -0.290254 -0.628371 -0.938351 0.314211 0.144116 -0.235528 0.223783 0.234389 0.946035 0.371238 
1535383641764 0.261556 0.920135 -0.291445 -0.629062 -0.938694 0.312766 0.145019 -0.235989 0.224591 0.235647 0.945531 0.371492 
1535383642129 0.259562 0.920288 -0.292743 -0.629732 -0.939054 0.311269 0.145912 -0.236445 0.225402 0.237028 0.944993 0.371723 
1535383642440 0.258138 0.92018 -0.294336 -0.630431 -0.939163 0.31046 0.146924 -0.237151 0.226576 0.238503 0.944341 0.371901 
1535383642762 0.256225 0.920354 -0.295461 -0.631141 -0.939501 0.30901 0.147821 -0.237609 0.227349 0.23971 0.943849 0.372181 
1535383643108 0.254455 0.920395 -0.296859 -0.63176 -0.939757 0.307784 0.148747 -0.238191 0.228275 0.241126 0.943265 0.37234 
1535383643410 0.252754 0.920423 -0.298224 -0.632471 -0.940006 0.306605 0.149607 -0.238792 0.229139 0.242519 0.942698 0.372559 
1535383643449 0.252754 0.920423 -0.298224 -0.632471 -0.940006 0.306605 0.149607 -0.238792 0.229139 0.242519 0.942698 0.372559 
1535383643642 0.251973 0.920587 -0.298377 -0.632725 -0.940086 0.306023 0.150295 -0.238884 0.22967 0.24263 0.94254 0.372628 
1535383643865 0.250827 0.920948 -0.29823 -0.633167 -0.940298 0.305006 0.151035 -0.239144 0.230057 0.242542 0.942469 0.372824 
1535383644092 0.249722 0.921269 -0.298166 -0.633639 -0.940437 0.304106 0.15198 -0.239386 0.230688 0.242453 0.942337 0.372951 
1535383644310 0.248546 0.921578 -0.298194 -0.634089 -0.940577 0.303169 0.152979 -0.239566 0.231386 0.242452 0.942166 0.373105 
1535383644548 0.247549 0.921848 -0.298189 -0.634468 -0.9407 0.302365 0.153812 -0.239935 0.231953 0.24243 0.942032 0.37328 
1535383644756 0.246386 0.922178 -0.298131 -0.634905 -0.940835 0.301425 0.154828 -0.240138 0.232643 0.242345 0.941884 0.373516 
1535383644977 0.245219 0.922495 -0.298113 -0.635381 -0.940972 0.300486 0.155819 -0.240329 0.233321 0.242306 0.941727 0.373677 
1535383645182 0.244216 0.922846 -0.29785 -0.635797 -0.941087 0.299637 0.156759 -0.240615 0.233911 0.242019 0.941654 0.373938 
1535383645402 0.242985 0.923169 -0.297853 -0.63622 -0.941267 0.298609 0.157638 -0.240811 0.234468 0.242056 0.941506 0.374042 
1535383645435 0.242643 0.923247 -0.297891 -0.636402 -0.941281 0.298366 0.15801 -0.240865 0.234763 0.242059 0.941432 0.374085 
1535383645452 0.242599 0.923265 -0.29787 -0.636434 -0.94127 0.298344 0.15812 -0.240852 0.234855 0.242017 0.94142 0.374112 
1535383645469 0.242599 0.923265 -0.29787 -0.636434 -0.94127 0.298344 0.15812 -0.240852 0.234855 0.242017 0.94142 0.374112 
1535383645642 0.242099 0.923544 -0.297413 -0.636446 -0.941392 0.297796 0.158426 -0.240972 0.234881 0.241627 0.941513 0.374102 
1535383645806 0.241395 0.923967 -0.296671 -0.636607 -0.941497 0.297076 0.159152 -0.241023 0.235185 0.240896 0.941625 0.374231 
1535383645955 0.240771 0.924252 -0.296291 -0.636786 -0.941578 0.296497 0.159752 -0.241145 0.2355 0.240517 0.941643 0.37432 
1535383646122 0.240239 0.924539 -0.295825 -0.636929 -0.941697 0.295927 0.160108 -0.241353 0.235569 0.240113 0.941729 0.374346 
1535383646288 0.23971 0.924818 -0.295383 -0.637132 -0.941729 0.29545 0.160794 -0.241508 0.235976 0.239626 0.941751 0.374461 
1535383646455 0.238927 0.925179 -0.294886 -0.63731 -0.941876 0.294671 0.161362 -0.24155 0.236184 0.239193 0.941809 0.374487 
1535383646603 0.238321 0.9255 -0.29437 -0.637439 -0.941909 0.294125 0.162164 -0.241696 0.236665 0.238623 0.941833 0.374664 
1535383646790 0.237622 0.925808 -0.293966 -0.63763 -0.942046 0.293429 0.162631 -0.241772 0.236823 0.238285 0.941879 0.374661 
1535383646916 0.237173 0.926041 -0.293592 -0.637729 -0.942156 0.292939 0.162878 -0.241843 0.236836 0.23798 0.941952 0.374702 
1535383646981 0.237137 0.92607 -0.293532 -0.637729 -0.942107 0.292952 0.163136 -0.241797 0.237066 0.237853 0.941927 0.374758 
1535383647048 0.237137 0.92607 -0.293532 -0.637729 -0.942107 0.292952 0.163136 -0.241797 0.237066 0.237853 0.941927 0.374758 
1535383647113 0.237384 0.926074 -0.29332 -0.637767 -0.942211 0.292984 0.162479 -0.242054 0.236405 0.237799 0.942106 0.374559 
1535383647255 0.237018 0.926344 -0.292761 -0.637844 -0.942396 0.292443 0.162379 -0.242089 0.236034 0.23741 0.942297 0.374582 
1535383647307 0.23649 0.926671 -0.292153 -0.637968 -0.942531 0.291831 0.162695 -0.241983 0.236024 0.236887 0.942432 0.374618 
1535383647431 0.236481 0.926819 -0.29169 -0.63805 -0.942626 0.291648 0.162474 -0.242206 0.235655 0.236532 0.942613 0.374606 
1535383647482 0.235867 0.927186 -0.291021 -0.638125 -0.942865 0.29086 0.162497 -0.242166 0.235312 0.236065 0.942816 0.374632 
1535383647599 0.235811 0.927273 -0.290789 -0.638215 -0.942925 0.29072 0.162402 -0.242345 0.235129 0.235897 0.942904 0.374598 
1535383647686 0.235566 0.927564 -0.290057 -0.638322 -0.943083 0.290261 0.162304 -0.242534 0.234739 0.235314 0.943146 0.374608 
1535383647872 0.235424 0.92764 -0.289932 -0.638338 -0.943137 0.290085 0.162304 -0.242552 0.234665 0.235235 0.943184 0.374609 
1535383648057 0.235887 0.927564 -0.289797 -0.638362 -0.942957 0.290567 0.162488 -0.242449 0.234924 0.234937 0.943194 0.374659 
1535383648263 0.236176 0.927624 -0.289368 -0.638278 -0.943043 0.29061 0.161912 -0.242506 0.234286 0.234647 0.943425 0.374526 
1535383648449 0.236428 0.927649 -0.289082 -0.638347 -0.943003 0.290777 0.161846 -0.242419 0.234195 0.234341 0.943524 0.37442 
1535383648632 0.236911 0.927692 -0.288549 -0.638307 -0.942978 0.291048 0.161504 -0.242532 0.233808 0.233833 0.943746 0.374428 
1535383648836 0.237114 0.927738 -0.288236 -0.638338 -0.94296 0.291154 0.161416 -0.242453 0.233672 0.233521 0.943857 0.374328 
1535383649033 0.2374 0.927818 -0.287741 -0.638323 -0.942972 0.291258 0.161161 -0.242476 0.233335 0.233072 0.944051 0.374246 
1535383649217 0.237666 0.927896 -0.287268 -0.638342 -0.942962 0.291373 0.161011 -0.242475 0.233104 0.232616 0.944221 0.374302 
1535383649413 0.238073 0.927895 -0.286937 -0.63836 -0.942888 0.291674 0.160896 -0.242489 0.232987 0.232244 0.944341 0.374227 
1535383649457 0.238073 0.927895 -0.286937 -0.63836 -0.942888 0.291674 0.160896 -0.242489 0.232987 0.232244 0.944341 0.374227 
1535383649609 0.238266 0.928002 -0.286429 -0.638355 -0.942907 0.291703 0.160732 -0.242367 0.232712 0.231779 0.944523 0.374123 
1535383649675 0.238266 0.928002 -0.286429 -0.638355 -0.942907 0.291703 0.160732 -0.242367 0.232712 0.231779 0.944523 0.374123 
1535383649817 0.238832 0.927731 -0.286836 -0.638129 -0.942764 0.292315 0.160465 -0.242481 0.232715 0.232094 0.944445 0.374223 
1535383649917 0.239237 0.927784 -0.286325 -0.637956 -0.942689 0.292585 0.160413 -0.242211 0.232603 0.231538 0.944609 0.374381 
1535383650071 0.239988 0.927653 -0.28612 -0.637741 -0.942546 0.293219 0.160092 -0.24216 0.232406 0.231261 0.944725 0.374355 
1535383650240 0.240685 0.927536 -0.285914 -0.637567 -0.942395 0.293823 0.159874 -0.242106 0.232297 0.230965 0.944824 0.374378 
1535383650349 0.241032 0.927542 -0.285604 -0.63736 -0.942421 0.293986 0.159419 -0.241881 0.231831 0.230734 0.944995 0.374434 
1535383650542 0.241874 0.927386 -0.285397 -0.637161 -0.942251 0.29471 0.159091 -0.241909 0.231648 0.230435 0.945113 0.37447 
1535383650641 0.242395 0.927331 -0.285135 -0.636931 -0.942149 0.29513 0.158911 -0.241774 0.231515 0.230121 0.945222 0.374542 
1535383650765 0.243295 0.927189 -0.284831 -0.636727 -0.941954 0.295902 0.158633 -0.241688 0.231365 0.229703 0.945361 0.374613 
1535383650786 0.243295 0.927189 -0.284831 -0.636727 -0.941954 0.295902 0.158633 -0.241688 0.231365 0.229703 0.945361 0.374613 
1535383650970 0.243637 0.927168 -0.284605 -0.636592 -0.941886 0.29617 0.158539 -0.241597 0.231284 0.22944 0.945444 0.374674 
1535383651199 0.243114 0.927279 -0.284693 -0.636262 -0.94201 0.295696 0.158686 -0.24137 0.231328 0.229605 0.945393 0.374828 
1535383651383 0.243547 0.927134 -0.284792 -0.635856 -0.941846 0.296178 0.158758 -0.241342 0.231539 0.229565 0.945352 0.37498 
1535383651572 0.243755 0.927072 -0.284817 -0.635482 -0.941763 0.29641 0.158819 -0.24121 0.231659 0.229517 0.945334 0.375105 
1535383651760 0.243961 0.927033 -0.284767 -0.635104 -0.941703 0.296605 0.158808 -0.241064 0.231684 0.229423 0.94535 0.375206 
1535383651933 0.244209 0.926961 -0.284789 -0.63471 -0.941627 0.296858 0.158791 -0.240966 0.231735 0.229387 0.945347 0.37533 
1535383652154 0.244261 0.926916 -0.28489 -0.634372 -0.941615 0.296923 0.158738 -0.240748 0.231728 0.229483 0.945325 0.375412 
1535383652345 0.244496 0.926807 -0.285046 -0.634029 -0.941512 0.297216 0.1588 -0.240601 0.231897 0.229548 0.945268 0.375521 
1535383652445 0.244693 0.926765 -0.285014 -0.633626 -0.941441 0.297418 0.158844 -0.240508 0.23198 0.229455 0.94527 0.37567 
1535383652465 0.244547 0.926818 -0.284967 -0.63353 -0.941471 0.297279 0.158928 -0.240372 0.232012 0.229422 0.94527 0.375723 
1535383652658 0.244728 0.926729 -0.2851 -0.633354 -0.941419 0.29748 0.158861 -0.240374 0.232032 0.22952 0.945241 0.375744 
1535383652868 0.244661 0.92672 -0.285187 -0.632869 -0.941394 0.297471 0.159021 -0.240145 0.232203 0.229567 0.945188 0.375897 
1535383653092 0.244742 0.926643 -0.285368 -0.632413 -0.941309 0.297643 0.159201 -0.239893 0.23246 0.229656 0.945103 0.376053 
1535383653298 0.24485 0.926567 -0.28552 -0.631886 -0.94124 0.297813 0.159292 -0.239759 0.232626 0.229741 0.945042 0.376204 
1535383653515 0.244794 0.926515 -0.285738 -0.631451 -0.941199 0.297852 0.159463 -0.239471 0.232852 0.229901 0.944947 0.376349 
1535383653715 0.244952 0.926434 -0.285865 -0.63093 -0.941128 0.298054 0.159504 -0.239375 0.232973 0.229965 0.944902 0.37652 
1535383653938 0.245014 0.926357 -0.286061 -0.630458 -0.941088 0.298171 0.159523 -0.239131 0.233071 0.230123 0.944839 0.37666 
1535383654159 0.24516 0.926255 -0.286266 -0.629944 -0.940985 0.29841 0.159683 -0.239012 0.233332 0.230224 0.94475 0.376799 
1535383654412 0.245093 0.926213 -0.286458 -0.629421 -0.940918 0.298463 0.15998 -0.238685 0.233672 0.230323 0.944642 0.377011 
1535383654577 0.245026 0.926252 -0.286389 -0.629312 -0.940935 0.298387 0.160021 -0.238635 0.233674 0.230264 0.944656 0.37706 
1535383654745 0.245026 0.926252 -0.286389 -0.629312 -0.940935 0.298387 0.160021 -0.238635 0.233674 0.230264 0.944656 0.37706 
1535383654920 0.245131 0.926042 -0.286979 -0.628917 -0.940757 0.298738 0.160414 -0.238537 0.234281 0.230655 0.94441 0.377135 
1535383655153 0.24505 0.925998 -0.287189 -0.628511 -0.94067 0.298803 0.160799 -0.238396 0.234713 0.230747 0.944281 0.377238 
1535383655343 0.244956 0.925917 -0.287529 -0.628133 -0.940562 0.298903 0.161247 -0.238208 0.235245 0.230941 0.944101 0.377375 
1535383655543 0.245082 0.925811 -0.287766 -0.627688 -0.940407 0.299184 0.161629 -0.238129 0.235733 0.231005 0.943963 0.377522 
1535383655732 0.244952 0.925757 -0.28805 -0.627339 -0.940313 0.299235 0.162082 -0.237908 0.236243 0.231155 0.943799 0.377653 
1535383655931 0.245132 0.925633 -0.288295 -0.626893 -0.94014 0.299573 0.162461 -0.23785 0.236745 0.231213 0.943659 0.377797 
1535383656162 0.244974 0.925461 -0.288981 -0.626122 -0.939886 0.299831 0.163451 -0.237499 0.237912 0.231568 0.943278 0.378019 
1535383656209 0.244823 0.925515 -0.288935 -0.625971 -0.939895 0.299708 0.163623 -0.23737 0.238032 0.23151 0.943263 0.378093 
1535383656299 0.244816 0.925511 -0.288955 -0.625928 -0.939884 0.299718 0.163667 -0.23735 0.238081 0.231516 0.943249 0.378109 
1535383656485 0.244789 0.925424 -0.289255 -0.625677 -0.939872 0.299763 0.163653 -0.237132 0.238157 0.231803 0.943159 0.378245 
1535383656681 0.245085 0.925208 -0.289694 -0.625312 -0.939734 0.300183 0.163678 -0.237046 0.238398 0.23212 0.94302 0.37831 
1535383656885 0.245085 0.925208 -0.289694 -0.625312 -0.939734 0.300183 0.163678 -0.237046 0.238398 0.23212 0.94302 0.37831 
1535383657089 0.245346 0.924946 -0.290312 -0.624646 -0.939586 0.300618 0.163729 -0.236744 0.238714 0.232603 0.942821 0.378567 
1535383657274 0.245635 0.924804 -0.29052 -0.624249 -0.939498 0.300943 0.163635 -0.236723 0.23876 0.232748 0.942774 0.378719 
1535383657465 0.245662 0.924701 -0.290824 -0.623907 -0.939474 0.301038 0.163597 -0.236564 0.238827 0.233033 0.942686 0.378822 
1535383657653 0.245662 0.924701 -0.290824 -0.623907 -0.939474 0.301038 0.163597 -0.236564 0.238827 0.233033 0.942686 0.378822 
1535383657839 0.245563 0.924637 -0.291109 -0.623611 -0.939468 0.301027 0.163655 -0.236312 0.238953 0.2333 0.942588 0.378951 
1535383657893 0.24591 0.924443 -0.291434 -0.623229 -0.93933 0.301461 0.163649 -0.23628 0.23914 0.233509 0.942489 0.379089 
1535383657912 0.245806 0.924451 -0.291497 -0.623093 -0.939336 0.301393 0.163735 -0.236158 0.23922 0.233566 0.942455 0.379157 
1535383657929 0.245841 0.924429 -0.291537 -0.623048 -0.939321 0.301439 0.163737 -0.236146 0.239244 0.233594 0.942442 0.379171 
1535383658109 0.245856 0.924376 -0.291692 -0.623041 -0.939335 0.301464 0.163615 -0.236163 0.239176 0.233771 0.942415 0.379125 
1535383658223 0.245534 0.924481 -0.29163 -0.622829 -0.939399 0.301166 0.163796 -0.235995 0.239255 0.23374 0.942403 0.379204 
1535383658291 0.245564 0.924393 -0.291885 -0.622603 -0.939324 0.301305 0.163969 -0.23595 0.239518 0.233909 0.942294 0.37927 
1535383658424 0.245426 0.924412 -0.29194 -0.622404 -0.939325 0.301218 0.164124 -0.235795 0.239656 0.233946 0.94225 0.379344 
1535383658522 0.245785 0.924285 -0.292041 -0.622107 -0.939206 0.301602 0.164099 -0.235887 0.239755 0.233953 0.942223 0.379414 
1535383658653 0.245445 0.924319 -0.292218 -0.621956 -0.939238 0.301365 0.164348 -0.235659 0.239975 0.234124 0.942124 0.379486 
1535383658748 0.245224 0.924389 -0.292181 -0.621749 -0.939267 0.301176 0.164531 -0.235489 0.240089 0.234089 0.942104 0.379564 
1535383658874 0.245417 0.924257 -0.292437 -0.62144 -0.939162 0.301458 0.164613 -0.235517 0.240302 0.234247 0.94201 0.379662 
1535383659013 0.245478 0.924244 -0.292427 -0.621399 -0.939148 0.301513 0.164593 -0.235535 0.240294 0.234229 0.942017 0.379672 
1535383659149 0.245306 0.924218 -0.292654 -0.621293 -0.939146 0.301436 0.164749 -0.235407 0.24048 0.234431 0.941919 0.379707 
1535383659294 0.244862 0.924305 -0.292751 -0.621068 -0.939163 0.301126 0.165214 -0.235256 0.240863 0.234487 0.941807 0.37977 
1535383659453 0.245071 0.924158 -0.293039 -0.620841 -0.938973 0.301509 0.165598 -0.235254 0.241393 0.234573 0.94165 0.37989 
1535383659607 0.245038 0.924134 -0.293143 -0.620596 -0.938897 0.301577 0.1659 -0.235228 0.241719 0.23458 0.941565 0.380002 
1535383659775 0.244818 0.924148 -0.293282 -0.620376 -0.93884 0.301504 0.166356 -0.235067 0.242163 0.234618 0.941441 0.380096 
1535383659923 0.244706 0.924146 -0.293381 -0.620175 -0.938792 0.30149 0.166655 -0.234949 0.242465 0.234642 0.941357 0.380173 
1535383660056 0.244864 0.923987 -0.293752 -0.619908 -0.938643 0.301812 0.166911 -0.235016 0.242882 0.234858 0.941196 0.380222 
1535383660233 0.244705 0.92395 -0.294 -0.61971 -0.938581 0.301805 0.167271 -0.234863 0.24328 0.235011 0.941055 0.380245 
1535383660267 0.244705 0.92395 -0.294 -0.61971 -0.938581 0.301805 0.167271 -0.234863 0.24328 0.235011 0.941055 0.380245 
1535383660288 0.244623 0.923912 -0.294188 -0.619499 -0.938515 0.301845 0.167568 -0.234806 0.243617 0.235109 0.940943 0.380321 
1535383660420 0.244595 0.923928 -0.294161 -0.619482 -0.938516 0.30182 0.167607 -0.234779 0.24364 0.235079 0.940945 0.380332 
1535383660487 0.244595 0.923928 -0.294161 -0.619482 -0.938516 0.30182 0.167607 -0.234779 0.24364 0.235079 0.940945 0.380332 
1535383660584 0.244655 0.923926 -0.294116 -0.619449 -0.938482 0.301887 0.16768 -0.234726 0.243714 0.234999 0.940946 0.380356 
1535383660673 0.244732 0.923903 -0.294125 -0.619267 -0.93843 0.301992 0.167778 -0.234707 0.243834 0.234955 0.940926 0.380433 
1535383660780 0.24484 0.923869 -0.294143 -0.619051 -0.938376 0.302123 0.167843 -0.23476 0.243933 0.234922 0.940908 0.380513 
1535383660842 0.244864 0.923883 -0.294078 -0.618898 -0.938338 0.302165 0.167982 -0.23464 0.244056 0.234812 0.940904 0.380594 
1535383660965 0.244964 0.923823 -0.294182 -0.618718 -0.93826 0.302329 0.16812 -0.234622 0.244253 0.234836 0.940847 0.380643 
1535383661011 0.244912 0.923801 -0.294296 -0.618518 -0.938224 0.302348 0.168289 -0.234575 0.244445 0.2349 0.940781 0.380708 
1535383661072 0.244784 0.923831 -0.294308 -0.618394 -0.938227 0.302258 0.168437 -0.234469 0.244564 0.234897 0.940751 0.380756 
1535383661236 0.24479 0.92384 -0.294275 -0.618317 -0.93821 0.302272 0.168506 -0.23442 0.244624 0.234843 0.940749 0.380782 
1535383661271 0.244867 0.923821 -0.294271 -0.618156 -0.938169 0.302365 0.168566 -0.234406 0.244702 0.234799 0.940739 0.38082 
1535383661395 0.244867 0.923821 -0.294271 -0.618156 -0.938169 0.302365 0.168566 -0.234406 0.244702 0.234799 0.940739 0.38082 
1535383661453 0.245038 0.923943 -0.293743 -0.61798 -0.938206 0.302353 0.168383 -0.234192 0.24439 0.234331 0.940937 0.380866 
1535383661601 0.245132 0.923989 -0.293521 -0.617764 -0.938213 0.302371 0.168307 -0.234106 0.244266 0.234128 0.94102 0.380931 
1535383661656 0.245345 0.923962 -0.293429 -0.617531 -0.938283 0.302437 0.167801 -0.234062 0.243786 0.23415 0.941139 0.380915 
1535383661806 0.245304 0.924042 -0.293211 -0.61734 -0.938306 0.302346 0.167834 -0.23393 0.243737 0.233951 0.941201 0.380982 
1535383661862 0.245774 0.923951 -0.293103 -0.617077 -0.938218 0.302741 0.167614 -0.233942 0.243601 0.2338 0.941274 0.380976 
1535383662004 0.245773 0.924036 -0.292835 -0.616882 -0.938243 0.302667 0.167607 -0.233769 0.243506 0.233558 0.941358 0.381036 
1535383662077 0.246043 0.924068 -0.292508 -0.616622 -0.938214 0.302826 0.167484 -0.233729 0.243345 0.233227 0.941482 0.381147 
1535383662236 0.246191 0.92413 -0.292187 -0.616381 -0.938199 0.302886 0.167458 -0.233633 0.243252 0.232903 0.941586 0.381261 
1535383662312 0.246191 0.92413 -0.292187 -0.616381 -0.938199 0.302886 0.167458 -0.233633 0.243252 0.232903 0.941586 0.381261 
1535383662513 0.246241 0.923998 -0.292563 -0.616127 -0.938115 0.30307 0.167599 -0.233631 0.243528 0.233188 0.941445 0.381243 
1535383662613 0.246289 0.923917 -0.292779 -0.615797 -0.937995 0.303257 0.167931 -0.23347 0.243942 0.233265 0.941318 0.381346 
1535383662807 0.2466 0.923884 -0.292622 -0.615381 -0.937864 0.303571 0.168092 -0.23344 0.244129 0.232988 0.941338 0.381473 
1535383662986 0.246382 0.92392 -0.292692 -0.615085 -0.93785 0.303445 0.1684 -0.2332 0.244404 0.23301 0.941261 0.381587 
1535383663205 0.246473 0.923891 -0.292705 -0.614717 -0.937761 0.303596 0.168624 -0.233097 0.244654 0.232926 0.941217 0.381699 
1535383663331 0.246801 0.92382 -0.292652 -0.614326 -0.937612 0.303958 0.168797 -0.233018 0.244892 0.232735 0.941202 0.381801 
1535383663518 0.246617 0.923846 -0.292725 -0.613985 -0.937606 0.303848 0.169032 -0.23285 0.245103 0.232774 0.941138 0.381876 
1535383663706 0.246817 0.923785 -0.292748 -0.613459 -0.93747 0.304123 0.169293 -0.232747 0.245421 0.232658 0.941084 0.38198 
1535383663729 0.246759 0.923799 -0.292754 -0.613421 -0.937477 0.304076 0.169337 -0.232704 0.245453 0.232664 0.941074 0.381996 
1535383663866 0.246759 0.923799 -0.292754 -0.613421 -0.937477 0.304076 0.169337 -0.232704 0.245453 0.232664 0.941074 0.381996 
1535383663948 0.246987 0.923619 -0.29313 -0.613185 -0.937292 0.304481 0.169635 -0.232509 0.245931 0.232851 0.940903 0.382042 
1535383664158 0.2473 0.923445 -0.293413 -0.612803 -0.937181 0.304857 0.16957 -0.232516 0.246037 0.233046 0.940827 0.382163 
1535383664335 0.247616 0.923323 -0.293532 -0.612466 -0.93699 0.305282 0.169861 -0.232352 0.246447 0.232976 0.940737 0.382295 
1535383664516 0.247526 0.923283 -0.293735 -0.612144 -0.936951 0.305292 0.170056 -0.232185 0.246685 0.233122 0.940638 0.382415 
1535383664693 0.247807 0.923159 -0.293886 -0.61178 -0.936797 0.305664 0.17024 -0.232084 0.246989 0.233125 0.940558 0.382537 
1535383664864 0.247806 0.923081 -0.294132 -0.611478 -0.936719 0.305782 0.170457 -0.231874 0.247286 0.233278 0.940442 0.382642 
1535383665062 0.24815 0.922861 -0.294532 -0.611106 -0.93652 0.306284 0.170645 -0.231823 0.247692 0.23349 0.940283 0.382724 
1535383665249 0.24826 0.922812 -0.294594 -0.610769 -0.936461 0.306429 0.170712 -0.231693 0.247807 0.233495 0.940251 0.382841 
1535383665395 0.248101 0.922867 -0.294556 -0.610648 -0.936484 0.306289 0.170838 -0.231545 0.24788 0.233462 0.94024 0.382904 
1535383665549 0.248101 0.922867 -0.294556 -0.610648 -0.936484 0.306289 0.170838 -0.231545 0.24788 0.233462 0.94024 0.382904 
1535383665691 0.248544 0.922706 -0.294686 -0.610338 -0.936282 0.306814 0.171002 -0.231498 0.248199 0.233408 0.940169 0.382998 
1535383665881 0.248617 0.922647 -0.294809 -0.610008 -0.936172 0.306991 0.171284 -0.231355 0.248538 0.233408 0.940079 0.383128 
1535383666034 0.248909 0.922527 -0.294938 -0.609673 -0.935997 0.307384 0.171534 -0.231254 0.248904 0.233365 0.939994 0.383251 
1535383666201 0.248957 0.922506 -0.294962 -0.609337 -0.935914 0.3075 0.171781 -0.231077 0.24917 0.233293 0.939941 0.38338 
1535383666392 0.248991 0.922481 -0.295012 -0.609033 -0.935882 0.307563 0.171841 -0.230899 0.249255 0.23331 0.939914 0.383495 
1535383666573 0.249355 0.922273 -0.295355 -0.60867 -0.93566 0.30809 0.172106 -0.230872 0.249724 0.233436 0.939758 0.383582 
1535383666743 0.249309 0.922299 -0.295313 -0.608359 -0.93561 0.308097 0.172367 -0.230603 0.249959 0.233325 0.939723 0.383681 
1535383666817 0.249423 0.922209 -0.295497 -0.60805 -0.935492 0.308322 0.172603 -0.230468 0.250285 0.233384 0.939622 0.383757 
1535383666959 0.249402 0.922212 -0.295507 -0.607922 -0.935457 0.308342 0.17276 -0.230319 0.250439 0.233347 0.93959 0.383807 
1535383666976 0.249402 0.922212 -0.295507 -0.607922 -0.935457 0.308342 0.17276 -0.230319 0.250439 0.233347 0.93959 0.383807 
1535383667106 0.249272 0.922308 -0.295315 -0.607754 -0.935585 0.308095 0.172507 -0.230235 0.25009 0.233291 0.939697 0.38383 
1535383667270 0.249534 0.92235 -0.294963 -0.607411 -0.935595 0.308204 0.172255 -0.230163 0.249788 0.232982 0.939854 0.383924 
1535383667423 0.249651 0.922341 -0.294891 -0.60711 -0.935643 0.308228 0.171953 -0.230091 0.249493 0.232984 0.939932 0.383926 
1535383667546 0.249505 0.922481 -0.294576 -0.606853 -0.935735 0.307981 0.171895 -0.229837 0.249294 0.232756 0.940041 0.38401 
1535383667686 0.249664 0.922516 -0.294333 -0.606525 -0.935754 0.30803 0.171704 -0.229778 0.249063 0.232555 0.940152 0.38411 
1535383667825 0.249703 0.922606 -0.294018 -0.606263 -0.935789 0.307965 0.171629 -0.22955 0.248893 0.232282 0.940264 0.384218 
1535383667977 0.24968 0.922662 -0.293863 -0.605974 -0.935859 0.307855 0.171443 -0.229411 0.248651 0.232209 0.940347 0.384249 
1535383668170 0.249799 0.922717 -0.293589 -0.605624 -0.9359 0.30785 0.171231 -0.229259 0.248379 0.231997 0.940471 0.384376 
1535383668184 0.249744 0.922753 -0.293521 -0.605575 -0.93592 0.307781 0.171247 -0.22921 0.248359 0.231944 0.940489 0.384399 
1535383668312 0.2497 0.922796 -0.293424 -0.605502 -0.93594 0.307712 0.17126 -0.229158 0.248328 0.231864 0.940517 0.38443 
1535383668346 0.2497 0.922796 -0.293424 -0.605502 -0.93594 0.307712 0.17126 -0.229158 0.248328 0.231864 0.940517 0.38443 
1535383668475 0.249387 0.923118 -0.292676 -0.605122 -0.936016 0.307282 0.171615 -0.22898 0.248355 0.231151 0.940686 0.384485 
1535383668524 0.249387 0.923118 -0.292676 -0.605122 -0.936016 0.307282 0.171615 -0.22898 0.248355 0.231151 0.940686 0.384485 
1535383668636 0.249714 0.923096 -0.292467 -0.604894 -0.935924 0.307559 0.171622 -0.228971 0.248374 0.230871 0.940749 0.384524 
1535383668719 0.249408 0.923279 -0.292151 -0.604728 -0.935972 0.30724 0.171928 -0.228722 0.248498 0.230565 0.940792 0.384562 
1535383668801 0.249454 0.92333 -0.291951 -0.604502 -0.935964 0.307243 0.171969 -0.228704 0.248484 0.230357 0.940846 0.384547 
1535383668915 0.249148 0.923533 -0.291568 -0.604321 -0.936083 0.306846 0.172031 -0.228522 0.248343 0.230071 0.940953 0.384593 
1535383668982 0.249207 0.92367 -0.291083 -0.603926 -0.93607 0.306809 0.172165 -0.228465 0.24833 0.22957 0.941079 0.384642 
1535383669131 0.249221 0.923717 -0.290923 -0.603821 -0.936055 0.306803 0.17226 -0.228412 0.248376 0.229389 0.941111 0.384674 
1535383669185 0.249371 0.923667 -0.290954 -0.603915 -0.936019 0.306948 0.172197 -0.228398 0.24836 0.229398 0.941113 0.384571 
1535383669313 0.249358 0.92366 -0.290985 -0.603988 -0.936039 0.306926 0.172128 -0.228367 0.248298 0.229452 0.941116 0.384523 
1535383669372 0.249499 0.923907 -0.290081 -0.603731 -0.93615 0.306754 0.171826 -0.22826 0.247735 0.228689 0.94145 0.38457 
1535383669488 0.249629 0.923921 -0.289922 -0.603656 -0.936141 0.306826 0.171752 -0.228232 0.247641 0.228533 0.941513 0.384588 
1535383669543 0.249743 0.924041 -0.289442 -0.603557 -0.936133 0.306824 0.171795 -0.22807 0.247554 0.228051 0.941653 0.384542 
1535383669649 0.249705 0.924175 -0.289045 -0.60345 -0.936206 0.306656 0.171698 -0.227909 0.247317 0.227732 0.941792 0.384513 
1535383669721 0.249875 0.924305 -0.288482 -0.603337 -0.936259 0.306623 0.171469 -0.227825 0.246945 0.227248 0.942007 0.38449 
1535383669819 0.249916 0.924462 -0.287944 -0.603201 -0.936294 0.30652 0.171461 -0.227684 0.24677 0.226749 0.942173 0.384567 
1535383669844 0.250155 0.924509 -0.287586 -0.603043 -0.936298 0.306619 0.171262 -0.227622 0.246513 0.226424 0.942318 0.384535 
1535383670037 0.250176 0.924545 -0.287451 -0.603 -0.936317 0.306592 0.171208 -0.227601 0.24642 0.226313 0.942369 0.384523 
1535383670251 0.250057 0.924606 -0.28736 -0.603192 -0.936315 0.306492 0.171395 -0.227679 0.246547 0.226201 0.942363 0.384567 
1535383670463 0.250176 0.924695 -0.28697 -0.603156 -0.936254 0.30656 0.171609 -0.227651 0.246659 0.225744 0.942443 0.384549 
1535383670664 0.250331 0.924764 -0.286611 -0.603156 -0.936302 0.30656 0.171347 -0.227693 0.246319 0.225461 0.9426 0.384463 
1535383670872 0.25041 0.924896 -0.286115 -0.603156 -0.936288 0.306536 0.171464 -0.22761 0.246291 0.224949 0.942729 0.384364 
1535383671095 0.250627 0.92493 -0.285815 -0.603138 -0.936279 0.306643 0.171324 -0.227674 0.246105 0.224664 0.942846 0.384306 
1535383671297 0.250686 0.925064 -0.285328 -0.603168 -0.936251 0.30662 0.171516 -0.227565 0.246151 0.224142 0.942958 0.38427 
1535383671501 0.250899 0.925115 -0.284976 -0.603167 -0.936233 0.306722 0.171431 -0.227617 0.246002 0.223793 0.94308 0.384237 
1535383671708 0.25112 0.925219 -0.284446 -0.603135 -0.936177 0.306832 0.171541 -0.227622 0.24599 0.223214 0.94322 0.384208 
1535383671741 0.251206 0.925271 -0.2842 -0.603162 -0.936196 0.306831 0.171439 -0.22758 0.245829 0.223 0.943313 0.384072 
1535383671877 0.251206 0.925271 -0.2842 -0.603162 -0.936196 0.306831 0.171439 -0.22758 0.245829 0.223 0.943313 0.384072 
1535383672850 0.246087 0.925092 -0.289218 -0.588892 -0.93723 0.303178 0.172285 -0.22106 0.247064 0.228666 0.941632 0.393874 
1535383673825 0.241897 0.924529 -0.294502 -0.574391 -0.93814 0.300344 0.172299 -0.214825 0.247748 0.234606 0.93999 0.403879 
1535383674797 0.237928 0.923836 -0.299861 -0.559896 -0.938928 0.297787 0.172447 -0.208634 0.248607 0.240518 0.938267 0.413852 
1535383675734 0.233307 0.923324 -0.305027 -0.545424 -0.939944 0.294507 0.172543 -0.202218 0.249146 0.246453 0.936583 0.423783 
1535383676668 0.229452 0.922563 -0.310208 -0.530819 -0.940702 0.292015 0.172645 -0.196119 0.249861 0.2522 0.934861 0.433949 
1535383677569 0.225132 0.921833 -0.3155 -0.516395 -0.941558 0.289113 0.172865 -0.18983 0.250567 0.258144 0.933048 0.443829 
1535383678523 0.220683 0.921089 -0.320772 -0.501957 -0.942433 0.286089 0.173127 -0.183437 0.251235 0.2641 0.931199 0.453719 
1535383679421 0.2167 0.920189 -0.326027 -0.487342 -0.943221 0.28347 0.173146 -0.177291 0.251745 0.269995 0.929369 0.463833 
1535383683378 0.216808 0.920159 -0.326039 -0.487343 -0.943179 0.283593 0.173174 -0.17735 0.25181 0.269967 0.92936 0.463821 
1535383683946 0.216808 0.920159 -0.326039 -0.487343 -0.943179 0.283593 0.173175 -0.17735 0.25181 0.269967 0.92936 0.463821 
1535383684481 0.216644 0.920102 -0.326309 -0.487377 -0.943228 0.283477 0.173098 -0.177362 0.251768 0.270283 0.929279 0.463818 
1535383685016 0.216354 0.920189 -0.326256 -0.487365 -0.943313 0.283174 0.173126 -0.177375 0.251696 0.270305 0.929292 0.463873 
1535383685553 0.21631 0.920199 -0.326256 -0.487363 -0.943297 0.283161 0.173237 -0.177372 0.251795 0.270283 0.929272 0.463918 
1535383686293 0.216064 0.920175 -0.326488 -0.487389 -0.943331 0.282997 0.173321 -0.177376 0.251881 0.270537 0.929175 0.463956 
1535383686865 0.215682 0.920223 -0.326606 -0.487411 -0.943503 0.282569 0.17308 -0.177463 0.251561 0.270823 0.929178 0.463983 
1535383687422 0.215593 0.920191 -0.326754 -0.487429 -0.943491 0.282548 0.17318 -0.177465 0.251682 0.270953 0.929107 0.46399 
1535383687942 0.215346 0.920228 -0.326812 -0.487435 -0.943543 0.282331 0.17325 -0.177471 0.251699 0.271052 0.929074 0.46402 
1535383687966 0.215346 0.920228 -0.326812 -0.487435 -0.943543 0.282331 0.17325 -0.177471 0.251699 0.271052 0.929074 0.46402 
1535383688178 0.215311 0.92017 -0.327 -0.487488 -0.943595 0.282285 0.173041 -0.177568 0.251534 0.271298 0.929047 0.464049 
1535383688404 0.215364 0.920221 -0.32682 -0.487448 -0.943518 0.282371 0.173319 -0.177505 0.251776 0.271034 0.929058 0.46406 
1535383688614 0.215355 0.920223 -0.32682 -0.487446 -0.943522 0.282361 0.173317 -0.177503 0.251771 0.271037 0.929059 0.464061 
1535383688832 0.215336 0.92022 -0.326841 -0.487449 -0.943535 0.282338 0.173282 -0.177508 0.251737 0.271072 0.929058 0.464061 
1535383689046 0.215297 0.920214 -0.326886 -0.487454 -0.943564 0.282287 0.173205 -0.177518 0.251662 0.271147 0.929056 0.464062 
1535383689264 0.215291 0.920213 -0.326891 -0.487455 -0.943567 0.282281 0.1732 -0.17752 0.251656 0.271155 0.929056 0.464064 
1535383689482 0.215285 0.920213 -0.326895 -0.487455 -0.943568 0.282277 0.173201 -0.177521 0.251656 0.27116 0.929054 0.464067 
1535383689700 0.21528 0.920212 -0.3269 -0.487456 -0.943569 0.282274 0.173204 -0.177523 0.25166 0.271165 0.929052 0.464072 
1535383689922 0.215135 0.920244 -0.326905 -0.487456 -0.943611 0.282128 0.17321 -0.177524 0.251625 0.271208 0.929049 0.464077 
1535383689955 0.215105 0.920248 -0.326914 -0.487456 -0.943617 0.282103 0.173219 -0.177526 0.251628 0.271222 0.929044 0.464083 
1535383690147 0.215102 0.920249 -0.326915 -0.487456 -0.943618 0.2821 0.17322 -0.177526 0.251628 0.271223 0.929043 0.464083 
1535383690356 0.215088 0.920252 -0.326914 -0.487456 -0.943621 0.282086 0.173223 -0.177525 0.251627 0.271225 0.929043 0.464085 
1535383690543 0.21508 0.920254 -0.326913 -0.487455 -0.943624 0.282078 0.173223 -0.177526 0.251625 0.271226 0.929043 0.464086 
1535383690812 0.215077 0.920255 -0.326913 -0.487455 -0.943625 0.282075 0.173223 -0.177526 0.251624 0.271227 0.929043 0.464087 
1535383691002 0.215076 0.920255 -0.326913 -0.487455 -0.943625 0.282074 0.173224 -0.177527 0.251624 0.271227 0.929043 0.464089 
1535383691192 0.215075 0.920256 -0.326913 -0.487455 -0.943625 0.282073 0.173225 -0.177527 0.251625 0.271227 0.929043 0.46409 
1535383691388 0.215075 0.920256 -0.326913 -0.487455 -0.943625 0.282074 0.173226 -0.177528 0.251626 0.271227 0.929043 0.464092 
1535383691579 0.215076 0.920256 -0.326911 -0.487454 -0.943624 0.282075 0.173227 -0.177529 0.251626 0.271224 0.929044 0.464095 
1535383691605 0.215078 0.920256 -0.326911 -0.487454 -0.943623 0.282077 0.173228 -0.17753 0.251628 0.271223 0.929043 0.464098 
1535383691779 0.215078 0.920256 -0.326912 -0.487454 -0.943623 0.282077 0.173228 -0.17753 0.251628 0.271224 0.929043 0.464098 
1535383691922 0.215072 0.920257 -0.326911 -0.487453 -0.943624 0.282071 0.173231 -0.177529 0.251629 0.271224 0.929043 0.464099 
1535383692064 0.215068 0.920258 -0.32691 -0.487453 -0.943625 0.282068 0.173232 -0.177528 0.251629 0.271224 0.929043 0.4641 
1535383692219 0.215066 0.920258 -0.326911 -0.487453 -0.943625 0.282066 0.173233 -0.177529 0.25163 0.271225 0.929042 0.4641 
1535383692376 0.215067 0.920258 -0.326911 -0.487453 -0.943625 0.282067 0.173232 -0.177529 0.251629 0.271225 0.929042 0.464101 
1535383692525 0.215067 0.920258 -0.326911 -0.487453 -0.943625 0.282067 0.173233 -0.17753 0.25163 0.271225 0.929042 0.464102 
1535383692679 0.215068 0.920258 -0.326912 -0.487453 -0.943625 0.282068 0.173233 -0.17753 0.251631 0.271225 0.929042 0.464103 
1535383692814 0.215068 0.920257 -0.326915 -0.487454 -0.943624 0.28207 0.173235 -0.177531 0.251633 0.271228 0.929041 0.464103 
1535383692981 0.215067 0.920255 -0.326921 -0.487454 -0.943623 0.282071 0.173238 -0.177531 0.251638 0.271233 0.929038 0.464104 
1535383693001 0.215067 0.920255 -0.326921 -0.487454 -0.943623 0.282071 0.173238 -0.177531 0.251638 0.271233 0.929038 0.464104 
1535383693266 0.215062 0.920249 -0.326941 -0.487456 -0.94362 0.282075 0.17325 -0.17753 0.251655 0.271248 0.929029 0.464104 
1535383693547 0.215052 0.920249 -0.326948 -0.487457 -0.94362 0.282069 0.173258 -0.177527 0.251663 0.271255 0.929025 0.464104 
1535383693808 0.215047 0.920248 -0.326954 -0.487458 -0.94362 0.282067 0.173262 -0.177527 0.251667 0.271261 0.929022 0.464104 
1535383694087 0.215041 0.920248 -0.326958 -0.487458 -0.94362 0.282063 0.173266 -0.177526 0.25167 0.271265 0.92902 0.464104 
1535383694343 0.215037 0.920247 -0.326963 -0.487458 -0.943621 0.282061 0.173269 -0.177525 0.251673 0.27127 0.929017 0.464104 
1535383694599 0.215034 0.920247 -0.326966 -0.487458 -0.943621 0.28206 0.173271 -0.177525 0.251676 0.271273 0.929016 0.464104 
1535383694855 0.215032 0.920246 -0.32697 -0.487459 -0.94362 0.282059 0.173273 -0.177525 0.251678 0.271276 0.929014 0.464103 
1535383695112 0.21503 0.920244 -0.326974 -0.48746 -0.94362 0.282059 0.173275 -0.177524 0.251682 0.27128 0.929012 0.464103 
1535383695385 0.215029 0.920243 -0.326979 -0.48746 -0.943619 0.28206 0.173277 -0.177525 0.251685 0.271284 0.92901 0.464103 
1535383695421 0.215029 0.920243 -0.326979 -0.48746 -0.943619 0.28206 0.173277 -0.177525 0.251685 0.271284 0.92901 0.464103 
1535383695642 0.215024 0.92024 -0.32699 -0.487461 -0.943618 0.28206 0.173284 -0.177523 0.251694 0.271293 0.929005 0.464102 
1535383695851 0.215011 0.920243 -0.326992 -0.48746 -0.94362 0.282049 0.173293 -0.177519 0.251699 0.271296 0.929003 0.464103 
1535383696077 0.215006 0.920241 -0.326999 -0.487461 -0.943619 0.282048 0.173297 -0.177518 0.251704 0.271303 0.928999 0.464102 
1535383696281 0.215002 0.920239 -0.327007 -0.487462 -0.943619 0.282047 0.173301 -0.177518 0.25171 0.271309 0.928996 0.464102 
1535383696496 0.214998 0.920239 -0.327011 -0.487462 -0.943618 0.282045 0.173305 -0.177517 0.251714 0.271313 0.928994 0.464102 
1535383696717 0.214997 0.920237 -0.327017 -0.487463 -0.943618 0.282046 0.173308 -0.177517 0.251718 0.271318 0.928991 0.464102 
1535383696921 0.214998 0.920236 -0.327019 -0.487463 -0.943617 0.282048 0.173309 -0.177518 0.25172 0.27132 0.92899 0.464103 
1535383697132 0.214997 0.920235 -0.327022 -0.487463 -0.943617 0.282049 0.17331 -0.177518 0.251722 0.271322 0.928989 0.464103 
1535383697351 0.214995 0.920235 -0.327025 -0.487464 -0.943616 0.282048 0.173312 -0.177517 0.251725 0.271325 0.928987 0.464102 
1535383697379 0.214995 0.920235 -0.327025 -0.487464 -0.943616 0.282048 0.173312 -0.177517 0.251725 0.271325 0.928987 0.464102 
1535383697640 0.214994 0.920233 -0.32703 -0.487464 -0.943615 0.282049 0.173315 -0.177517 0.251729 0.271329 0.928985 0.464102 
1535383697870 0.214978 0.920228 -0.327055 -0.487467 -0.943613 0.282045 0.173333 -0.177513 0.25175 0.271351 0.928973 0.464101 
1535383698103 0.214969 0.920221 -0.327081 -0.48747 -0.94361 0.282047 0.173348 -0.177511 0.251771 0.271372 0.928961 0.464099 
1535383698330 0.214965 0.920219 -0.327089 -0.487471 -0.943609 0.282047 0.173353 -0.17751 0.251777 0.271379 0.928957 0.464099 
1535383698567 0.214963 0.920218 -0.327094 -0.487472 -0.943609 0.282047 0.173356 -0.17751 0.251781 0.271384 0.928955 0.464099 
1535383698845 0.214964 0.920218 -0.327092 -0.487472 -0.943609 0.282047 0.173354 -0.17751 0.251778 0.271382 0.928956 0.464099 
1535383699085 0.214974 0.920217 -0.327089 -0.487472 -0.943608 0.282054 0.173347 -0.177515 0.251774 0.271378 0.928958 0.4641 
1535383699304 0.214978 0.920219 -0.32708 -0.487471 -0.943609 0.282055 0.173343 -0.177517 0.251768 0.271371 0.928962 0.464104 
1535383699544 0.214983 0.92022 -0.327073 -0.48747 -0.943609 0.282057 0.173339 -0.177518 0.251763 0.271364 0.928966 0.464107 
1535383699575 0.214989 0.920222 -0.327064 -0.487468 -0.943609 0.282059 0.173334 -0.17752 0.251757 0.271355 0.92897 0.46411 
1535383699831 0.21499 0.920222 -0.327063 -0.487468 -0.943609 0.282059 0.173334 -0.17752 0.251757 0.271355 0.92897 0.46411 
1535383700063 0.214985 0.920225 -0.32706 -0.487467 -0.94361 0.282054 0.173335 -0.177519 0.251756 0.271353 0.928971 0.464112 
