1535383152507 0.370479 0.888669 -0.27021 -0.618602 -0.892875 0.420899 0.160056 -0.229105 0.255968 0.181966 0.949404 0.379548 
1535383158815 0.370477 0.888669 -0.270212 -0.618602 -0.892877 0.420897 0.160052 -0.229105 0.255964 0.181971 0.949404 0.379545 
1535383159440 0.358113 0.893541 -0.270811 -0.620735 -0.898794 0.408457 0.159162 -0.23024 0.252832 0.186406 0.949383 0.378885 
1535383160113 0.344904 0.898493 -0.271571 -0.62314 -0.904935 0.395132 0.157999 -0.231381 0.249267 0.19126 0.949361 0.37794 
1535383160713 0.33147 0.903357 -0.272164 -0.625459 -0.910862 0.381592 0.157222 -0.232401 0.245883 0.195789 0.94932 0.377215 
1535383161388 0.31857 0.907779 -0.272858 -0.627778 -0.916471 0.368479 0.155895 -0.233814 0.24206 0.200403 0.949339 0.376432 
1535383162001 0.305221 0.912203 -0.273362 -0.630124 -0.921955 0.354931 0.154992 -0.234944 0.238409 0.204721 0.949342 0.375732 
1535383162727 0.291728 0.916416 -0.274002 -0.632481 -0.927312 0.341201 0.153864 -0.236062 0.234494 0.209199 0.949341 0.374819 
1535383163380 0.277865 0.920481 -0.274784 -0.634931 -0.932491 0.327173 0.15303 -0.237068 0.230763 0.213712 0.94925 0.374028 
1535383164007 0.264845 0.924135 -0.275374 -0.637227 -0.937202 0.313899 0.152054 -0.238383 0.226959 0.21781 0.949236 0.373333 
1535383164673 0.251207 0.927651 -0.276331 -0.639619 -0.941882 0.300062 0.15107 -0.239544 0.223056 0.222321 0.949115 0.372473 
1535383164698 0.251207 0.927651 -0.276331 -0.639619 -0.941882 0.300062 0.15107 -0.239544 0.223056 0.222321 0.949115 0.372473 
1535383165000 0.250175 0.927825 -0.276684 -0.639793 -0.942156 0.29913 0.151206 -0.239612 0.223057 0.222851 0.94899 0.372436 
1535383165298 0.248079 0.928124 -0.277564 -0.639776 -0.942535 0.29744 0.152173 -0.239753 0.223794 0.223863 0.948579 0.372475 
1535383165599 0.246125 0.92838 -0.278447 -0.639902 -0.942932 0.295829 0.152856 -0.239911 0.224281 0.224934 0.94821 0.372453 
1535383165929 0.244288 0.928623 -0.279256 -0.640003 -0.943304 0.294308 0.153493 -0.240118 0.224724 0.225926 0.947869 0.37247 
1535383166241 0.2424 0.928849 -0.280145 -0.640149 -0.943702 0.292738 0.154047 -0.240301 0.225095 0.227032 0.947517 0.37248 
1535383166565 0.240457 0.929084 -0.281039 -0.640277 -0.944059 0.291168 0.154834 -0.240455 0.225683 0.228086 0.947124 0.372487 
1535383166881 0.238563 0.929301 -0.281934 -0.640396 -0.9444 0.289647 0.155605 -0.240644 0.226265 0.229137 0.946731 0.372497 
1535383167201 0.236676 0.929502 -0.282863 -0.640522 -0.944744 0.288131 0.156332 -0.240868 0.226812 0.230233 0.946335 0.372505 
1535383167505 0.23478 0.929754 -0.283613 -0.640602 -0.945104 0.28656 0.157041 -0.241027 0.227282 0.231174 0.945993 0.372516 
1535383167532 0.234035 0.929833 -0.283969 -0.640664 -0.945187 0.286012 0.15754 -0.241065 0.227704 0.231534 0.945803 0.372556 
1535383167796 0.234008 0.929817 -0.284042 -0.640677 -0.945163 0.28603 0.157653 -0.241074 0.227833 0.231574 0.945762 0.372569 
1535383168072 0.234197 0.929839 -0.283815 -0.640683 -0.94533 0.285954 0.156785 -0.241162 0.226943 0.23158 0.945974 0.372598 
1535383168349 0.233363 0.930032 -0.283869 -0.640751 -0.945599 0.285102 0.156716 -0.241127 0.226683 0.231854 0.94597 0.372576 
1535383168639 0.232797 0.930089 -0.284148 -0.640875 -0.945777 0.284569 0.156609 -0.241217 0.22652 0.232283 0.945904 0.372582 
1535383168926 0.23213 0.93014 -0.284527 -0.640959 -0.945963 0.283973 0.15657 -0.241309 0.22643 0.232807 0.945796 0.372659 
1535383169195 0.231505 0.930309 -0.284482 -0.641008 -0.946216 0.283266 0.156322 -0.241376 0.226012 0.232992 0.94585 0.37275 
1535383169470 0.230909 0.930305 -0.284981 -0.641124 -0.946378 0.282762 0.156249 -0.241504 0.22594 0.23362 0.945713 0.372713 
1535383169779 0.230201 0.930472 -0.285008 -0.641191 -0.946632 0.282006 0.156078 -0.241538 0.2256 0.233868 0.945733 0.372759 
1535383170055 0.229553 0.930555 -0.285258 -0.641288 -0.946814 0.281404 0.156063 -0.24161 0.225498 0.234262 0.94566 0.372836 
1535383170092 0.229553 0.930555 -0.285258 -0.641288 -0.946814 0.281404 0.156063 -0.24161 0.225498 0.234262 0.94566 0.372836 
1535383170283 0.228805 0.930683 -0.285442 -0.641427 -0.947074 0.280638 0.155864 -0.241589 0.225166 0.234672 0.945637 0.37281 
1535383170484 0.228947 0.930677 -0.285348 -0.641374 -0.946995 0.280804 0.156042 -0.241651 0.225351 0.234498 0.945636 0.372825 
1535383170688 0.228728 0.930856 -0.284939 -0.641309 -0.947034 0.280541 0.156279 -0.241757 0.22541 0.234101 0.94572 0.372932 
1535383170881 0.228345 0.93098 -0.284842 -0.641339 -0.947127 0.280158 0.1564 -0.241873 0.225406 0.234068 0.945729 0.373012 
1535383171070 0.227888 0.931084 -0.284869 -0.641401 -0.947261 0.279701 0.156406 -0.241998 0.225306 0.234202 0.94572 0.372984 
1535383171272 0.227261 0.931327 -0.284573 -0.641449 -0.947373 0.279094 0.156818 -0.242011 0.225472 0.233958 0.945741 0.373068 
1535383171489 0.226781 0.931497 -0.284399 -0.641477 -0.947507 0.278585 0.15691 -0.242025 0.22539 0.233886 0.945778 0.373118 
1535383171687 0.22629 0.931636 -0.284335 -0.641507 -0.947643 0.278086 0.156972 -0.242167 0.225311 0.233927 0.945787 0.373121 
1535383171894 0.226088 0.931729 -0.284192 -0.641535 -0.94768 0.277881 0.157116 -0.242306 0.225361 0.233801 0.945806 0.373218 
1535383171932 0.226088 0.931729 -0.284192 -0.641535 -0.94768 0.277881 0.157116 -0.242306 0.225361 0.233801 0.945806 0.373218 
1535383172078 0.225566 0.931905 -0.284031 -0.641571 -0.947775 0.277386 0.157418 -0.242428 0.225485 0.23369 0.945804 0.373272 
1535383172292 0.22564 0.931889 -0.284025 -0.641563 -0.947757 0.277455 0.157402 -0.242404 0.225485 0.233671 0.945809 0.37326 
1535383172469 0.225854 0.931978 -0.28356 -0.641609 -0.947868 0.277414 0.156806 -0.242523 0.224804 0.233362 0.946047 0.373117 
1535383172643 0.22564 0.932165 -0.283115 -0.64163 -0.947996 0.277054 0.156665 -0.242476 0.224476 0.233042 0.946204 0.37309 
1535383172808 0.225628 0.932311 -0.282646 -0.641679 -0.948122 0.276837 0.156291 -0.242672 0.223958 0.232719 0.946406 0.373066 
1535383172964 0.225401 0.932506 -0.282183 -0.641715 -0.948287 0.276427 0.156014 -0.242737 0.223486 0.232425 0.94659 0.373027 
1535383173139 0.22506 0.932681 -0.281877 -0.641749 -0.948497 0.275915 0.155643 -0.242766 0.222939 0.23233 0.946742 0.372893 
1535383173300 0.225038 0.932823 -0.281425 -0.641822 -0.948579 0.275739 0.155456 -0.242872 0.222613 0.23197 0.946907 0.372862 
1535383173539 0.224773 0.933077 -0.280792 -0.641868 -0.948764 0.275253 0.155189 -0.243 0.222092 0.231523 0.947139 0.372833 
1535383173557 0.224491 0.933276 -0.280357 -0.641926 -0.948895 0.274843 0.15511 -0.242925 0.221815 0.231208 0.947281 0.372825 
1535383173721 0.22447 0.933295 -0.280309 -0.641929 -0.948913 0.274801 0.155073 -0.242954 0.221759 0.23118 0.947301 0.372808 
1535383173765 0.224959 0.933155 -0.280385 -0.641902 -0.948779 0.275301 0.155008 -0.242991 0.221837 0.231153 0.947289 0.372771 
1535383173898 0.225131 0.933045 -0.280611 -0.641882 -0.948708 0.275534 0.155027 -0.242988 0.221965 0.231317 0.947219 0.372779 
1535383173939 0.225446 0.93311 -0.280143 -0.641804 -0.948746 0.275641 0.154608 -0.243005 0.221485 0.230928 0.947426 0.372801 
1535383174066 0.225601 0.933127 -0.27996 -0.641806 -0.948754 0.275712 0.154429 -0.242969 0.22129 0.230774 0.947509 0.372756 
1535383174117 0.226013 0.933064 -0.279838 -0.641838 -0.948733 0.276006 0.154037 -0.242892 0.220963 0.230677 0.947609 0.372647 
1535383174230 0.226345 0.933105 -0.279433 -0.641793 -0.948705 0.276203 0.153853 -0.242909 0.220741 0.230275 0.947759 0.372651 
1535383174297 0.226483 0.933092 -0.279366 -0.6418 -0.948713 0.276281 0.153662 -0.242904 0.220564 0.230237 0.947809 0.372632 
1535383174406 0.227081 0.933091 -0.278882 -0.641752 -0.948649 0.276692 0.153318 -0.242927 0.220224 0.229746 0.948008 0.372647 
1535383174441 0.227433 0.933126 -0.278477 -0.641717 -0.948676 0.276845 0.152874 -0.242953 0.219746 0.229416 0.948198 0.372627 
1535383174456 0.227569 0.933113 -0.27841 -0.641712 -0.948656 0.276952 0.152804 -0.242956 0.21969 0.229342 0.948229 0.372624 
1535383174666 0.227569 0.933113 -0.27841 -0.641712 -0.948656 0.276952 0.152804 -0.242956 0.21969 0.229342 0.948229 0.372624 
1535383174847 0.2279 0.932955 -0.278671 -0.641584 -0.948541 0.277348 0.152798 -0.242746 0.219843 0.229508 0.948154 0.372663 
1535383175039 0.229193 0.932681 -0.278525 -0.641101 -0.948311 0.278477 0.152173 -0.24257 0.219492 0.229251 0.948297 0.372765 
1535383175221 0.23002 0.932469 -0.278553 -0.640937 -0.948095 0.27929 0.152032 -0.242534 0.219562 0.229124 0.948312 0.372878 
1535383175412 0.230714 0.932333 -0.278437 -0.640772 -0.948035 0.279822 0.151424 -0.242448 0.219091 0.229032 0.948443 0.372914 
1535383175584 0.231418 0.9322 -0.278298 -0.640567 -0.947933 0.2804 0.150992 -0.242337 0.218789 0.228866 0.948552 0.372935 
1535383175775 0.232135 0.932017 -0.278311 -0.640369 -0.947782 0.281064 0.150706 -0.242273 0.218684 0.228794 0.948594 0.372932 
1535383175962 0.232828 0.931927 -0.278035 -0.640182 -0.947655 0.281638 0.150433 -0.242128 0.218498 0.228456 0.948718 0.373088 
1535383176003 0.232828 0.931927 -0.278035 -0.640182 -0.947655 0.281638 0.150433 -0.242128 0.218498 0.228456 0.948718 0.373088 
1535383176146 0.23321 0.93186 -0.277941 -0.640067 -0.947572 0.281977 0.150319 -0.241952 0.218449 0.228313 0.948764 0.373152 
1535383176295 0.23321 0.93186 -0.277941 -0.640067 -0.947572 0.281977 0.150319 -0.241952 0.218449 0.228313 0.948764 0.373152 
1535383176486 0.233112 0.9319 -0.277886 -0.639695 -0.94761 0.28186 0.150301 -0.241968 0.218391 0.228291 0.948783 0.373244 
1535383176691 0.233466 0.931835 -0.277809 -0.639308 -0.947472 0.28224 0.150457 -0.241919 0.21861 0.228089 0.948781 0.373413 
1535383176865 0.233641 0.931776 -0.277857 -0.638977 -0.947395 0.282451 0.150547 -0.241766 0.218758 0.228067 0.948752 0.373495 
1535383177058 0.233942 0.931723 -0.277781 -0.638594 -0.947302 0.282747 0.150577 -0.241691 0.218838 0.227916 0.94877 0.373585 
1535383177236 0.234011 0.931686 -0.277849 -0.638291 -0.947256 0.282853 0.150666 -0.241469 0.218964 0.227936 0.948736 0.373681 
1535383177402 0.234312 0.931595 -0.277899 -0.637914 -0.947195 0.283136 0.150518 -0.241454 0.218905 0.227956 0.948745 0.373752 
1535383177642 0.234699 0.931523 -0.277814 -0.63752 -0.947061 0.283532 0.150613 -0.2414 0.219069 0.227758 0.948754 0.373907 
1535383177698 0.234693 0.931585 -0.277614 -0.63719 -0.947055 0.283502 0.15071 -0.241177 0.219103 0.227545 0.948798 0.374022 
1535383177910 0.234721 0.931574 -0.277626 -0.636973 -0.947025 0.283555 0.150798 -0.241106 0.219202 0.227524 0.94878 0.374107 
1535383178111 0.234721 0.931574 -0.277626 -0.636973 -0.947025 0.283555 0.150798 -0.241106 0.219202 0.227524 0.94878 0.374107 
1535383178332 0.23448 0.931502 -0.278069 -0.63607 -0.946774 0.283718 0.152064 -0.240741 0.220541 0.227613 0.948448 0.37433 
1535383178532 0.23448 0.931502 -0.278069 -0.63607 -0.946774 0.283718 0.152064 -0.240741 0.220541 0.227613 0.948448 0.37433 
1535383178749 0.234399 0.931461 -0.278277 -0.635681 -0.946675 0.283797 0.152532 -0.240516 0.221052 0.227684 0.948312 0.374461 
1535383178964 0.234603 0.931371 -0.278405 -0.635136 -0.946477 0.284165 0.153075 -0.240523 0.221682 0.227592 0.948187 0.37466 
1535383179175 0.234373 0.931401 -0.2785 -0.634717 -0.946402 0.284096 0.153665 -0.240232 0.222244 0.227558 0.948064 0.374878 
1535383179388 0.234452 0.931338 -0.278644 -0.634305 -0.946225 0.284356 0.154271 -0.240142 0.222913 0.227491 0.947923 0.374996 
1535383179609 0.234428 0.931227 -0.279034 -0.633411 -0.945996 0.284637 0.155157 -0.239901 0.22391 0.227592 0.947664 0.375265 
1535383179639 0.234516 0.931185 -0.279102 -0.63326 -0.94592 0.284788 0.155344 -0.23985 0.224139 0.227577 0.947613 0.375314 
1535383179661 0.234516 0.931185 -0.279102 -0.63326 -0.94592 0.284788 0.155344 -0.23985 0.224139 0.227577 0.947613 0.375314 
1535383179995 0.234322 0.931208 -0.279187 -0.633168 -0.945911 0.284674 0.155607 -0.23974 0.224379 0.227624 0.947545 0.375338 
1535383180118 0.234238 0.931083 -0.279675 -0.632727 -0.945865 0.284743 0.155759 -0.239596 0.22466 0.22805 0.947376 0.375545 
1535383180449 0.234428 0.930959 -0.279926 -0.63222 -0.9457 0.285087 0.156134 -0.239538 0.225158 0.228124 0.94724 0.375735 
1535383180598 0.234147 0.930924 -0.280276 -0.631803 -0.94566 0.284988 0.156556 -0.239269 0.225617 0.228389 0.947067 0.375901 
1535383180805 0.234108 0.930793 -0.280746 -0.631368 -0.945568 0.285132 0.156845 -0.23908 0.22604 0.228746 0.94688 0.376056 
1535383181073 0.234136 0.930649 -0.2812 -0.630893 -0.945453 0.285345 0.157153 -0.23899 0.226494 0.229066 0.946694 0.376211 
1535383181267 0.233951 0.930581 -0.281577 -0.63047 -0.945379 0.285352 0.157582 -0.238729 0.226991 0.22933 0.946511 0.376392 
1535383181396 0.234313 0.930371 -0.28197 -0.629921 -0.945161 0.285895 0.157907 -0.238804 0.227526 0.229508 0.946339 0.376578 
1535383181771 0.234214 0.93026 -0.282417 -0.629286 -0.945047 0.286016 0.15837 -0.23852 0.228101 0.229805 0.946129 0.376855 
1535383181944 0.234276 0.930188 -0.282605 -0.62935 -0.945012 0.286127 0.158376 -0.238519 0.22818 0.229962 0.946072 0.376834 
1535383182124 0.234276 0.930188 -0.282605 -0.62935 -0.945012 0.286127 0.158376 -0.238519 0.22818 0.229962 0.946072 0.376834 
1535383182310 0.234158 0.930221 -0.282594 -0.629088 -0.945 0.286053 0.158581 -0.238342 0.228353 0.229918 0.946041 0.376966 
1535383182492 0.234191 0.930115 -0.282913 -0.628769 -0.944888 0.286245 0.158906 -0.238231 0.228783 0.230107 0.945891 0.377009 
1535383182700 0.234253 0.929994 -0.283261 -0.628442 -0.944803 0.286433 0.159069 -0.238164 0.229069 0.230364 0.945759 0.377101 
1535383182892 0.234296 0.929914 -0.283487 -0.628109 -0.944708 0.286597 0.159336 -0.238062 0.229416 0.23048 0.945646 0.377223 
1535383183086 0.234461 0.929795 -0.283743 -0.627746 -0.944583 0.286884 0.159566 -0.238067 0.229765 0.230606 0.945531 0.377308 
1535383183309 0.234288 0.929778 -0.283939 -0.627474 -0.944542 0.286837 0.159892 -0.237827 0.230108 0.230731 0.945417 0.377416 
1535383183565 0.234361 0.929585 -0.28451 -0.626824 -0.944403 0.287125 0.160193 -0.237649 0.230603 0.231149 0.945194 0.377616 
1535383183596 0.234361 0.929585 -0.28451 -0.626824 -0.944403 0.287125 0.160193 -0.237649 0.230603 0.231149 0.945194 0.377616 
1535383183876 0.234357 0.929568 -0.284571 -0.626602 -0.944363 0.287174 0.160344 -0.237583 0.230772 0.231161 0.94515 0.377684 
1535383184092 0.234606 0.92951 -0.284555 -0.626504 -0.944357 0.287353 0.160059 -0.237575 0.230544 0.23117 0.945204 0.377688 
1535383184340 0.234459 0.929491 -0.284737 -0.626294 -0.944436 0.2872 0.159862 -0.237394 0.230367 0.231435 0.945182 0.377713 
1535383184548 0.234537 0.929451 -0.284803 -0.626047 -0.944415 0.287288 0.159829 -0.237242 0.230373 0.231486 0.945168 0.377804 
1535383184752 0.234806 0.929328 -0.284985 -0.625772 -0.944381 0.287544 0.159574 -0.237267 0.230242 0.231665 0.945156 0.377883 
1535383184965 0.234742 0.929355 -0.284949 -0.625527 -0.944466 0.287406 0.159315 -0.23708 0.229956 0.231727 0.945211 0.377925 
1535383185177 0.234873 0.929295 -0.285037 -0.625275 -0.944459 0.287521 0.159151 -0.236973 0.229852 0.231825 0.945212 0.377966 
1535383185364 0.23506 0.929241 -0.285057 -0.625015 -0.944404 0.287712 0.159133 -0.236889 0.229888 0.231803 0.945208 0.378077 
1535383185567 0.234875 0.929248 -0.285186 -0.624812 -0.944472 0.287535 0.159047 -0.236678 0.229795 0.231994 0.945184 0.378139 
1535383185584 0.235038 0.929221 -0.285143 -0.624679 -0.944435 0.287679 0.159006 -0.236656 0.229782 0.231927 0.945204 0.378185 
1535383185604 0.235081 0.929213 -0.285132 -0.624635 -0.944429 0.287715 0.158981 -0.236658 0.229764 0.231914 0.945211 0.378199 
1535383185663 0.235121 0.929198 -0.285147 -0.624591 -0.944425 0.287748 0.158938 -0.236669 0.229736 0.23193 0.945214 0.378203 
1535383185840 0.234927 0.929239 -0.285175 -0.624517 -0.944518 0.287523 0.158797 -0.236425 0.229554 0.232047 0.94523 0.378224 
1535383185898 0.234904 0.9293 -0.284996 -0.624328 -0.944553 0.28744 0.158735 -0.236304 0.229432 0.231906 0.945294 0.378327 
1535383186050 0.235208 0.929237 -0.284949 -0.624118 -0.944556 0.287643 0.158349 -0.236305 0.229107 0.231906 0.945373 0.37829 
1535383186115 0.235232 0.929267 -0.28483 -0.623958 -0.94455 0.287646 0.158381 -0.236162 0.229108 0.231781 0.945403 0.378357 
1535383186256 0.235232 0.929267 -0.28483 -0.623958 -0.94455 0.287646 0.158381 -0.236162 0.229108 0.231781 0.945403 0.378357 
1535383186321 0.235436 0.929219 -0.28482 -0.623765 -0.944554 0.287784 0.158108 -0.236142 0.228884 0.231804 0.945452 0.378438 
1535383186514 0.235625 0.929175 -0.284807 -0.623398 -0.944568 0.2879 0.157813 -0.235937 0.228632 0.231835 0.945505 0.3785 
1535383186551 0.235638 0.929182 -0.284771 -0.623245 -0.944571 0.2879 0.157793 -0.235793 0.228604 0.231805 0.945519 0.378551 
1535383186729 0.235659 0.929164 -0.284813 -0.623206 -0.944574 0.287919 0.157742 -0.235813 0.228571 0.231854 0.945515 0.378552 
1535383186912 0.235793 0.92916 -0.284716 -0.623162 -0.944511 0.288061 0.157862 -0.235883 0.228694 0.231694 0.945525 0.378545 
1535383187100 0.235272 0.929283 -0.284746 -0.623087 -0.944606 0.287603 0.158125 -0.235713 0.228836 0.231771 0.945471 0.378646 
1535383187278 0.235621 0.92923 -0.28463 -0.622836 -0.944469 0.287968 0.158279 -0.235724 0.229042 0.23153 0.945481 0.378684 
1535383187457 0.235616 0.929241 -0.284597 -0.622654 -0.944439 0.287989 0.158419 -0.235612 0.229171 0.231459 0.945467 0.378735 
1535383187649 0.23556 0.92929 -0.284484 -0.622436 -0.944435 0.287934 0.158543 -0.235563 0.229245 0.23133 0.94548 0.378804 
1535383187845 0.23564 0.929283 -0.28444 -0.622205 -0.944368 0.288051 0.158734 -0.235549 0.229442 0.231212 0.945461 0.37885 
1535383188026 0.235549 0.929305 -0.284446 -0.62206 -0.944341 0.288014 0.158956 -0.235343 0.229643 0.231172 0.945422 0.378897 
1535383188201 0.235497 0.929333 -0.284396 -0.621844 -0.944336 0.287975 0.159061 -0.235307 0.22972 0.231106 0.94542 0.378959 
1535383188228 0.235497 0.929333 -0.284396 -0.621844 -0.944336 0.287975 0.159061 -0.235307 0.22972 0.231106 0.94542 0.378959 
1535383188448 0.235583 0.929322 -0.284361 -0.621615 -0.944291 0.288074 0.159147 -0.235281 0.229816 0.231027 0.945416 0.378981 
1535383188664 0.235325 0.929355 -0.284466 -0.621668 -0.944337 0.287864 0.159255 -0.23512 0.229892 0.231155 0.945366 0.378961 
1535383188889 0.235444 0.929272 -0.284639 -0.621442 -0.944264 0.288051 0.159351 -0.235244 0.230071 0.231256 0.945298 0.379037 
1535383189093 0.235268 0.929322 -0.284622 -0.62129 -0.944264 0.287925 0.159577 -0.235091 0.230248 0.231215 0.945265 0.379122 
1535383189305 0.235297 0.929282 -0.284729 -0.621091 -0.944197 0.28803 0.159781 -0.235033 0.230492 0.231244 0.945198 0.379192 
1535383189501 0.235182 0.929273 -0.284853 -0.620902 -0.944168 0.288 0.16001 -0.234925 0.230731 0.231318 0.945122 0.379236 
1535383189708 0.235522 0.929122 -0.285063 -0.620656 -0.944003 0.288441 0.160187 -0.235028 0.231057 0.231373 0.945029 0.379322 
1535383189926 0.235296 0.929187 -0.285037 -0.620509 -0.943999 0.288281 0.160498 -0.234805 0.231304 0.231311 0.944984 0.379414 
1535383190126 0.23509 0.929201 -0.285163 -0.620327 -0.943994 0.288163 0.160742 -0.234704 0.231535 0.231403 0.944904 0.379479 
1535383190163 0.23509 0.929201 -0.285163 -0.620327 -0.943994 0.288163 0.160742 -0.234704 0.231535 0.231403 0.944904 0.379479 
1535383190365 0.23539 0.929082 -0.285304 -0.620032 -0.943844 0.288548 0.160927 -0.23478 0.231838 0.231402 0.94483 0.379541 
1535383190577 0.235315 0.929257 -0.284796 -0.619998 -0.943971 0.288281 0.160664 -0.23452 0.2314 0.231032 0.945028 0.379572 
1535383190798 0.235825 0.929212 -0.284519 -0.619664 -0.943849 0.288715 0.1606 -0.234516 0.231376 0.23067 0.945122 0.379656 
1535383191008 0.236004 0.929192 -0.284437 -0.619364 -0.94383 0.288846 0.160478 -0.234447 0.231273 0.230587 0.945168 0.379661 
1535383191225 0.236108 0.929257 -0.284139 -0.619106 -0.943827 0.288871 0.160451 -0.23423 0.23118 0.230294 0.945262 0.379716 
1535383191440 0.236375 0.929253 -0.283931 -0.618802 -0.943781 0.289069 0.160364 -0.234124 0.231094 0.230063 0.945339 0.379747 
1535383191654 0.236685 0.929262 -0.283641 -0.618481 -0.943716 0.289303 0.160325 -0.234068 0.231042 0.22973 0.945433 0.37983 
1535383191864 0.237136 0.929269 -0.283242 -0.618153 -0.943623 0.289644 0.160253 -0.234021 0.230958 0.229272 0.945565 0.379982 
1535383192087 0.237254 0.929351 -0.282874 -0.617848 -0.943611 0.289676 0.160267 -0.233823 0.230886 0.228899 0.945673 0.380087 
1535383192110 0.23734 0.929382 -0.2827 -0.617664 -0.943602 0.289716 0.16025 -0.233781 0.230836 0.228722 0.945728 0.380134 
1535383192126 0.237363 0.929385 -0.282669 -0.617624 -0.943599 0.28973 0.16024 -0.233777 0.230822 0.228691 0.945739 0.38014 
1535383192153 0.237363 0.929385 -0.282669 -0.617624 -0.943599 0.28973 0.16024 -0.233777 0.230822 0.228691 0.945739 0.38014 
1535383192388 0.237305 0.929368 -0.282775 -0.617391 -0.943574 0.289732 0.160385 -0.233551 0.230985 0.228759 0.945682 0.380204 
1535383192596 0.237549 0.929272 -0.282886 -0.617019 -0.943439 0.290057 0.160591 -0.23348 0.231286 0.228737 0.945614 0.380309 
1535383192797 0.237853 0.929216 -0.282812 -0.616616 -0.943319 0.290378 0.160715 -0.23343 0.231462 0.228555 0.945615 0.380394 
1535383193003 0.238162 0.929081 -0.282999 -0.616233 -0.943182 0.290763 0.160823 -0.233387 0.231703 0.228617 0.945541 0.380468 
1535383193217 0.238123 0.929127 -0.282879 -0.615905 -0.943168 0.29073 0.160969 -0.233147 0.231802 0.228472 0.945552 0.380564 
1535383193414 0.238307 0.929096 -0.282826 -0.615542 -0.943071 0.290945 0.161143 -0.233006 0.232004 0.228323 0.945538 0.380648 
1535383193432 0.238307 0.929096 -0.282826 -0.615542 -0.943071 0.290945 0.161143 -0.233006 0.232004 0.228323 0.945538 0.380648 
1535383193696 0.238299 0.929135 -0.282705 -0.614846 -0.942996 0.290993 0.1615 -0.23268 0.23232 0.228104 0.945514 0.380906 
1535383193713 0.23843 0.929107 -0.282686 -0.614715 -0.942962 0.291115 0.161474 -0.232668 0.232321 0.228062 0.945524 0.380954 
1535383193828 0.238603 0.929051 -0.282724 -0.614661 -0.942915 0.291291 0.161433 -0.232701 0.232334 0.228066 0.945519 0.380961 
1535383193970 0.238433 0.929007 -0.283012 -0.614368 -0.942907 0.291228 0.161592 -0.232464 0.232541 0.228325 0.945406 0.38101 
1535383194165 0.238373 0.928894 -0.283433 -0.614065 -0.942877 0.291288 0.161659 -0.232293 0.232725 0.228707 0.945268 0.381171 
1535383194372 0.238604 0.928786 -0.283592 -0.613677 -0.942754 0.291601 0.161816 -0.232238 0.232988 0.228748 0.945194 0.381308 
1535383194572 0.238654 0.928679 -0.283902 -0.613337 -0.942659 0.291782 0.162038 -0.232084 0.233319 0.228952 0.945062 0.381404 
1535383194770 0.238766 0.928555 -0.284211 -0.612989 -0.942559 0.292014 0.162205 -0.231966 0.23361 0.229157 0.944941 0.381538 
1535383194976 0.238999 0.928398 -0.284529 -0.612612 -0.942459 0.292333 0.162213 -0.231957 0.233776 0.229388 0.944844 0.381671 
1535383195183 0.239077 0.928325 -0.284701 -0.612291 -0.942381 0.292494 0.162374 -0.231732 0.234009 0.229477 0.944765 0.381779 
1535383195402 0.239097 0.928193 -0.285114 -0.611945 -0.942323 0.292637 0.162453 -0.231642 0.234223 0.229827 0.944626 0.381872 
1535383195584 0.238964 0.92826 -0.285007 -0.61181 -0.942357 0.292491 0.162518 -0.231502 0.23422 0.229742 0.944648 0.381935 
1535383195754 0.238964 0.92826 -0.285007 -0.61181 -0.942357 0.292491 0.162518 -0.231502 0.23422 0.229742 0.944648 0.381935 
1535383195962 0.239209 0.928127 -0.285237 -0.611554 -0.942271 0.29279 0.162482 -0.231497 0.234318 0.229903 0.944584 0.381995 
1535383196153 0.239183 0.928144 -0.285203 -0.611227 -0.942247 0.292789 0.162622 -0.231361 0.234441 0.229835 0.94457 0.382107 
1535383196332 0.239301 0.928072 -0.285337 -0.6109 -0.942201 0.29294 0.162614 -0.231305 0.234505 0.229931 0.944531 0.382198 
1535383196524 0.239449 0.927997 -0.285456 -0.610586 -0.942149 0.293116 0.162599 -0.231209 0.234563 0.230008 0.944498 0.382294 
1535383196725 0.239322 0.928055 -0.285377 -0.610278 -0.942179 0.292983 0.162662 -0.231025 0.234569 0.229947 0.944511 0.382387 
1535383196945 0.239364 0.927978 -0.28559 -0.609982 -0.94213 0.293098 0.162739 -0.230888 0.234724 0.230109 0.944433 0.382454 
1535383197138 0.239659 0.927916 -0.285545 -0.609629 -0.942032 0.293395 0.162775 -0.2308 0.234818 0.229982 0.944441 0.382512 
1535383197205 0.23966 0.927899 -0.285597 -0.609345 -0.942052 0.293385 0.162677 -0.230716 0.234738 0.23006 0.944442 0.382591 
1535383197366 0.239382 0.927991 -0.285531 -0.609191 -0.942111 0.293119 0.16281 -0.230553 0.234781 0.230028 0.944439 0.382673 
1535383197568 0.239632 0.927904 -0.285607 -0.609096 -0.942031 0.293388 0.162792 -0.230613 0.234849 0.230041 0.944419 0.382697 
1535383197783 0.23959 0.927926 -0.28557 -0.608916 -0.942018 0.293364 0.162908 -0.230546 0.234942 0.229981 0.94441 0.382764 
1535383198008 0.239428 0.928039 -0.285337 -0.608693 -0.942057 0.293171 0.163032 -0.230376 0.234953 0.229769 0.944459 0.382799 
1535383198227 0.239509 0.928002 -0.285392 -0.608461 -0.941991 0.293302 0.163177 -0.230302 0.235135 0.229754 0.944418 0.382815 
1535383198441 0.239223 0.928079 -0.285381 -0.608235 -0.94203 0.293061 0.163388 -0.230099 0.235271 0.229751 0.944385 0.382841 
1535383198641 0.239352 0.928042 -0.285391 -0.607989 -0.941982 0.2932 0.163414 -0.230141 0.235332 0.22972 0.944377 0.38288 
1535383198835 0.239163 0.928105 -0.285344 -0.607807 -0.941997 0.293043 0.163608 -0.229925 0.235463 0.229665 0.944357 0.382949 
1535383199052 0.23928 0.928099 -0.285268 -0.607562 -0.941939 0.293169 0.163717 -0.229868 0.235578 0.229531 0.944362 0.383007 
1535383199078 0.23928 0.928099 -0.285268 -0.607562 -0.941939 0.293169 0.163717 -0.229868 0.235578 0.229531 0.944362 0.383007 
1535383199291 0.239219 0.928131 -0.285215 -0.607316 -0.941921 0.293135 0.163881 -0.229761 0.235709 0.229446 0.944349 0.383051 
1535383199497 0.239185 0.928062 -0.285468 -0.607495 -0.941922 0.293154 0.163841 -0.229819 0.23574 0.229701 0.94428 0.382954 
1535383199684 0.239117 0.928228 -0.284986 -0.607316 -0.941902 0.29304 0.16416 -0.229724 0.23589 0.229175 0.94437 0.383012 
1535383199871 0.239155 0.928216 -0.284991 -0.607269 -0.9419 0.293069 0.164116 -0.229702 0.235857 0.229184 0.944376 0.383019 
1535383200075 0.239105 0.928267 -0.284867 -0.607138 -0.941887 0.293025 0.16427 -0.229633 0.235959 0.229035 0.944387 0.383046 
1535383200268 0.239145 0.928294 -0.284747 -0.606973 -0.941852 0.293066 0.164399 -0.229627 0.23606 0.228874 0.944401 0.383077 
1535383200467 0.239066 0.928359 -0.284599 -0.606887 -0.941819 0.293016 0.164676 -0.229504 0.23627 0.228673 0.944397 0.383099 
1535383200672 0.238994 0.928406 -0.284508 -0.606762 -0.941831 0.292937 0.164749 -0.229461 0.236297 0.228585 0.944411 0.383126 
1535383200875 0.238973 0.928448 -0.284388 -0.606616 -0.941792 0.292939 0.16497 -0.229419 0.236474 0.22841 0.944409 0.383146 
1535383200916 0.238763 0.928537 -0.284272 -0.606503 -0.941832 0.29273 0.16511 -0.229289 0.236526 0.228315 0.944419 0.383152 
1535383201194 0.238761 0.92854 -0.284267 -0.606491 -0.941834 0.292725 0.165107 -0.229288 0.23652 0.228311 0.944422 0.383151 
1535383201432 0.238866 0.928475 -0.28439 -0.606634 -0.941804 0.292851 0.165053 -0.229274 0.236532 0.228414 0.944394 0.383081 
1535383201652 0.23904 0.928526 -0.284075 -0.606606 -0.941813 0.292911 0.164902 -0.229339 0.236324 0.228127 0.944515 0.3831 
1535383201904 0.239061 0.928517 -0.284088 -0.606609 -0.941812 0.292928 0.164872 -0.229346 0.236303 0.228143 0.944516 0.383091 
1535383202162 0.239131 0.928528 -0.283993 -0.606596 -0.941815 0.292958 0.164802 -0.229353 0.236221 0.228059 0.944557 0.38308 
1535383202415 0.239313 0.92857 -0.283703 -0.606559 -0.941824 0.293028 0.16463 -0.229385 0.236003 0.2278 0.944674 0.38312 
1535383202657 0.239304 0.928599 -0.283617 -0.60657 -0.941824 0.293005 0.164666 -0.22932 0.23601 0.227712 0.944694 0.383085 
1535383202907 0.239341 0.928602 -0.283574 -0.60657 -0.941823 0.293025 0.164636 -0.229297 0.235976 0.227672 0.944712 0.383054 
1535383203158 0.239405 0.928668 -0.283305 -0.606539 -0.941854 0.292993 0.164518 -0.229294 0.235789 0.227446 0.944813 0.383034 
1535383203194 0.239405 0.928668 -0.283305 -0.606539 -0.941854 0.292993 0.164518 -0.229294 0.235789 0.227446 0.944813 0.383034 
1535383203344 0.239408 0.92866 -0.283327 -0.606572 -0.941852 0.293001 0.164513 -0.229216 0.235792 0.227466 0.944807 0.383004 
1535383204218 0.235819 0.928018 -0.288396 -0.591913 -0.942292 0.29093 0.165667 -0.222775 0.237645 0.232686 0.94307 0.392827 
1535383205206 0.232745 0.927149 -0.293641 -0.577091 -0.942594 0.289397 0.166632 -0.216247 0.239471 0.238001 0.941281 0.402924 
1535383206174 0.229633 0.926233 -0.298932 -0.562264 -0.942926 0.287823 0.167477 -0.209789 0.241162 0.243413 0.939463 0.413085 
1535383207109 0.226477 0.925279 -0.304248 -0.547452 -0.943246 0.286242 0.168384 -0.203294 0.242891 0.248845 0.937593 0.423149 
1535383208045 0.223358 0.924166 -0.309885 -0.532589 -0.943553 0.284766 0.169163 -0.196883 0.244579 0.254609 0.935604 0.433154 
1535383208976 0.220428 0.923109 -0.31509 -0.517787 -0.94378 0.283435 0.17013 -0.190426 0.246356 0.259874 0.933689 0.443249 
1535383209895 0.217379 0.922015 -0.320367 -0.502941 -0.944053 0.281994 0.171008 -0.184046 0.248013 0.26527 0.93173 0.453409 
1535383209915 0.217553 0.921963 -0.320398 -0.502867 -0.944018 0.282158 0.170928 -0.184102 0.247992 0.265276 0.931734 0.453501 
1535383213699 0.211881 0.919491 -0.331123 -0.472859 -0.944424 0.279779 0.17259 -0.171309 0.251337 0.276152 0.927669 0.474087 
1535383214330 0.20957 0.920176 -0.330692 -0.473237 -0.945316 0.277112 0.172006 -0.171638 0.249915 0.276561 0.927931 0.47367 
1535383214894 0.207872 0.920702 -0.330299 -0.473364 -0.946159 0.274923 0.170881 -0.172264 0.248137 0.276994 0.928279 0.473473 
1535383215518 0.206212 0.921272 -0.32975 -0.473391 -0.947003 0.272723 0.169729 -0.172979 0.246297 0.277274 0.928686 0.473397 
1535383216126 0.204493 0.921851 -0.329201 -0.473387 -0.947883 0.270433 0.168478 -0.173722 0.244339 0.277592 0.929108 0.473327 
1535383216745 0.202731 0.922408 -0.328729 -0.473433 -0.948719 0.268168 0.167388 -0.17437 0.242555 0.277937 0.929472 0.473232 
1535383217308 0.201013 0.922927 -0.328329 -0.473473 -0.949528 0.265969 0.166303 -0.175075 0.240811 0.278329 0.929808 0.473113 
1535383217911 0.199227 0.923487 -0.327841 -0.473503 -0.950386 0.263642 0.165104 -0.175768 0.238904 0.278683 0.930194 0.473035 
1535383218487 0.197429 0.92403 -0.327398 -0.473537 -0.951219 0.261336 0.163971 -0.176453 0.237075 0.279055 0.93055 0.47295 
1535383219075 0.195673 0.924555 -0.326972 -0.473571 -0.952023 0.259086 0.162871 -0.177133 0.235297 0.279416 0.930893 0.472862 
1535383219112 0.195663 0.924633 -0.326757 -0.473566 -0.952172 0.258864 0.162352 -0.177493 0.234702 0.279363 0.931059 0.472789 
1535383219292 0.195662 0.924633 -0.326758 -0.473566 -0.952173 0.258862 0.162348 -0.177494 0.234698 0.279364 0.93106 0.472788 
1535383219497 0.195503 0.924621 -0.326887 -0.473573 -0.952169 0.258779 0.162503 -0.177365 0.234845 0.279482 0.930988 0.472813 
1535383219706 0.195033 0.924702 -0.326939 -0.473595 -0.952276 0.258334 0.162588 -0.177262 0.234805 0.279626 0.930955 0.472826 
1535383219925 0.194932 0.924775 -0.326791 -0.473586 -0.952354 0.258144 0.162431 -0.17738 0.234571 0.279557 0.931034 0.472827 
1535383220121 0.194802 0.924798 -0.326803 -0.4736 -0.95242 0.257976 0.162308 -0.17749 0.234409 0.279636 0.931051 0.472818 
1535383220331 0.19469 0.924861 -0.326694 -0.473605 -0.952502 0.257782 0.16214 -0.177576 0.234172 0.279609 0.931119 0.472818 
1535383220532 0.194485 0.924942 -0.326586 -0.473611 -0.952585 0.25752 0.162064 -0.177667 0.234003 0.279582 0.931169 0.47281 
1535383220752 0.194367 0.92498 -0.326549 -0.473613 -0.952662 0.25734 0.161899 -0.177791 0.233788 0.279622 0.931211 0.472791 
1535383220960 0.194269 0.925033 -0.326456 -0.473586 -0.95275 0.25715 0.161685 -0.177933 0.233512 0.279621 0.931281 0.472784 
1535383220983 0.194269 0.925033 -0.326456 -0.473586 -0.95275 0.25715 0.161685 -0.177933 0.233512 0.279621 0.931281 0.472784 
1535383221195 0.193995 0.925121 -0.326371 -0.473586 -0.952883 0.256785 0.16148 -0.178021 0.233196 0.279667 0.931346 0.472761 
1535383221400 0.194399 0.925031 -0.326386 -0.473591 -0.952771 0.257203 0.161476 -0.178025 0.233318 0.27958 0.931342 0.472745 
1535383221610 0.194329 0.925014 -0.326475 -0.473602 -0.952758 0.257185 0.161579 -0.178012 0.233427 0.279653 0.931293 0.472745 
1535383221812 0.194229 0.925036 -0.326472 -0.473601 -0.952784 0.257084 0.161588 -0.178011 0.233405 0.279672 0.931292 0.472745 
1535383222024 0.19417 0.925052 -0.326461 -0.4736 -0.952803 0.257019 0.161581 -0.178013 0.233378 0.279679 0.931297 0.472746 
1535383222243 0.194123 0.925077 -0.326418 -0.473596 -0.952826 0.256951 0.161551 -0.178019 0.23332 0.279659 0.931318 0.472748 
1535383222448 0.193938 0.925125 -0.326393 -0.473595 -0.952885 0.256746 0.161528 -0.178025 0.233233 0.279689 0.93133 0.472749 
1535383222669 0.193861 0.925145 -0.326381 -0.473596 -0.952911 0.256659 0.161512 -0.178032 0.233191 0.279702 0.931337 0.472749 
1535383222878 0.193836 0.925172 -0.32632 -0.47359 -0.952933 0.256605 0.161469 -0.17804 0.233122 0.279663 0.931366 0.472752 
1535383222912 0.193836 0.925172 -0.32632 -0.47359 -0.952933 0.256605 0.161469 -0.17804 0.233122 0.279663 0.931366 0.472752 
1535383222928 0.193788 0.925204 -0.326257 -0.473583 -0.952963 0.256525 0.161422 -0.178051 0.233041 0.279629 0.931397 0.472755 
1535383223154 0.193782 0.925206 -0.326254 -0.473583 -0.952965 0.256517 0.16142 -0.178051 0.233037 0.279629 0.931398 0.472755 
1535383223359 0.193772 0.92521 -0.326249 -0.473583 -0.952968 0.256506 0.16142 -0.178051 0.233032 0.279626 0.9314 0.472755 
1535383223581 0.193772 0.925211 -0.326246 -0.473582 -0.952968 0.256505 0.161421 -0.178051 0.233032 0.279624 0.9314 0.472755 
1535383223809 0.193768 0.925212 -0.326245 -0.473582 -0.952969 0.256501 0.161421 -0.178052 0.233031 0.279623 0.931401 0.472755 
1535383224011 0.193762 0.925214 -0.326243 -0.473582 -0.952971 0.256494 0.16142 -0.178052 0.233028 0.279623 0.931402 0.472755 
1535383224211 0.193756 0.925216 -0.326241 -0.473582 -0.952973 0.256487 0.16142 -0.178052 0.233025 0.279623 0.931402 0.472755 
1535383224419 0.193751 0.925218 -0.32624 -0.473582 -0.952975 0.256481 0.161418 -0.178053 0.233022 0.279624 0.931403 0.472755 
1535383224636 0.193748 0.925219 -0.32624 -0.473582 -0.952977 0.256477 0.161416 -0.178055 0.233018 0.279625 0.931404 0.472755 
1535383224666 0.193747 0.925219 -0.32624 -0.473583 -0.952978 0.256475 0.161412 -0.178057 0.233014 0.279626 0.931404 0.472755 
1535383224886 0.193747 0.925219 -0.32624 -0.473583 -0.952978 0.256475 0.161412 -0.178057 0.233014 0.279626 0.931404 0.472755 
1535383225103 0.193746 0.92522 -0.326237 -0.473583 -0.952978 0.256473 0.161412 -0.178057 0.233013 0.279624 0.931405 0.472755 
1535383225338 0.193747 0.92522 -0.326235 -0.473583 -0.952978 0.256473 0.161411 -0.178057 0.233012 0.279622 0.931406 0.472755 
1535383225565 0.193747 0.925221 -0.326233 -0.473582 -0.952979 0.256473 0.161411 -0.178058 0.23301 0.27962 0.931407 0.472755 
1535383225790 0.193747 0.925222 -0.326232 -0.473582 -0.952979 0.256472 0.16141 -0.178058 0.233009 0.279619 0.931407 0.472755 
1535383226018 0.193746 0.925222 -0.326231 -0.473582 -0.952979 0.256471 0.161409 -0.178058 0.233008 0.279619 0.931408 0.472755 
1535383226242 0.193745 0.925223 -0.32623 -0.473582 -0.95298 0.25647 0.161409 -0.178058 0.233007 0.279619 0.931408 0.472755 
1535383226464 0.193745 0.925223 -0.32623 -0.473582 -0.95298 0.256469 0.161408 -0.178059 0.233006 0.279619 0.931408 0.472755 
1535383226706 0.193745 0.925223 -0.32623 -0.473582 -0.95298 0.256469 0.161407 -0.17806 0.233005 0.279619 0.931409 0.472755 
1535383226733 0.193746 0.925222 -0.326231 -0.473583 -0.952981 0.25647 0.161404 -0.178062 0.233003 0.27962 0.931409 0.472755 
1535383226994 0.193747 0.925222 -0.326231 -0.473583 -0.95298 0.25647 0.161404 -0.178062 0.233003 0.27962 0.931409 0.472755 
1535383227220 0.193745 0.925223 -0.32623 -0.473583 -0.952981 0.256469 0.161405 -0.178061 0.233004 0.279619 0.931409 0.472755 
1535383227446 0.193746 0.925223 -0.326229 -0.473583 -0.952981 0.256469 0.161405 -0.178061 0.233004 0.279618 0.931409 0.472755 
1535383227681 0.193746 0.925223 -0.326228 -0.473582 -0.952981 0.256469 0.161405 -0.178061 0.233003 0.279618 0.931409 0.472755 
1535383227907 0.193746 0.925223 -0.326228 -0.473582 -0.952981 0.256469 0.161405 -0.178062 0.233003 0.279618 0.93141 0.472755 
1535383228138 0.193746 0.925223 -0.326228 -0.473582 -0.952981 0.256469 0.161405 -0.178062 0.233003 0.279618 0.93141 0.472755 
1535383228375 0.193745 0.925223 -0.326227 -0.473582 -0.952981 0.256468 0.161404 -0.178062 0.233002 0.279617 0.93141 0.472755 
1535383228618 0.193745 0.925224 -0.326227 -0.473582 -0.952981 0.256467 0.161404 -0.178062 0.233001 0.279617 0.93141 0.472755 
1535383228860 0.193745 0.925223 -0.326228 -0.473582 -0.952981 0.256467 0.161403 -0.178063 0.233001 0.279618 0.93141 0.472755 
1535383228887 0.193745 0.925223 -0.326228 -0.473582 -0.952981 0.256467 0.161403 -0.178063 0.233001 0.279618 0.93141 0.472755 
1535383229145 0.193746 0.925223 -0.326228 -0.473583 -0.952982 0.256468 0.161401 -0.178064 0.232999 0.279619 0.93141 0.472755 
1535383229389 0.193745 0.925224 -0.326227 -0.473583 -0.952982 0.256467 0.161403 -0.178064 0.233 0.279618 0.93141 0.472755 
1535383229676 0.193745 0.925224 -0.326227 -0.473583 -0.952982 0.256467 0.161403 -0.178064 0.233 0.279617 0.93141 0.472755 
1535383229930 0.193745 0.925224 -0.326227 -0.473583 -0.952982 0.256467 0.161403 -0.178064 0.233 0.279617 0.93141 0.472755 
1535383230205 0.193745 0.925224 -0.326227 -0.473583 -0.952982 0.256467 0.161402 -0.178064 0.233 0.279617 0.93141 0.472755 
1535383230470 0.193745 0.925224 -0.326227 -0.473583 -0.952982 0.256466 0.161402 -0.178064 0.232999 0.279617 0.931411 0.472755 
1535383230736 0.193744 0.925224 -0.326226 -0.473583 -0.952982 0.256466 0.161402 -0.178064 0.232999 0.279617 0.931411 0.472755 
1535383230981 0.193744 0.925224 -0.326226 -0.473583 -0.952982 0.256465 0.161401 -0.178065 0.232998 0.279617 0.931411 0.472755 
1535383231235 0.193744 0.925224 -0.326227 -0.473583 -0.952982 0.256465 0.161401 -0.178065 0.232998 0.279618 0.931411 0.472755 
1535383231262 0.193744 0.925224 -0.326227 -0.473583 -0.952982 0.256466 0.1614 -0.178066 0.232997 0.279618 0.931411 0.472755 
1535383231538 0.193745 0.925224 -0.326227 -0.473583 -0.952982 0.256466 0.1614 -0.178066 0.232997 0.279618 0.931411 0.472755 
1535383231829 0.193743 0.925224 -0.326226 -0.473583 -0.952983 0.256465 0.161401 -0.178065 0.232997 0.279617 0.931411 0.472755 
1535383232105 0.193743 0.925224 -0.326226 -0.473583 -0.952983 0.256465 0.161401 -0.178065 0.232997 0.279617 0.931411 0.472755 
1535383232387 0.193743 0.925224 -0.326226 -0.473583 -0.952983 0.256464 0.161401 -0.178065 0.232997 0.279617 0.931411 0.472755 
1535383232654 0.193743 0.925224 -0.326226 -0.473583 -0.952983 0.256464 0.161401 -0.178065 0.232997 0.279617 0.931411 0.472755 
1535383232912 0.193743 0.925225 -0.326225 -0.473583 -0.952983 0.256464 0.1614 -0.178066 0.232997 0.279617 0.931411 0.472755 
1535383233190 0.193743 0.925225 -0.326225 -0.473583 -0.952983 0.256463 0.1614 -0.178066 0.232996 0.279617 0.931411 0.472755 
1535383233460 0.193743 0.925225 -0.326225 -0.473583 -0.952983 0.256463 0.1614 -0.178066 0.232996 0.279617 0.931411 0.472755 
1535383233719 0.193742 0.925225 -0.326226 -0.473583 -0.952983 0.256463 0.161399 -0.178066 0.232996 0.279618 0.931411 0.472755 
1535383233746 0.193742 0.925225 -0.326226 -0.473583 -0.952983 0.256463 0.161399 -0.178066 0.232996 0.279618 0.931411 0.472755 
1535383233939 0.193743 0.925224 -0.326226 -0.473583 -0.952983 0.256463 0.161399 -0.178067 0.232995 0.279618 0.931411 0.472755 
1535383234151 0.193741 0.925225 -0.326226 -0.473583 -0.952983 0.256462 0.1614 -0.178066 0.232995 0.279618 0.931411 0.472755 
1535383234372 0.193742 0.925225 -0.326225 -0.473583 -0.952983 0.256462 0.1614 -0.178067 0.232995 0.279617 0.931411 0.472755 
1535383234604 0.193742 0.925225 -0.326225 -0.473583 -0.952983 0.256462 0.1614 -0.178067 0.232995 0.279617 0.931411 0.472755 
1535383234820 0.193742 0.925225 -0.326225 -0.473583 -0.952983 0.256462 0.161399 -0.178067 0.232995 0.279618 0.931411 0.472755 
1535383235035 0.193741 0.925225 -0.326225 -0.473583 -0.952984 0.256462 0.161399 -0.178067 0.232995 0.279617 0.931412 0.472755 
