1534334350604 0.0968144 0.863205 -0.495484 -0.405455 -0.96321 0.206654 0.171816 -0.232586 0.250706 0.460621 0.851455 0.488653 
1534334354863 0.0968147 0.863205 -0.495484 -0.405455 -0.96321 0.206654 0.171816 -0.232586 0.250706 0.460621 0.851455 0.488653 
1534334356720 0.0986202 0.862832 -0.495777 -0.430984 -0.963324 0.207719 0.169882 -0.234597 0.249562 0.46084 0.851672 0.482351 
1534334357584 0.100864 0.862215 -0.496399 -0.447481 -0.963291 0.209404 0.167988 -0.23146 0.248789 0.461233 0.851685 0.474177 
1534334358507 0.103974 0.861929 -0.496253 -0.467714 -0.963129 0.211741 0.165975 -0.230722 0.248136 0.460699 0.852165 0.465905 
1534334359427 0.107174 0.861433 -0.496434 -0.48798 -0.963012 0.2141 0.163612 -0.230136 0.247227 0.460537 0.852517 0.45756 
1534334360337 0.110022 0.861033 -0.496504 -0.508233 -0.9629 0.216179 0.161524 -0.229445 0.246412 0.460313 0.852874 0.449233 
1534334361232 0.112953 0.860682 -0.496455 -0.528314 -0.962803 0.218246 0.159307 -0.228827 0.245462 0.459994 0.853319 0.440883 
1534334362156 0.115212 0.860489 -0.496271 -0.548723 -0.962924 0.219433 0.156929 -0.228234 0.243934 0.459791 0.853867 0.432723 
1534334363071 0.118145 0.859772 -0.496823 -0.56916 -0.962781 0.221666 0.154653 -0.227872 0.243096 0.46006 0.853961 0.424602 
1534334364024 0.121192 0.85921 -0.497062 -0.589628 -0.962627 0.223917 0.152353 -0.227433 0.242204 0.460021 0.854235 0.416582 
1534334364051 0.120987 0.859098 -0.497306 -0.58988 -0.962688 0.223715 0.15226 -0.227245 0.242061 0.460329 0.85411 0.416445 
1534334364368 0.121348 0.859326 -0.496822 -0.591455 -0.96262 0.223984 0.152293 -0.227271 0.242149 0.459771 0.854385 0.415994 
1534334364675 0.121649 0.859192 -0.496981 -0.593489 -0.962597 0.224244 0.152056 -0.227293 0.24209 0.459895 0.854335 0.415138 
1534334365009 0.121926 0.859153 -0.496981 -0.595561 -0.962561 0.224485 0.15193 -0.227237 0.242096 0.45985 0.854358 0.414378 
1534334365322 0.122225 0.859113 -0.496977 -0.597653 -0.962581 0.224633 0.151584 -0.227172 0.241865 0.459854 0.854421 0.413497 
1534334365645 0.122465 0.858991 -0.497129 -0.599752 -0.962574 0.224823 0.151346 -0.227081 0.241771 0.459989 0.854375 0.412675 
1534334365959 0.122725 0.858944 -0.497145 -0.601884 -0.962579 0.224978 0.151083 -0.226952 0.241619 0.46 0.854412 0.411867 
1534334366275 0.122964 0.85887 -0.497215 -0.603979 -0.962582 0.225133 0.150834 -0.226869 0.241486 0.460063 0.854416 0.410988 
1534334366588 0.123273 0.858806 -0.497248 -0.606033 -0.962558 0.225376 0.150622 -0.226837 0.241423 0.460062 0.854434 0.410197 
1534334366917 0.123642 0.858693 -0.497352 -0.608146 -0.962556 0.225627 0.15026 -0.226793 0.241243 0.460151 0.854437 0.409328 
1534334366934 0.123632 0.858668 -0.497397 -0.60827 -0.962561 0.225619 0.150238 -0.226778 0.241227 0.460201 0.854415 0.409261 
1534334366950 0.123556 0.858632 -0.497479 -0.608365 -0.962579 0.225552 0.150226 -0.22673 0.241196 0.460302 0.854369 0.409194 
1534334367095 0.123878 0.858923 -0.496896 -0.608426 -0.962563 0.225681 0.150136 -0.226685 0.241095 0.459695 0.854724 0.40906 
1534334367149 0.124193 0.859239 -0.496271 -0.608337 -0.962517 0.225854 0.15017 -0.22682 0.241116 0.45902 0.855081 0.408967 
1534334367252 0.124311 0.859456 -0.495864 -0.608458 -0.962499 0.225891 0.15023 -0.226806 0.241128 0.458594 0.855307 0.408702 
1534334367310 0.124727 0.859811 -0.495145 -0.608579 -0.962466 0.226086 0.150149 -0.226866 0.241045 0.457832 0.855738 0.408524 
1534334367409 0.124701 0.860046 -0.494743 -0.608729 -0.962496 0.225943 0.150173 -0.226723 0.240939 0.457461 0.855966 0.408209 
1534334367472 0.125018 0.860486 -0.493897 -0.60885 -0.962448 0.226082 0.150269 -0.226801 0.240966 0.456564 0.856437 0.408087 
1534334367566 0.125319 0.860546 -0.493717 -0.608924 -0.96243 0.226272 0.150099 -0.226833 0.240881 0.456358 0.856571 0.407718 
1534334367635 0.125865 0.860991 -0.492801 -0.609047 -0.962334 0.226631 0.150168 -0.226912 0.240978 0.455339 0.857086 0.407616 
1534334367658 0.125816 0.861002 -0.492794 -0.609083 -0.962353 0.226565 0.15015 -0.226886 0.24093 0.45535 0.857093 0.407513 
1534334367675 0.125757 0.860991 -0.492829 -0.609105 -0.962373 0.226495 0.150124 -0.22686 0.240879 0.455406 0.857078 0.407421 
1534334367692 0.125723 0.860996 -0.492828 -0.609125 -0.962387 0.226448 0.150106 -0.226843 0.24084 0.45542 0.857081 0.40735 
1534334367820 0.125579 0.861313 -0.492312 -0.609201 -0.962399 0.226246 0.150335 -0.226967 0.240869 0.454921 0.857338 0.407294 
1534334367836 0.125326 0.861337 -0.492334 -0.609203 -0.962444 0.226008 0.150405 -0.227013 0.240821 0.454994 0.857313 0.407306 
1534334367922 0.125059 0.861126 -0.49277 -0.609221 -0.96241 0.225983 0.150664 -0.227303 0.241098 0.455405 0.857017 0.407288 
1534334367972 0.124991 0.861152 -0.492741 -0.609284 -0.962432 0.225893 0.150652 -0.227469 0.241041 0.4554 0.857036 0.407181 
1534334368007 0.124733 0.86123 -0.49267 -0.609356 -0.962472 0.225644 0.15077 -0.227563 0.241016 0.455375 0.857056 0.407103 
1534334368060 0.124351 0.861253 -0.492728 -0.609427 -0.962512 0.225342 0.15097 -0.227656 0.241056 0.455483 0.856987 0.406911 
1534334368123 0.123918 0.861286 -0.49278 -0.609502 -0.962578 0.224955 0.151123 -0.227765 0.241013 0.455612 0.856931 0.406713 
1534334368139 0.123863 0.86132 -0.492733 -0.609532 -0.962584 0.224903 0.151166 -0.227812 0.241019 0.455573 0.85695 0.40669 
1534334368157 0.123815 0.86135 -0.492693 -0.609561 -0.962588 0.224858 0.151207 -0.227858 0.241028 0.455539 0.856966 0.406666 
1534334368218 0.123714 0.861422 -0.492593 -0.609647 -0.962588 0.224777 0.151326 -0.228001 0.241079 0.455443 0.857002 0.406576 
1534334368311 0.122982 0.861338 -0.492922 -0.609437 -0.962664 0.224233 0.151646 -0.228148 0.241148 0.455869 0.856756 0.4066 
1534334368365 0.122625 0.861202 -0.493249 -0.609303 -0.962647 0.2241 0.151954 -0.228458 0.241401 0.456191 0.856513 0.406704 
1534334368467 0.121893 0.861099 -0.49361 -0.609253 -0.96264 0.223718 0.152559 -0.228654 0.241798 0.456573 0.856198 0.406664 
1534334368513 0.121285 0.861168 -0.493639 -0.609232 -0.962708 0.223214 0.15287 -0.228773 0.241834 0.456689 0.856126 0.406671 
1534334368616 0.120892 0.861029 -0.493978 -0.609115 -0.962627 0.22318 0.153428 -0.229216 0.242352 0.456968 0.85583 0.406639 
1534334368667 0.12043 0.86101 -0.494123 -0.609057 -0.962653 0.222866 0.153721 -0.229451 0.242479 0.457157 0.855694 0.406632 
1534334368766 0.12008 0.860876 -0.494442 -0.608942 -0.962621 0.222763 0.154072 -0.229828 0.24278 0.457459 0.855446 0.406593 
1534334368788 0.119902 0.860857 -0.494519 -0.608925 -0.962639 0.22263 0.15415 -0.229881 0.242796 0.45756 0.855388 0.406581 
1534334368807 0.119679 0.860844 -0.494595 -0.608901 -0.96266 0.222463 0.154259 -0.229946 0.242823 0.457665 0.855324 0.406568 
1534334368945 0.119156 0.860686 -0.494996 -0.608747 -0.962671 0.222185 0.154594 -0.230026 0.243037 0.458097 0.855032 0.406478 
1534334368986 0.11898 0.860746 -0.494935 -0.608552 -0.962704 0.222 0.154652 -0.229962 0.242991 0.458075 0.855057 0.406478 
1534334369091 0.118847 0.860911 -0.49468 -0.608224 -0.962619 0.22203 0.155137 -0.230152 0.243392 0.45775 0.855117 0.406711 
1534334369140 0.11831 0.860815 -0.494975 -0.607981 -0.962681 0.221627 0.15533 -0.23025 0.24341 0.458126 0.854911 0.406636 
1534334369243 0.117881 0.860766 -0.495162 -0.607629 -0.962639 0.221467 0.155817 -0.230516 0.243784 0.458294 0.854714 0.406602 
1534334369291 0.117438 0.860715 -0.495357 -0.607402 -0.96268 0.221143 0.156021 -0.230577 0.243834 0.458548 0.854564 0.4066 
1534334369392 0.116856 0.860779 -0.495383 -0.607121 -0.962669 0.2208 0.156578 -0.230703 0.244159 0.458592 0.854447 0.406761 
1534334369443 0.116226 0.860759 -0.495566 -0.606899 -0.962759 0.220262 0.156779 -0.230732 0.244104 0.458889 0.854303 0.406725 
1534334369463 0.116183 0.860737 -0.495615 -0.606821 -0.962752 0.220257 0.15683 -0.23077 0.244152 0.458933 0.854266 0.406722 
1534334369480 0.116195 0.86072 -0.49564 -0.606753 -0.962732 0.220307 0.156884 -0.230824 0.244226 0.45894 0.854241 0.406732 
1534334369643 0.115486 0.860832 -0.495612 -0.606377 -0.962818 0.219687 0.157224 -0.230869 0.244223 0.459027 0.854195 0.406749 
1534334369699 0.115125 0.86093 -0.495527 -0.606162 -0.962894 0.219298 0.157301 -0.230786 0.244093 0.45903 0.85423 0.406828 
1534334369805 0.114995 0.860945 -0.49553 -0.605836 -0.962918 0.21917 0.157332 -0.230969 0.24406 0.459062 0.854223 0.406978 
1534334369851 0.114536 0.860971 -0.49559 -0.60558 -0.963033 0.218672 0.157323 -0.230992 0.243822 0.45925 0.854189 0.406949 
1534334369975 0.114153 0.861166 -0.49534 -0.605308 -0.963041 0.218364 0.157698 -0.230996 0.243969 0.459031 0.854266 0.407151 
1534334370022 0.113655 0.86117 -0.495448 -0.605071 -0.963162 0.217837 0.157689 -0.230984 0.243724 0.459275 0.854204 0.407075 
1534334370139 0.113554 0.861292 -0.49526 -0.604698 -0.963182 0.217701 0.157757 -0.231219 0.243693 0.459111 0.854301 0.407231 
1534334370159 0.11339 0.861302 -0.495279 -0.604604 -0.963214 0.217538 0.157783 -0.231193 0.243641 0.459169 0.854285 0.407228 
1534334370175 0.113268 0.861311 -0.495291 -0.60454 -0.963235 0.217423 0.157816 -0.231174 0.243617 0.459206 0.854272 0.407231 
1534334370193 0.113142 0.861317 -0.49531 -0.604472 -0.963253 0.217311 0.157861 -0.231158 0.243605 0.459248 0.854253 0.407238 
1534334370358 0.113257 0.861402 -0.495135 -0.604333 -0.963278 0.217305 0.157713 -0.231257 0.243449 0.459091 0.854382 0.407269 
1534334370400 0.113043 0.861271 -0.495413 -0.604181 -0.963358 0.217068 0.157552 -0.231197 0.243233 0.45945 0.85425 0.40716 
1534334370504 0.112933 0.861459 -0.495111 -0.603928 -0.963379 0.216902 0.15765 -0.231227 0.2432 0.459176 0.854407 0.407348 
1534334370549 0.112684 0.861455 -0.495174 -0.60374 -0.96346 0.216602 0.157574 -0.231213 0.242998 0.459324 0.854385 0.407321 
1534334370692 0.112146 0.86158 -0.495079 -0.603335 -0.96361 0.215953 0.157542 -0.231152 0.242649 0.459395 0.854446 0.407354 
1534334370728 0.111879 0.861597 -0.49511 -0.603153 -0.963678 0.215659 0.157532 -0.231089 0.242504 0.459502 0.854429 0.407379 
1534334370749 0.111826 0.861637 -0.495053 -0.60308 -0.963691 0.215589 0.157546 -0.231102 0.242475 0.459461 0.85446 0.407433 
1534334370765 0.111841 0.861693 -0.494952 -0.603044 -0.963687 0.215588 0.157574 -0.231131 0.242487 0.459355 0.854513 0.407495 
1534334370783 0.111864 0.861737 -0.494869 -0.603016 -0.963684 0.215594 0.157585 -0.231167 0.242487 0.459269 0.854559 0.407538 
1534334370898 0.111359 0.861608 -0.495207 -0.60281 -0.963696 0.215306 0.157901 -0.231167 0.24267 0.459646 0.854305 0.407366 
1534334370929 0.110904 0.861577 -0.495365 -0.602748 -0.963632 0.215164 0.158488 -0.231172 0.243134 0.459772 0.854105 0.407317 
1534334370991 0.11055 0.861648 -0.49532 -0.60267 -0.963515 0.215148 0.159219 -0.231231 0.243758 0.459647 0.853995 0.407403 
1534334371047 0.110065 0.861762 -0.495229 -0.602496 -0.963474 0.214894 0.15981 -0.231285 0.24414 0.45955 0.853937 0.407481 
1534334371092 0.109614 0.861702 -0.495434 -0.602325 -0.963439 0.214704 0.160272 -0.231352 0.244479 0.459753 0.853732 0.407441 
1534334371143 0.109224 0.861662 -0.495589 -0.60215 -0.96338 0.214591 0.160779 -0.231449 0.244887 0.459879 0.853547 0.407454 
1534334371207 0.108936 0.861724 -0.495546 -0.601945 -0.963291 0.214563 0.161351 -0.23158 0.245365 0.459778 0.853464 0.407589 
1534334371224 0.108802 0.861753 -0.495524 -0.601885 -0.963272 0.214506 0.161535 -0.231601 0.245496 0.45975 0.853441 0.407625 
1534334371240 0.108675 0.861772 -0.495519 -0.601835 -0.963263 0.214438 0.161678 -0.231612 0.245588 0.459745 0.853417 0.407641 
1534334371257 0.108513 0.861786 -0.495529 -0.601787 -0.963265 0.214331 0.161809 -0.231618 0.245652 0.459768 0.853387 0.407642 
1534334371274 0.108278 0.861799 -0.495558 -0.601732 -0.963269 0.214176 0.161991 -0.231618 0.24574 0.459816 0.853335 0.407629 
1534334371389 0.108136 0.861664 -0.495824 -0.601596 -0.963253 0.214165 0.162105 -0.231698 0.245868 0.460074 0.853159 0.407622 
1534334371424 0.108057 0.861375 -0.496343 -0.601535 -0.963294 0.214132 0.161899 -0.231655 0.245739 0.46063 0.852896 0.407561 
1534334371466 0.107923 0.861281 -0.496535 -0.601447 -0.963312 0.214048 0.161907 -0.231592 0.24573 0.460845 0.852783 0.407587 
1534334371539 0.10775 0.861238 -0.496647 -0.601281 -0.963245 0.214081 0.162257 -0.231628 0.246065 0.46091 0.852651 0.407677 
1534334371581 0.107499 0.861083 -0.496971 -0.601133 -0.963251 0.213967 0.162374 -0.231679 0.246153 0.461253 0.85244 0.407622 
1534334371624 0.107259 0.860977 -0.497206 -0.600994 -0.96325 0.213857 0.162526 -0.231717 0.246262 0.461501 0.852274 0.407625 
1534334371647 0.10719 0.860953 -0.497262 -0.600944 -0.963239 0.213843 0.16261 -0.231726 0.246336 0.461552 0.852225 0.40765 
1534334371664 0.107128 0.860933 -0.49731 -0.600905 -0.963231 0.213827 0.162679 -0.23173 0.246394 0.461597 0.852184 0.407667 
1534334371681 0.10705 0.860912 -0.497364 -0.600864 -0.963223 0.2138 0.162758 -0.231729 0.246457 0.46165 0.852138 0.407683 
1534334371697 0.106951 0.860893 -0.497419 -0.60082 -0.963215 0.213761 0.162858 -0.231721 0.246532 0.461704 0.852087 0.407704 
1534334371715 0.106853 0.860883 -0.497456 -0.600786 -0.963209 0.213715 0.162952 -0.231709 0.246597 0.461743 0.852047 0.407724 
1534334371776 0.10679 0.860907 -0.497428 -0.600735 -0.963216 0.213656 0.16299 -0.231716 0.246598 0.461725 0.852056 0.407721 
1534334371792 0.106832 0.861003 -0.497253 -0.60072 -0.963226 0.213632 0.162963 -0.231735 0.246541 0.461558 0.852163 0.407706 
1534334371857 0.106886 0.861147 -0.496992 -0.600574 -0.963306 0.213468 0.162706 -0.231798 0.246206 0.461364 0.852365 0.407586 
1534334371878 0.106842 0.861085 -0.497109 -0.600487 -0.963343 0.213391 0.162585 -0.231812 0.246078 0.461516 0.85232 0.407508 
1534334371903 0.106799 0.861015 -0.497239 -0.600386 -0.96338 0.213319 0.162463 -0.231832 0.245954 0.461679 0.852267 0.407436 
1534334371920 0.106798 0.860995 -0.497275 -0.600327 -0.963391 0.213304 0.162416 -0.231851 0.24591 0.461724 0.852255 0.407426 
1534334371937 0.1068 0.861 -0.497265 -0.600275 -0.963393 0.213301 0.162411 -0.231872 0.245903 0.461716 0.852262 0.407439 
1534334371954 0.106757 0.861043 -0.497199 -0.600221 -0.963375 0.213293 0.162525 -0.231898 0.24599 0.461639 0.852278 0.40748 
1534334371970 0.106675 0.861124 -0.497077 -0.60018 -0.96336 0.213245 0.16268 -0.231899 0.246087 0.461511 0.85232 0.407524 
1534334371987 0.106589 0.861201 -0.496962 -0.600148 -0.963355 0.213177 0.162799 -0.231881 0.246144 0.461398 0.852365 0.407554 
1534334372004 0.106542 0.861261 -0.496868 -0.600122 -0.96336 0.213119 0.162845 -0.23186 0.246144 0.461312 0.852411 0.407575 
1534334372020 0.10653 0.861302 -0.4968 -0.600099 -0.963371 0.213077 0.162834 -0.231849 0.246106 0.461256 0.852452 0.407582 
1534334372100 0.106715 0.861262 -0.49683 -0.600064 -0.963534 0.212897 0.162101 -0.231823 0.245385 0.461415 0.852574 0.407461 
1534334372116 0.106686 0.861342 -0.496698 -0.600015 -0.963585 0.212758 0.161982 -0.231798 0.245198 0.461329 0.852674 0.40742 
1534334372133 0.106636 0.861411 -0.496588 -0.599943 -0.963642 0.212596 0.161853 -0.231781 0.244994 0.461274 0.852763 0.407372 
1534334372153 0.106579 0.861485 -0.496473 -0.599865 -0.963706 0.212417 0.161707 -0.231768 0.244767 0.461219 0.852857 0.407329 
1534334372179 0.106484 0.861452 -0.496549 -0.5998 -0.963773 0.212244 0.161539 -0.231755 0.244548 0.461359 0.852845 0.407264 
1534334372199 0.106445 0.861456 -0.496551 -0.599776 -0.963809 0.21215 0.161445 -0.231751 0.244422 0.461395 0.852862 0.407244 
1534334372216 0.106436 0.861477 -0.496517 -0.599768 -0.963825 0.212107 0.161405 -0.23175 0.244362 0.461376 0.852889 0.407246 
1534334372233 0.106429 0.861525 -0.496435 -0.599748 -0.963842 0.212055 0.161372 -0.23175 0.244298 0.46131 0.852943 0.40725 
1534334372250 0.106438 0.861591 -0.496318 -0.599724 -0.963847 0.21203 0.161376 -0.231753 0.244274 0.461198 0.85301 0.407258 
1534334372272 0.106459 0.861677 -0.496165 -0.599685 -0.963845 0.21202 0.161403 -0.231766 0.244274 0.461043 0.853094 0.407279 
1534334372331 0.106297 0.861688 -0.49618 -0.599621 -0.963865 0.211878 0.161467 -0.231744 0.244264 0.461087 0.853073 0.407372 
1534334372351 0.106147 0.861635 -0.496304 -0.599572 -0.963896 0.211744 0.161456 -0.231722 0.244206 0.461247 0.853003 0.40738 
1534334372371 0.106008 0.861571 -0.496445 -0.599511 -0.963931 0.211614 0.16142 -0.231726 0.24413 0.461427 0.852928 0.407387 
1534334372386 0.105928 0.861536 -0.496522 -0.599456 -0.963954 0.211532 0.161388 -0.231746 0.244072 0.46153 0.852889 0.407402 
1534334372404 0.105855 0.861505 -0.496592 -0.599399 -0.963978 0.211453 0.161351 -0.231773 0.244011 0.461623 0.852856 0.407416 
1534334372421 0.105789 0.861484 -0.496643 -0.599351 -0.964 0.211377 0.161317 -0.231799 0.243951 0.461698 0.852832 0.407426 
1534334372491 0.105922 0.861676 -0.496281 -0.599251 -0.963994 0.211409 0.161314 -0.231863 0.243919 0.461325 0.853043 0.407504 
1534334372510 0.105921 0.86181 -0.496049 -0.599245 -0.964 0.211353 0.16135 -0.23185 0.243894 0.461101 0.853171 0.407503 
1534334372567 0.105558 0.86219 -0.495465 -0.599276 -0.963953 0.211093 0.161967 -0.231806 0.244236 0.460508 0.853394 0.407476 
1534334372594 0.105421 0.862349 -0.495217 -0.599252 -0.963948 0.210967 0.162165 -0.231788 0.244317 0.460268 0.8535 0.407457 
1534334372611 0.105361 0.862407 -0.495129 -0.599227 -0.963946 0.210914 0.162244 -0.231781 0.24435 0.460183 0.853536 0.407437 
1534334372631 0.105268 0.862448 -0.495078 -0.599184 -0.963948 0.210841 0.16233 -0.231775 0.244384 0.460142 0.853549 0.407393 
1534334372648 0.105189 0.862453 -0.495086 -0.59915 -0.963956 0.210775 0.162368 -0.231775 0.244386 0.460162 0.853538 0.407356 
1534334372664 0.105048 0.862477 -0.495074 -0.599098 -0.963978 0.210638 0.162414 -0.231782 0.24436 0.460179 0.853536 0.407321 
1534334372715 0.104859 0.862546 -0.494994 -0.598988 -0.963998 0.210461 0.162523 -0.23184 0.24436 0.460131 0.853561 0.407316 
1534334372767 0.104643 0.862591 -0.494962 -0.598893 -0.96401 0.210291 0.162675 -0.231892 0.244407 0.460125 0.853551 0.40744 
1534334372797 0.104362 0.86256 -0.495074 -0.598796 -0.964064 0.210025 0.162698 -0.23196 0.244315 0.460304 0.853482 0.40747 
1534334372823 0.104126 0.862512 -0.495208 -0.598696 -0.964108 0.209812 0.162711 -0.232022 0.244241 0.460492 0.853401 0.407499 
1534334372852 0.104034 0.862483 -0.495278 -0.598571 -0.964114 0.209753 0.162752 -0.23213 0.244257 0.460573 0.853353 0.407578 
1534334372877 0.103959 0.86247 -0.495316 -0.598494 -0.964108 0.209721 0.162827 -0.232175 0.244312 0.460611 0.853316 0.407637 
1534334372894 0.103841 0.86246 -0.495359 -0.598452 -0.96412 0.209628 0.162874 -0.232181 0.244314 0.460673 0.853283 0.40765 
1534334372911 0.1037 0.862453 -0.4954 -0.598419 -0.964139 0.209509 0.162919 -0.232177 0.2443 0.46074 0.85325 0.407656 
1534334372928 0.103475 0.862449 -0.495454 -0.598368 -0.96417 0.209311 0.162986 -0.232162 0.244271 0.460837 0.853206 0.407654 
1534334372962 0.103235 0.862587 -0.495263 -0.598266 -0.964216 0.209031 0.163078 -0.232134 0.244194 0.460705 0.8533 0.407659 
1534334373062 0.103149 0.862719 -0.495052 -0.598099 -0.964255 0.20886 0.163064 -0.232242 0.244075 0.460537 0.853425 0.407597 
1534334373091 0.10306 0.862743 -0.495029 -0.597934 -0.964314 0.208686 0.162941 -0.232289 0.243881 0.46057 0.853462 0.407496 
1534334373121 0.102883 0.862743 -0.495065 -0.597766 -0.964383 0.208445 0.16284 -0.232353 0.243683 0.460679 0.85346 0.407389 
1534334373235 0.102409 0.862905 -0.494882 -0.597403 -0.964464 0.207943 0.162999 -0.232495 0.24356 0.460603 0.853536 0.40748 
1534334373265 0.102105 0.862957 -0.494853 -0.597224 -0.964542 0.207588 0.162989 -0.232541 0.243378 0.460665 0.853554 0.407453 
1534334373282 0.101957 0.862981 -0.494842 -0.597131 -0.964579 0.207418 0.162986 -0.232582 0.243293 0.460697 0.853561 0.407448 
1534334373300 0.101951 0.862975 -0.494854 -0.597039 -0.964582 0.207412 0.16298 -0.232635 0.243286 0.460711 0.853555 0.407446 
1534334373371 0.101898 0.863133 -0.494589 -0.597018 -0.964547 0.207392 0.163208 -0.23263 0.243444 0.460424 0.853666 0.40752 
1534334373491 0.102169 0.863627 -0.49367 -0.596903 -0.964545 0.207402 0.16321 -0.232537 0.243341 0.459492 0.854197 0.407458 
1534334373527 0.102075 0.863761 -0.493454 -0.596725 -0.96457 0.207252 0.163254 -0.232588 0.243282 0.459307 0.854313 0.407382 
1534334373603 0.101938 0.863851 -0.493326 -0.59649 -0.964606 0.207069 0.163273 -0.232646 0.243196 0.459221 0.854384 0.407282 
1534334373654 0.101974 0.864133 -0.492825 -0.59637 -0.964622 0.206968 0.163307 -0.232666 0.243118 0.458736 0.854666 0.407352 
1534334373732 0.101671 0.864322 -0.492555 -0.59619 -0.96466 0.206644 0.163493 -0.232647 0.243094 0.458526 0.854786 0.407313 
1534334373755 0.101642 0.864394 -0.492434 -0.596118 -0.964673 0.206577 0.163499 -0.232672 0.243053 0.45842 0.854855 0.407302 
1534334373770 0.101629 0.864431 -0.492373 -0.596076 -0.96468 0.206544 0.163501 -0.232687 0.243032 0.458366 0.854889 0.407295 
1534334373896 0.101369 0.864532 -0.49225 -0.595867 -0.964643 0.206417 0.163879 -0.232744 0.243287 0.458233 0.854888 0.407292 
1534334374001 0.100814 0.864263 -0.492835 -0.595768 -0.964298 0.206806 0.165411 -0.232815 0.24488 0.458564 0.854256 0.40751 
1534334374061 0.100353 0.864264 -0.492928 -0.595686 -0.964236 0.206631 0.165988 -0.232758 0.245312 0.458641 0.85409 0.407527 
1534334374104 0.0999198 0.864306 -0.492941 -0.595607 -0.964176 0.206457 0.166555 -0.232697 0.245725 0.458639 0.853973 0.407538 
1534334374171 0.0996187 0.864212 -0.493168 -0.595443 -0.964049 0.206536 0.167191 -0.232765 0.246345 0.458783 0.853717 0.407515 
1534334374227 0.0992538 0.86422 -0.493226 -0.595255 -0.96393 0.206524 0.167891 -0.232852 0.246957 0.458772 0.853546 0.407602 
1534334374247 0.09914 0.864208 -0.49327 -0.595198 -0.963896 0.206518 0.168091 -0.232876 0.247135 0.458797 0.853481 0.407612 
1534334374264 0.0990459 0.864188 -0.493325 -0.595142 -0.963864 0.206526 0.168267 -0.232908 0.247299 0.458832 0.853415 0.407614 
1534334374280 0.0989756 0.864167 -0.493375 -0.595097 -0.963838 0.206537 0.168403 -0.232935 0.247429 0.458866 0.853359 0.407612 
1534334374297 0.098898 0.864136 -0.493445 -0.595046 -0.963805 0.206558 0.168561 -0.232959 0.247585 0.458915 0.853287 0.40761 
1534334374314 0.0988236 0.864117 -0.493493 -0.595012 -0.963784 0.206557 0.168686 -0.232959 0.247699 0.458951 0.853235 0.407614 
1534334374330 0.098732 0.864138 -0.493476 -0.594996 -0.963768 0.206521 0.168819 -0.232938 0.247796 0.458928 0.853219 0.407642 
1534334374429 0.0990839 0.864236 -0.493234 -0.595036 -0.964009 0.206264 0.167757 -0.232846 0.246718 0.458859 0.853568 0.407668 
1534334374445 0.0989978 0.864213 -0.49329 -0.595012 -0.964075 0.206094 0.167585 -0.232786 0.246493 0.458978 0.853569 0.407618 
1534334374463 0.0988547 0.864188 -0.493363 -0.594981 -0.964139 0.205893 0.167465 -0.232718 0.246301 0.459116 0.85355 0.407559 
1534334374480 0.0987144 0.864171 -0.49342 -0.59495 -0.964195 0.205704 0.16737 -0.232655 0.246135 0.459231 0.853536 0.407506 
1534334374501 0.0985783 0.864164 -0.493461 -0.594906 -0.964252 0.205515 0.167277 -0.232603 0.245968 0.459331 0.853531 0.407461 
1534334374516 0.0985331 0.864149 -0.493495 -0.594876 -0.964273 0.205452 0.167233 -0.232595 0.245904 0.459386 0.85352 0.40744 
1534334374536 0.0985576 0.86415 -0.493489 -0.594848 -0.964275 0.205463 0.167207 -0.23262 0.245885 0.459379 0.853529 0.407445 
1534334374557 0.0986335 0.864178 -0.493424 -0.594838 -0.964261 0.205528 0.167207 -0.232664 0.245909 0.459298 0.853566 0.407487 
1534334374574 0.0986975 0.864201 -0.493372 -0.59484 -0.964248 0.205586 0.167214 -0.232694 0.245936 0.459229 0.853595 0.407524 
1534334374594 0.0987964 0.864228 -0.493304 -0.594853 -0.964228 0.205677 0.167219 -0.232735 0.245977 0.459136 0.853633 0.407571 
1534334374611 0.0988977 0.864261 -0.493227 -0.594869 -0.96421 0.205764 0.167216 -0.232772 0.246006 0.459037 0.853678 0.407615 
1534334374627 0.099017 0.86427 -0.493186 -0.594892 -0.9642 0.205854 0.16716 -0.2328 0.245996 0.458979 0.853712 0.407656 
1534334374644 0.0991394 0.864214 -0.49326 -0.594922 -0.964199 0.205952 0.167044 -0.232821 0.24595 0.45904 0.853693 0.407683 
1534334374731 0.0991709 0.864079 -0.49349 -0.594895 -0.964288 0.205851 0.166654 -0.232745 0.245587 0.45934 0.853636 0.407606 
1534334374744 0.0991441 0.864198 -0.493287 -0.594867 -0.964313 0.205748 0.16664 -0.232722 0.245503 0.459162 0.853756 0.407594 
1534334374761 0.0990952 0.864304 -0.493111 -0.59484 -0.964341 0.205628 0.166623 -0.232697 0.245411 0.459016 0.853861 0.407559 
1534334374779 0.0990856 0.86437 -0.492997 -0.594821 -0.964367 0.205551 0.166567 -0.232671 0.245312 0.458926 0.853937 0.40749 
1534334374794 0.0990635 0.864391 -0.492966 -0.594813 -0.964381 0.205505 0.166546 -0.232657 0.245267 0.458908 0.85396 0.407446 
1534334374811 0.0989733 0.86442 -0.492933 -0.594802 -0.964405 0.205392 0.166544 -0.232631 0.245208 0.458904 0.853979 0.407369 
1534334374828 0.0989276 0.864444 -0.492899 -0.594799 -0.964422 0.205323 0.16653 -0.232616 0.24516 0.458888 0.854001 0.407323 
1534334374844 0.0989022 0.864461 -0.492876 -0.594802 -0.964438 0.205273 0.166502 -0.232605 0.245109 0.45888 0.85402 0.407291 
1534334374862 0.0988921 0.864492 -0.492822 -0.594801 -0.964457 0.205219 0.166456 -0.232591 0.245037 0.458845 0.85406 0.407262 
1534334374878 0.0989227 0.86453 -0.492749 -0.594798 -0.964474 0.205193 0.166388 -0.232577 0.244956 0.458784 0.854116 0.40723 
1534334374895 0.0990416 0.864558 -0.492677 -0.594795 -0.964485 0.20524 0.16627 -0.23257 0.244867 0.458712 0.85418 0.4072 
1534334374911 0.0991119 0.864572 -0.492639 -0.594793 -0.964496 0.205259 0.166183 -0.232571 0.244796 0.458677 0.854219 0.407189 
1534334375001 0.0992696 0.864493 -0.492745 -0.594777 -0.964492 0.205392 0.16604 -0.232599 0.244746 0.458766 0.854186 0.407178 
1534334375014 0.0992485 0.864413 -0.49289 -0.594775 -0.964472 0.205444 0.166093 -0.232604 0.244834 0.458894 0.854092 0.407189 
1534334375031 0.099163 0.864199 -0.493281 -0.594777 -0.964419 0.20556 0.166254 -0.232608 0.245075 0.459243 0.853835 0.407212 
1534334375047 0.0990752 0.864045 -0.493569 -0.594774 -0.96438 0.20563 0.166395 -0.232613 0.245265 0.459503 0.853641 0.407238 
1534334375064 0.0990169 0.86396 -0.49373 -0.594763 -0.964351 0.205676 0.166505 -0.232617 0.245402 0.459642 0.853526 0.407257 
1534334375084 0.098985 0.86394 -0.493771 -0.594738 -0.964327 0.205708 0.166606 -0.232617 0.245511 0.459665 0.853483 0.407283 
1534334375104 0.0989371 0.863934 -0.493791 -0.594718 -0.964316 0.2057 0.166678 -0.2326 0.245572 0.45968 0.853457 0.407314 
1534334375121 0.0988879 0.863913 -0.493838 -0.594704 -0.964319 0.205671 0.1667 -0.23258 0.245582 0.459733 0.853426 0.40732 
1534334375138 0.0988472 0.86388 -0.493904 -0.594694 -0.964327 0.205641 0.166689 -0.232565 0.245566 0.459808 0.85339 0.407303 
1534334375197 0.0990579 0.863882 -0.493858 -0.594749 -0.964381 0.205673 0.166338 -0.232603 0.24527 0.45979 0.853485 0.407219 
1534334375234 0.0995722 0.864014 -0.493523 -0.594777 -0.964407 0.205905 0.165902 -0.232637 0.24496 0.459438 0.853763 0.407148 
1534334375251 0.0998955 0.864123 -0.493268 -0.594773 -0.964386 0.20611 0.165766 -0.232643 0.244909 0.459141 0.853937 0.407141 
1534334375270 0.100178 0.864266 -0.492959 -0.594786 -0.96438 0.206251 0.165623 -0.232614 0.244815 0.458808 0.854143 0.407146 
1534334375284 0.100313 0.864319 -0.492838 -0.594803 -0.964382 0.206315 0.165536 -0.232586 0.244756 0.458678 0.85423 0.407142 
1534334375301 0.100379 0.864342 -0.492785 -0.594826 -0.964388 0.206338 0.165473 -0.232553 0.244705 0.458626 0.854273 0.407128 
1534334375318 0.100379 0.864342 -0.492785 -0.594826 -0.964388 0.206338 0.165473 -0.232553 0.244705 0.458626 0.854273 0.407128 
1534334375338 0.100379 0.864342 -0.492785 -0.594826 -0.964388 0.206338 0.165473 -0.232553 0.244705 0.458626 0.854273 0.407128 
1534334375498 0.100731 0.864199 -0.492964 -0.594777 -0.964404 0.206577 0.165078 -0.232604 0.244495 0.458788 0.854245 0.407066 
1534334375511 0.100743 0.864093 -0.493147 -0.594765 -0.96443 0.206571 0.164936 -0.232609 0.24439 0.458989 0.854168 0.407086 
1534334375528 0.100719 0.863911 -0.49347 -0.594775 -0.964461 0.206559 0.164769 -0.232609 0.244277 0.459337 0.854013 0.407106 
1534334375545 0.100699 0.863748 -0.493759 -0.594779 -0.964494 0.206538 0.164601 -0.232602 0.244154 0.459653 0.853878 0.407132 
1534334375561 0.100674 0.863688 -0.49387 -0.594783 -0.964508 0.206516 0.164546 -0.232596 0.244108 0.459776 0.853825 0.407148 
1534334375582 0.100662 0.863664 -0.493915 -0.594791 -0.964506 0.20652 0.164553 -0.23259 0.244121 0.45982 0.853798 0.407164 
1534334375600 0.100678 0.863676 -0.493891 -0.594797 -0.964506 0.206527 0.164546 -0.232587 0.244116 0.459795 0.853813 0.407171 
1534334375617 0.100691 0.863688 -0.493867 -0.594804 -0.964513 0.206517 0.164515 -0.232574 0.244081 0.459776 0.853833 0.407175 
1534334375632 0.100742 0.863692 -0.493849 -0.59481 -0.964529 0.206517 0.164421 -0.232567 0.243997 0.459767 0.853861 0.407181 
1534334375649 0.10092 0.863681 -0.493832 -0.594817 -0.964537 0.206617 0.164247 -0.232573 0.243892 0.459743 0.853905 0.407192 
1534334375669 0.101079 0.863668 -0.493822 -0.59482 -0.964537 0.206721 0.164117 -0.23258 0.243826 0.459721 0.853935 0.407199 
1534334375686 0.101171 0.86366 -0.493817 -0.594823 -0.964539 0.206779 0.164036 -0.232583 0.243782 0.45971 0.853954 0.407203 
1534334375702 0.101168 0.863662 -0.493815 -0.594824 -0.964534 0.206786 0.164055 -0.232576 0.243802 0.459704 0.853951 0.407204 
1534334375723 0.10111 0.86367 -0.493814 -0.594824 -0.964534 0.206746 0.164103 -0.232567 0.243825 0.459708 0.853943 0.407204 
1534334375740 0.101026 0.863661 -0.493845 -0.594819 -0.964531 0.206702 0.164176 -0.232558 0.243871 0.459743 0.853911 0.407193 
1534334375756 0.100905 0.863594 -0.493987 -0.594812 -0.964532 0.206647 0.164241 -0.232539 0.243918 0.459893 0.853816 0.407157 
1534334375773 0.100768 0.863513 -0.494157 -0.594808 -0.964546 0.206561 0.164266 -0.232517 0.243919 0.460085 0.853713 0.407124 
1534334375790 0.100659 0.863461 -0.49427 -0.594803 -0.964568 0.206469 0.164253 -0.232502 0.243877 0.460224 0.85365 0.407106 
1534334375806 0.10063 0.863425 -0.494338 -0.594799 -0.964582 0.206437 0.164213 -0.232494 0.243836 0.460304 0.853618 0.4071 
1534334375826 0.100698 0.863426 -0.494324 -0.594801 -0.964593 0.206457 0.164119 -0.232504 0.243762 0.460295 0.853644 0.407115 
1534334375839 0.100833 0.863445 -0.494263 -0.594808 -0.964611 0.206502 0.163957 -0.232522 0.243634 0.460239 0.853711 0.407139 
1534334375856 0.100983 0.863485 -0.494162 -0.594827 -0.964646 0.206518 0.163736 -0.232531 0.243437 0.460156 0.853812 0.40718 
1534334375873 0.101082 0.863542 -0.494041 -0.594847 -0.964684 0.206488 0.163546 -0.232524 0.243242 0.460062 0.853918 0.407221 
1534334375889 0.10118 0.863669 -0.4938 -0.594859 -0.964735 0.206411 0.163342 -0.232507 0.242999 0.459859 0.854096 0.407278 
1534334375910 0.101248 0.863779 -0.493593 -0.594873 -0.964782 0.206329 0.163172 -0.232481 0.242787 0.459689 0.854249 0.407329 
1534334375930 0.10124 0.863864 -0.493447 -0.594891 -0.964818 0.206227 0.163084 -0.232446 0.242645 0.459576 0.85435 0.407369 
1534334375946 0.101233 0.863882 -0.493416 -0.594897 -0.964834 0.206186 0.163041 -0.232431 0.242584 0.45956 0.854376 0.40738 
1534334375963 0.101234 0.863857 -0.49346 -0.59489 -0.964831 0.2062 0.163039 -0.232436 0.242594 0.4596 0.854351 0.40737 
1534334375980 0.101202 0.863799 -0.493568 -0.594871 -0.964809 0.206241 0.163118 -0.232451 0.242696 0.459691 0.854273 0.407339 
1534334375996 0.101171 0.863706 -0.493737 -0.59484 -0.964772 0.206323 0.163237 -0.232479 0.242858 0.459829 0.854153 0.407287 
1534334376013 0.101081 0.863556 -0.494017 -0.59482 -0.964717 0.206421 0.163438 -0.232503 0.243113 0.460066 0.853953 0.407226 
1534334376030 0.100965 0.863383 -0.494344 -0.594808 -0.964661 0.206512 0.163655 -0.232523 0.243385 0.460351 0.853722 0.407163 
1534334376046 0.100856 0.863231 -0.494631 -0.594801 -0.964624 0.206563 0.163807 -0.232522 0.243576 0.460612 0.853526 0.407111 
1534334376063 0.100866 0.863123 -0.494818 -0.594803 -0.964599 0.206651 0.16384 -0.232504 0.243669 0.460775 0.853412 0.407085 
1534334376080 0.10089 0.863105 -0.494844 -0.594801 -0.964605 0.206661 0.163791 -0.232485 0.243634 0.460804 0.853406 0.407084 
1534334376096 0.100894 0.86312 -0.494817 -0.594802 -0.964618 0.206635 0.163752 -0.232466 0.243585 0.460788 0.853429 0.407094 
1534334376115 0.100913 0.863168 -0.494729 -0.594812 -0.964652 0.206566 0.163636 -0.232437 0.24344 0.460728 0.853502 0.40712 
1534334376130 0.100949 0.863217 -0.494637 -0.594826 -0.964679 0.206521 0.163532 -0.232426 0.243317 0.460658 0.853576 0.407151 
1534334376146 0.101 0.863363 -0.494373 -0.594833 -0.964708 0.206451 0.163453 -0.23242 0.243183 0.460416 0.853744 0.407209 
1534334376168 0.101015 0.863589 -0.493973 -0.594844 -0.964742 0.20632 0.163415 -0.23242 0.24304 0.46005 0.853982 0.407298 
1534334376183 0.100866 0.863725 -0.493766 -0.594854 -0.964781 0.206108 0.163452 -0.232427 0.242947 0.45989 0.854095 0.407352 
1534334376200 0.100706 0.86378 -0.493703 -0.594866 -0.964804 0.205946 0.16352 -0.232444 0.242922 0.459859 0.854119 0.407387 
1534334376219 0.100564 0.863817 -0.493668 -0.594877 -0.964815 0.205824 0.163609 -0.232466 0.242937 0.459845 0.854122 0.407414 
1534334376233 0.10043 0.863827 -0.493676 -0.594876 -0.964812 0.205742 0.16373 -0.232469 0.243005 0.459861 0.854094 0.407417 
1534334376252 0.100331 0.863761 -0.493812 -0.594874 -0.964789 0.205746 0.163862 -0.232461 0.243138 0.459984 0.85399 0.407399 
1534334376266 0.100281 0.863688 -0.493951 -0.594877 -0.96477 0.205775 0.163937 -0.232455 0.243233 0.460109 0.853895 0.407377 
1534334376288 0.100256 0.863623 -0.49407 -0.594878 -0.964744 0.20583 0.164022 -0.232455 0.243347 0.460206 0.85381 0.407355 
1534334376346 0.100627 0.863523 -0.494169 -0.594873 -0.964609 0.206352 0.164162 -0.232482 0.24373 0.460161 0.853726 0.407247 
1534334376369 0.100503 0.863621 -0.494022 -0.594873 -0.964598 0.206261 0.164336 -0.232505 0.243822 0.460016 0.853777 0.407184 
1534334376388 0.10038 0.863803 -0.493729 -0.594881 -0.964565 0.206186 0.164626 -0.232536 0.244005 0.459709 0.853891 0.407155 
1534334376546 0.099465 0.86372 -0.494059 -0.594918 -0.96459 0.205591 0.165224 -0.232515 0.244281 0.46013 0.853585 0.407144 
1534334376572 0.0995617 0.863432 -0.494543 -0.594925 -0.964596 0.205737 0.165007 -0.2325 0.244218 0.460606 0.853346 0.407199 
1534334376650 0.0998037 0.863154 -0.49498 -0.59485 -0.964577 0.206018 0.164768 -0.232541 0.244195 0.461001 0.853139 0.407379 
1534334376707 0.0997164 0.862948 -0.495356 -0.594852 -0.964556 0.20607 0.164823 -0.232643 0.244312 0.461363 0.85291 0.40745 
1534334376758 0.0992935 0.862704 -0.495865 -0.594835 -0.96456 0.205877 0.165038 -0.232677 0.244467 0.461905 0.852573 0.407462 
1534334376807 0.0989254 0.862467 -0.49635 -0.594848 -0.96457 0.205706 0.165195 -0.232644 0.244577 0.462423 0.85226 0.407486 
1534334376918 0.0980905 0.862079 -0.497191 -0.594865 -0.964624 0.205208 0.165501 -0.232634 0.244702 0.463368 0.851711 0.407689 
1534334376936 0.0980136 0.861999 -0.497345 -0.594868 -0.96461 0.205213 0.165576 -0.232645 0.244788 0.463515 0.851606 0.407732 
1534334376951 0.0979747 0.861939 -0.497456 -0.594868 -0.964596 0.205234 0.165629 -0.232654 0.244857 0.463616 0.851531 0.407761 
1534334376968 0.097932 0.861865 -0.497592 -0.594861 -0.96458 0.205263 0.16569 -0.232676 0.24494 0.46374 0.85144 0.407795 
1534334377073 0.0977719 0.861829 -0.497687 -0.59482 -0.964596 0.205143 0.165741 -0.232726 0.244937 0.463862 0.851374 0.407787 
1534334377087 0.0977961 0.862006 -0.497375 -0.59481 -0.964641 0.205014 0.16564 -0.232718 0.244752 0.46359 0.851576 0.407762 
1534334377104 0.0978976 0.862149 -0.497107 -0.594815 -0.964701 0.204916 0.16541 -0.232721 0.244473 0.463367 0.851777 0.407726 
1534334377120 0.0979766 0.862253 -0.49691 -0.594826 -0.964749 0.204841 0.165224 -0.232722 0.244252 0.463206 0.851928 0.407696 
1534334377137 0.0980151 0.862284 -0.496849 -0.594848 -0.964783 0.20479 0.165089 -0.232716 0.244104 0.46317 0.85199 0.407667 
1534334377153 0.0980221 0.862298 -0.496823 -0.594877 -0.96482 0.20472 0.16496 -0.232705 0.243954 0.463175 0.85203 0.40762 
1534334377174 0.0979795 0.862325 -0.496785 -0.5949 -0.964852 0.204624 0.164893 -0.232691 0.243846 0.463168 0.852065 0.407579 
1534334377190 0.0979308 0.862364 -0.496727 -0.594915 -0.964877 0.204532 0.164859 -0.232681 0.243765 0.463135 0.852106 0.407565 
1534334377207 0.0978669 0.862432 -0.496621 -0.594931 -0.964907 0.204412 0.164832 -0.232672 0.243672 0.463062 0.852172 0.407571 
1534334377225 0.0977008 0.862538 -0.49647 -0.594948 -0.964965 0.204162 0.164802 -0.232659 0.243508 0.462975 0.852266 0.407584 
1534334377240 0.0975894 0.862641 -0.496314 -0.594955 -0.965009 0.203974 0.164777 -0.232648 0.243379 0.462867 0.852362 0.407594 
1534334377257 0.0974867 0.862743 -0.496156 -0.594963 -0.965054 0.203791 0.164745 -0.232635 0.243245 0.462757 0.85246 0.407602 
1534334377275 0.0974159 0.862814 -0.496047 -0.594972 -0.965093 0.203648 0.164693 -0.232625 0.243118 0.462687 0.852534 0.407603 
1534334377291 0.0974057 0.862828 -0.496023 -0.594975 -0.965104 0.203616 0.164668 -0.232624 0.243078 0.462674 0.852552 0.407602 
1534334377307 0.0974394 0.862857 -0.495967 -0.594984 -0.965119 0.203598 0.164598 -0.232618 0.243002 0.462629 0.852598 0.407599 
1534334377323 0.0975213 0.862853 -0.495958 -0.594986 -0.965113 0.203663 0.164555 -0.232623 0.242995 0.462608 0.852612 0.407586 
1534334377378 0.0979492 0.862844 -0.49589 -0.594978 -0.965117 0.203928 0.1642 -0.232657 0.242805 0.462509 0.85272 0.407509 
1534334377391 0.0980399 0.862944 -0.495698 -0.59497 -0.965153 0.203885 0.164046 -0.23265 0.242628 0.462341 0.852861 0.407507 
1534334377408 0.0981242 0.863096 -0.495415 -0.594968 -0.965209 0.203781 0.163847 -0.232634 0.242372 0.462102 0.853064 0.407508 
1534334377425 0.0982144 0.863282 -0.495074 -0.594983 -0.965274 0.203652 0.163622 -0.232626 0.242075 0.461812 0.853305 0.407515 
1534334377441 0.0982775 0.863366 -0.494914 -0.595008 -0.965318 0.20358 0.163453 -0.23263 0.241875 0.461686 0.85343 0.407513 
1534334377459 0.0983617 0.863416 -0.49481 -0.595044 -0.96536 0.203536 0.163259 -0.232645 0.241672 0.461611 0.853528 0.407498 
1534334377475 0.0983752 0.86343 -0.494784 -0.595063 -0.965384 0.203494 0.163168 -0.232659 0.24157 0.461605 0.85356 0.407474 
1534334377492 0.0983058 0.863396 -0.494856 -0.595053 -0.965385 0.20346 0.163205 -0.232675 0.241594 0.461683 0.853511 0.407445 
1534334377508 0.0982651 0.863317 -0.495003 -0.595031 -0.965364 0.203501 0.16328 -0.232698 0.241695 0.461813 0.853412 0.407415 
1534334377525 0.0981291 0.863219 -0.495201 -0.594998 -0.965308 0.203554 0.163544 -0.232717 0.241974 0.461973 0.853247 0.407386 
1534334377541 0.0980025 0.863074 -0.495479 -0.594989 -0.965254 0.203624 0.163771 -0.232727 0.242238 0.462213 0.853041 0.407373 
1534334377560 0.0979022 0.862968 -0.495684 -0.594982 -0.965207 0.203686 0.163973 -0.232736 0.242467 0.462384 0.852884 0.407373 
1534334377575 0.0978342 0.862911 -0.495795 -0.594977 -0.965176 0.203721 0.164112 -0.232742 0.242618 0.462473 0.852793 0.40738 
1534334377591 0.0978032 0.86295 -0.495733 -0.594976 -0.965161 0.203716 0.164204 -0.232746 0.242689 0.462403 0.852811 0.407418 
1534334377608 0.0977844 0.863004 -0.495643 -0.594986 -0.965161 0.203688 0.164243 -0.232749 0.242698 0.462315 0.852855 0.407449 
1534334377625 0.0977793 0.863105 -0.495469 -0.595 -0.965166 0.203642 0.16427 -0.232754 0.242681 0.462148 0.852951 0.407481 
1534334377641 0.0978089 0.863267 -0.49518 -0.594998 -0.965173 0.203593 0.164289 -0.232766 0.24264 0.461865 0.853115 0.407515 
1534334377659 0.0978345 0.863343 -0.495042 -0.595 -0.965176 0.203579 0.164291 -0.232779 0.24262 0.461729 0.853195 0.407524 
1534334377675 0.0978431 0.863364 -0.495005 -0.595 -0.965178 0.203572 0.164283 -0.232788 0.242605 0.461694 0.853218 0.407517 
1534334377691 0.0978266 0.863333 -0.495062 -0.594996 -0.965183 0.203563 0.164267 -0.232788 0.242593 0.461756 0.853188 0.407497 
1534334377708 0.0977962 0.863299 -0.495127 -0.59499 -0.96519 0.203541 0.164251 -0.232783 0.242577 0.461829 0.853153 0.407474 
1534334377725 0.0977535 0.863238 -0.495241 -0.594989 -0.965195 0.203526 0.164244 -0.232777 0.242576 0.461949 0.853088 0.407451 
