1535123552640 0.213825 0.919499 -0.32985 -0.472309 -0.943844 0.28152 0.172928 -0.17138 0.251866 0.274351 0.92806 0.474094 
1535123556337 0.213825 0.919499 -0.329849 -0.472309 -0.943844 0.281521 0.172929 -0.171379 0.251867 0.27435 0.92806 0.474094 
1535123556963 0.213825 0.919499 -0.329849 -0.472309 -0.943844 0.281521 0.172929 -0.171379 0.251867 0.27435 0.92806 0.474094 
1535123557580 0.218343 0.919958 -0.325581 -0.488186 -0.943381 0.284353 0.170808 -0.178785 0.249716 0.269852 0.929958 0.464307 
1535123558431 0.218343 0.919958 -0.325581 -0.488186 -0.943381 0.284353 0.170808 -0.178785 0.249716 0.269852 0.929958 0.464307 
1535123559178 0.225526 0.921262 -0.316882 -0.520796 -0.942679 0.28847 0.167752 -0.193041 0.245955 0.260886 0.933512 0.444047 
1535123560056 0.225526 0.921262 -0.316882 -0.520796 -0.942679 0.28847 0.167752 -0.193041 0.245955 0.260886 0.933512 0.444047 
1535123560682 0.236486 0.92296 -0.303675 -0.569789 -0.941289 0.295124 0.163943 -0.214358 0.240935 0.247076 0.938565 0.413757 
1535123561346 0.236486 0.92296 -0.303675 -0.569789 -0.941289 0.295124 0.163943 -0.214358 0.240935 0.247076 0.938565 0.413757 
1535123561984 0.246671 0.924685 -0.290021 -0.618828 -0.93996 0.301123 0.160621 -0.235384 0.235856 0.232988 0.943445 0.383383 
1535123562504 0.247258 0.924463 -0.290226 -0.620175 -0.939925 0.301602 0.15993 -0.236065 0.235382 0.233246 0.943499 0.382464 
1535123563193 0.248229 0.924474 -0.28936 -0.623438 -0.939788 0.302261 0.159489 -0.237661 0.234906 0.232348 0.94384 0.380459 
1535123563763 0.249446 0.924612 -0.287869 -0.628352 -0.939571 0.303062 0.159248 -0.239905 0.234484 0.23075 0.944337 0.377435 
1535123564300 0.25002 0.924765 -0.286879 -0.631595 -0.93947 0.30339 0.159222 -0.241355 0.234279 0.229705 0.944642 0.375317 
1535123564429 0.250075 0.924961 -0.286199 -0.633403 -0.939446 0.303334 0.159467 -0.241969 0.234315 0.22899 0.944807 0.374303 
1535123564649 0.249802 0.924833 -0.286849 -0.633376 -0.93948 0.303223 0.159479 -0.242085 0.234471 0.229651 0.944608 0.374406 
1535123564998 0.249393 0.924602 -0.287949 -0.633337 -0.939474 0.303134 0.159682 -0.242084 0.23493 0.230696 0.944239 0.374603 
1535123565338 0.246964 0.923597 -0.293219 -0.633518 -0.939541 0.302299 0.160869 -0.242358 0.237218 0.235763 0.942414 0.375102 
1535123565753 0.245713 0.922691 -0.297096 -0.63359 -0.939494 0.302158 0.161405 -0.242848 0.238697 0.23946 0.941107 0.375467 
1535123566001 0.245115 0.922601 -0.297869 -0.633601 -0.939596 0.301778 0.16152 -0.242852 0.238909 0.240285 0.940843 0.375566 
1535123566766 0.241794 0.924128 -0.295844 -0.63413 -0.940338 0.298379 0.163506 -0.243852 0.239374 0.238659 0.941139 0.375414 
1535123567704 0.24062 0.924557 -0.295461 -0.634341 -0.940555 0.297278 0.164263 -0.244164 0.239704 0.238372 0.941127 0.375477 
1535123567741 0.24062 0.924557 -0.295461 -0.634341 -0.940555 0.297278 0.164263 -0.244164 0.239704 0.238372 0.941127 0.375477 
1535123568151 0.240576 0.924939 -0.294297 -0.634441 -0.940732 0.296864 0.163996 -0.244367 0.239053 0.237401 0.941538 0.375329 
1535123569000 0.239968 0.926252 -0.290642 -0.634781 -0.941525 0.295007 0.162795 -0.244917 0.236531 0.234581 0.942881 0.374853 
1535123569040 0.239968 0.926252 -0.290642 -0.634781 -0.941525 0.295007 0.162795 -0.244917 0.236531 0.234581 0.942881 0.374853 
1535123569264 0.239727 0.92638 -0.290433 -0.634807 -0.94162 0.294706 0.162786 -0.244896 0.236394 0.234453 0.942947 0.374825 
1535123569634 0.241548 0.92643 -0.288761 -0.634756 -0.941465 0.295843 0.161616 -0.244955 0.235154 0.23282 0.943662 0.374632 
1535123570093 0.242541 0.926609 -0.287348 -0.634776 -0.941586 0.296173 0.160304 -0.244835 0.233644 0.231683 0.944317 0.374379 
1535123570347 0.243403 0.926679 -0.286395 -0.634772 -0.941493 0.296703 0.15987 -0.244853 0.233122 0.230726 0.94468 0.37434 
1535123570740 0.243826 0.926369 -0.287034 -0.634408 -0.941275 0.297324 0.159997 -0.244601 0.233559 0.231167 0.944464 0.374509 
1535123571389 0.246932 0.925761 -0.286341 -0.633405 -0.940611 0.300027 0.158854 -0.244161 0.232971 0.230109 0.944867 0.374682 
1535123571926 0.247488 0.925741 -0.285924 -0.633204 -0.940452 0.300499 0.158901 -0.243984 0.233022 0.229572 0.944986 0.374861 
1535123571954 0.247488 0.925741 -0.285924 -0.633204 -0.940452 0.300499 0.158901 -0.243984 0.233022 0.229572 0.944986 0.374861 
1535123572221 0.248073 0.925605 -0.28586 -0.633041 -0.940355 0.300991 0.158548 -0.243891 0.232794 0.229478 0.945064 0.374879 
1535123572687 0.248274 0.925527 -0.285936 -0.631543 -0.940199 0.301297 0.158888 -0.243308 0.233206 0.229389 0.944984 0.375466 
1535123573105 0.248873 0.92525 -0.286311 -0.630797 -0.94002 0.301955 0.158702 -0.243048 0.233292 0.229641 0.944902 0.375656 
1535123573453 0.249532 0.92498 -0.28661 -0.630028 -0.939832 0.302648 0.158492 -0.242916 0.233344 0.229817 0.944847 0.375881 
1535123573488 0.249645 0.924962 -0.286571 -0.629842 -0.93979 0.302762 0.158527 -0.242765 0.233394 0.229741 0.944853 0.375964 
1535123573868 0.249541 0.925081 -0.286276 -0.629153 -0.939663 0.302763 0.159275 -0.242532 0.234016 0.229257 0.944816 0.376251 
1535123574257 0.24953 0.925047 -0.286397 -0.628792 -0.939546 0.302891 0.159721 -0.242353 0.234497 0.229228 0.944704 0.376372 
1535123574648 0.249582 0.925014 -0.286456 -0.627837 -0.939307 0.30317 0.160594 -0.24196 0.235396 0.228989 0.944538 0.376649 
1535123575086 0.250035 0.924879 -0.2865 -0.625867 -0.938688 0.304092 0.162457 -0.241268 0.237376 0.228314 0.944206 0.377325 
1535123575351 0.249941 0.924889 -0.286549 -0.625685 -0.938651 0.304072 0.162713 -0.241062 0.237623 0.228301 0.944147 0.377295 
1535123575621 0.249919 0.924699 -0.287181 -0.62525 -0.938615 0.304202 0.162675 -0.241082 0.237786 0.228897 0.943962 0.377551 
1535123575802 0.249538 0.92454 -0.288022 -0.624459 -0.938492 0.304202 0.163381 -0.240765 0.238669 0.229536 0.943584 0.378011 
1535123576033 0.249044 0.924243 -0.289399 -0.623313 -0.938386 0.304203 0.163987 -0.240245 0.2396 0.230728 0.943057 0.378494 
1535123576081 0.249044 0.924243 -0.289399 -0.623313 -0.938386 0.304203 0.163987 -0.240245 0.2396 0.230728 0.943057 0.378494 
1535123576434 0.248785 0.923847 -0.290882 -0.622405 -0.93822 0.304446 0.164488 -0.239882 0.24052 0.231989 0.942513 0.378804 
1535123576629 0.248595 0.923812 -0.291155 -0.622088 -0.938188 0.304393 0.164769 -0.239719 0.240841 0.232198 0.94238 0.378916 
1535123576752 0.248595 0.923812 -0.291155 -0.622088 -0.938188 0.304393 0.164769 -0.239719 0.240841 0.232198 0.94238 0.378916 
1535123576810 0.248595 0.923812 -0.291155 -0.622088 -0.938188 0.304393 0.164769 -0.239719 0.240841 0.232198 0.94238 0.378916 
1535123576911 0.248021 0.923759 -0.291813 -0.621409 -0.938093 0.304201 0.16566 -0.239399 0.2418 0.232661 0.94202 0.379185 
1535123577065 0.248021 0.923759 -0.291813 -0.621409 -0.938093 0.304201 0.16566 -0.239399 0.2418 0.232661 0.94202 0.379185 
1535123577290 0.247467 0.923516 -0.293049 -0.619992 -0.937823 0.304296 0.167011 -0.238918 0.243411 0.233499 0.941398 0.379726 
1535123577778 0.247586 0.923281 -0.293689 -0.619282 -0.937626 0.304684 0.167406 -0.238572 0.244045 0.233923 0.941128 0.3798 
1535123578483 0.247837 0.92333 -0.293322 -0.618459 -0.937609 0.304809 0.167274 -0.238329 0.243857 0.233564 0.941266 0.380047 
1535123578795 0.248079 0.923213 -0.293488 -0.61825 -0.937538 0.305076 0.167185 -0.238296 0.243884 0.233681 0.94123 0.380014 
1535123579272 0.248275 0.923131 -0.293579 -0.61742 -0.937284 0.305473 0.167884 -0.237852 0.244659 0.233485 0.941077 0.380438 
1535123579752 0.24872 0.922846 -0.294098 -0.616429 -0.936928 0.306218 0.168515 -0.237439 0.245572 0.233635 0.940802 0.380747 
1535123580153 0.248936 0.92275 -0.294217 -0.616113 -0.936837 0.306477 0.168549 -0.23735 0.245699 0.233675 0.940759 0.380789 
1535123580810 0.24936 0.922595 -0.294343 -0.615078 -0.936531 0.307087 0.169136 -0.236847 0.246433 0.233486 0.940614 0.381046 
1535123581206 0.249637 0.922476 -0.294481 -0.614824 -0.936452 0.307381 0.169038 -0.236845 0.246452 0.233569 0.940589 0.380977 
1535123581806 0.249529 0.922566 -0.294289 -0.613772 -0.936369 0.307349 0.169555 -0.2362 0.246875 0.233255 0.940556 0.381336 
1535123582315 0.249887 0.922479 -0.294261 -0.612985 -0.936217 0.307738 0.169691 -0.236021 0.247091 0.233088 0.94054 0.38155 
1535123582581 0.249803 0.922526 -0.294182 -0.612612 -0.93625 0.307634 0.169699 -0.235753 0.247053 0.233037 0.940563 0.381644 
1535123582866 0.250083 0.922483 -0.294082 -0.611978 -0.9362 0.307858 0.169568 -0.235492 0.246959 0.232913 0.940618 0.381862 
1535123583031 0.250622 0.922341 -0.294067 -0.611599 -0.936165 0.308266 0.169018 -0.235538 0.246543 0.232936 0.940722 0.381923 
1535123583154 0.250622 0.922341 -0.294067 -0.611599 -0.936165 0.308266 0.169018 -0.235538 0.246543 0.232936 0.940722 0.381923 
1535123583248 0.250622 0.922341 -0.294067 -0.611599 -0.936165 0.308266 0.169018 -0.235538 0.246543 0.232936 0.940722 0.381923 
1535123583300 0.25056 0.92248 -0.293684 -0.61097 -0.936225 0.308095 0.168995 -0.235203 0.246377 0.232611 0.940846 0.382237 
1535123583561 0.250872 0.922455 -0.293498 -0.610579 -0.93615 0.30835 0.168948 -0.234972 0.246347 0.232374 0.940912 0.38234 
1535123583821 0.251523 0.922382 -0.29317 -0.609927 -0.936045 0.308845 0.168626 -0.234632 0.246081 0.232007 0.941072 0.382479 
1535123584126 0.252192 0.922182 -0.293224 -0.609545 -0.935924 0.309437 0.168214 -0.234699 0.245858 0.232013 0.941129 0.382464 
1535123584396 0.253033 0.922076 -0.292832 -0.608588 -0.93576 0.310107 0.167891 -0.234208 0.245617 0.231538 0.941309 0.382668 
1535123584487 0.253489 0.922008 -0.292652 -0.60819 -0.935652 0.310494 0.167778 -0.23403 0.24556 0.23129 0.941385 0.38273 
1535123584678 0.253489 0.922008 -0.292652 -0.60819 -0.935652 0.310494 0.167778 -0.23403 0.24556 0.23129 0.941385 0.38273 
1535123584768 0.253458 0.92211 -0.292356 -0.607823 -0.935647 0.310423 0.167935 -0.233825 0.245609 0.230977 0.941449 0.3828 
1535123584945 0.253458 0.92211 -0.292356 -0.607823 -0.935647 0.310423 0.167935 -0.233825 0.245609 0.230977 0.941449 0.3828 
1535123584996 0.253635 0.922255 -0.291743 -0.607087 -0.935412 0.310655 0.168811 -0.233511 0.246318 0.230084 0.941482 0.383064 
1535123585158 0.253635 0.922255 -0.291743 -0.607087 -0.935412 0.310655 0.168811 -0.233511 0.246318 0.230084 0.941482 0.383064 
1535123585242 0.253635 0.922255 -0.291743 -0.607087 -0.935412 0.310655 0.168811 -0.233511 0.246318 0.230084 0.941482 0.383064 
1535123585303 0.253917 0.9224 -0.29104 -0.606058 -0.935073 0.311038 0.16998 -0.232964 0.247314 0.228983 0.94149 0.383349 
1535123585524 0.25422 0.922491 -0.290485 -0.605319 -0.934859 0.311347 0.170593 -0.232643 0.247813 0.228195 0.94155 0.383491 
1535123585712 0.25422 0.922491 -0.290485 -0.605319 -0.934859 0.311347 0.170593 -0.232643 0.247813 0.228195 0.94155 0.383491 
1535123585921 0.254569 0.92243 -0.290374 -0.604947 -0.934696 0.311721 0.170801 -0.232671 0.248068 0.227931 0.941547 0.38353 
1535123586046 0.253804 0.923042 -0.289097 -0.604231 -0.935062 0.310611 0.170822 -0.232225 0.247473 0.226968 0.941936 0.383747 
1535123586285 0.253729 0.923218 -0.288601 -0.603656 -0.935093 0.310437 0.170967 -0.231935 0.247432 0.226489 0.942061 0.383841 
1535123586398 0.253685 0.923307 -0.288355 -0.603259 -0.935086 0.310367 0.171132 -0.231806 0.247503 0.226223 0.942107 0.383842 
1535123586625 0.253647 0.923388 -0.28813 -0.603032 -0.935068 0.310315 0.171327 -0.231687 0.247612 0.225964 0.94214 0.383873 
1535123586881 0.254087 0.923557 -0.287197 -0.60229 -0.935312 0.31023 0.170143 -0.231295 0.246234 0.225387 0.94264 0.38423 
1535123587112 0.254477 0.923453 -0.287185 -0.602018 -0.935342 0.310475 0.169528 -0.231317 0.245715 0.225475 0.942754 0.384176 
1535123587390 0.254571 0.923685 -0.286357 -0.601306 -0.935553 0.310196 0.168875 -0.230854 0.244814 0.224911 0.943123 0.384384 
1535123587419 0.254692 0.923735 -0.286087 -0.601044 -0.935638 0.310154 0.168482 -0.230733 0.244363 0.224763 0.943275 0.384471 
1535123587739 0.255388 0.924036 -0.284489 -0.600866 -0.93541 0.310561 0.168995 -0.230627 0.244509 0.222955 0.943667 0.384382 
1535123588114 0.256299 0.924455 -0.282299 -0.600393 -0.93529 0.310914 0.169011 -0.230109 0.244014 0.220714 0.944321 0.384069 
1535123588281 0.256299 0.924455 -0.282299 -0.600393 -0.93529 0.310914 0.169011 -0.230109 0.244014 0.220714 0.944321 0.384069 
1535123588731 0.257552 0.925079 -0.279099 -0.600467 -0.935411 0.311109 0.167981 -0.23002 0.242226 0.217808 0.945456 0.383723 
1535123589221 0.258751 0.925648 -0.276086 -0.600504 -0.935561 0.31128 0.166825 -0.229979 0.240362 0.215129 0.946544 0.383424 
1535123589733 0.25948 0.926104 -0.273863 -0.600547 -0.935675 0.311295 0.166153 -0.229854 0.239127 0.213133 0.947308 0.383265 
1535123589773 0.259929 0.926199 -0.273117 -0.600569 -0.935692 0.311466 0.165739 -0.229853 0.238574 0.212473 0.947596 0.383109 
1535123590016 0.259929 0.926199 -0.273117 -0.600569 -0.935692 0.311466 0.165739 -0.229853 0.238574 0.212473 0.947596 0.383109 
1535123590262 0.259929 0.926199 -0.273117 -0.600569 -0.935692 0.311466 0.165739 -0.229853 0.238574 0.212473 0.947596 0.383109 
1535123590429 0.259929 0.926199 -0.273117 -0.600569 -0.935692 0.311466 0.165739 -0.229853 0.238574 0.212473 0.947596 0.383109 
1535123590613 0.259929 0.926199 -0.273117 -0.600569 -0.935692 0.311466 0.165739 -0.229853 0.238574 0.212473 0.947596 0.383109 
1535123590784 0.259929 0.926199 -0.273117 -0.600569 -0.935692 0.311466 0.165739 -0.229853 0.238574 0.212473 0.947596 0.383109 
1535123590960 0.259929 0.926199 -0.273117 -0.600569 -0.935692 0.311466 0.165739 -0.229853 0.238574 0.212473 0.947596 0.383109 
1535123591143 0.259929 0.926199 -0.273117 -0.600569 -0.935692 0.311466 0.165739 -0.229853 0.238574 0.212473 0.947596 0.383109 
