1533675557066 -0.187255 0.845429 -0.500189 -0.597268 -0.975202 -0.0988634 0.197988 -0.255126 0.117931 0.524856 0.842977 0.407261 
1533675557076 -0.0948711 0.961412 -0.258238 -0.620723 -0.992323 -0.0706583 0.1015 -0.251522 0.0793364 0.265885 0.960735 0.395861 
1533675557080 0 0 0 0 0 0 0 0 0 0 0 0 
1533675557083 0 0 0 0 0 0 0 0 0 0 0 0 
1533675557086 0 0 0 0 0 0 0 0 0 0 0 0 
1533675557096 -0.0159248 0.999804 0.0117445 -0.643838 -0.999747 -0.0161081 0.0156781 -0.247813 0.0158642 -0.0114919 0.999808 0.384261 
1533675557099 0 0 0 0 0 0 0 0 0 0 0 0 
1533675557103 0 0 0 0 0 0 0 0 0 0 0 0 
1533675557106 0 0 0 0 0 0 0 0 0 0 0 0 
1533675557116 0.0426599 0.957629 0.284827 -0.668069 -0.996833 0.0599462 -0.0522472 -0.244697 -0.0671078 -0.281696 0.957154 0.374739 
1533675557119 0 0 0 0 0 0 0 0 0 0 0 0 
1533675557123 0 0 0 0 0 0 0 0 0 0 0 0 
1533675557126 0 0 0 0 0 0 0 0 0 0 0 0 
1533675557136 0.0757863 0.837922 0.540502 -0.686464 -0.983807 0.15113 -0.0963479 -0.239672 -0.162418 -0.524448 0.835808 0.362588 
1533675557140 0 0 0 0 0 0 0 0 0 0 0 0 
1533675557143 0 0 0 0 0 0 0 0 0 0 0 0 
1533675557146 0 0 0 0 0 0 0 0 0 0 0 0 
1533675557150 0 0 0 0 0 0 0 0 0 0 0 0 
1533675557153 0 0 0 0 0 0 0 0 0 0 0 0 
1533675557163 0.07673 0.6634 0.74432 -0.656557 -0.961225 0.247537 -0.121536 -0.229876 -0.264874 -0.706134 0.656671 0.371455 
1533675557173 0.0440827 0.439703 0.897061 -0.630005 -0.931268 0.343147 -0.122433 -0.230279 -0.361658 -0.830007 0.424608 0.371553 
1533675557176 0 0 0 0 0 0 0 0 0 0 0 0 
1533675557179 0 0 0 0 0 0 0 0 0 0 0 0 
1533675557183 0 0 0 0 0 0 0 0 0 0 0 0 
1533675557193 -0.0260904 0.17332 0.98452 -0.610296 -0.896715 0.431238 -0.099681 -0.239593 -0.441839 -0.885434 0.144168 0.347177 
1533675557196 0 0 0 0 0 0 0 0 0 0 0 0 
1533675557199 0 0 0 0 0 0 0 0 0 0 0 0 
1533675557203 0 0 0 0 0 0 0 0 0 0 0 0 
1533675557213 -0.111806 -0.133183 0.984765 -0.615817 -0.863668 0.503166 -0.030007 -0.225695 -0.491504 -0.853865 -0.171282 0.289614 
1533675557216 0 0 0 0 0 0 0 0 0 0 0 0 
1533675557219 0 0 0 0 0 0 0 0 0 0 0 0 
1533675557223 0 0 0 0 0 0 0 0 0 0 0 0 
1533675557233 -0.092579 -0.364968 0.926406 -0.580467 -0.828117 0.544821 0.131882 -0.113242 -0.552858 -0.754962 -0.352675 0.388689 
1533675557275 0 0 0 0 0 0 0 0 0 0 0 0 
1533675557275 0 0 0 0 0 0 0 0 0 0 0 0 
1533675557286 -0.092579 -0.364968 0.926406 -0.580467 -0.828117 0.544821 0.131882 -0.113242 -0.552858 -0.754962 -0.352675 0.388689 
1533675557296 -0.193258 -0.571071 0.797828 -0.558859 -0.794792 0.567908 0.213976 -0.124527 -0.575289 -0.592755 -0.563635 0.406482 
1533675557299 0 0 0 0 0 0 0 0 0 0 0 0 
1533675557302 0 0 0 0 0 0 0 0 0 0 0 0 
1533675557305 0 0 0 0 0 0 0 0 0 0 0 0 
1533675557316 -0.193258 -0.571071 0.797828 -0.558859 -0.794792 0.567909 0.213976 -0.124527 -0.575289 -0.592754 -0.563635 0.406482 
1533675557326 -0.193259 -0.571071 0.797828 -0.558859 -0.794791 0.56791 0.213976 -0.124527 -0.57529 -0.592754 -0.563635 0.406482 
1533675557336 -0.193259 -0.571071 0.797828 -0.558859 -0.794791 0.56791 0.213977 -0.124527 -0.57529 -0.592753 -0.563635 0.406482 
1533675557346 -0.193259 -0.571071 0.797828 -0.558859 -0.79479 0.567911 0.213977 -0.124527 -0.575291 -0.592753 -0.563635 0.406482 
1533675557356 -0.193259 -0.571071 0.797828 -0.558859 -0.79479 0.567911 0.213977 -0.124527 -0.575292 -0.592752 -0.563635 0.406482 
1533675557366 -0.19326 -0.571071 0.797828 -0.558859 -0.794789 0.567912 0.213977 -0.124527 -0.575292 -0.592751 -0.563635 0.406482 
1533675557376 -0.19326 -0.571071 0.797828 -0.558859 -0.794789 0.567913 0.213978 -0.124527 -0.575293 -0.592751 -0.563635 0.406482 
1533675557386 -0.193423 -0.570671 0.798074 -0.558135 -0.794876 0.567975 0.213488 -0.124926 -0.575117 -0.593077 -0.563472 0.406672 
