1533571227022 -0.304109 0.951086 -0.0543399 -0.588731 -0.919905 -0.278358 0.27621 -0.297965 0.247573 0.133985 0.95956 0.328722 
1533571232938 -0.304108 0.951087 -0.0543403 -0.588731 -0.919905 -0.278356 0.27621 -0.297966 0.247573 0.133985 0.95956 0.328722 
1533571233785 -0.25892 0.96209 -0.0856908 -0.591312 -0.935322 -0.22759 0.270879 -0.293281 0.241108 0.150285 0.958792 0.333937 
1533571234988 -0.165037 0.975212 -0.147394 -0.596498 -0.959078 -0.123822 0.254632 -0.283619 0.23007 0.183386 0.955739 0.345059 
1533571235851 -0.117081 0.977145 -0.177424 -0.59906 -0.967214 -0.071652 0.243645 -0.278848 0.225364 0.200133 0.953498 0.350744 
1533571236722 -0.0684612 0.975974 -0.206852 -0.601596 -0.972697 -0.0192126 0.231281 -0.274116 0.22175 0.217039 0.950642 0.356219 
1533571237601 -0.0195348 0.971654 -0.235601 -0.604154 -0.975468 0.0331582 0.21763 -0.269436 0.219273 0.234073 0.947169 0.361832 
1533571238494 0.0292957 0.964236 -0.263423 -0.606729 -0.975727 0.0848034 0.201903 -0.264687 0.217021 0.251114 0.943315 0.367327 
1533571239398 0.0780067 0.953755 -0.290287 -0.609306 -0.973238 0.135983 0.185247 -0.259877 0.216155 0.268068 0.938838 0.372929 
1533571240313 0.126725 0.940297 -0.315883 -0.61209 -0.968184 0.186525 0.166818 -0.255551 0.215778 0.284693 0.934018 0.378255 
1533571240330 0.126719 0.94027 -0.315965 -0.612085 -0.968233 0.18647 0.166596 -0.255481 0.215564 0.284817 0.93403 0.37836 
1533571240647 0.131036 0.939027 -0.317897 -0.61223 -0.967616 0.190926 0.165124 -0.255106 0.21575 0.285965 0.933636 0.37877 
1533571240953 0.136091 0.937429 -0.320477 -0.612488 -0.966872 0.196192 0.1633 -0.254634 0.215958 0.287637 0.933074 0.379396 
1533571241390 0.145806 0.934162 -0.325703 -0.612967 -0.965443 0.206239 0.159328 -0.253525 0.216011 0.291217 0.931951 0.380521 
1533571241702 0.150605 0.93254 -0.328158 -0.613179 -0.964753 0.2111 0.157129 -0.252983 0.215803 0.292927 0.931463 0.381191 
1533571242015 0.155414 0.930829 -0.330762 -0.613416 -0.963984 0.21606 0.15509 -0.252434 0.215826 0.294746 0.930883 0.381769 
1533571242322 0.16031 0.929102 -0.333273 -0.613626 -0.96316 0.221101 0.153089 -0.251938 0.215923 0.296454 0.930319 0.382392 
1533571242631 0.165096 0.927333 -0.335853 -0.613882 -0.962337 0.226034 0.15105 -0.251336 0.215988 0.298266 0.929724 0.382936 
1533571242938 0.169989 0.925607 -0.338164 -0.614092 -0.961471 0.231017 0.149014 -0.250879 0.21605 0.299804 0.929215 0.383595 
1533571242955 0.170141 0.92555 -0.338244 -0.614105 -0.961458 0.231152 0.148886 -0.250858 0.215987 0.299876 0.929206 0.383627 
1533571242972 0.170244 0.925508 -0.338308 -0.614116 -0.96146 0.231232 0.148753 -0.250834 0.215899 0.299945 0.929204 0.383658 
1533571243100 0.170678 0.925539 -0.338002 -0.614187 -0.961273 0.231742 0.149166 -0.250774 0.216389 0.299453 0.929249 0.383607 
1533571243119 0.170803 0.925631 -0.337688 -0.614166 -0.961233 0.231833 0.149281 -0.250831 0.216466 0.299099 0.929345 0.383576 
1533571243158 0.171006 0.925724 -0.337329 -0.61415 -0.961157 0.23202 0.149477 -0.250915 0.216642 0.298665 0.929444 0.383536 
1533571243237 0.171305 0.925808 -0.336949 -0.614153 -0.961013 0.232365 0.149871 -0.250927 0.217047 0.298139 0.929518 0.383498 
1533571243265 0.17178 0.925896 -0.336464 -0.614155 -0.960837 0.232857 0.150235 -0.250886 0.21745 0.29748 0.929635 0.383492 
1533571243317 0.172444 0.925919 -0.33606 -0.614214 -0.960586 0.233595 0.150694 -0.250862 0.218032 0.296828 0.929707 0.383493 
1533571243375 0.172822 0.925991 -0.335668 -0.614256 -0.960454 0.233972 0.150947 -0.250873 0.218312 0.296307 0.929807 0.383465 
1533571243418 0.173287 0.926046 -0.335277 -0.614282 -0.96028 0.234467 0.151288 -0.250876 0.218711 0.295744 0.929893 0.383435 
1533571243438 0.173541 0.926078 -0.335057 -0.614288 -0.960199 0.234716 0.151413 -0.25089 0.218863 0.295446 0.929952 0.38342 
1533571243455 0.173771 0.9261 -0.334877 -0.614295 -0.960129 0.234941 0.15151 -0.250911 0.21899 0.295197 0.930001 0.383408 
1533571243471 0.17395 0.926111 -0.334754 -0.614302 -0.960074 0.23512 0.151579 -0.250932 0.219086 0.295022 0.930034 0.383396 
1533571243488 0.174119 0.926114 -0.334658 -0.614313 -0.96002 0.235294 0.151651 -0.250949 0.219189 0.294873 0.930057 0.383383 
1533571243592 0.174253 0.926235 -0.334254 -0.614285 -0.959945 0.235422 0.15193 -0.250885 0.219414 0.294391 0.930157 0.383392 
1533571243685 0.174522 0.926562 -0.333205 -0.614165 -0.959898 0.2355 0.152105 -0.250883 0.219405 0.293297 0.930504 0.38342 
1533571243789 0.17521 0.926784 -0.332225 -0.614089 -0.959663 0.23613 0.152607 -0.250964 0.219882 0.292086 0.930773 0.383359 
1533571243826 0.175489 0.926915 -0.331711 -0.614046 -0.959597 0.236329 0.152717 -0.250983 0.219948 0.291509 0.930938 0.38336 
1533571243846 0.175609 0.926964 -0.331511 -0.614037 -0.959566 0.23642 0.15277 -0.25098 0.219989 0.291278 0.931 0.383359 
1533571243863 0.175682 0.926995 -0.331384 -0.614033 -0.959542 0.236483 0.152824 -0.250975 0.220034 0.291128 0.931037 0.383357 
1533571243879 0.175773 0.927035 -0.331226 -0.614025 -0.959515 0.236555 0.15288 -0.250973 0.220079 0.290944 0.931084 0.383356 
1533571243896 0.175848 0.92707 -0.331087 -0.614015 -0.959495 0.23661 0.152919 -0.250975 0.220105 0.290786 0.931127 0.383357 
1533571243912 0.175904 0.927105 -0.330959 -0.614004 -0.959486 0.236641 0.15293 -0.25098 0.2201 0.29065 0.93117 0.383359 
1533571243929 0.175932 0.927121 -0.3309 -0.614 -0.959485 0.236652 0.152917 -0.250985 0.220081 0.290591 0.931193 0.38336 
1533571243946 0.175945 0.927125 -0.330881 -0.613998 -0.959484 0.236659 0.152915 -0.250987 0.220077 0.290571 0.931201 0.38336 
1533571243963 0.175949 0.927124 -0.330883 -0.613998 -0.959482 0.236665 0.152918 -0.250987 0.220083 0.290571 0.931199 0.38336 
1533571243979 0.175943 0.927107 -0.330932 -0.614003 -0.959477 0.236676 0.152933 -0.250984 0.220109 0.290615 0.931179 0.383359 
1533571243996 0.175934 0.927104 -0.330946 -0.613999 -0.959476 0.236674 0.152944 -0.250981 0.220122 0.290627 0.931173 0.383361 
1533571244016 0.175871 0.927048 -0.331137 -0.613988 -0.959461 0.23668 0.153025 -0.250967 0.220235 0.290801 0.931092 0.383367 
1533571244033 0.175858 0.926995 -0.331292 -0.613981 -0.959438 0.236727 0.153097 -0.250972 0.220346 0.290931 0.931025 0.383376 
1533571244049 0.175914 0.926957 -0.33137 -0.613962 -0.959397 0.236834 0.153191 -0.250998 0.220481 0.290966 0.930982 0.3834 
1533571244066 0.176012 0.926957 -0.331317 -0.613932 -0.959345 0.236961 0.153317 -0.251025 0.220628 0.290861 0.93098 0.383431 
1533571244083 0.176112 0.926961 -0.331252 -0.613907 -0.959292 0.237091 0.153453 -0.251045 0.220781 0.290742 0.93098 0.383462 
1533571244099 0.176211 0.926962 -0.331195 -0.613887 -0.95924 0.237218 0.153576 -0.251066 0.220925 0.290634 0.93098 0.383494 
1533571244116 0.176307 0.927014 -0.331 -0.613853 -0.959216 0.237284 0.153624 -0.251088 0.220953 0.290416 0.931042 0.383528 
1533571244133 0.17636 0.927065 -0.330828 -0.613826 -0.959223 0.237284 0.153584 -0.251107 0.220883 0.290251 0.93111 0.38355 
1533571244150 0.176371 0.927117 -0.330678 -0.613806 -0.959249 0.237232 0.153497 -0.251112 0.220757 0.29013 0.931177 0.383556 
1533571244166 0.176323 0.927145 -0.330625 -0.613797 -0.959301 0.237122 0.153345 -0.251108 0.220572 0.290131 0.931221 0.38355 
1533571244189 0.176183 0.92717 -0.33063 -0.613784 -0.959387 0.236912 0.153132 -0.251076 0.22031 0.290222 0.931254 0.383525 
1533571244206 0.176053 0.927201 -0.330612 -0.613765 -0.959451 0.236734 0.153006 -0.251035 0.220134 0.290269 0.931281 0.383512 
1533571244322 0.17589 0.927279 -0.330479 -0.61366 -0.959435 0.23662 0.153285 -0.251122 0.220336 0.290112 0.931283 0.383575 
1533571244360 0.175566 0.927274 -0.330665 -0.613683 -0.959387 0.236486 0.153786 -0.251239 0.220799 0.290236 0.931134 0.383582 
1533571244452 0.175482 0.927204 -0.330907 -0.613657 -0.95925 0.236648 0.154395 -0.251502 0.221465 0.290329 0.930947 0.383591 
1533571244494 0.175239 0.927233 -0.330954 -0.613575 -0.959262 0.23647 0.15459 -0.251699 0.221602 0.290381 0.930898 0.383605 
1533571244577 0.174895 0.927253 -0.331079 -0.613504 -0.959222 0.236303 0.155095 -0.251838 0.222047 0.290452 0.93077 0.383607 
1533571244624 0.174394 0.927316 -0.331166 -0.613476 -0.959258 0.235918 0.155456 -0.251887 0.222285 0.290563 0.930678 0.383596 
1533571244699 0.173994 0.927348 -0.331288 -0.613422 -0.959224 0.235703 0.155994 -0.251994 0.222746 0.290637 0.930545 0.383598 
1533571244750 0.173702 0.927369 -0.331383 -0.613343 -0.959221 0.235516 0.156291 -0.252177 0.222986 0.290721 0.930461 0.383606 
1533571244770 0.173644 0.92737 -0.33141 -0.613314 -0.959213 0.235492 0.156381 -0.252246 0.223067 0.290738 0.930437 0.38361 
1533571244788 0.173577 0.927374 -0.331433 -0.613287 -0.95921 0.235452 0.156458 -0.25231 0.223132 0.290756 0.930416 0.383614 
1533571244804 0.173544 0.927373 -0.331453 -0.613263 -0.9592 0.235445 0.156529 -0.252365 0.2232 0.290765 0.930396 0.383615 
1533571244917 0.173058 0.927437 -0.331528 -0.613241 -0.959273 0.23502 0.156717 -0.252429 0.223261 0.290905 0.930338 0.383597 
1533571244981 0.172516 0.927503 -0.331628 -0.613238 -0.95944 0.234437 0.156568 -0.252476 0.222963 0.291167 0.930328 0.383572 
1533571245037 0.172139 0.927528 -0.331753 -0.613173 -0.959566 0.234029 0.156411 -0.252663 0.222715 0.291414 0.930309 0.383544 
1533571245103 0.171827 0.927543 -0.331873 -0.613076 -0.959647 0.233724 0.156371 -0.252899 0.222607 0.291612 0.930273 0.383509 
1533571245170 0.17141 0.927584 -0.331973 -0.613022 -0.959718 0.233353 0.156484 -0.253023 0.222619 0.291777 0.930219 0.383463 
1533571245229 0.17079 0.927668 -0.33206 -0.613007 -0.959835 0.232776 0.156626 -0.253054 0.222593 0.291973 0.930164 0.383418 
1533571245299 0.170438 0.927688 -0.332182 -0.612938 -0.959904 0.232458 0.156675 -0.253229 0.222564 0.29216 0.930112 0.383386 
1533571245316 0.170402 0.927686 -0.332209 -0.612919 -0.959911 0.232429 0.156679 -0.253279 0.222564 0.292192 0.930102 0.383383 
1533571245333 0.170278 0.9277 -0.332233 -0.6129 -0.959939 0.232308 0.156684 -0.253327 0.222536 0.292244 0.930092 0.38338 
1533571245349 0.17013 0.927716 -0.332263 -0.612876 -0.959973 0.232163 0.156688 -0.253386 0.222501 0.292307 0.930081 0.383376 
1533571245366 0.170017 0.927727 -0.332289 -0.612856 -0.959999 0.232054 0.156691 -0.253436 0.222476 0.292358 0.930071 0.383372 
1533571245456 0.170163 0.927666 -0.332385 -0.612761 -0.95995 0.232238 0.156722 -0.253411 0.222578 0.292405 0.930031 0.383393 
1533571245470 0.170143 0.927586 -0.332619 -0.612748 -0.959942 0.232274 0.156715 -0.25336 0.222625 0.292631 0.929949 0.383392 
1533571245491 0.1701 0.927465 -0.332977 -0.612719 -0.959971 0.232266 0.156551 -0.253347 0.222535 0.293019 0.929848 0.383373 
1533571245560 0.17022 0.927259 -0.333491 -0.612566 -0.960064 0.232315 0.155909 -0.253578 0.222043 0.293634 0.929772 0.383295 
1533571245594 0.170258 0.927139 -0.333804 -0.612478 -0.960093 0.232356 0.155668 -0.253703 0.221887 0.293979 0.9297 0.383283 
1533571245611 0.170193 0.927107 -0.333925 -0.612442 -0.960116 0.232299 0.155607 -0.253712 0.221836 0.294124 0.929667 0.383289 
1533571245627 0.170081 0.927071 -0.334083 -0.612392 -0.960148 0.232204 0.155552 -0.253711 0.221783 0.294313 0.929619 0.3833 
1533571245648 0.169993 0.92705 -0.334186 -0.612328 -0.960177 0.232123 0.155498 -0.253721 0.221727 0.294444 0.929591 0.383316 
1533571245768 0.170246 0.926858 -0.33459 -0.612181 -0.960128 0.232432 0.155337 -0.253973 0.221744 0.294804 0.929473 0.383244 
1533571245854 0.16991 0.926928 -0.334567 -0.611846 -0.960099 0.232231 0.155817 -0.253921 0.222128 0.294743 0.929401 0.383164 
1533571245906 0.169835 0.926879 -0.334741 -0.611693 -0.960107 0.232196 0.155816 -0.253995 0.222148 0.294925 0.929338 0.383065 
1533571245953 0.169803 0.926837 -0.334873 -0.611524 -0.96012 0.232178 0.155762 -0.254086 0.222116 0.29507 0.9293 0.383038 
1533571245998 0.169888 0.926751 -0.335068 -0.611369 -0.960115 0.232278 0.155647 -0.254235 0.222075 0.295261 0.929249 0.383003 
1533571246019 0.169883 0.926735 -0.335115 -0.611292 -0.960127 0.232268 0.155591 -0.254284 0.222028 0.295321 0.929241 0.382996 
1533571246035 0.169824 0.92673 -0.33516 -0.611222 -0.960146 0.232208 0.155562 -0.254312 0.221991 0.295384 0.92923 0.382991 
1533571246052 0.16979 0.926721 -0.335202 -0.611162 -0.960156 0.232177 0.155544 -0.254339 0.221972 0.295436 0.929218 0.382986 
1533571246069 0.169769 0.92671 -0.335242 -0.611093 -0.960164 0.232159 0.155523 -0.254374 0.221954 0.295484 0.929207 0.38298 
1533571246187 0.169234 0.926781 -0.335315 -0.611017 -0.960216 0.231726 0.155847 -0.254305 0.222137 0.2956 0.929126 0.38288 
1533571246233 0.168873 0.926946 -0.335043 -0.610783 -0.96022 0.231421 0.156277 -0.254268 0.222396 0.295324 0.929152 0.382873 
1533571246331 0.168757 0.927013 -0.334916 -0.610425 -0.96021 0.231331 0.156471 -0.254467 0.222527 0.295184 0.929165 0.382814 
1533571246407 0.168569 0.927082 -0.334819 -0.610052 -0.9602 0.231196 0.156734 -0.254646 0.222714 0.295073 0.929156 0.382832 
1533571246424 0.168498 0.927102 -0.334798 -0.610003 -0.960201 0.23114 0.156809 -0.254646 0.222763 0.295052 0.929151 0.382831 
1533571246440 0.168416 0.927122 -0.334784 -0.609956 -0.960202 0.231079 0.156892 -0.254644 0.22282 0.295037 0.929142 0.382827 
1533571246459 0.168324 0.927145 -0.334766 -0.609903 -0.960207 0.231004 0.15697 -0.254645 0.222867 0.295023 0.929135 0.382825 
1533571246477 0.168235 0.927168 -0.334748 -0.609852 -0.96021 0.230934 0.157053 -0.254647 0.222919 0.295007 0.929128 0.382823 
1533571246560 0.167936 0.92723 -0.334728 -0.60966 -0.960216 0.230712 0.157347 -0.25467 0.223122 0.294987 0.929085 0.382795 
1533571246598 0.167781 0.927247 -0.334758 -0.609491 -0.960215 0.230608 0.157501 -0.25479 0.22324 0.295014 0.929048 0.382763 
1533571246652 0.167544 0.927377 -0.334516 -0.609248 -0.960249 0.230354 0.157666 -0.254963 0.223273 0.294802 0.929107 0.382732 
1533571246755 0.166607 0.927607 -0.334345 -0.608894 -0.960369 0.229503 0.158174 -0.2549 0.223456 0.294742 0.929083 0.382717 
1533571246790 0.166474 0.927643 -0.334312 -0.608721 -0.960369 0.229404 0.158321 -0.254976 0.223558 0.294707 0.929069 0.382713 
1533571246809 0.166455 0.927644 -0.33432 -0.608617 -0.96036 0.229403 0.158374 -0.255061 0.223608 0.294705 0.929058 0.382703 
1533571246826 0.166448 0.927644 -0.334322 -0.608548 -0.960352 0.22941 0.158415 -0.255116 0.223649 0.294699 0.92905 0.382696 
1533571246846 0.166408 0.927645 -0.33434 -0.608498 -0.960346 0.229392 0.158477 -0.255154 0.223705 0.294711 0.929033 0.382678 
1533571246948 0.166164 0.927706 -0.334292 -0.608351 -0.96037 0.229178 0.158638 -0.255149 0.223782 0.294685 0.929022 0.382667 
1533571246987 0.165925 0.927794 -0.334166 -0.608256 -0.960436 0.2289 0.158639 -0.255037 0.223675 0.294623 0.929068 0.382669 
1533571247025 0.165682 0.927884 -0.334037 -0.608164 -0.960509 0.22861 0.158619 -0.254901 0.223544 0.294566 0.929117 0.382663 
1533571247113 0.165674 0.927909 -0.333972 -0.607872 -0.960585 0.228493 0.158329 -0.25497 0.223226 0.294577 0.92919 0.382644 
1533571247150 0.165796 0.927889 -0.333966 -0.607682 -0.960568 0.228602 0.158275 -0.255118 0.223207 0.294556 0.929201 0.382654 
1533571247167 0.165746 0.927902 -0.333957 -0.607616 -0.960576 0.228553 0.158293 -0.255127 0.223207 0.294554 0.929202 0.38265 
1533571247183 0.165641 0.927926 -0.33394 -0.607567 -0.960595 0.228451 0.158329 -0.255098 0.223206 0.294555 0.929202 0.382644 
1533571247200 0.165424 0.927978 -0.333904 -0.607523 -0.960635 0.228238 0.158392 -0.255029 0.223193 0.294558 0.929204 0.382639 
1533571247217 0.165203 0.928033 -0.333861 -0.607492 -0.960674 0.228021 0.158464 -0.254951 0.223187 0.294553 0.929207 0.382639 
1533571247233 0.165106 0.928054 -0.333849 -0.607479 -0.960692 0.227928 0.158494 -0.254915 0.223184 0.294558 0.929206 0.382634 
1533571247257 0.165098 0.928043 -0.333884 -0.607475 -0.96069 0.227929 0.1585 -0.25492 0.223197 0.294591 0.929193 0.382609 
1533571247365 0.165283 0.927983 -0.333959 -0.607274 -0.960631 0.228153 0.158541 -0.255094 0.223317 0.294607 0.929159 0.382524 
1533571247385 0.165181 0.928025 -0.333894 -0.607168 -0.960648 0.228046 0.158587 -0.255082 0.223316 0.294559 0.929174 0.382531 
1533571247413 0.16508 0.928064 -0.333834 -0.607049 -0.960665 0.227942 0.158635 -0.255079 0.223318 0.294516 0.929188 0.382531 
1533571247444 0.165 0.928101 -0.333773 -0.606922 -0.960685 0.227848 0.158648 -0.25511 0.223291 0.294474 0.929207 0.382519 
1533571247464 0.164946 0.928108 -0.333779 -0.606891 -0.960698 0.227794 0.158649 -0.255123 0.223276 0.294493 0.929205 0.382503 
1533571247481 0.164872 0.928128 -0.33376 -0.60685 -0.960711 0.22772 0.158673 -0.255119 0.223273 0.294487 0.929208 0.382479 
1533571247498 0.164811 0.928164 -0.33369 -0.606803 -0.960722 0.227651 0.158709 -0.255106 0.223273 0.294427 0.929227 0.382458 
1533571247514 0.164744 0.928195 -0.333637 -0.606756 -0.960733 0.22758 0.158744 -0.255092 0.223274 0.294384 0.92924 0.382443 
1533571247531 0.164659 0.928231 -0.333579 -0.606694 -0.960749 0.227488 0.15878 -0.255073 0.22327 0.294341 0.929254 0.38243 
1533571247548 0.164609 0.92825 -0.33355 -0.606657 -0.960758 0.227435 0.158798 -0.255063 0.223266 0.294321 0.929262 0.382421 
1533571247596 0.164532 0.928296 -0.33346 -0.60659 -0.960774 0.227344 0.158832 -0.255082 0.223254 0.294247 0.929288 0.382353 
1533571247636 0.164377 0.928493 -0.332989 -0.606491 -0.960791 0.22713 0.159034 -0.255119 0.223294 0.293792 0.929422 0.382282 
1533571247666 0.164231 0.928617 -0.332715 -0.606385 -0.960801 0.226966 0.159208 -0.25518 0.223358 0.293526 0.929491 0.382229 
1533571247683 0.164198 0.92866 -0.332609 -0.606314 -0.960794 0.226934 0.159299 -0.255216 0.223415 0.293412 0.929513 0.382207 
1533571247699 0.164169 0.928702 -0.332506 -0.606227 -0.960779 0.226915 0.159416 -0.25525 0.223501 0.293294 0.92953 0.382177 
1533571247716 0.164121 0.92875 -0.332397 -0.606149 -0.960774 0.226869 0.159512 -0.25527 0.223557 0.293179 0.929553 0.382153 
1533571247733 0.164088 0.928799 -0.332277 -0.606051 -0.960766 0.226835 0.159607 -0.255309 0.223615 0.293051 0.929579 0.382122 
1533571247749 0.164071 0.928818 -0.332232 -0.605986 -0.960762 0.22682 0.159652 -0.255338 0.223644 0.293002 0.929588 0.382101 
1533571247766 0.164019 0.928831 -0.33222 -0.605959 -0.960771 0.22677 0.159672 -0.255336 0.223646 0.292998 0.929588 0.382084 
1533571247783 0.164007 0.928822 -0.332252 -0.605966 -0.960773 0.226763 0.159665 -0.255341 0.223643 0.293033 0.929578 0.382063 
1533571247845 0.163746 0.928946 -0.332034 -0.606046 -0.960858 0.226429 0.159632 -0.255232 0.223472 0.292899 0.929662 0.382037 
1533571247876 0.163629 0.929165 -0.331479 -0.605983 -0.960864 0.226242 0.15986 -0.255173 0.223531 0.292348 0.929821 0.382043 
1533571247896 0.163514 0.929267 -0.33125 -0.605939 -0.960875 0.226106 0.159989 -0.255165 0.22357 0.29213 0.92988 0.382043 
1533571247916 0.163423 0.929355 -0.331047 -0.605864 -0.960872 0.226009 0.160142 -0.255182 0.223649 0.291923 0.929926 0.382033 
1533571247933 0.163357 0.929381 -0.331006 -0.605806 -0.960881 0.225944 0.160181 -0.255218 0.223658 0.291891 0.929934 0.382015 
1533571247950 0.163281 0.929415 -0.330947 -0.605744 -0.960898 0.225857 0.160201 -0.255254 0.22364 0.291849 0.929951 0.38199 
1533571248018 0.163327 0.929448 -0.330834 -0.605636 -0.960905 0.225861 0.160154 -0.255294 0.223577 0.291742 0.93 0.381942 
1533571248044 0.163418 0.92943 -0.33084 -0.605625 -0.961006 0.225795 0.159639 -0.255258 0.223075 0.291851 0.930086 0.381906 
1533571248075 0.163412 0.929422 -0.330866 -0.605603 -0.961152 0.225603 0.159026 -0.255188 0.222446 0.292025 0.930182 0.381875 
1533571248099 0.163302 0.929387 -0.331016 -0.605592 -0.961228 0.22545 0.158786 -0.255098 0.222202 0.292252 0.93017 0.381845 
1533571248122 0.163151 0.92939 -0.331084 -0.605572 -0.961288 0.225275 0.158671 -0.255016 0.222053 0.29238 0.930165 0.381809 
1533571248139 0.163075 0.929412 -0.331058 -0.605545 -0.96133 0.225161 0.158577 -0.254982 0.221924 0.292396 0.93019 0.381786 
1533571248156 0.163018 0.929439 -0.331012 -0.605502 -0.961372 0.225057 0.158472 -0.254962 0.221787 0.292391 0.930225 0.381768 
1533571248173 0.162988 0.92946 -0.330967 -0.60546 -0.961403 0.224987 0.158381 -0.254958 0.221672 0.292379 0.930256 0.381759 
1533571248189 0.162975 0.92948 -0.330917 -0.605406 -0.961434 0.224929 0.15828 -0.254967 0.22155 0.292359 0.930291 0.381756 
1533571248206 0.162967 0.929525 -0.330795 -0.60535 -0.961465 0.224861 0.158184 -0.254974 0.221419 0.292269 0.930351 0.381758 
1533571248225 0.162936 0.929587 -0.330635 -0.60529 -0.961495 0.224771 0.158128 -0.25497 0.221311 0.29214 0.930417 0.381764 
1533571248286 0.162779 0.92954 -0.330844 -0.605248 -0.961372 0.224857 0.158752 -0.255024 0.221959 0.292223 0.930237 0.381765 
1533571248315 0.162612 0.929428 -0.331242 -0.605214 -0.961264 0.224948 0.15928 -0.255121 0.222552 0.29251 0.930005 0.381749 
1533571248329 0.162547 0.929351 -0.331491 -0.605174 -0.96119 0.225041 0.159595 -0.255191 0.222919 0.292684 0.929862 0.381744 
1533571248359 0.162415 0.92932 -0.33164 -0.605063 -0.961124 0.225059 0.159967 -0.25528 0.223299 0.292766 0.929745 0.381761 
1533571248376 0.162363 0.929321 -0.331663 -0.605006 -0.961112 0.225041 0.160061 -0.255305 0.223386 0.292778 0.92972 0.381761 
1533571248393 0.162304 0.929329 -0.33167 -0.604947 -0.961106 0.225008 0.160146 -0.255322 0.223456 0.292777 0.929703 0.381761 
1533571248409 0.162209 0.929343 -0.331678 -0.604897 -0.961111 0.224934 0.160216 -0.255327 0.223502 0.292791 0.929688 0.381753 
1533571248426 0.162093 0.929359 -0.331689 -0.60485 -0.961118 0.224845 0.160304 -0.255325 0.223559 0.292808 0.929669 0.381742 
1533571248443 0.161972 0.929379 -0.331693 -0.604812 -0.961127 0.224746 0.160386 -0.255319 0.223606 0.292821 0.929654 0.381736 
1533571248459 0.161879 0.929394 -0.331696 -0.60479 -0.961137 0.224668 0.160438 -0.255314 0.223631 0.292834 0.929644 0.381732 
1533571248476 0.161789 0.929405 -0.331709 -0.604769 -0.961144 0.224596 0.160497 -0.255308 0.223668 0.292854 0.929629 0.381725 
1533571248540 0.161757 0.929341 -0.331903 -0.604762 -0.961102 0.224662 0.160657 -0.255312 0.223871 0.293005 0.929532 0.381669 
1533571248572 0.161565 0.929299 -0.332116 -0.604695 -0.961099 0.224564 0.160809 -0.25536 0.224021 0.293215 0.92943 0.381656 
1533571248596 0.161401 0.929304 -0.332181 -0.604592 -0.961095 0.224463 0.160976 -0.25541 0.224158 0.293276 0.929377 0.381687 
1533571248616 0.161327 0.929308 -0.332206 -0.60452 -0.961081 0.224432 0.161099 -0.255447 0.224269 0.293288 0.929347 0.381717 
1533571248632 0.161242 0.929309 -0.332243 -0.604446 -0.961063 0.224401 0.161249 -0.255478 0.224406 0.293307 0.929308 0.381749 
1533571248649 0.16117 0.929306 -0.332286 -0.604393 -0.961049 0.224376 0.161373 -0.255492 0.224522 0.293334 0.929271 0.381769 
1533571248666 0.161149 0.929287 -0.33235 -0.604346 -0.961023 0.224405 0.161482 -0.255529 0.224644 0.293373 0.929229 0.38178 
1533571248682 0.161153 0.929263 -0.332417 -0.604321 -0.961005 0.224443 0.161536 -0.255564 0.224718 0.293422 0.929196 0.381772 
1533571248699 0.161149 0.929235 -0.332495 -0.604323 -0.961001 0.224459 0.161538 -0.25558 0.224738 0.293497 0.929168 0.381744 
1533571248741 0.161039 0.929238 -0.33254 -0.604358 -0.961084 0.22428 0.161293 -0.255515 0.224462 0.293625 0.929194 0.381653 
1533571248793 0.160897 0.929299 -0.33244 -0.60436 -0.961305 0.22387 0.160544 -0.255376 0.223616 0.293745 0.92936 0.381626 
1533571248810 0.16084 0.929338 -0.332358 -0.604318 -0.961374 0.223725 0.160336 -0.255316 0.223364 0.293732 0.929425 0.381642 
1533571248829 0.16076 0.929384 -0.332266 -0.604255 -0.961445 0.223558 0.16014 -0.255272 0.223112 0.293712 0.929492 0.381657 
1533571248846 0.16076 0.929402 -0.332218 -0.604193 -0.961475 0.22351 0.160026 -0.255273 0.222983 0.293693 0.929528 0.381663 
1533571248863 0.160773 0.929386 -0.332255 -0.604135 -0.961492 0.223503 0.159936 -0.255292 0.222902 0.293747 0.929531 0.381657 
1533571248880 0.16083 0.929349 -0.332331 -0.604096 -0.961494 0.223555 0.15985 -0.255332 0.22285 0.293825 0.929518 0.381635 
1533571248896 0.160879 0.929319 -0.332392 -0.604063 -0.961499 0.223594 0.159767 -0.255375 0.222795 0.293891 0.929511 0.381616 
1533571248913 0.160912 0.929304 -0.332418 -0.604022 -0.961506 0.223613 0.159698 -0.255417 0.222741 0.293925 0.929513 0.381608 
1533571248992 0.16059 0.92943 -0.332222 -0.603983 -0.961518 0.223332 0.160019 -0.255326 0.222922 0.29374 0.929528 0.381597 
1533571249005 0.16046 0.929551 -0.331946 -0.603969 -0.961521 0.223188 0.160201 -0.25529 0.223001 0.293467 0.929595 0.381573 
1533571249022 0.160375 0.929656 -0.331692 -0.603961 -0.96151 0.223097 0.160394 -0.255264 0.22311 0.293202 0.929653 0.381542 
1533571249039 0.160343 0.929722 -0.331522 -0.603963 -0.961491 0.22307 0.160548 -0.255249 0.223217 0.293013 0.929687 0.381511 
1533571249055 0.160309 0.929738 -0.331494 -0.603976 -0.961487 0.223046 0.160605 -0.255245 0.223259 0.29298 0.929687 0.381483 
1533571249075 0.160265 0.929742 -0.331503 -0.603985 -0.961489 0.223013 0.160636 -0.255258 0.223279 0.292992 0.929678 0.381447 
1533571249092 0.160225 0.929759 -0.331476 -0.603975 -0.961494 0.222973 0.160665 -0.255276 0.22329 0.292969 0.929683 0.381425 
1533571249109 0.160175 0.929792 -0.331408 -0.603935 -0.961496 0.222922 0.16072 -0.255304 0.223314 0.292904 0.929698 0.381407 
1533571249125 0.160152 0.92983 -0.331313 -0.603882 -0.961496 0.222889 0.160766 -0.255339 0.223331 0.292809 0.929723 0.3814 
1533571249230 0.15995 0.929827 -0.331418 -0.603732 -0.961426 0.222854 0.161234 -0.255357 0.223777 0.292844 0.929605 0.381419 
1533571249243 0.159853 0.929748 -0.331685 -0.603742 -0.961398 0.222868 0.161383 -0.255331 0.223967 0.293083 0.929484 0.381445 
1533571249260 0.159743 0.929687 -0.33191 -0.60374 -0.961367 0.222868 0.161567 -0.255297 0.224179 0.293278 0.929372 0.381487 
1533571249290 0.159608 0.929641 -0.332104 -0.603705 -0.961337 0.222843 0.161777 -0.255271 0.224401 0.293443 0.929266 0.381574 
1533571249337 0.159509 0.929625 -0.332196 -0.603615 -0.961302 0.222833 0.161997 -0.255304 0.224621 0.293501 0.929195 0.38166 
1533571249364 0.15929 0.929613 -0.332334 -0.603549 -0.9613 0.222702 0.16219 -0.255335 0.224785 0.293637 0.929112 0.381683 
1533571249381 0.159216 0.929591 -0.332432 -0.603511 -0.96129 0.222679 0.16228 -0.255363 0.22488 0.293726 0.929061 0.381678 
1533571249398 0.159104 0.929526 -0.332667 -0.603455 -0.96124 0.222705 0.162544 -0.255408 0.225175 0.293911 0.928931 0.381666 
1533571249414 0.159017 0.929482 -0.332832 -0.603407 -0.961186 0.222742 0.162812 -0.255441 0.225466 0.294024 0.928824 0.381663 
1533571249431 0.158934 0.929443 -0.332979 -0.603356 -0.961144 0.222762 0.163031 -0.255474 0.225704 0.294129 0.928733 0.38166 
1533571249448 0.15892 0.929408 -0.333086 -0.603322 -0.961108 0.222818 0.16317 -0.255486 0.225869 0.2942 0.928671 0.381651 
1533571249464 0.158885 0.929412 -0.33309 -0.603301 -0.961105 0.222797 0.163212 -0.255474 0.225903 0.294202 0.928662 0.381648 
1533571249485 0.158901 0.929423 -0.333051 -0.603305 -0.961136 0.222761 0.163078 -0.255471 0.225759 0.294194 0.928699 0.381648 
1533571249498 0.158884 0.929438 -0.333019 -0.603319 -0.961178 0.222688 0.162932 -0.255459 0.225594 0.294203 0.928737 0.381654 
1533571249562 0.159188 0.929484 -0.332743 -0.603325 -0.961321 0.222673 0.162107 -0.255332 0.224769 0.294067 0.92898 0.381724 
1533571249576 0.159077 0.929528 -0.332673 -0.603283 -0.961377 0.222506 0.162001 -0.255292 0.224606 0.294054 0.929023 0.38175 
1533571249596 0.15896 0.929581 -0.332583 -0.603212 -0.961439 0.222326 0.161884 -0.255255 0.224427 0.294025 0.929076 0.381782 
1533571249612 0.158923 0.929578 -0.332607 -0.603144 -0.961473 0.222258 0.161772 -0.255264 0.224305 0.294084 0.929087 0.381804 
1533571249629 0.158916 0.929501 -0.332827 -0.603108 -0.961469 0.222297 0.161744 -0.25529 0.224327 0.294299 0.929013 0.381795 
1533571249646 0.158951 0.929442 -0.332974 -0.603095 -0.961458 0.222363 0.161722 -0.25532 0.224352 0.294435 0.928964 0.381782 
1533571249687 0.159165 0.929354 -0.333119 -0.603069 -0.961428 0.222581 0.161596 -0.255431 0.224326 0.294549 0.928934 0.381747 
1533571249703 0.159238 0.929355 -0.33308 -0.603072 -0.961426 0.22263 0.161545 -0.255455 0.224286 0.294508 0.928957 0.381732 
1533571249718 0.159287 0.929371 -0.333012 -0.603081 -0.961431 0.222647 0.161491 -0.255466 0.224229 0.294445 0.928991 0.381714 
1533571249733 0.159304 0.929439 -0.332814 -0.603076 -0.961455 0.222593 0.161423 -0.255455 0.224115 0.29427 0.929074 0.381703 
1533571249750 0.159262 0.929539 -0.332556 -0.603072 -0.961498 0.222461 0.161344 -0.25541 0.223956 0.294056 0.92918 0.381688 
1533571249767 0.159207 0.929619 -0.332357 -0.603069 -0.961551 0.222317 0.161226 -0.255365 0.223767 0.29391 0.929271 0.38166 
1533571249787 0.159176 0.929681 -0.332198 -0.603068 -0.961627 0.222168 0.160981 -0.255337 0.223465 0.293826 0.92937 0.381624 
1533571249803 0.159161 0.929696 -0.332164 -0.603071 -0.961693 0.222064 0.160727 -0.255335 0.223189 0.293859 0.929426 0.381587 
1533571249820 0.159143 0.92971 -0.332133 -0.603067 -0.961763 0.221954 0.160463 -0.255334 0.222902 0.293897 0.929483 0.381553 
1533571249837 0.159113 0.929734 -0.33208 -0.603045 -0.96184 0.221821 0.160183 -0.255331 0.22259 0.293921 0.929551 0.38153 
1533571249853 0.159079 0.929759 -0.332027 -0.603016 -0.961907 0.221699 0.159951 -0.255331 0.222326 0.293934 0.929609 0.381515 
1533571249870 0.159053 0.929772 -0.332003 -0.60299 -0.96195 0.221619 0.159803 -0.255335 0.222159 0.293953 0.929644 0.381496 
1533571249887 0.159052 0.929769 -0.332011 -0.602965 -0.961943 0.22163 0.159832 -0.255341 0.22219 0.293954 0.929636 0.381479 
1533571249903 0.159057 0.929759 -0.332038 -0.602942 -0.961914 0.221676 0.159941 -0.255351 0.222311 0.293952 0.929607 0.381477 
1533571249920 0.159064 0.929756 -0.332043 -0.602928 -0.961851 0.221765 0.160194 -0.255347 0.222577 0.293895 0.929562 0.38149 
1533571249937 0.159128 0.929749 -0.33203 -0.602911 -0.96173 0.221969 0.160639 -0.255354 0.223054 0.293761 0.92949 0.381537 
1533571249957 0.159096 0.929761 -0.332013 -0.602876 -0.961661 0.222033 0.160962 -0.255396 0.223374 0.293676 0.92944 0.381581 
1533571249973 0.159022 0.929771 -0.332022 -0.602826 -0.961624 0.22203 0.161188 -0.255484 0.223587 0.293648 0.929398 0.381619 
1533571249990 0.159002 0.92976 -0.332063 -0.602781 -0.961605 0.222048 0.161278 -0.255582 0.223684 0.293669 0.929367 0.381637 
1533571250007 0.158994 0.929743 -0.332112 -0.602746 -0.961601 0.222057 0.161291 -0.255655 0.223708 0.293715 0.929347 0.381626 
1533571250023 0.158993 0.929732 -0.332143 -0.602717 -0.961601 0.222061 0.161286 -0.255699 0.223709 0.293746 0.929337 0.381612 
1533571250040 0.158996 0.929716 -0.332186 -0.602675 -0.961604 0.222067 0.16126 -0.255727 0.223694 0.293792 0.929326 0.381573 
1533571250057 0.158968 0.929716 -0.332202 -0.602668 -0.961622 0.222025 0.161206 -0.255706 0.223633 0.293826 0.92933 0.381536 
1533571250073 0.158928 0.929728 -0.332187 -0.602667 -0.961654 0.221952 0.161116 -0.255666 0.223524 0.293844 0.929351 0.381505 
1533571250090 0.158964 0.929729 -0.332167 -0.602672 -0.961671 0.221952 0.161015 -0.255618 0.223426 0.29384 0.929376 0.38148 
1533571250107 0.159037 0.929718 -0.332161 -0.602678 -0.961686 0.221984 0.160882 -0.255579 0.223309 0.293848 0.929401 0.381463 
1533571250127 0.159083 0.929719 -0.332136 -0.602675 -0.961731 0.221953 0.160655 -0.255519 0.223083 0.293868 0.929449 0.38144 
1533571250143 0.159033 0.929736 -0.332114 -0.602662 -0.961776 0.221854 0.160523 -0.255485 0.222925 0.293891 0.92948 0.381427 
1533571250160 0.158946 0.929759 -0.332091 -0.602646 -0.961817 0.221734 0.160444 -0.255459 0.22281 0.293909 0.929502 0.381412 
1533571250177 0.158865 0.929783 -0.332062 -0.602616 -0.961851 0.221625 0.160388 -0.255436 0.222719 0.293915 0.929522 0.381391 
1533571250193 0.158799 0.929804 -0.332036 -0.602569 -0.961879 0.221536 0.160344 -0.255431 0.222646 0.293916 0.929539 0.381368 
1533571250210 0.158692 0.929825 -0.332026 -0.602533 -0.961914 0.221412 0.160309 -0.255451 0.222574 0.293941 0.929548 0.381357 
1533571250227 0.158657 0.929837 -0.33201 -0.602502 -0.961917 0.221379 0.160333 -0.255484 0.222583 0.293929 0.92955 0.381369 
1533571250243 0.158701 0.92983 -0.332011 -0.602484 -0.961891 0.221446 0.1604 -0.255535 0.222667 0.293903 0.929538 0.381382 
1533571250260 0.158784 0.92981 -0.332027 -0.602473 -0.961842 0.221573 0.160517 -0.255606 0.222819 0.29387 0.929512 0.381417 
1533571250277 0.158843 0.929781 -0.33208 -0.602463 -0.961793 0.221689 0.160647 -0.255668 0.222985 0.293875 0.92947 0.381446 
1533571250300 0.158896 0.92976 -0.332111 -0.60244 -0.961746 0.221795 0.160783 -0.255732 0.22315 0.293859 0.929436 0.381486 
1533571250317 0.158896 0.92971 -0.332251 -0.602421 -0.961708 0.221869 0.160909 -0.255785 0.223315 0.293961 0.929364 0.381521 
1533571250333 0.158808 0.92966 -0.332435 -0.602394 -0.96169 0.221861 0.161027 -0.255817 0.223455 0.294127 0.929278 0.381555 
1533571250350 0.15864 0.929643 -0.332562 -0.602344 -0.961698 0.221752 0.161131 -0.255823 0.22354 0.294262 0.929214 0.381588 
1533571250433 0.158247 0.929712 -0.332557 -0.602234 -0.961777 0.221364 0.161193 -0.255828 0.223479 0.294337 0.929205 0.381569 
1533571250448 0.158316 0.929787 -0.332314 -0.60223 -0.961771 0.221379 0.161207 -0.255851 0.223455 0.294088 0.92929 0.381553 
1533571250466 0.15838 0.929845 -0.332122 -0.602241 -0.961725 0.221453 0.161383 -0.255858 0.223611 0.29385 0.929328 0.381505 
1533571250535 0.158227 0.929929 -0.331959 -0.60228 -0.961633 0.221434 0.161951 -0.255836 0.22411 0.293598 0.929287 0.381352 
1533571250552 0.157935 0.929989 -0.331928 -0.602274 -0.961655 0.221189 0.162157 -0.255801 0.224223 0.29359 0.929263 0.381348 
1533571250572 0.157648 0.930049 -0.331896 -0.602257 -0.961662 0.220967 0.162421 -0.255783 0.224398 0.293567 0.929228 0.381359 
1533571250589 0.157494 0.930087 -0.331865 -0.602235 -0.961634 0.220886 0.162692 -0.255781 0.224622 0.29351 0.929192 0.381374 
1533571250605 0.157457 0.9301 -0.331847 -0.602209 -0.961582 0.220924 0.162949 -0.255804 0.224871 0.29344 0.929153 0.381389 
1533571250622 0.157464 0.930104 -0.331831 -0.602174 -0.96152 0.221008 0.163202 -0.255847 0.225132 0.293364 0.929114 0.381405 
1533571250639 0.157476 0.930104 -0.331824 -0.602149 -0.961478 0.22107 0.163363 -0.25588 0.225301 0.293315 0.929089 0.381413 
1533571250655 0.157504 0.930098 -0.331828 -0.602121 -0.961447 0.22113 0.163463 -0.255918 0.225414 0.293289 0.929069 0.381403 
1533571250689 0.157639 0.930078 -0.331821 -0.602078 -0.96147 0.221198 0.163239 -0.256001 0.225223 0.293303 0.929111 0.381377 
1533571250715 0.157552 0.930099 -0.331804 -0.602033 -0.961558 0.221017 0.162964 -0.255976 0.224907 0.293373 0.929166 0.381318 
1533571250728 0.15753 0.930114 -0.331772 -0.601999 -0.961586 0.220959 0.162879 -0.255932 0.224804 0.293368 0.929192 0.381284 
1533571250745 0.157511 0.93014 -0.331708 -0.601948 -0.961618 0.220892 0.16278 -0.255869 0.22468 0.293337 0.929232 0.381241 
1533571250765 0.157469 0.930174 -0.331631 -0.601892 -0.961655 0.220801 0.162687 -0.255813 0.224552 0.293296 0.929276 0.3812 
1533571250781 0.157418 0.930204 -0.331571 -0.601849 -0.961684 0.220715 0.162631 -0.25578 0.224463 0.293266 0.929307 0.381176 
1533571250798 0.15735 0.930239 -0.331505 -0.60178 -0.961725 0.220601 0.162542 -0.255779 0.224333 0.293241 0.929346 0.381146 
1533571250815 0.157336 0.930257 -0.331462 -0.601713 -0.961746 0.220556 0.162481 -0.255811 0.224255 0.293219 0.929372 0.38113 
1533571250865 0.157403 0.930213 -0.331553 -0.601604 -0.96172 0.220654 0.162499 -0.256009 0.224317 0.293283 0.929337 0.381117 
1533571250893 0.157296 0.930208 -0.331618 -0.601571 -0.961704 0.220608 0.162656 -0.256088 0.224462 0.293334 0.929286 0.381161 
1533571250930 0.157116 0.930171 -0.331808 -0.601526 -0.961608 0.220637 0.163185 -0.256145 0.224999 0.293431 0.929125 0.381243 
1533571250979 0.156418 0.930124 -0.33227 -0.601447 -0.961554 0.220283 0.163982 -0.256061 0.225717 0.293846 0.92882 0.381279 
1533571251011 0.156062 0.930149 -0.332368 -0.601329 -0.961556 0.22004 0.164297 -0.256073 0.225955 0.293949 0.928729 0.381303 
1533571251045 0.155749 0.930166 -0.332467 -0.601211 -0.961581 0.219797 0.164475 -0.256122 0.226064 0.294077 0.928662 0.381286 
1533571251064 0.155602 0.930174 -0.332512 -0.601156 -0.96159 0.219685 0.164567 -0.256135 0.226123 0.294133 0.92863 0.381276 
1533571251081 0.155497 0.930181 -0.332543 -0.601101 -0.96159 0.219615 0.164662 -0.256149 0.226197 0.294166 0.928602 0.381274 
1533571251098 0.155434 0.930181 -0.332572 -0.601046 -0.961583 0.219583 0.164744 -0.256182 0.226269 0.294189 0.928577 0.381275 
1533571251114 0.155414 0.930171 -0.33261 -0.600991 -0.961572 0.21959 0.164802 -0.256243 0.226332 0.294216 0.928553 0.381273 
1533571251136 0.155453 0.930133 -0.332695 -0.600921 -0.961546 0.219667 0.164849 -0.256344 0.226414 0.294276 0.928514 0.381267 
1533571251153 0.155445 0.930128 -0.332716 -0.600902 -0.961537 0.219677 0.164891 -0.256363 0.226459 0.294287 0.928499 0.381279 
1533571251219 0.155117 0.930204 -0.332655 -0.600953 -0.96158 0.219372 0.165046 -0.25616 0.226502 0.294273 0.928494 0.381303 
1533571251305 0.154477 0.930325 -0.332614 -0.600689 -0.961687 0.218759 0.165233 -0.256117 0.226483 0.294346 0.928475 0.381322 
1533571251318 0.154377 0.930321 -0.332671 -0.600615 -0.961702 0.218678 0.165256 -0.256169 0.226489 0.294418 0.928451 0.381302 
1533571251338 0.154258 0.930318 -0.332736 -0.600515 -0.961716 0.218584 0.165296 -0.256226 0.226508 0.2945 0.92842 0.38128 
1533571251355 0.154199 0.930319 -0.33276 -0.600477 -0.961723 0.218537 0.165321 -0.256239 0.226522 0.29453 0.928407 0.381273 
1533571251372 0.154128 0.930304 -0.332834 -0.600411 -0.96171 0.218514 0.165423 -0.256275 0.226623 0.294594 0.928362 0.381244 
1533571251388 0.154158 0.93028 -0.332888 -0.600377 -0.96169 0.218573 0.165466 -0.256327 0.22669 0.294627 0.928335 0.381229 
1533571251405 0.154216 0.930263 -0.332908 -0.600347 -0.961672 0.218641 0.165477 -0.256379 0.226724 0.29463 0.928326 0.38123 
1533571251422 0.154235 0.930261 -0.332906 -0.600337 -0.961667 0.218662 0.165482 -0.2564 0.226736 0.294622 0.928326 0.381235 
1533571251482 0.154008 0.93032 -0.332846 -0.600372 -0.961713 0.218426 0.165527 -0.256247 0.226695 0.29461 0.92834 0.381226 
1533571251530 0.153637 0.930433 -0.332702 -0.600306 -0.961827 0.217981 0.165447 -0.256082 0.226461 0.294583 0.928405 0.381171 
1533571251555 0.153591 0.93053 -0.332452 -0.60017 -0.961871 0.217845 0.165368 -0.256093 0.226303 0.294377 0.928509 0.381184 
1533571251573 0.153671 0.930561 -0.332326 -0.600064 -0.961878 0.217873 0.165294 -0.256165 0.226221 0.294256 0.928567 0.381196 
1533571251589 0.153755 0.930566 -0.332274 -0.599994 -0.961876 0.217927 0.165234 -0.256231 0.226173 0.294201 0.928597 0.381197 
1533571251605 0.153834 0.930557 -0.332263 -0.599919 -0.961878 0.21798 0.16515 -0.256308 0.226108 0.294191 0.928616 0.381175 
1533571251622 0.153851 0.93055 -0.332274 -0.599844 -0.96189 0.21798 0.165083 -0.256368 0.226047 0.294213 0.928623 0.381138 
1533571251713 0.153612 0.930559 -0.33236 -0.599716 -0.962008 0.217666 0.164808 -0.256338 0.225707 0.294417 0.928642 0.381015 
1533571251735 0.153816 0.930501 -0.332428 -0.599741 -0.962037 0.217789 0.164476 -0.256322 0.225444 0.294509 0.928676 0.381022 
1533571251783 0.154106 0.930512 -0.332264 -0.59977 -0.962105 0.217882 0.163954 -0.256217 0.224955 0.294407 0.928827 0.381107 
1533571251836 0.154042 0.930583 -0.332093 -0.599725 -0.962209 0.21767 0.163626 -0.256053 0.224555 0.294337 0.928946 0.381127 
1533571251871 0.153973 0.930613 -0.332042 -0.599658 -0.962305 0.217484 0.163308 -0.255927 0.224191 0.294381 0.92902 0.381063 
1533571251908 0.154056 0.930581 -0.332094 -0.599578 -0.962367 0.217472 0.162957 -0.25589 0.223866 0.294492 0.929063 0.381009 
1533571251942 0.154045 0.930573 -0.33212 -0.599489 -0.962456 0.217352 0.162593 -0.255887 0.223491 0.294604 0.929118 0.380981 
1533571251962 0.154013 0.930577 -0.332125 -0.599448 -0.962507 0.217262 0.162409 -0.255874 0.223292 0.29466 0.929148 0.380963 
1533571251979 0.153979 0.930584 -0.332121 -0.59939 -0.962574 0.217149 0.162167 -0.255845 0.223029 0.29472 0.929192 0.380939 
1533571251996 0.153995 0.930584 -0.332112 -0.599349 -0.962612 0.217109 0.161996 -0.255827 0.222855 0.294749 0.929225 0.380926 
1533571252012 0.154053 0.930578 -0.332104 -0.599312 -0.962636 0.217118 0.161841 -0.255813 0.222711 0.294763 0.929255 0.380913 
