1533569705171 -0.305484 0.94918 -0.0757464 -0.524604 -0.927335 -0.278506 0.249969 -0.259713 0.216169 0.146604 0.965287 0.328402 
1533569708080 -0.305484 0.94918 -0.0757461 -0.524604 -0.927335 -0.278506 0.249967 -0.259713 0.216168 0.146603 0.965287 0.328402 
1533569708911 -0.25691 0.961186 -0.100588 -0.533553 -0.941763 -0.225624 0.249354 -0.258572 0.21698 0.158791 0.963174 0.333699 
1533569709767 -0.207323 0.970193 -0.12547 -0.542498 -0.953584 -0.171789 0.247318 -0.257553 0.218392 0.170921 0.960776 0.338996 
1533569710663 -0.157188 0.976063 -0.150308 -0.551461 -0.962661 -0.117472 0.243893 -0.256527 0.220398 0.183032 0.958084 0.344285 
1533569711537 -0.106769 0.978828 -0.174633 -0.560384 -0.968935 -0.0630234 0.239151 -0.255427 0.223082 0.194742 0.955149 0.349551 
1533569712396 -0.0561693 0.978424 -0.198823 -0.569337 -0.972448 -0.00848582 0.232966 -0.254346 0.226252 0.206431 0.951943 0.354759 
1533569713273 -0.00552196 0.974907 -0.222542 -0.578312 -0.97316 0.0459615 0.225494 -0.253242 0.230064 0.217814 0.948487 0.360037 
1533569714150 0.0449974 0.968312 -0.245655 -0.587257 -0.971037 0.100156 0.216922 -0.25209 0.234653 0.228779 0.944774 0.365366 
1533569715038 0.0955345 0.958563 -0.268386 -0.59617 -0.966146 0.154203 0.206841 -0.251093 0.239656 0.23954 0.940843 0.370652 
1533569715949 0.145495 0.945762 -0.290459 -0.604761 -0.958452 0.207546 0.195688 -0.250198 0.245358 0.249919 0.936664 0.37571 
1533569715966 0.145542 0.945751 -0.290469 -0.604766 -0.95844 0.207598 0.195693 -0.25021 0.245378 0.249915 0.93666 0.375719 
1533569716314 0.150432 0.94433 -0.292592 -0.605694 -0.957553 0.212789 0.194456 -0.250076 0.245891 0.25092 0.936257 0.376228 
1533569716678 0.155477 0.942879 -0.29463 -0.606624 -0.956598 0.218123 0.19324 -0.249943 0.246467 0.251798 0.935869 0.376872 
1533569717014 0.160377 0.941332 -0.296941 -0.607568 -0.95563 0.223384 0.192016 -0.249836 0.247082 0.252971 0.935391 0.377332 
1533569717514 0.170258 0.938235 -0.30121 -0.609453 -0.95361 0.233895 0.189531 -0.249535 0.248276 0.254967 0.934532 0.378472 
1533569717903 0.175282 0.936628 -0.303321 -0.61038 -0.95257 0.239193 0.18814 -0.249416 0.24877 0.255957 0.93413 0.378984 
1533569718322 0.180258 0.935007 -0.3054 -0.611313 -0.951422 0.24453 0.187084 -0.24929 0.249605 0.256841 0.933665 0.379582 
1533569718671 0.185265 0.933317 -0.307564 -0.612193 -0.950335 0.249813 0.185624 -0.249286 0.250079 0.257899 0.933246 0.380103 
1533569719017 0.190215 0.931606 -0.309722 -0.613091 -0.94917 0.255102 0.184388 -0.249174 0.250788 0.258906 0.932777 0.380603 
1533569719037 0.19022 0.931606 -0.30972 -0.613111 -0.949172 0.255103 0.184375 -0.249137 0.250775 0.258906 0.932781 0.380613 
1533569719266 0.191324 0.931546 -0.309221 -0.613214 -0.948757 0.256245 0.184931 -0.2493 0.251508 0.257994 0.932836 0.380589 
1533569719449 0.191945 0.931552 -0.308818 -0.6134 -0.94844 0.256946 0.18558 -0.249173 0.252227 0.257274 0.932841 0.380555 
1533569719733 0.19391 0.931408 -0.308022 -0.6137 -0.947668 0.259018 0.18664 -0.2493 0.253621 0.255712 0.932892 0.380417 
1533569719943 0.195062 0.931277 -0.30769 -0.613872 -0.947228 0.260243 0.187168 -0.249377 0.25438 0.254944 0.932896 0.380324 
1533569720162 0.196222 0.931178 -0.307253 -0.613991 -0.946758 0.26148 0.187825 -0.249489 0.255239 0.254039 0.932908 0.38034 
1533569720349 0.196925 0.931133 -0.306938 -0.614175 -0.946427 0.262263 0.188397 -0.249438 0.255921 0.253395 0.932896 0.38028 
1533569720556 0.198068 0.931053 -0.306447 -0.614297 -0.945988 0.26344 0.188963 -0.249574 0.256665 0.252467 0.932943 0.380279 
1533569720737 0.198816 0.931024 -0.30605 -0.614442 -0.945684 0.26421 0.189409 -0.249513 0.257206 0.251769 0.932983 0.380222 
1533569720754 0.198922 0.931009 -0.306025 -0.614449 -0.94565 0.264316 0.18943 -0.249527 0.257248 0.251711 0.932987 0.380214 
1533569720990 0.1985 0.931324 -0.305342 -0.614351 -0.945969 0.263553 0.188898 -0.249496 0.256399 0.251348 0.933319 0.380215 
1533569721145 0.198519 0.931369 -0.305191 -0.614319 -0.946048 0.263459 0.188633 -0.249511 0.256093 0.251278 0.933421 0.380179 
1533569721389 0.198618 0.931534 -0.304624 -0.614235 -0.946111 0.263356 0.18846 -0.249552 0.255781 0.250777 0.933642 0.380262 
1533569721543 0.198571 0.931609 -0.304424 -0.614204 -0.946186 0.263207 0.188295 -0.249576 0.255544 0.250652 0.93374 0.380289 
1533569721679 0.198531 0.931725 -0.304094 -0.614151 -0.946305 0.262995 0.187993 -0.249606 0.255133 0.250443 0.933909 0.380277 
1533569721861 0.198487 0.931884 -0.303637 -0.614085 -0.946425 0.262751 0.187727 -0.249635 0.254721 0.250108 0.934111 0.38033 
1533569722033 0.198484 0.932012 -0.303245 -0.61402 -0.946513 0.262584 0.187517 -0.249669 0.254395 0.249806 0.93428 0.380364 
1533569722191 0.198417 0.932106 -0.303002 -0.613973 -0.94662 0.26238 0.187262 -0.24969 0.25405 0.249672 0.93441 0.380325 
1533569722208 0.1984 0.932113 -0.302989 -0.61397 -0.946632 0.262354 0.187238 -0.24969 0.254017 0.249671 0.934419 0.380319 
1533569722420 0.198298 0.932177 -0.302861 -0.61395 -0.946681 0.262205 0.187202 -0.249697 0.253917 0.249591 0.934468 0.380315 
1533569722567 0.197992 0.932296 -0.302694 -0.613925 -0.946707 0.261919 0.187468 -0.249684 0.254056 0.249445 0.934469 0.380356 
1533569722723 0.198095 0.932342 -0.302483 -0.613863 -0.94668 0.261979 0.187521 -0.249752 0.254078 0.249207 0.934527 0.380382 
1533569722979 0.19779 0.932536 -0.302086 -0.613779 -0.946759 0.261597 0.187657 -0.249738 0.254022 0.248886 0.934628 0.380467 
1533569723137 0.197649 0.932573 -0.302064 -0.613763 -0.94678 0.261467 0.187733 -0.249732 0.254054 0.248883 0.93462 0.380468 
1533569723268 0.197427 0.932673 -0.301899 -0.61373 -0.946824 0.261226 0.187843 -0.249727 0.25406 0.24876 0.934651 0.380462 
1533569723397 0.197267 0.932762 -0.30173 -0.613695 -0.946852 0.261045 0.187952 -0.249734 0.25408 0.248617 0.934683 0.380481 
1533569723610 0.197199 0.932854 -0.301489 -0.613638 -0.946817 0.260981 0.188218 -0.249757 0.254263 0.248339 0.934708 0.380534 
1533569723729 0.197014 0.932935 -0.301358 -0.613603 -0.946874 0.260762 0.188237 -0.249787 0.254196 0.248263 0.934746 0.380542 
1533569723749 0.196993 0.932961 -0.301293 -0.613591 -0.946886 0.260721 0.188232 -0.249794 0.254167 0.24821 0.934768 0.380546 
1533569723959 0.197082 0.932864 -0.301535 -0.613578 -0.94694 0.260783 0.187875 -0.249844 0.253898 0.248509 0.934762 0.380534 
1533569724106 0.196931 0.932951 -0.301365 -0.613519 -0.947072 0.260508 0.18759 -0.249762 0.25352 0.248472 0.934874 0.38056 
1533569724250 0.197006 0.93297 -0.301258 -0.613485 -0.947195 0.260421 0.187088 -0.249777 0.253002 0.248492 0.935009 0.380593 
1533569724420 0.19702 0.932967 -0.301258 -0.613418 -0.947416 0.260214 0.186256 -0.249673 0.252162 0.24872 0.935175 0.380574 
1533569724603 0.196884 0.932964 -0.301354 -0.613414 -0.947564 0.259987 0.185822 -0.249683 0.251713 0.248967 0.935231 0.38054 
1533569724794 0.196849 0.932983 -0.30132 -0.613373 -0.947684 0.259834 0.18542 -0.249604 0.251287 0.249056 0.935321 0.380538 
1533569724965 0.19676 0.933005 -0.301311 -0.613331 -0.947915 0.259538 0.184656 -0.249583 0.250486 0.249284 0.935475 0.380567 
1533569724982 0.196743 0.93301 -0.301305 -0.613325 -0.947944 0.259495 0.184564 -0.249578 0.250388 0.249309 0.935495 0.380575 
1533569725275 0.196416 0.933043 -0.301416 -0.613275 -0.947864 0.259355 0.185172 -0.249723 0.250948 0.24933 0.935339 0.380641 
1533569725524 0.196081 0.932992 -0.301791 -0.613222 -0.947901 0.259146 0.185278 -0.249903 0.251071 0.249738 0.935197 0.380504 
1533569725728 0.195526 0.933088 -0.301856 -0.613213 -0.947872 0.258776 0.185939 -0.249887 0.251611 0.249764 0.935045 0.380528 
1533569725895 0.195389 0.933023 -0.302145 -0.613156 -0.947863 0.258741 0.186033 -0.250138 0.25175 0.250043 0.934933 0.380485 
1533569726082 0.195028 0.933035 -0.30234 -0.61315 -0.94778 0.258595 0.186658 -0.250204 0.252342 0.250149 0.934746 0.380493 
1533569726393 0.194769 0.932968 -0.302713 -0.613081 -0.947758 0.258499 0.186902 -0.250479 0.252625 0.250496 0.934576 0.380491 
1533569726615 0.194344 0.933006 -0.302869 -0.613061 -0.947762 0.258212 0.187278 -0.250527 0.252936 0.250652 0.93445 0.380447 
1533569726820 0.193729 0.933069 -0.303071 -0.612974 -0.947706 0.257852 0.188059 -0.25076 0.253619 0.250789 0.934228 0.380544 
1533569726837 0.193734 0.933066 -0.303076 -0.612957 -0.947681 0.257881 0.188144 -0.250798 0.253708 0.250769 0.934209 0.380567 
1533569727188 0.193265 0.933086 -0.303314 -0.612919 -0.947747 0.257515 0.188311 -0.250915 0.253818 0.251071 0.934098 0.380486 
1533569727382 0.192991 0.933117 -0.303392 -0.612848 -0.947782 0.257293 0.188439 -0.251093 0.253897 0.251182 0.934047 0.380543 
1533569727590 0.19231 0.933181 -0.303627 -0.612814 -0.947869 0.256749 0.188745 -0.251196 0.254089 0.251501 0.933909 0.380537 
1533569727874 0.191706 0.933105 -0.304244 -0.612669 -0.947824 0.256469 0.189348 -0.251612 0.254711 0.252071 0.933586 0.380524 
1533569728149 0.191252 0.933193 -0.304258 -0.612589 -0.947935 0.256024 0.189397 -0.251821 0.254642 0.252194 0.933572 0.380603 
1533569728333 0.190694 0.933264 -0.304391 -0.612568 -0.948026 0.255545 0.189585 -0.251878 0.254719 0.252418 0.93349 0.380587 
1533569728554 0.189875 0.9333 -0.304794 -0.612449 -0.948075 0.254969 0.190119 -0.252195 0.255151 0.252868 0.93325 0.38061 
1533569728574 0.189933 0.93328 -0.304819 -0.612436 -0.948045 0.255047 0.190163 -0.252229 0.255218 0.252863 0.933233 0.380621 
1533569728871 0.189377 0.933037 -0.305905 -0.612251 -0.947971 0.254927 0.19069 -0.252407 0.255904 0.253877 0.93277 0.380556 
1533569729130 0.189394 0.932893 -0.306335 -0.612168 -0.947887 0.255112 0.190862 -0.252589 0.256203 0.254223 0.932593 0.380619 
1533569729340 0.18896 0.932857 -0.30671 -0.61211 -0.947864 0.254887 0.191273 -0.252504 0.256607 0.254577 0.932386 0.380649 
1533569729546 0.188949 0.932644 -0.307366 -0.612 -0.947746 0.255131 0.191534 -0.252756 0.257051 0.255114 0.932117 0.380635 
1533569729758 0.188384 0.932459 -0.308273 -0.611809 -0.947751 0.254892 0.191827 -0.252945 0.257447 0.256029 0.931756 0.380602 
1533569729968 0.18815 0.932404 -0.30858 -0.611755 -0.94769 0.254841 0.192195 -0.252994 0.257842 0.256277 0.931579 0.380733 
1533569730162 0.187993 0.932226 -0.309214 -0.611691 -0.947646 0.254899 0.192335 -0.253092 0.258118 0.256868 0.93134 0.380643 
1533569730179 0.187991 0.932209 -0.309266 -0.611689 -0.947641 0.254914 0.192343 -0.253101 0.25814 0.256915 0.931321 0.380637 
1533569730364 0.187993 0.932211 -0.309261 -0.611583 -0.947645 0.25491 0.192328 -0.253116 0.258124 0.256913 0.931326 0.380615 
1533569730499 0.188084 0.932206 -0.309219 -0.611471 -0.947645 0.25497 0.192248 -0.253118 0.258056 0.256871 0.931356 0.380582 
1533569730637 0.18811 0.932224 -0.30915 -0.61133 -0.947668 0.254952 0.192161 -0.253111 0.257955 0.256824 0.931397 0.380548 
1533569730869 0.188307 0.932167 -0.309201 -0.611137 -0.947679 0.255098 0.191913 -0.25319 0.257771 0.256885 0.931431 0.380416 
1533569731080 0.188356 0.932158 -0.309197 -0.611056 -0.947645 0.255167 0.191986 -0.253162 0.257858 0.256848 0.931417 0.380429 
1533569731226 0.188393 0.932141 -0.309228 -0.610938 -0.94766 0.255186 0.191886 -0.253241 0.257775 0.256893 0.931428 0.380392 
1533569731411 0.188498 0.932117 -0.309234 -0.610697 -0.947673 0.255252 0.191733 -0.253225 0.257651 0.256911 0.931457 0.380304 
1533569731614 0.188494 0.932094 -0.309307 -0.610579 -0.947686 0.255252 0.191673 -0.253207 0.257608 0.256997 0.931445 0.380241 
1533569731631 0.188491 0.932095 -0.309307 -0.610567 -0.947689 0.255247 0.191665 -0.253209 0.2576 0.257 0.931447 0.380238 
1533569731919 0.188588 0.932238 -0.308814 -0.610413 -0.947662 0.255244 0.191801 -0.253216 0.257627 0.256479 0.931583 0.38018 
1533569732209 0.188768 0.932446 -0.308078 -0.61012 -0.947723 0.255166 0.191601 -0.253341 0.257268 0.255804 0.931868 0.379944 
1533569732554 0.188699 0.93263 -0.307561 -0.609963 -0.947751 0.254981 0.191711 -0.253333 0.257218 0.255316 0.932015 0.37997 
1533569732762 0.188562 0.932747 -0.307289 -0.609891 -0.947813 0.254761 0.191697 -0.253247 0.257091 0.255106 0.932108 0.379852 
1533569732930 0.188645 0.932868 -0.306871 -0.609738 -0.947839 0.254711 0.191636 -0.253298 0.256935 0.254713 0.932259 0.379738 
1533569733245 0.188662 0.933061 -0.306274 -0.609555 -0.947847 0.254594 0.191752 -0.253321 0.256892 0.254125 0.932431 0.379754 
1533569733414 0.188686 0.933128 -0.306054 -0.609458 -0.947906 0.254507 0.191572 -0.253373 0.256655 0.253963 0.93254 0.379657 
1533569733566 0.188811 0.933239 -0.30564 -0.609296 -0.947956 0.254467 0.191381 -0.253472 0.256379 0.253598 0.932715 0.379516 
1533569733584 0.188808 0.933249 -0.305612 -0.609286 -0.947958 0.254457 0.191383 -0.25347 0.256373 0.253572 0.932724 0.379508 
1533569733794 0.18842 0.933302 -0.305687 -0.609183 -0.948002 0.254139 0.191589 -0.253469 0.256498 0.253693 0.932657 0.379484 
1533569734049 0.18842 0.933218 -0.305946 -0.609014 -0.947907 0.254285 0.191863 -0.253568 0.256847 0.253857 0.932516 0.379423 
1533569734237 0.187825 0.93331 -0.306031 -0.608927 -0.947979 0.253788 0.192166 -0.253495 0.257018 0.254017 0.932426 0.379424 
1533569734414 0.187817 0.933324 -0.305993 -0.608778 -0.94792 0.253832 0.192396 -0.253563 0.257239 0.253921 0.932391 0.379505 
1533569734590 0.187564 0.933285 -0.306266 -0.608628 -0.947903 0.253716 0.192634 -0.253684 0.257487 0.254179 0.932252 0.379461 
1533569734791 0.187061 0.933404 -0.306209 -0.608496 -0.94792 0.253313 0.193083 -0.253534 0.257791 0.254143 0.932177 0.379465 
1533569734954 0.187019 0.933394 -0.306267 -0.608364 -0.947896 0.253316 0.193194 -0.253662 0.257908 0.254178 0.932135 0.379446 
1533569735141 0.186749 0.93337 -0.306503 -0.608233 -0.947875 0.253183 0.193469 -0.253688 0.25818 0.254397 0.932001 0.379415 
1533569735306 0.186611 0.933379 -0.30656 -0.608086 -0.947841 0.253126 0.193713 -0.25378 0.258406 0.254422 0.931931 0.379401 
1533569735323 0.186605 0.93338 -0.306562 -0.608077 -0.947837 0.253125 0.193732 -0.253786 0.258424 0.25442 0.931927 0.379399 
1533569735534 0.186339 0.933524 -0.306285 -0.608015 -0.947892 0.252815 0.193871 -0.253726 0.258416 0.254199 0.931989 0.379394 
1533569735706 0.186253 0.93361 -0.306076 -0.6079 -0.947942 0.252657 0.193829 -0.253811 0.258293 0.254041 0.932067 0.37939 
1533569735874 0.185994 0.933704 -0.305945 -0.607803 -0.948016 0.252363 0.193851 -0.253851 0.258209 0.253986 0.932105 0.379348 
1533569736041 0.185684 0.933845 -0.305704 -0.607707 -0.948098 0.252 0.193921 -0.253849 0.258129 0.253829 0.93217 0.379337 
1533569736209 0.18541 0.933955 -0.305534 -0.607619 -0.948177 0.251682 0.193951 -0.253792 0.258039 0.25374 0.932219 0.379292 
1533569736418 0.18503 0.934138 -0.305206 -0.607533 -0.948316 0.251192 0.193904 -0.253785 0.257799 0.253554 0.932336 0.379209 
1533569736594 0.184919 0.934191 -0.305111 -0.60741 -0.948324 0.251081 0.194011 -0.253803 0.257851 0.253468 0.932345 0.379218 
1533569736769 0.184763 0.934317 -0.304818 -0.607329 -0.948373 0.250855 0.194063 -0.253847 0.257782 0.253226 0.93243 0.379235 
1533569736925 0.184428 0.934475 -0.304537 -0.607226 -0.948468 0.250451 0.194121 -0.253816 0.257673 0.253042 0.93251 0.379278 
1533569736942 0.184407 0.934488 -0.304509 -0.607215 -0.948474 0.250424 0.194126 -0.253813 0.257665 0.25302 0.932518 0.379283 
1533569737246 0.184213 0.934362 -0.305015 -0.607094 -0.948532 0.250326 0.193969 -0.253844 0.257591 0.253585 0.932385 0.379335 
1533569737453 0.184045 0.934313 -0.305264 -0.606995 -0.948523 0.25026 0.194097 -0.253724 0.257743 0.253827 0.932277 0.379387 
1533569737653 0.184078 0.934131 -0.305802 -0.606847 -0.948502 0.250417 0.193996 -0.253834 0.257796 0.254343 0.932122 0.379423 
1533569737862 0.183753 0.934051 -0.30624 -0.606783 -0.948563 0.250205 0.193973 -0.253744 0.257803 0.254845 0.931983 0.379453 
1533569738033 0.183963 0.933855 -0.306713 -0.606663 -0.948524 0.250499 0.193786 -0.253854 0.257799 0.255275 0.931866 0.379473 
1533569738240 0.183507 0.933815 -0.307106 -0.606548 -0.948605 0.250159 0.193829 -0.253735 0.257826 0.255753 0.931728 0.379525 
1533569738476 0.183438 0.933675 -0.307575 -0.606441 -0.948588 0.250221 0.193832 -0.253731 0.257938 0.256206 0.931572 0.379542 
1533569738659 0.183449 0.933515 -0.308053 -0.60632 -0.948624 0.250292 0.193561 -0.25386 0.257796 0.256718 0.93147 0.379546 
1533569738879 0.183141 0.933433 -0.308484 -0.606219 -0.948648 0.250126 0.193657 -0.253757 0.257926 0.257176 0.931308 0.379563 
1533569738899 0.183117 0.933434 -0.308496 -0.60621 -0.948654 0.250106 0.193657 -0.25375 0.257923 0.257193 0.931304 0.379566 
1533569739122 0.182998 0.93356 -0.308184 -0.606155 -0.948654 0.249951 0.193853 -0.253765 0.258004 0.256886 0.931366 0.37951 
1533569739298 0.183083 0.933564 -0.308122 -0.606076 -0.948531 0.250124 0.194231 -0.253848 0.258396 0.256703 0.931308 0.37946 
1533569739458 0.182819 0.933666 -0.307969 -0.606022 -0.948568 0.249858 0.194397 -0.253871 0.25845 0.25659 0.931324 0.379386 
1533569739617 0.182716 0.933746 -0.307787 -0.605957 -0.94854 0.249771 0.194646 -0.253902 0.258627 0.256383 0.931332 0.379318 
1533569739857 0.18268 0.933908 -0.307317 -0.605766 -0.948394 0.24979 0.19533 -0.25404 0.259185 0.255775 0.931344 0.379179 
1533569740011 0.182398 0.934004 -0.307192 -0.605746 -0.948422 0.249525 0.195533 -0.254019 0.259281 0.255683 0.931343 0.379164 
1533569740186 0.18235 0.934095 -0.306945 -0.605667 -0.948353 0.249504 0.195895 -0.254056 0.259568 0.25537 0.931349 0.379124 
1533569740350 0.182329 0.934161 -0.306757 -0.60559 -0.94831 0.249491 0.196117 -0.254116 0.259738 0.255143 0.931364 0.379064 
1533569740370 0.182326 0.934169 -0.306735 -0.605585 -0.948292 0.249502 0.19619 -0.254109 0.259806 0.255103 0.931356 0.379058 
1533569740697 0.182047 0.934274 -0.306579 -0.605522 -0.948378 0.249175 0.196193 -0.253999 0.25969 0.255036 0.931406 0.379087 
1533569740944 0.182173 0.934203 -0.306721 -0.605449 -0.948453 0.249226 0.195765 -0.254124 0.259327 0.255247 0.931449 0.379028 
1533569741166 0.182217 0.934208 -0.30668 -0.605381 -0.948471 0.249233 0.195668 -0.254133 0.259229 0.255223 0.931483 0.37902 
1533569741351 0.182124 0.934241 -0.306633 -0.605325 -0.948497 0.249127 0.195674 -0.254043 0.259198 0.255203 0.931498 0.379025 
1533569741476 0.182056 0.934269 -0.306591 -0.605289 -0.948579 0.248987 0.195459 -0.254024 0.258948 0.255241 0.931557 0.379024 
1533569741642 0.181891 0.93428 -0.306653 -0.605157 -0.948707 0.248748 0.195139 -0.253988 0.258594 0.25543 0.931604 0.378957 
1533569741813 0.181981 0.934217 -0.306792 -0.605092 -0.94877 0.248783 0.194787 -0.25406 0.258298 0.255628 0.931631 0.378888 
1533569741910 0.181945 0.934246 -0.306725 -0.605026 -0.948796 0.248716 0.194745 -0.254046 0.258228 0.255587 0.931662 0.378914 
1533569741927 0.181929 0.934254 -0.306711 -0.605017 -0.948804 0.248694 0.194738 -0.254037 0.258211 0.25558 0.931668 0.378917 
1533569742170 0.181968 0.93424 -0.306729 -0.604978 -0.948831 0.2487 0.194596 -0.254073 0.258083 0.255623 0.931692 0.378892 
1533569742361 0.182078 0.934241 -0.306661 -0.604929 -0.948838 0.248762 0.194484 -0.254145 0.257981 0.255561 0.931737 0.378868 
1533569742476 0.181987 0.934326 -0.306456 -0.60489 -0.948888 0.2486 0.194445 -0.254096 0.25786 0.255406 0.931813 0.378866 
1533569742545 0.181885 0.934393 -0.306314 -0.604858 -0.948933 0.24845 0.19442 -0.254046 0.257768 0.255309 0.931865 0.378862 
1533569742703 0.181764 0.934484 -0.306107 -0.604793 -0.949026 0.248224 0.194253 -0.253999 0.257509 0.255195 0.931968 0.3788 
1533569742874 0.181946 0.93446 -0.306073 -0.604705 -0.949035 0.248345 0.194056 -0.254126 0.257349 0.255166 0.93202 0.378807 
1533569743102 0.181901 0.934519 -0.30592 -0.604675 -0.949073 0.248241 0.194001 -0.254102 0.257239 0.255051 0.932082 0.378857 
1533569743259 0.181844 0.934593 -0.305726 -0.604642 -0.949111 0.24812 0.19397 -0.254072 0.25714 0.254896 0.932152 0.378861 
1533569743400 0.181707 0.934681 -0.305538 -0.60459 -0.949165 0.247925 0.193955 -0.254012 0.257037 0.254763 0.932217 0.37887 
1533569743420 0.181708 0.934687 -0.30552 -0.604577 -0.949169 0.247918 0.193947 -0.254017 0.257024 0.254748 0.932224 0.378871 
1533569743659 0.181504 0.934688 -0.305637 -0.604487 -0.949138 0.24782 0.194224 -0.254047 0.257282 0.254839 0.932128 0.378821 
1533569743860 0.181322 0.934668 -0.305808 -0.604498 -0.949073 0.247782 0.194587 -0.254004 0.257648 0.254951 0.931996 0.37885 
1533569744004 0.181208 0.934666 -0.30588 -0.604433 -0.949047 0.247737 0.194773 -0.254069 0.257826 0.255 0.931934 0.37887 
1533569744182 0.181012 0.934623 -0.306128 -0.604389 -0.948949 0.247738 0.195249 -0.254069 0.258324 0.255157 0.931753 0.378896 
1533569744319 0.18093 0.934603 -0.306236 -0.604325 -0.948868 0.24778 0.19559 -0.254092 0.258678 0.25519 0.931646 0.378881 
1533569744508 0.180704 0.934618 -0.306324 -0.604218 -0.948812 0.247682 0.195982 -0.254123 0.259039 0.255229 0.931535 0.378849 
1533569744627 0.180613 0.934576 -0.306507 -0.604168 -0.948805 0.247659 0.196045 -0.254173 0.259128 0.255407 0.931461 0.378838 
1533569744813 0.180181 0.934606 -0.306671 -0.604133 -0.948754 0.247418 0.196597 -0.254076 0.259617 0.255532 0.931291 0.378811 
1533569744982 0.180229 0.934561 -0.306778 -0.604034 -0.948717 0.247513 0.196656 -0.254239 0.259718 0.255603 0.931243 0.37883 
1533569744999 0.180247 0.934555 -0.306787 -0.604023 -0.948712 0.247534 0.196655 -0.254258 0.259725 0.255605 0.931241 0.378832 
1533569745290 0.180733 0.934696 -0.306071 -0.604023 -0.949112 0.247355 0.194942 -0.254086 0.25792 0.255263 0.931836 0.378724 
1533569745590 0.180827 0.93475 -0.30585 -0.604006 -0.949319 0.247175 0.194161 -0.253966 0.257091 0.25524 0.932071 0.378674 
1533569745806 0.181351 0.934896 -0.305093 -0.603966 -0.949629 0.247105 0.19273 -0.253858 0.255573 0.254773 0.932616 0.378673 
1533569746054 0.181818 0.9349 -0.304801 -0.603903 -0.949769 0.247256 0.191844 -0.253878 0.254719 0.254609 0.932895 0.378595 
1533569746243 0.181767 0.93496 -0.304648 -0.603938 -0.949957 0.246997 0.191243 -0.253696 0.254051 0.254641 0.933068 0.378431 
1533569746446 0.182137 0.935034 -0.3042 -0.603909 -0.950132 0.247009 0.190359 -0.253654 0.253132 0.254358 0.933395 0.378441 
1533569746646 0.182553 0.935068 -0.303845 -0.603865 -0.950279 0.2471 0.189503 -0.253687 0.252279 0.254143 0.933685 0.378483 
1533569746663 0.182562 0.935078 -0.303811 -0.60386 -0.950285 0.247094 0.189481 -0.253689 0.252249 0.254115 0.9337 0.378486 
1533569746899 0.182294 0.935144 -0.303768 -0.603808 -0.950208 0.246962 0.19004 -0.253708 0.252733 0.253999 0.933601 0.378516 
1533569747071 0.182139 0.935126 -0.303916 -0.603795 -0.950093 0.246991 0.190575 -0.253695 0.253276 0.254037 0.933443 0.378478 
1533569747244 0.18216 0.935121 -0.303917 -0.603711 -0.94997 0.247131 0.191007 -0.253804 0.253722 0.253919 0.933354 0.378457 
1533569747402 0.182006 0.935135 -0.303967 -0.603678 -0.949875 0.24712 0.191493 -0.253848 0.254188 0.253878 0.933239 0.37851 
1533569747557 0.181797 0.935129 -0.30411 -0.603636 -0.949816 0.24705 0.191872 -0.253899 0.254556 0.253967 0.933114 0.378432 
1533569747705 0.181625 0.935118 -0.304247 -0.603603 -0.949669 0.247096 0.192543 -0.253907 0.255229 0.253963 0.932931 0.378386 
1533569747890 0.181419 0.935172 -0.304204 -0.603548 -0.949594 0.247006 0.193025 -0.253967 0.255652 0.253852 0.932846 0.378432 
1533569748070 0.18141 0.935148 -0.304284 -0.60347 -0.949458 0.247151 0.193511 -0.254093 0.256166 0.2538 0.932719 0.37844 
1533569748311 0.180975 0.9352 -0.304382 -0.603487 -0.949332 0.246969 0.194359 -0.253973 0.256938 0.253785 0.932511 0.378408 
1533569748328 0.180992 0.935199 -0.304377 -0.603483 -0.949331 0.246982 0.194349 -0.253984 0.25693 0.253779 0.932514 0.378413 
1533569748499 0.180874 0.935206 -0.304424 -0.603456 -0.949381 0.246853 0.194268 -0.253966 0.256828 0.253876 0.932516 0.378435 
1533569748720 0.180655 0.935216 -0.304524 -0.603418 -0.949487 0.246603 0.194065 -0.253919 0.256589 0.254083 0.932525 0.378461 
1533569748863 0.180719 0.935106 -0.304825 -0.603401 -0.949475 0.246725 0.193967 -0.253956 0.256587 0.25437 0.932448 0.378434 
1533569749046 0.180735 0.935078 -0.304899 -0.603343 -0.949534 0.246694 0.193718 -0.254002 0.256359 0.2545 0.932475 0.37844 
1533569749175 0.180648 0.935085 -0.304928 -0.603298 -0.949589 0.246581 0.193596 -0.253987 0.256218 0.254584 0.932491 0.378457 
1533569749322 0.180578 0.935082 -0.304982 -0.603229 -0.949639 0.246489 0.193465 -0.253945 0.256081 0.254687 0.932501 0.378493 
1533569749486 0.180611 0.934986 -0.305254 -0.603204 -0.949653 0.246556 0.193311 -0.253963 0.256006 0.254971 0.932443 0.378496 
1533569749650 0.180478 0.93502 -0.305231 -0.603136 -0.949741 0.246363 0.193124 -0.253985 0.255772 0.255036 0.93249 0.378523 
1533569749830 0.180396 0.934965 -0.305447 -0.603112 -0.949827 0.24626 0.192831 -0.254025 0.25551 0.255336 0.93248 0.378536 
1533569749847 0.180391 0.934964 -0.305453 -0.60311 -0.949832 0.246254 0.192819 -0.254027 0.255497 0.255346 0.93248 0.378537 
1533569750138 0.180489 0.935054 -0.30512 -0.603052 -0.94975 0.24634 0.193109 -0.254043 0.255731 0.254934 0.932529 0.378515 
1533569750363 0.180352 0.935152 -0.304901 -0.603032 -0.949621 0.24632 0.19377 -0.254105 0.256308 0.254594 0.932464 0.378432 
1533569750529 0.180551 0.935083 -0.304994 -0.603028 -0.949488 0.246621 0.194036 -0.254184 0.256658 0.254554 0.932378 0.378393 
1533569750664 0.180511 0.935223 -0.304586 -0.60298 -0.949454 0.24654 0.194309 -0.254157 0.256815 0.254116 0.932454 0.378426 
1533569750826 0.18039 0.935293 -0.304446 -0.602971 -0.949381 0.246492 0.194726 -0.254129 0.257169 0.253908 0.932413 0.378418 
1533569751032 0.18022 0.935468 -0.304008 -0.602928 -0.949289 0.246363 0.195333 -0.254095 0.257624 0.253389 0.932429 0.378315 
1533569751197 0.18034 0.935424 -0.304073 -0.602884 -0.949214 0.246541 0.195476 -0.254254 0.257819 0.253378 0.932378 0.378276 
1533569751217 0.180362 0.935427 -0.304049 -0.602877 -0.949201 0.246566 0.195508 -0.254263 0.257852 0.253341 0.932379 0.378274 
1533569751374 0.180147 0.93544 -0.304137 -0.602875 -0.949281 0.246342 0.195401 -0.2542 0.257707 0.25351 0.932373 0.378295 
1533569751628 0.180121 0.935394 -0.304293 -0.602778 -0.94928 0.246356 0.195386 -0.254229 0.257728 0.253666 0.932325 0.378329 
1533569751812 0.180036 0.93535 -0.304478 -0.602805 -0.94934 0.246271 0.195202 -0.254192 0.257566 0.25391 0.932303 0.378289 
1533569751982 0.179863 0.935373 -0.304512 -0.60276 -0.949398 0.24609 0.195148 -0.254099 0.257474 0.254003 0.932303 0.378323 
1533569752150 0.179902 0.935268 -0.304811 -0.602742 -0.949411 0.246169 0.194984 -0.254153 0.257398 0.254313 0.93224 0.378294 
1533569752281 0.179786 0.935234 -0.304982 -0.602713 -0.949457 0.246072 0.194885 -0.254128 0.257311 0.25453 0.932205 0.378298 
1533569752463 0.179589 0.935291 -0.304924 -0.60265 -0.949518 0.245851 0.194865 -0.254013 0.257221 0.254535 0.932228 0.378334 
1533569752652 0.179717 0.935196 -0.30514 -0.602627 -0.949494 0.246016 0.194774 -0.254083 0.257221 0.254724 0.932177 0.37832 
1533569752842 0.179408 0.935227 -0.305225 -0.602589 -0.949616 0.24568 0.194604 -0.253978 0.256987 0.254933 0.932184 0.378347 
1533569752859 0.179393 0.935231 -0.305223 -0.602586 -0.949622 0.245662 0.194598 -0.253972 0.256976 0.254937 0.932186 0.378348 
1533569753175 0.179443 0.935258 -0.30511 -0.602572 -0.949576 0.245722 0.194746 -0.253963 0.25711 0.254779 0.932192 0.37834 
1533569753477 0.179376 0.93534 -0.304897 -0.60255 -0.949636 0.245568 0.194648 -0.254003 0.256935 0.254626 0.932282 0.378343 
1533569753781 0.179474 0.935284 -0.305012 -0.602559 -0.94953 0.245771 0.194911 -0.254051 0.25726 0.254636 0.93219 0.378288 
1533569753928 0.179467 0.93532 -0.304905 -0.602545 -0.949547 0.245726 0.194881 -0.254078 0.2572 0.254547 0.932231 0.378281 
1533569754173 0.179447 0.935374 -0.304754 -0.602482 -0.949481 0.245744 0.195179 -0.254189 0.257457 0.254334 0.932218 0.378197 
1533569754261 0.17942 0.935375 -0.304767 -0.602466 -0.949484 0.245724 0.19519 -0.254234 0.257465 0.25435 0.932211 0.378176 
1533569754401 0.17947 0.935402 -0.304654 -0.60246 -0.949459 0.245764 0.195265 -0.254254 0.257524 0.254212 0.932233 0.378192 
1533569754567 0.179562 0.93544 -0.304483 -0.602446 -0.949411 0.245844 0.195396 -0.254269 0.257637 0.253993 0.932261 0.378188 
1533569754588 0.179566 0.935442 -0.304472 -0.602445 -0.949409 0.245847 0.1954 -0.254271 0.257639 0.253981 0.932264 0.378188 
1533569754766 0.179743 0.935452 -0.304338 -0.602433 -0.949516 0.245848 0.19488 -0.25433 0.257122 0.253945 0.932416 0.378192 
1533569754997 0.179928 0.935486 -0.304125 -0.602445 -0.949592 0.245867 0.194483 -0.254229 0.256711 0.253802 0.932569 0.378111 
1533569755165 0.179982 0.935525 -0.303973 -0.602426 -0.949761 0.245709 0.193857 -0.254222 0.256047 0.253811 0.932749 0.378087 
1533569755416 0.179985 0.935619 -0.303681 -0.602418 -0.949937 0.245477 0.19329 -0.254137 0.255392 0.253689 0.932961 0.378044 
1533569755620 0.180167 0.935707 -0.303302 -0.602384 -0.950004 0.24547 0.192969 -0.254144 0.255014 0.253371 0.933151 0.37817 
1533569755837 0.180254 0.935748 -0.303123 -0.602403 -0.95014 0.245363 0.192436 -0.254023 0.254447 0.253322 0.933319 0.378011 
1533569756018 0.180228 0.935872 -0.302756 -0.602402 -0.95026 0.245149 0.192115 -0.253972 0.254015 0.253072 0.933505 0.378135 
1533569756216 0.180457 0.935851 -0.302686 -0.602393 -0.95037 0.245197 0.191507 -0.253973 0.253439 0.253105 0.933652 0.378066 
1533569756459 0.180422 0.935981 -0.302305 -0.60238 -0.950599 0.244864 0.190799 -0.253922 0.252607 0.252947 0.93392 0.378023 
1533569756476 0.180426 0.935988 -0.30228 -0.602379 -0.950599 0.244862 0.190801 -0.25392 0.252605 0.252921 0.933928 0.378038 
1533569756730 0.180304 0.93601 -0.302285 -0.602336 -0.950544 0.244826 0.191117 -0.253909 0.252895 0.252876 0.933862 0.378033 
1533569756886 0.180131 0.935973 -0.3025 -0.602328 -0.950485 0.244799 0.191449 -0.25392 0.253243 0.253036 0.933724 0.378056 
1533569757020 0.179988 0.935951 -0.302655 -0.602291 -0.950428 0.244779 0.191754 -0.253977 0.253556 0.253138 0.933612 0.378075 
1533569757155 0.180011 0.935892 -0.302825 -0.60226 -0.950326 0.244933 0.192063 -0.254008 0.253922 0.253208 0.933493 0.37805 
1533569757335 0.179903 0.935831 -0.303076 -0.602227 -0.950225 0.245004 0.192472 -0.254028 0.254376 0.253364 0.933327 0.377999 
1533569757491 0.179743 0.935845 -0.303127 -0.602198 -0.950134 0.244984 0.192948 -0.254033 0.254831 0.25333 0.933212 0.378078 
1533569757606 0.179705 0.935798 -0.303297 -0.602175 -0.950079 0.245045 0.19314 -0.254083 0.255061 0.253448 0.933117 0.378075 
1533569757851 0.179757 0.93569 -0.303596 -0.602113 -0.949908 0.245316 0.193637 -0.254191 0.255661 0.253581 0.932917 0.378115 
1533569758186 0.179322 0.935768 -0.303616 -0.602115 -0.949997 0.244903 0.193722 -0.254144 0.255635 0.253696 0.932893 0.3781 
1533569758203 0.179321 0.935768 -0.303616 -0.602115 -0.949997 0.244902 0.193722 -0.254144 0.255636 0.253696 0.932893 0.3781 
1533569758370 0.178956 0.935845 -0.303593 -0.602114 -0.950034 0.244585 0.193941 -0.254116 0.255753 0.253717 0.932855 0.378105 
1533569758536 0.178933 0.935879 -0.303502 -0.602083 -0.949907 0.244674 0.19445 -0.254159 0.256241 0.253505 0.932779 0.378167 
1533569758706 0.178805 0.935926 -0.303432 -0.602044 -0.949886 0.244585 0.194668 -0.254292 0.25641 0.253418 0.932756 0.378189 
1533569758879 0.178818 0.935901 -0.303503 -0.602034 -0.949826 0.244668 0.194856 -0.254366 0.256623 0.253432 0.932693 0.37812 
1533569759022 0.178516 0.935932 -0.303584 -0.602044 -0.949817 0.244465 0.195152 -0.254349 0.256865 0.253511 0.932605 0.378067 
1533569759198 0.178242 0.936 -0.303536 -0.602053 -0.949755 0.244308 0.195648 -0.254312 0.257283 0.253412 0.932517 0.37809 
1533569759350 0.177936 0.93609 -0.303438 -0.602022 -0.949754 0.244057 0.195968 -0.254365 0.2575 0.253322 0.932481 0.378148 
1533569759534 0.177585 0.936189 -0.303337 -0.601974 -0.949696 0.243826 0.196534 -0.254415 0.257955 0.253177 0.932395 0.3781 
1533569759555 0.177577 0.936192 -0.303332 -0.601975 -0.949683 0.243832 0.196592 -0.25441 0.25801 0.253159 0.932385 0.378096 
1533569759733 0.17743 0.936137 -0.303588 -0.601962 -0.949697 0.243761 0.196612 -0.254362 0.258059 0.253432 0.932297 0.378096 
1533569759908 0.177594 0.935967 -0.304016 -0.601901 -0.94961 0.244061 0.196662 -0.254417 0.258268 0.253771 0.932147 0.378103 
1533569760061 0.177461 0.935929 -0.304212 -0.601904 -0.949674 0.243938 0.196502 -0.254362 0.25812 0.254031 0.932117 0.378113 
1533569760298 0.177387 0.935781 -0.304708 -0.6018 -0.949615 0.244044 0.196655 -0.254287 0.258388 0.254472 0.931923 0.37815 
1533569760481 0.177375 0.935639 -0.305153 -0.601816 -0.949588 0.244155 0.196648 -0.254272 0.258496 0.254889 0.931779 0.378159 
1533569760637 0.177372 0.935615 -0.305227 -0.601743 -0.94958 0.244177 0.196662 -0.254238 0.258529 0.254955 0.931751 0.378204 
1533569760827 0.177653 0.935383 -0.305775 -0.601711 -0.949522 0.244562 0.196464 -0.254401 0.25855 0.255437 0.931613 0.378205 
1533569760987 0.177463 0.935393 -0.305855 -0.601698 -0.949562 0.244396 0.196478 -0.254299 0.258533 0.255561 0.931584 0.378236 
1533569761009 0.177443 0.935375 -0.305921 -0.601705 -0.949561 0.244395 0.196483 -0.254289 0.258551 0.255626 0.931561 0.378237 
1533569761296 0.177561 0.935422 -0.305707 -0.60162 -0.94957 0.244431 0.196394 -0.254358 0.258436 0.255418 0.93165 0.37826 
1533569761498 0.177429 0.935432 -0.305755 -0.601591 -0.949602 0.244309 0.196391 -0.254363 0.258409 0.255501 0.931635 0.378258 
1533569761669 0.177372 0.93544 -0.305762 -0.601557 -0.949634 0.244235 0.196326 -0.254363 0.258329 0.25554 0.931647 0.378225 
1533569761845 0.177393 0.935432 -0.305776 -0.60146 -0.949651 0.244237 0.196241 -0.2545 0.258252 0.255569 0.93166 0.378219 
1533569761970 0.177196 0.935491 -0.305709 -0.601425 -0.949719 0.244007 0.196199 -0.25446 0.258138 0.255571 0.931691 0.378196 
1533569762157 0.177021 0.935552 -0.305625 -0.601345 -0.949782 0.243794 0.196158 -0.254452 0.258025 0.255553 0.931727 0.378187 
1533569762258 0.177133 0.93554 -0.305595 -0.601283 -0.949771 0.243884 0.196102 -0.254528 0.257991 0.255509 0.931749 0.378185 
1533569762385 0.177132 0.935564 -0.305524 -0.601202 -0.949788 0.243851 0.196058 -0.254556 0.257927 0.255455 0.931781 0.378178 
1533569762609 0.177021 0.935598 -0.305482 -0.601166 -0.949834 0.243713 0.196007 -0.254523 0.257834 0.25546 0.931806 0.378127 
1533569762626 0.177015 0.9356 -0.305481 -0.601165 -0.949836 0.243706 0.196006 -0.25452 0.257831 0.255461 0.931806 0.378125 
1533569762863 0.176849 0.935785 -0.30501 -0.60108 -0.949802 0.243515 0.196409 -0.25452 0.258071 0.254964 0.931876 0.378087 
1533569763026 0.17689 0.935795 -0.304955 -0.601067 -0.949702 0.243634 0.196745 -0.254552 0.25841 0.254815 0.931823 0.378012 
1533569763222 0.176879 0.93589 -0.30467 -0.601001 -0.949622 0.243644 0.19712 -0.254653 0.258714 0.254455 0.931837 0.377956 
1533569763410 0.176874 0.935963 -0.304448 -0.600961 -0.949473 0.243739 0.197715 -0.25466 0.25926 0.254095 0.931783 0.377888 
1533569763594 0.176734 0.936101 -0.304106 -0.600899 -0.949428 0.243605 0.198098 -0.254684 0.259522 0.253716 0.931814 0.377824 
1533569763753 0.176841 0.936189 -0.303771 -0.600811 -0.949345 0.243697 0.198384 -0.254795 0.259753 0.2533 0.931862 0.377864 
1533569763931 0.176928 0.936292 -0.303403 -0.600712 -0.949219 0.243807 0.19885 -0.25489 0.260154 0.252814 0.931883 0.37784 
1533569764105 0.176676 0.936436 -0.303107 -0.600661 -0.949206 0.243565 0.199206 -0.254891 0.26037 0.252516 0.931903 0.377786 
1533569764279 0.176623 0.936537 -0.302823 -0.600611 -0.949115 0.243553 0.199658 -0.254885 0.26074 0.25215 0.931898 0.377753 
1533569764299 0.176578 0.93655 -0.30281 -0.600609 -0.949118 0.243513 0.199693 -0.254885 0.260761 0.252141 0.931895 0.377755 
1533569764485 0.176347 0.93656 -0.302913 -0.600568 -0.949158 0.24332 0.199738 -0.254836 0.260771 0.252289 0.931852 0.377781 
1533569764637 0.176357 0.936513 -0.303052 -0.600465 -0.949191 0.243325 0.199571 -0.25492 0.260641 0.252459 0.931843 0.377785 
1533569764938 0.176035 0.936554 -0.303114 -0.600402 -0.949316 0.242972 0.199408 -0.254826 0.260405 0.252649 0.931857 0.377781 
1533569765112 0.176041 0.936413 -0.303547 -0.600263 -0.949369 0.243017 0.199101 -0.254974 0.260207 0.253129 0.931782 0.377768 
1533569765393 0.17576 0.93649 -0.303472 -0.600179 -0.949476 0.242683 0.198999 -0.254882 0.260008 0.253163 0.931828 0.377754 
1533569765565 0.175739 0.93639 -0.303793 -0.60012 -0.949484 0.242727 0.198904 -0.254976 0.259991 0.253491 0.931744 0.377753 
1533569765714 0.175586 0.936426 -0.303771 -0.600035 -0.949573 0.242519 0.198733 -0.254985 0.259769 0.253558 0.931788 0.377777 
1533569765892 0.175366 0.936396 -0.303989 -0.599942 -0.949614 0.242358 0.198735 -0.254962 0.259769 0.253821 0.931716 0.377789 
1533569765909 0.17539 0.936387 -0.304003 -0.599939 -0.94961 0.242383 0.198722 -0.254978 0.259766 0.25383 0.931715 0.377784 
1533569766098 0.175166 0.936387 -0.30413 -0.599891 -0.949689 0.242163 0.198613 -0.254902 0.259628 0.254039 0.931696 0.377809 
1533569766275 0.175385 0.936253 -0.304419 -0.599842 -0.949659 0.24242 0.198444 -0.254947 0.259591 0.254291 0.931638 0.377753 
1533569766529 0.175407 0.936216 -0.304519 -0.599735 -0.949785 0.242334 0.197947 -0.254996 0.259117 0.254506 0.931711 0.377697 
1533569766775 0.175308 0.936202 -0.30462 -0.59964 -0.949799 0.242267 0.197963 -0.254927 0.259133 0.254623 0.931674 0.377711 
1533569766941 0.175242 0.93611 -0.304939 -0.599655 -0.949856 0.242228 0.197735 -0.254903 0.258967 0.254996 0.931619 0.37768 
1533569767121 0.175303 0.93611 -0.304905 -0.599512 -0.949937 0.242188 0.197397 -0.254922 0.258629 0.255036 0.931701 0.37769 
1533569767353 0.175139 0.936051 -0.30518 -0.5995 -0.949987 0.242071 0.197299 -0.25483 0.258557 0.255362 0.931632 0.377727 
1533569767561 0.175279 0.936005 -0.30524 -0.599402 -0.950003 0.242175 0.197095 -0.254931 0.258403 0.255433 0.931655 0.377745 
1533569767722 0.175188 0.935967 -0.305411 -0.59936 -0.950071 0.242074 0.19689 -0.254901 0.258214 0.25567 0.931643 0.377689 
1533569767740 0.175183 0.935961 -0.305431 -0.599359 -0.950077 0.242068 0.196865 -0.254897 0.258193 0.255696 0.931641 0.37768 
1533569768053 0.175311 0.935947 -0.305402 -0.599279 -0.949988 0.242248 0.197076 -0.254957 0.258435 0.255578 0.931607 0.377727 
1533569768217 0.175215 0.935931 -0.305505 -0.599235 -0.949951 0.242234 0.197273 -0.254981 0.258638 0.25565 0.931531 0.377676 
1533569768387 0.175101 0.935925 -0.305588 -0.599166 -0.949895 0.242219 0.197559 -0.254951 0.25892 0.255684 0.931443 0.377623 
1533569768514 0.174944 0.935972 -0.305532 -0.599115 -0.949901 0.242082 0.197696 -0.254929 0.259002 0.25564 0.931432 0.37765 
1533569768711 0.17471 0.936033 -0.305481 -0.599054 -0.949842 0.241952 0.198141 -0.25483 0.259379 0.255541 0.931355 0.377642 
1533569768833 0.174799 0.93598 -0.305594 -0.599014 -0.949808 0.242077 0.198152 -0.254924 0.259444 0.255618 0.931315 0.377612 
1533569768997 0.174775 0.93599 -0.305574 -0.598893 -0.949731 0.242131 0.198454 -0.254968 0.25974 0.255528 0.931257 0.377614 
1533569769150 0.174683 0.935993 -0.30562 -0.598872 -0.949718 0.242083 0.198574 -0.25498 0.259849 0.255566 0.931217 0.377611 
1533569769295 0.174686 0.935989 -0.305631 -0.598776 -0.949644 0.24216 0.198832 -0.255041 0.260116 0.255508 0.931158 0.377616 
1533569769312 0.174671 0.935995 -0.305621 -0.598763 -0.949633 0.242157 0.198888 -0.255034 0.260167 0.255488 0.931149 0.377617 
1533569769331 0.174633 0.936007 -0.305605 -0.598758 -0.949626 0.242133 0.198954 -0.255012 0.260219 0.255466 0.931141 0.377618 
1533569769535 0.174328 0.936059 -0.305621 -0.598652 -0.949675 0.241855 0.199054 -0.254974 0.260242 0.25554 0.931114 0.377634 
1533569769717 0.174119 0.936031 -0.305825 -0.598595 -0.949703 0.241712 0.199096 -0.254935 0.260281 0.255777 0.931038 0.377583 
1533569769907 0.173942 0.936079 -0.305777 -0.598486 -0.949736 0.241535 0.199154 -0.254888 0.26028 0.255766 0.931041 0.377596 
1533569770005 0.173957 0.936067 -0.305806 -0.59845 -0.949735 0.241554 0.199136 -0.254915 0.260273 0.255793 0.931036 0.377581 
1533569770130 0.173941 0.936047 -0.305878 -0.5984 -0.949742 0.24155 0.199109 -0.25494 0.26026 0.255872 0.931018 0.377548 
1533569770147 0.173911 0.936053 -0.305876 -0.598392 -0.949747 0.241522 0.199119 -0.254928 0.260262 0.255876 0.931016 0.377551 
1533569770330 0.173958 0.936169 -0.305494 -0.598343 -0.949828 0.241396 0.198881 -0.25494 0.259932 0.25557 0.931192 0.377514 
