1533578358402 0.464982 0.851099 -0.243768 -0.542383 -0.861589 0.498351 0.0964963 -0.208325 0.20361 0.165159 0.965021 0.342114 
1533578361380 0.464984 0.851097 -0.243768 -0.542383 -0.861587 0.498353 0.0964963 -0.208325 0.20361 0.165158 0.965021 0.342114 
1533578362335 0.436327 0.863298 -0.253644 -0.549225 -0.872929 0.474497 0.113346 -0.214244 0.218205 0.171957 0.960634 0.364568 
1533578362774 0.412005 0.872041 -0.264189 -0.551577 -0.884206 0.452661 0.115229 -0.209665 0.220073 0.186123 0.957563 0.362683 
1533578363203 0.386454 0.880519 -0.274482 -0.55372 -0.895218 0.429706 0.118055 -0.204392 0.221896 0.200099 0.954318 0.360753 
1533578363641 0.360258 0.888509 -0.284195 -0.555685 -0.905791 0.406026 0.121183 -0.198923 0.223063 0.213764 0.951077 0.358946 
1533578364255 0.307742 0.901856 -0.303234 -0.559487 -0.924549 0.358716 0.128573 -0.188192 0.22473 0.240788 0.944202 0.35565 
1533578364690 0.280648 0.907505 -0.312524 -0.561298 -0.932905 0.334471 0.133483 -0.182642 0.225666 0.254093 0.940485 0.354329 
1533578365135 0.253827 0.912468 -0.320896 -0.562892 -0.940376 0.310459 0.138957 -0.177178 0.226419 0.266492 0.936865 0.35325 
1533578365579 0.239142 0.918742 -0.314203 -0.561875 -0.941574 0.298462 0.156076 -0.161459 0.237171 0.258521 0.936438 0.350232 
1533578365702 0.238276 0.919123 -0.313748 -0.561738 -0.941681 0.297685 0.156908 -0.160431 0.237615 0.258063 0.936452 0.349832 
