1535379650250 0.213509 0.91944 -0.330218 -0.47248 -0.943722 0.281504 0.173622 -0.171324 0.252593 0.274564 0.927799 0.474361 
1535379654720 0.213509 0.91944 -0.330218 -0.47248 -0.943722 0.281504 0.173622 -0.171324 0.252593 0.274564 0.927799 0.474361 
1535379655197 0.213509 0.91944 -0.330218 -0.47248 -0.943722 0.281504 0.173623 -0.171324 0.252593 0.274564 0.927799 0.474361 
1535379656063 0.218436 0.920015 -0.325358 -0.488594 -0.942895 0.284898 0.172574 -0.178419 0.251464 0.269082 0.92971 0.464839 
1535379656514 0.218436 0.920015 -0.325358 -0.488594 -0.942895 0.284898 0.172574 -0.178419 0.251464 0.269082 0.92971 0.464839 
1535379657046 0.222408 0.920746 -0.320563 -0.505069 -0.942375 0.287311 0.171413 -0.185405 0.249929 0.263967 0.931588 0.454712 
1535379657562 0.222408 0.920746 -0.320563 -0.505069 -0.942375 0.287311 0.171413 -0.185405 0.249929 0.263967 0.931588 0.454712 
1535379658330 0.230571 0.922138 -0.310642 -0.538002 -0.941261 0.292307 0.169067 -0.199446 0.246706 0.253413 0.93537 0.43455 
1535379659779 0.238793 0.923351 -0.300668 -0.570979 -0.940099 0.29739 0.16665 -0.213496 0.243292 0.242863 0.939056 0.414299 
1535379660847 0.242663 0.923847 -0.296008 -0.587468 -0.939512 0.299832 0.165584 -0.220466 0.241727 0.237922 0.940724 0.404035 
1535379661285 0.242663 0.923847 -0.296008 -0.587468 -0.939512 0.299832 0.165584 -0.220466 0.241727 0.237922 0.940724 0.404035 
1535379661595 0.246704 0.924371 -0.29099 -0.603936 -0.938896 0.302358 0.164478 -0.227512 0.240022 0.232632 0.942482 0.394045 
1535379662833 0.250668 0.924908 -0.285851 -0.620442 -0.938251 0.304839 0.163577 -0.234435 0.238432 0.227196 0.94421 0.383877 
1535379663186 0.250668 0.924908 -0.285851 -0.620442 -0.938251 0.304839 0.163577 -0.234435 0.238432 0.227196 0.94421 0.383877 
1535379663810 0.24675 0.924746 -0.289757 -0.607456 -0.939014 0.302057 0.164361 -0.228803 0.239515 0.23153 0.942882 0.391514 
1535379664569 0.249555 0.924476 -0.288213 -0.613643 -0.938335 0.304399 0.163917 -0.231796 0.239269 0.229534 0.943432 0.388239 
1535379664909 0.250367 0.924602 -0.287102 -0.6169 -0.938256 0.304845 0.163539 -0.233263 0.23873 0.22843 0.943837 0.385968 
1535379665263 0.25092 0.924736 -0.286187 -0.620242 -0.938189 0.305134 0.163382 -0.23461 0.23841 0.227502 0.944142 0.383874 
1535379665589 0.25092 0.924736 -0.286187 -0.620242 -0.938189 0.305134 0.163382 -0.23461 0.23841 0.227502 0.944142 0.383874 
1535379666270 0.252466 0.924963 -0.284086 -0.626937 -0.937979 0.306045 0.162885 -0.237338 0.237606 0.225344 0.944862 0.3798 
1535379666783 0.253131 0.92509 -0.283077 -0.630208 -0.937864 0.306443 0.162798 -0.238773 0.23735 0.224279 0.945179 0.377672 
1535379667152 0.253361 0.925425 -0.281775 -0.633698 -0.93793 0.306313 0.162664 -0.239968 0.236845 0.223072 0.945591 0.375494 
1535379667407 0.253266 0.925423 -0.281866 -0.633682 -0.937918 0.306273 0.162806 -0.239987 0.236992 0.223134 0.94554 0.375385 
1535379667684 0.252935 0.925074 -0.283307 -0.634012 -0.937735 0.306467 0.163495 -0.240433 0.238069 0.224313 0.94499 0.375486 
1535379667967 0.252262 0.924969 -0.284248 -0.634374 -0.937741 0.306156 0.164042 -0.240662 0.238758 0.225169 0.944613 0.375326 
1535379668241 0.251649 0.924787 -0.285381 -0.63478 -0.937685 0.305981 0.164691 -0.240904 0.239625 0.226153 0.944158 0.375198 
1535379668486 0.250959 0.924681 -0.286331 -0.635142 -0.937697 0.305654 0.165225 -0.241061 0.240298 0.227027 0.943777 0.375006 
1535379668817 0.249618 0.924435 -0.288288 -0.635898 -0.937626 0.305132 0.166592 -0.241443 0.241969 0.228722 0.942941 0.374742 
1535379669052 0.249062 0.924263 -0.28932 -0.63626 -0.937539 0.30501 0.167302 -0.241739 0.242877 0.22958 0.942499 0.374591 
1535379669318 0.248378 0.924136 -0.290311 -0.636618 -0.937499 0.304746 0.168003 -0.241912 0.243729 0.230439 0.942069 0.374437 
1535379669562 0.248145 0.924489 -0.289387 -0.636418 -0.937803 0.304127 0.167427 -0.241918 0.242794 0.229842 0.942456 0.374548 
1535379669816 0.247596 0.924646 -0.289355 -0.636537 -0.937811 0.303728 0.168107 -0.242083 0.243324 0.229738 0.942345 0.374627 
1535379670009 0.246995 0.924793 -0.289399 -0.63664 -0.937957 0.303175 0.168292 -0.242306 0.243374 0.229876 0.942298 0.374657 
1535379670199 0.246338 0.924968 -0.289399 -0.636759 -0.938107 0.30257 0.168541 -0.242471 0.243459 0.229969 0.942254 0.374651 
1535379670458 0.245027 0.925267 -0.289556 -0.637028 -0.938329 0.301464 0.169287 -0.242794 0.243926 0.230219 0.942072 0.374623 
1535379670647 0.244109 0.925465 -0.289698 -0.637186 -0.938533 0.300648 0.169607 -0.242899 0.244062 0.230489 0.941971 0.374567 
1535379670834 0.243639 0.925561 -0.289787 -0.637338 -0.938579 0.300288 0.16999 -0.243074 0.244356 0.230572 0.941874 0.374576 
1535379671067 0.243903 0.925524 -0.289684 -0.63728 -0.938537 0.300496 0.169854 -0.242916 0.244253 0.230451 0.94193 0.3746 
1535379671298 0.243516 0.92589 -0.288839 -0.637247 -0.938853 0.299769 0.169393 -0.242939 0.243424 0.229928 0.942273 0.374586 
1535379671561 0.243294 0.926076 -0.288427 -0.637254 -0.939034 0.299365 0.169104 -0.243094 0.242948 0.229701 0.942451 0.374557 
1535379671764 0.24307 0.926324 -0.28782 -0.637295 -0.939295 0.298849 0.168565 -0.243343 0.242161 0.229374 0.942733 0.37446 
1535379671970 0.242465 0.926674 -0.287204 -0.637349 -0.939626 0.297994 0.168234 -0.24341 0.241483 0.229073 0.94298 0.374427 
1535379672260 0.241921 0.927147 -0.286134 -0.637397 -0.940008 0.297053 0.167766 -0.243605 0.240541 0.228382 0.943389 0.374424 
1535379672280 0.241693 0.927408 -0.285481 -0.637443 -0.94025 0.296542 0.167309 -0.243814 0.239821 0.227986 0.943668 0.374393 
1535379672296 0.241693 0.927408 -0.285481 -0.637443 -0.94025 0.296542 0.167309 -0.243814 0.239821 0.227986 0.943668 0.374393 
1535379672442 0.241621 0.92744 -0.285438 -0.637423 -0.94027 0.296464 0.167334 -0.243703 0.239814 0.227958 0.943676 0.374389 
1535379672465 0.24189 0.927358 -0.285477 -0.637407 -0.940159 0.296768 0.167421 -0.24362 0.23998 0.227896 0.943649 0.374377 
1535379672481 0.24189 0.927358 -0.285477 -0.637407 -0.940159 0.296768 0.167421 -0.24362 0.23998 0.227896 0.943649 0.374377 
1535379672611 0.242313 0.927316 -0.285251 -0.637313 -0.939967 0.297209 0.167713 -0.243582 0.240303 0.227488 0.943665 0.374389 
1535379672628 0.242313 0.927316 -0.285251 -0.637313 -0.939967 0.297209 0.167713 -0.243582 0.240303 0.227488 0.943665 0.374389 
1535379672666 0.24291 0.927415 -0.284423 -0.637225 -0.939854 0.297591 0.167673 -0.243663 0.240144 0.226587 0.943922 0.374373 
1535379672681 0.24291 0.927415 -0.284423 -0.637225 -0.939854 0.297591 0.167673 -0.243663 0.240144 0.226587 0.943922 0.374373 
1535379672824 0.243545 0.927517 -0.283545 -0.637119 -0.939792 0.297942 0.167396 -0.243739 0.239742 0.225705 0.944236 0.374251 
1535379672906 0.244057 0.927614 -0.282787 -0.637024 -0.939735 0.298223 0.167217 -0.243775 0.239446 0.224934 0.944495 0.374197 
1535379672923 0.244312 0.92758 -0.282679 -0.637012 -0.93968 0.298437 0.167146 -0.24381 0.239403 0.224792 0.94454 0.374097 
1535379672936 0.244312 0.92758 -0.282679 -0.637012 -0.93968 0.298437 0.167146 -0.24381 0.239403 0.224792 0.94454 0.374097 
1535379673099 0.244638 0.927702 -0.281996 -0.636802 -0.939674 0.298551 0.166973 -0.243543 0.239092 0.224137 0.944774 0.374165 
1535379673146 0.244638 0.927702 -0.281996 -0.636802 -0.939674 0.298551 0.166973 -0.243543 0.239092 0.224137 0.944774 0.374165 
1535379673312 0.246067 0.927417 -0.281689 -0.636422 -0.939405 0.299763 0.166315 -0.243494 0.238683 0.223696 0.944982 0.374318 
1535379673405 0.246676 0.927469 -0.280983 -0.636183 -0.939355 0.300116 0.165962 -0.243374 0.238252 0.223004 0.945254 0.374399 
1535379673532 0.246676 0.927469 -0.280983 -0.636183 -0.939355 0.300116 0.165962 -0.243374 0.238252 0.223004 0.945254 0.374399 
1535379673589 0.248 0.927303 -0.280365 -0.635816 -0.939097 0.301186 0.165479 -0.243175 0.237891 0.222252 0.945522 0.374465 
1535379673720 0.248608 0.927315 -0.279789 -0.635554 -0.939051 0.301557 0.165063 -0.243092 0.237437 0.221701 0.945765 0.374513 
1535379673770 0.248608 0.927315 -0.279789 -0.635554 -0.939051 0.301557 0.165063 -0.243092 0.237437 0.221701 0.945765 0.374513 
1535379673854 0.249222 0.927301 -0.279288 -0.635285 -0.938982 0.301969 0.164706 -0.242976 0.237068 0.221198 0.945976 0.374537 
1535379674068 0.249396 0.927209 -0.279437 -0.634902 -0.938902 0.302193 0.164749 -0.242777 0.237201 0.221277 0.945924 0.374742 
1535379674120 0.249396 0.927209 -0.279437 -0.634902 -0.938902 0.302193 0.164749 -0.242777 0.237201 0.221277 0.945924 0.374742 
1535379674283 0.24956 0.927085 -0.279703 -0.634527 -0.938793 0.302458 0.164885 -0.242613 0.237461 0.221435 0.945822 0.374921 
1535379674404 0.250075 0.926905 -0.279837 -0.634106 -0.938653 0.302977 0.164729 -0.242497 0.237472 0.221475 0.94581 0.374997 
1535379674611 0.250075 0.926905 -0.279837 -0.634106 -0.938653 0.302977 0.164729 -0.242497 0.237472 0.221475 0.94581 0.374997 
1535379674743 0.250914 0.926702 -0.279758 -0.632872 -0.938484 0.303714 0.164334 -0.241889 0.237255 0.221315 0.945902 0.375422 
1535379674942 0.250914 0.926702 -0.279758 -0.632872 -0.938484 0.303714 0.164334 -0.241889 0.237255 0.221315 0.945902 0.375422 
1535379675059 0.252048 0.926391 -0.279772 -0.631993 -0.938226 0.304758 0.163872 -0.241708 0.237072 0.221185 0.945978 0.375741 
1535379675075 0.252049 0.926394 -0.279759 -0.631897 -0.938235 0.304748 0.163839 -0.241689 0.237035 0.221184 0.945987 0.375766 
1535379675288 0.252308 0.926301 -0.279835 -0.631722 -0.938131 0.305041 0.163889 -0.241635 0.237171 0.221171 0.945956 0.375884 
1535379675467 0.252308 0.926301 -0.279835 -0.631722 -0.938131 0.305041 0.163889 -0.241635 0.237171 0.221171 0.945956 0.375884 
1535379675525 0.251946 0.926358 -0.279971 -0.631261 -0.938143 0.304799 0.164272 -0.241318 0.23751 0.221265 0.945849 0.375981 
1535379675784 0.25168 0.926367 -0.28018 -0.630281 -0.938048 0.304736 0.164929 -0.240826 0.238165 0.221314 0.945673 0.376231 
1535379675977 0.25168 0.926367 -0.28018 -0.630281 -0.938048 0.304736 0.164929 -0.240826 0.238165 0.221314 0.945673 0.376231 
1535379676042 0.251804 0.926268 -0.280396 -0.629828 -0.937891 0.305008 0.165317 -0.240571 0.238651 0.221353 0.945541 0.376322 
1535379676193 0.251804 0.926268 -0.280396 -0.629828 -0.937891 0.305008 0.165317 -0.240571 0.238651 0.221353 0.945541 0.376322 
1535379676304 0.251837 0.926137 -0.280799 -0.62881 -0.937705 0.305275 0.165879 -0.240231 0.239348 0.221532 0.945323 0.376513 
1535379676621 0.251741 0.926133 -0.280899 -0.627724 -0.937518 0.305399 0.166708 -0.239674 0.24018 0.22138 0.945148 0.376913 
