1533760761217 0.0619423 0.758296 -0.648961 -0.579967 -0.979614 0.170684 0.105938 -0.220069 0.191099 0.629169 0.75341 0.410059 
1533760764760 0.0619426 0.758296 -0.64896 -0.579967 -0.979614 0.170684 0.105937 -0.220069 0.191099 0.629169 0.753411 0.410059 
1533760765246 0.0571846 0.748401 -0.660777 -0.585858 -0.977764 0.175739 0.114427 -0.219869 0.201762 0.63954 0.741809 0.413577 
1533760765937 0.0468091 0.727283 -0.684739 -0.598415 -0.973538 0.186713 0.131762 -0.219413 0.223678 0.660452 0.716778 0.421223 
