1534184401486 0.416816 0.850976 -0.319538 -0.509315 -0.890239 0.453198 0.0456738 -0.174484 0.183681 0.265428 0.946472 0.353825 
1534184405664 0.416817 0.850975 -0.319538 -0.509315 -0.890239 0.453199 0.0456725 -0.174483 0.183681 0.265428 0.946472 0.353825 
1534184406653 0.401395 0.858119 -0.320178 -0.529582 -0.896335 0.439912 0.0553218 -0.185397 0.188323 0.264781 0.945741 0.359914 
1534184407305 0.392529 0.862003 -0.320736 -0.539847 -0.89994 0.431938 0.0594867 -0.190727 0.189816 0.265293 0.945299 0.362592 
1534184407969 0.383995 0.86555 -0.321515 -0.550183 -0.903133 0.424528 0.0642327 -0.196012 0.192089 0.265706 0.944723 0.36529 
1534184408662 0.375796 0.868878 -0.322223 -0.56055 -0.905993 0.417571 0.0693609 -0.201432 0.194817 0.265866 0.944119 0.36815 
1534184409348 0.367341 0.872408 -0.322435 -0.570798 -0.908978 0.410179 0.0742414 -0.206765 0.197025 0.265815 0.943676 0.371162 
1534184410037 0.358952 0.875837 -0.322589 -0.581097 -0.911821 0.402875 0.0792109 -0.21213 0.199339 0.26571 0.943219 0.374173 
1534184410848 0.350864 0.87919 -0.322365 -0.591382 -0.914521 0.395736 0.0839276 -0.217666 0.20136 0.265362 0.942888 0.377276 
1534184411547 0.342359 0.882268 -0.323099 -0.600361 -0.917217 0.388394 0.0886722 -0.222341 0.203723 0.265994 0.942202 0.380237 
1534184411578 0.341623 0.882867 -0.322241 -0.600731 -0.917465 0.387642 0.0894011 -0.222159 0.203843 0.265104 0.942427 0.380905 
1534184411820 0.341665 0.882616 -0.322885 -0.601302 -0.91746 0.387732 0.0890549 -0.222838 0.203794 0.265807 0.942239 0.380635 
1534184412075 0.34086 0.882834 -0.323137 -0.602476 -0.917669 0.387109 0.0896092 -0.223495 0.204199 0.265989 0.9421 0.38069 
1534184412334 0.33992 0.883256 -0.322976 -0.603682 -0.918008 0.38621 0.0900168 -0.224073 0.204245 0.265896 0.942116 0.381089 
1534184412591 0.338968 0.883638 -0.322932 -0.604892 -0.918264 0.385424 0.0907713 -0.224613 0.204675 0.265768 0.942059 0.381398 
1534184412843 0.338203 0.883953 -0.322871 -0.606061 -0.918525 0.384717 0.0911321 -0.225297 0.20477 0.265744 0.942045 0.381702 
1534184413093 0.337325 0.884274 -0.32291 -0.607261 -0.918784 0.383967 0.0916765 -0.225911 0.205054 0.26576 0.941979 0.381958 
1534184413345 0.336231 0.884736 -0.322787 -0.608463 -0.919123 0.382993 0.0923537 -0.226467 0.205334 0.265629 0.941955 0.382349 
1534184413607 0.335156 0.885213 -0.322598 -0.609721 -0.919477 0.381999 0.0929416 -0.227015 0.205505 0.265471 0.941962 0.3827 
1534184413862 0.334321 0.885565 -0.322498 -0.610887 -0.919725 0.381267 0.0935 -0.227563 0.205758 0.26535 0.941941 0.383023 
1534184413883 0.334175 0.885623 -0.322488 -0.610965 -0.919771 0.381135 0.0935789 -0.22759 0.205787 0.265343 0.941937 0.383063 
1534184413900 0.334087 0.885664 -0.322468 -0.611021 -0.9198 0.381053 0.0936266 -0.227622 0.205799 0.265327 0.941939 0.383097 
1534184414002 0.334114 0.885782 -0.322115 -0.611078 -0.91984 0.380978 0.093543 -0.227642 0.205577 0.26504 0.942068 0.383121 
1534184414065 0.334812 0.885723 -0.321551 -0.611039 -0.919657 0.381491 0.0932464 -0.227667 0.205259 0.264497 0.94229 0.382966 
1534184414132 0.335391 0.885679 -0.321068 -0.61112 -0.919522 0.381894 0.0929297 -0.227755 0.20492 0.264062 0.942486 0.382821 
1534184414208 0.335743 0.885748 -0.320511 -0.611297 -0.919464 0.38208 0.092736 -0.227739 0.204602 0.263563 0.942694 0.382788 
1534184414266 0.336033 0.885878 -0.319846 -0.611385 -0.919434 0.382189 0.0925861 -0.227725 0.204262 0.262966 0.942935 0.38279 
1534184414402 0.337006 0.885881 -0.318813 -0.611564 -0.919216 0.382832 0.0920987 -0.227985 0.20364 0.26202 0.943332 0.382649 
1534184414447 0.337266 0.885972 -0.318286 -0.611673 -0.91919 0.382936 0.0919264 -0.227977 0.203327 0.261561 0.943527 0.382575 
1534184414470 0.337391 0.885952 -0.318207 -0.611725 -0.919153 0.383034 0.0918783 -0.227998 0.203284 0.261482 0.943558 0.382543 
1534184414487 0.337414 0.885957 -0.318169 -0.611758 -0.919148 0.383049 0.0918739 -0.227991 0.203271 0.261445 0.943572 0.382533 
1534184414564 0.337584 0.886117 -0.317543 -0.611798 -0.919151 0.383061 0.091788 -0.227965 0.202973 0.260883 0.943791 0.38254 
1534184414711 0.337853 0.88654 -0.316073 -0.611808 -0.919137 0.383057 0.0919478 -0.228065 0.202589 0.259449 0.944269 0.382411 
1534184414785 0.337889 0.886754 -0.315432 -0.611931 -0.919165 0.382972 0.0920201 -0.228023 0.202401 0.258842 0.944476 0.382275 
1534184414880 0.3378 0.887052 -0.31469 -0.61196 -0.919289 0.382693 0.0919399 -0.227965 0.201985 0.258234 0.944731 0.38219 
1534184414946 0.338187 0.887148 -0.314003 -0.612017 -0.919162 0.382971 0.0920504 -0.228059 0.201916 0.257489 0.944949 0.38209 
1534184415041 0.338289 0.887361 -0.313291 -0.612053 -0.919211 0.382885 0.0919209 -0.228067 0.201522 0.256885 0.945198 0.382 
1534184415124 0.338352 0.887579 -0.312604 -0.612211 -0.919192 0.382869 0.092179 -0.227926 0.201502 0.256154 0.9454 0.381859 
1534184415145 0.338391 0.887575 -0.312575 -0.612227 -0.919182 0.382898 0.0921615 -0.227946 0.201484 0.256126 0.945412 0.381835 
1534184415161 0.338469 0.887559 -0.312536 -0.612237 -0.919161 0.382958 0.0921183 -0.227992 0.201449 0.256091 0.945429 0.381806 
1534184415261 0.33863 0.887682 -0.312009 -0.612224 -0.919158 0.382986 0.0920316 -0.22812 0.20119 0.255621 0.945611 0.381745 
1534184415325 0.337894 0.887818 -0.31242 -0.6123 -0.919306 0.382482 0.0926524 -0.228041 0.201753 0.255903 0.945415 0.381718 
1534184415397 0.337359 0.887909 -0.312741 -0.612397 -0.919376 0.382164 0.0932658 -0.228056 0.20233 0.256062 0.945248 0.381725 
1534184415479 0.337177 0.887995 -0.312693 -0.612484 -0.919359 0.382091 0.0937285 -0.228166 0.202708 0.255874 0.945218 0.381628 
1534184415525 0.336725 0.888144 -0.312756 -0.612534 -0.919476 0.381728 0.0940641 -0.228184 0.20293 0.255898 0.945164 0.381537 
1534184415619 0.336317 0.888267 -0.312847 -0.612628 -0.9195 0.381506 0.0947297 -0.228185 0.203498 0.255803 0.945068 0.381395 
1534184415661 0.335899 0.888416 -0.312872 -0.612683 -0.919624 0.381145 0.0949721 -0.228219 0.203624 0.255824 0.945035 0.381343 
1534184415762 0.335623 0.888471 -0.313012 -0.612808 -0.919606 0.381046 0.0955455 -0.228297 0.204161 0.25578 0.944931 0.38126 
1534184415782 0.335582 0.888489 -0.313006 -0.612812 -0.919616 0.381012 0.0955838 -0.228294 0.204184 0.255769 0.944929 0.381261 
1534184415799 0.335582 0.888489 -0.313006 -0.612812 -0.919616 0.381012 0.0955838 -0.228294 0.204184 0.255769 0.944929 0.381261 
1534184415816 0.335184 0.888644 -0.312992 -0.612855 -0.919727 0.380674 0.0958676 -0.228312 0.20434 0.255733 0.944905 0.381244 
1534184415979 0.33466 0.88885 -0.312968 -0.612837 -0.919878 0.38022 0.096215 -0.228204 0.204517 0.255693 0.944878 0.3812 
1534184416121 0.333687 0.88906 -0.31341 -0.612749 -0.920201 0.379378 0.0964551 -0.228247 0.204655 0.256214 0.944707 0.381046 
1534184416389 0.333006 0.889262 -0.313559 -0.61276 -0.920466 0.37872 0.0965055 -0.228265 0.20457 0.256484 0.944652 0.380999 
1534184416408 0.332865 0.889303 -0.313595 -0.612764 -0.920516 0.37859 0.0965369 -0.228254 0.204574 0.256536 0.944637 0.380979 
1534184416681 0.332094 0.889485 -0.313894 -0.612715 -0.920717 0.377984 0.0969946 -0.228332 0.204922 0.256797 0.944491 0.380787 
1534184416899 0.330933 0.889833 -0.314136 -0.612741 -0.921119 0.376923 0.0973132 -0.228251 0.204997 0.257152 0.944377 0.380654 
1534184416917 0.330471 0.889968 -0.31424 -0.61275 -0.921268 0.376514 0.0974832 -0.228217 0.205073 0.257284 0.944325 0.380597 
1534184416933 0.330179 0.890035 -0.314356 -0.612756 -0.921342 0.376286 0.0976577 -0.228193 0.205207 0.257385 0.944268 0.380537 
1534184416949 0.330116 0.890029 -0.314438 -0.612755 -0.921331 0.376277 0.0977981 -0.228187 0.205359 0.257417 0.944227 0.380498 
1534184417050 0.330308 0.890103 -0.314028 -0.612586 -0.921255 0.376424 0.0979495 -0.228321 0.205393 0.256946 0.944348 0.380615 
1534184417111 0.329719 0.890615 -0.313193 -0.612349 -0.921497 0.375731 0.0983322 -0.228115 0.205253 0.256185 0.944585 0.380663 
1534184417229 0.328685 0.891097 -0.31291 -0.612075 -0.921777 0.374824 0.0991672 -0.228032 0.205654 0.255838 0.944592 0.380477 
1534184417265 0.328072 0.891429 -0.312607 -0.611922 -0.921947 0.374265 0.0996934 -0.227922 0.205867 0.2555 0.944637 0.380447 
1534184417339 0.327562 0.891778 -0.312145 -0.611679 -0.922122 0.373734 0.10007 -0.227903 0.2059 0.255057 0.944749 0.380394 
1534184417396 0.327207 0.89196 -0.311998 -0.611525 -0.922201 0.373436 0.10045 -0.227968 0.206109 0.254857 0.944758 0.380323 
1534184417419 0.326954 0.892088 -0.311897 -0.611472 -0.922269 0.37321 0.100664 -0.227922 0.206205 0.25474 0.944768 0.380303 
1534184417436 0.326728 0.892202 -0.311808 -0.611433 -0.92234 0.372996 0.100813 -0.227878 0.206249 0.254655 0.944782 0.38029 
1534184417575 0.325818 0.892766 -0.311146 -0.611096 -0.922664 0.372049 0.101341 -0.227624 0.206235 0.254064 0.944944 0.380339 
1534184417724 0.325543 0.892986 -0.310803 -0.610705 -0.922818 0.371678 0.101303 -0.227532 0.20598 0.253836 0.945061 0.380401 
1534184417853 0.324939 0.893336 -0.310429 -0.610375 -0.923026 0.371064 0.101658 -0.227447 0.206004 0.253501 0.945145 0.380348 
1534184418065 0.324074 0.89378 -0.310055 -0.610047 -0.923324 0.370202 0.102091 -0.227196 0.20603 0.253196 0.945221 0.380326 
1534184418178 0.323266 0.894247 -0.309551 -0.609749 -0.923595 0.369388 0.102591 -0.226892 0.206086 0.252735 0.945332 0.380368 
1534184418372 0.321944 0.895078 -0.308523 -0.608995 -0.924113 0.367938 0.103137 -0.226625 0.205833 0.251906 0.945609 0.380424 
1534184418502 0.320931 0.895626 -0.30799 -0.608676 -0.924494 0.366872 0.103513 -0.226365 0.205702 0.251514 0.945742 0.380406 
1534184418520 0.320804 0.895696 -0.307918 -0.608627 -0.924537 0.366745 0.103587 -0.226318 0.20571 0.25145 0.945757 0.380421 
1534184418614 0.32042 0.895943 -0.3076 -0.608383 -0.924665 0.366346 0.103849 -0.226215 0.205731 0.251151 0.945832 0.380481 
1534184418714 0.32025 0.896324 -0.306665 -0.608293 -0.924867 0.365902 0.103623 -0.226228 0.205089 0.250439 0.94616 0.380433 
1534184418832 0.318957 0.897245 -0.305315 -0.607965 -0.925484 0.3643 0.10375 -0.225873 0.204316 0.249472 0.946583 0.38042 
1534184418938 0.318457 0.897852 -0.304052 -0.607586 -0.925785 0.363519 0.103809 -0.22582 0.203734 0.248428 0.946983 0.380407 
1534184419041 0.317832 0.898503 -0.302779 -0.607242 -0.926142 0.3626 0.103837 -0.225656 0.203085 0.247414 0.947387 0.380432 
1534184419143 0.316931 0.899249 -0.301507 -0.606903 -0.926597 0.361412 0.103919 -0.225463 0.202417 0.24644 0.947784 0.380421 
1534184419259 0.316192 0.899925 -0.300262 -0.606541 -0.927001 0.360376 0.103915 -0.225319 0.201723 0.245486 0.94818 0.380398 
1534184419380 0.315316 0.900651 -0.299005 -0.606227 -0.92745 0.359209 0.103951 -0.225053 0.201028 0.244535 0.948573 0.380392 
1534184419496 0.314373 0.901415 -0.297692 -0.605875 -0.927898 0.357997 0.104129 -0.224846 0.200436 0.243493 0.948966 0.380421 
1534184419517 0.314203 0.90157 -0.297402 -0.605805 -0.927989 0.357761 0.104134 -0.224807 0.200283 0.243267 0.949056 0.380436 
1534184419534 0.314059 0.901728 -0.297076 -0.605727 -0.928077 0.357537 0.104115 -0.224784 0.200099 0.243011 0.949161 0.380455 
1534184419691 0.313653 0.902215 -0.296024 -0.605513 -0.928291 0.356933 0.104278 -0.224718 0.199742 0.242089 0.949471 0.380428 
1534184419809 0.312911 0.90288 -0.29478 -0.605333 -0.92866 0.355934 0.10441 -0.22459 0.199192 0.24108 0.949844 0.38036 
1534184419929 0.312175 0.903598 -0.293356 -0.605088 -0.929029 0.354917 0.104592 -0.224386 0.198626 0.239885 0.950265 0.380332 
1534184420062 0.311513 0.904252 -0.292041 -0.604854 -0.929398 0.353952 0.104582 -0.224274 0.197937 0.238843 0.950671 0.380318 
1534184420193 0.310697 0.904986 -0.290635 -0.604578 -0.929817 0.352829 0.104648 -0.224092 0.19725 0.237723 0.951094 0.380286 
1534184420325 0.310098 0.905654 -0.28919 -0.604319 -0.930125 0.351957 0.104848 -0.223983 0.196739 0.236469 0.951513 0.380309 
1534184420460 0.309481 0.906293 -0.287845 -0.60407 -0.930441 0.351076 0.105 -0.22388 0.196216 0.235327 0.951904 0.380308 
1534184420590 0.308935 0.906897 -0.286525 -0.603835 -0.930739 0.350259 0.10509 -0.223782 0.195664 0.234214 0.952292 0.380297 
1534184420610 0.308877 0.907015 -0.286215 -0.603787 -0.930791 0.350127 0.105063 -0.223773 0.195505 0.233955 0.952388 0.380298 
1534184420627 0.308819 0.907117 -0.285953 -0.603746 -0.93084 0.350006 0.105039 -0.223763 0.195368 0.233738 0.952469 0.380298 
1534184420643 0.308749 0.907203 -0.285758 -0.603714 -0.930885 0.34989 0.105025 -0.223755 0.195263 0.233582 0.952529 0.380297 
1534184420763 0.308125 0.907498 -0.285493 -0.603558 -0.931117 0.349228 0.105165 -0.223594 0.19514 0.233423 0.952593 0.380289 
1534184420831 0.307594 0.907792 -0.285132 -0.603289 -0.931321 0.348643 0.105306 -0.223506 0.195006 0.233158 0.952686 0.380356 
1534184420872 0.307477 0.907988 -0.284634 -0.603167 -0.93142 0.3484 0.105236 -0.22352 0.194719 0.232756 0.952843 0.380356 
1534184420950 0.306827 0.908443 -0.28388 -0.602961 -0.931718 0.347588 0.105285 -0.223359 0.194319 0.232192 0.953062 0.380324 
1534184420989 0.306186 0.908843 -0.283291 -0.60279 -0.931987 0.346834 0.105388 -0.223175 0.194036 0.231755 0.953226 0.380355 
1534184421049 0.305754 0.909107 -0.282912 -0.602614 -0.932154 0.346344 0.105522 -0.223055 0.193916 0.231454 0.953324 0.380301 
1534184421114 0.305235 0.909477 -0.282282 -0.602388 -0.9324 0.345681 0.105524 -0.222964 0.193551 0.230991 0.95351 0.380241 
1534184421128 0.305096 0.90957 -0.282132 -0.602333 -0.932463 0.345508 0.105527 -0.222949 0.193463 0.230882 0.953554 0.38024 
1534184421145 0.304935 0.909685 -0.281937 -0.602255 -0.932538 0.345303 0.105534 -0.222934 0.193357 0.230736 0.953611 0.380239 
1534184421175 0.304727 0.909846 -0.28164 -0.602123 -0.93264 0.345029 0.105532 -0.22293 0.193192 0.23051 0.953699 0.380234 
1534184421290 0.304487 0.910156 -0.2809 -0.602034 -0.932794 0.344622 0.105505 -0.222791 0.19283 0.229897 0.95392 0.38021 
1534184421341 0.304161 0.910505 -0.280118 -0.601971 -0.933005 0.344093 0.105364 -0.222672 0.192321 0.229304 0.954166 0.380214 
1534184421443 0.303627 0.910978 -0.279157 -0.601751 -0.933293 0.343332 0.105299 -0.222493 0.191769 0.228564 0.954454 0.380169 
1534184421485 0.303362 0.911305 -0.278378 -0.601612 -0.933461 0.342888 0.10525 -0.222419 0.191368 0.227926 0.954687 0.38017 
1534184421587 0.302732 0.911757 -0.277585 -0.601421 -0.933808 0.342021 0.105001 -0.222269 0.190675 0.227424 0.954946 0.380109 
1534184421639 0.302498 0.912122 -0.276639 -0.601239 -0.933995 0.341553 0.104853 -0.222233 0.190126 0.226662 0.955236 0.380148 
1534184421735 0.301967 0.912575 -0.275722 -0.601012 -0.934258 0.340828 0.104873 -0.222135 0.189678 0.225927 0.955499 0.380192 
1534184421752 0.30189 0.912693 -0.275415 -0.600956 -0.934321 0.340673 0.104816 -0.222119 0.189491 0.225683 0.955594 0.380202 
1534184421769 0.301794 0.912836 -0.275047 -0.600888 -0.934401 0.340481 0.104731 -0.2221 0.18925 0.225397 0.955709 0.380207 
1534184421786 0.301699 0.91293 -0.27484 -0.600845 -0.934463 0.340327 0.104672 -0.222083 0.189093 0.225249 0.955775 0.380201 
1534184421945 0.301593 0.913087 -0.274435 -0.600757 -0.934536 0.340132 0.104653 -0.222057 0.188901 0.224907 0.955894 0.380137 
1534184421987 0.301473 0.913348 -0.273697 -0.600659 -0.934639 0.339856 0.104635 -0.222054 0.188586 0.224263 0.956107 0.38017 
1534184422087 0.301025 0.913734 -0.2729 -0.600508 -0.93487 0.339229 0.1046 -0.221925 0.188152 0.223639 0.956339 0.380127 
1534184422129 0.300926 0.913975 -0.2722 -0.600399 -0.93498 0.33896 0.104487 -0.221885 0.187764 0.223059 0.956551 0.380113 
1534184422231 0.300567 0.914329 -0.271408 -0.600247 -0.935183 0.33842 0.104427 -0.221756 0.18733 0.222429 0.956783 0.380037 
1534184422278 0.300352 0.914628 -0.270638 -0.600124 -0.935338 0.338023 0.104326 -0.221701 0.186902 0.221803 0.957012 0.380027 
1534184422371 0.299844 0.915012 -0.2699 -0.599982 -0.935607 0.337323 0.104179 -0.221591 0.186369 0.221283 0.957236 0.379986 
1534184422386 0.299806 0.915072 -0.269741 -0.599956 -0.935639 0.337244 0.104146 -0.221581 0.18627 0.221157 0.957284 0.379984 
1534184422405 0.299695 0.915216 -0.269376 -0.599896 -0.935718 0.337043 0.104083 -0.221551 0.18605 0.220867 0.957394 0.379973 
1534184422422 0.299607 0.915311 -0.269149 -0.599857 -0.935774 0.3369 0.104048 -0.221529 0.185913 0.220689 0.957462 0.379962 
1534184422439 0.299515 0.915394 -0.26897 -0.599825 -0.935824 0.336767 0.104029 -0.221506 0.185808 0.22055 0.957514 0.37995 
1534184422541 0.299111 0.915621 -0.268645 -0.599739 -0.935953 0.33634 0.10425 -0.221426 0.18581 0.220257 0.957581 0.379924 
1534184422565 0.298758 0.915868 -0.268197 -0.599622 -0.9361 0.335907 0.104323 -0.221387 0.185635 0.219892 0.957699 0.37994 
1534184422674 0.297869 0.91642 -0.267299 -0.599288 -0.936374 0.334956 0.104916 -0.221282 0.185681 0.219041 0.957885 0.379913 
1534184422697 0.297588 0.91664 -0.266857 -0.599209 -0.936496 0.334596 0.104981 -0.221215 0.185519 0.21867 0.958001 0.37992 
1534184422712 0.29737 0.916796 -0.266563 -0.599154 -0.936589 0.334324 0.105015 -0.221167 0.185396 0.218432 0.958079 0.37992 
1534184422729 0.297171 0.916909 -0.266397 -0.599115 -0.936666 0.334096 0.105055 -0.221123 0.185328 0.218306 0.958121 0.37991 
1534184422746 0.296981 0.916982 -0.266357 -0.599096 -0.936726 0.333909 0.105114 -0.221088 0.185327 0.218287 0.958126 0.37988 
1534184422858 0.296871 0.917112 -0.266034 -0.599026 -0.936787 0.333735 0.105128 -0.221037 0.185199 0.218008 0.958214 0.37979 
1534184422909 0.296814 0.917304 -0.265434 -0.598936 -0.936881 0.333521 0.104962 -0.221026 0.18481 0.217526 0.958398 0.37979 
1534184422980 0.296621 0.917547 -0.264807 -0.598837 -0.937021 0.333171 0.104831 -0.220996 0.184413 0.217035 0.958586 0.379767 
1534184423025 0.296427 0.917781 -0.264214 -0.598743 -0.937157 0.332827 0.104702 -0.220964 0.184031 0.216573 0.958764 0.379732 
1534184423095 0.296053 0.91807 -0.263628 -0.598638 -0.937353 0.332307 0.104597 -0.220896 0.183633 0.216147 0.958937 0.37967 
1534184423152 0.295665 0.918369 -0.263022 -0.598536 -0.93756 0.331763 0.104469 -0.220846 0.183202 0.215712 0.959117 0.379626 
1534184423209 0.295389 0.918618 -0.262461 -0.598441 -0.937723 0.331344 0.104343 -0.220801 0.182816 0.215294 0.959285 0.37957 
1534184423229 0.295348 0.918659 -0.262363 -0.598421 -0.937746 0.331281 0.10433 -0.220784 0.18276 0.215216 0.959313 0.379552 
1534184423245 0.295295 0.918711 -0.262243 -0.598399 -0.937777 0.3312 0.104317 -0.220767 0.182692 0.215121 0.959347 0.379533 
1534184423419 0.294576 0.919324 -0.260901 -0.598185 -0.93809 0.330249 0.104513 -0.220628 0.182243 0.213961 0.959692 0.379535 
1534184423462 0.294363 0.919585 -0.260219 -0.598093 -0.93821 0.329903 0.104527 -0.220605 0.181969 0.213371 0.959875 0.379532 
1534184423605 0.293483 0.920295 -0.2587 -0.597867 -0.938584 0.328764 0.104759 -0.220485 0.181461 0.212067 0.96026 0.379416 
1534184423652 0.293193 0.920593 -0.257964 -0.597755 -0.938732 0.328333 0.104786 -0.220432 0.181164 0.211437 0.960455 0.379323 
1534184423751 0.292722 0.920953 -0.257217 -0.597639 -0.938933 0.327728 0.104878 -0.220361 0.180884 0.210809 0.960646 0.379274 
1534184423798 0.292493 0.921245 -0.256429 -0.59753 -0.93904 0.327375 0.105019 -0.220313 0.180696 0.21008 0.960841 0.379278 
1534184423812 0.292404 0.92129 -0.256369 -0.597519 -0.939061 0.32729 0.105098 -0.220293 0.180732 0.210015 0.960848 0.379271 
1534184423902 0.291949 0.921609 -0.25574 -0.597414 -0.939225 0.326752 0.105309 -0.220192 0.180618 0.209452 0.960993 0.379208 
1534184423972 0.291677 0.921937 -0.254865 -0.597245 -0.939426 0.326253 0.105057 -0.220078 0.180007 0.208784 0.961253 0.379196 
1534184424064 0.290924 0.922432 -0.253935 -0.59702 -0.939805 0.32525 0.104785 -0.219855 0.17925 0.208164 0.961529 0.37911 
1534184424126 0.290508 0.922791 -0.253104 -0.596856 -0.940017 0.324656 0.104727 -0.219756 0.178812 0.207498 0.961754 0.379078 
1534184424228 0.29 0.923206 -0.252173 -0.596642 -0.940267 0.323948 0.104664 -0.219664 0.178317 0.206757 0.962005 0.379017 
1534184424276 0.289742 0.923514 -0.251339 -0.596487 -0.940431 0.323506 0.10456 -0.219628 0.177872 0.206072 0.962235 0.379015 
1534184424419 0.288781 0.924341 -0.249396 -0.596086 -0.940913 0.32214 0.104448 -0.219352 0.176886 0.204498 0.962752 0.378995 
1534184424436 0.288616 0.924476 -0.24909 -0.596027 -0.940995 0.321908 0.104419 -0.21931 0.176717 0.204256 0.962835 0.378984 
1534184424453 0.288461 0.924599 -0.248812 -0.595972 -0.941071 0.321693 0.104396 -0.219271 0.176565 0.204035 0.962909 0.37897 
1534184424469 0.288316 0.924704 -0.248587 -0.595925 -0.941135 0.321505 0.104403 -0.219228 0.176464 0.203853 0.962966 0.378957 
1534184424596 0.28768 0.925034 -0.248097 -0.595753 -0.941317 0.320846 0.104782 -0.219173 0.176528 0.203395 0.963052 0.378911 
1534184424649 0.286918 0.925489 -0.247282 -0.595467 -0.941488 0.320086 0.105572 -0.21909 0.176857 0.202523 0.963175 0.378923 
1534184424775 0.285764 0.926327 -0.245476 -0.595042 -0.941848 0.318748 0.106402 -0.218909 0.176808 0.200795 0.963546 0.379022 
1534184424829 0.284873 0.926831 -0.244606 -0.594752 -0.942067 0.317841 0.107174 -0.218745 0.177078 0.199904 0.963681 0.379015 
1534184424917 0.284403 0.927161 -0.243898 -0.594491 -0.942219 0.317292 0.107467 -0.218747 0.177026 0.199242 0.963828 0.378962 
1534184424967 0.283698 0.927587 -0.2431 -0.594307 -0.942423 0.316524 0.10794 -0.218631 0.177071 0.19848 0.963977 0.378976 
1534184424980 0.283534 0.927672 -0.242967 -0.59427 -0.942474 0.316347 0.108012 -0.218605 0.177061 0.198365 0.964002 0.378981 
1534184424997 0.283352 0.927763 -0.242832 -0.594216 -0.942516 0.31617 0.10817 -0.218549 0.177132 0.198223 0.964019 0.378987 
1534184425057 0.282939 0.928021 -0.242328 -0.594077 -0.942627 0.315724 0.1085 -0.21842 0.177199 0.197726 0.964108 0.379 
1534184425201 0.282191 0.928668 -0.240714 -0.59375 -0.94295 0.3147 0.108673 -0.218317 0.176674 0.196315 0.964493 0.378947 
1534184425252 0.281635 0.929053 -0.239877 -0.593534 -0.943157 0.314016 0.108852 -0.218237 0.176455 0.195585 0.964681 0.378948 
1534184425345 0.281286 0.929366 -0.239075 -0.593303 -0.943283 0.313558 0.109077 -0.218199 0.176336 0.194834 0.964855 0.378891 
1534184425409 0.280649 0.929781 -0.23821 -0.593105 -0.943496 0.312812 0.109379 -0.218073 0.176213 0.194053 0.965035 0.378867 
1534184425502 0.279847 0.930249 -0.237322 -0.592868 -0.943746 0.311915 0.109783 -0.217862 0.17615 0.193249 0.965208 0.378819 
1534184425553 0.279481 0.930558 -0.236542 -0.592708 -0.943914 0.311401 0.109795 -0.217812 0.17583 0.19259 0.965398 0.378825 
1534184425573 0.279305 0.930646 -0.236405 -0.592666 -0.943972 0.311208 0.109846 -0.21779 0.175799 0.192479 0.965426 0.378823 
1534184425590 0.279174 0.930707 -0.23632 -0.592637 -0.944014 0.311067 0.109883 -0.217775 0.17578 0.192413 0.965442 0.37882 
1534184425635 0.278851 0.930899 -0.235944 -0.59253 -0.944119 0.310699 0.110029 -0.217722 0.175734 0.192077 0.965517 0.378814 
1534184425705 0.278851 0.93108 -0.235226 -0.592402 -0.944163 0.310566 0.110025 -0.217739 0.175495 0.191411 0.965693 0.378791 
1534184425764 0.278593 0.931318 -0.234591 -0.59233 -0.944317 0.310154 0.109859 -0.217712 0.175073 0.190923 0.965866 0.378767 
1534184425849 0.277858 0.931768 -0.233672 -0.592171 -0.94456 0.309303 0.110174 -0.217544 0.174932 0.190105 0.966053 0.378755 
1534184425891 0.277451 0.932077 -0.232925 -0.592049 -0.944747 0.308745 0.110135 -0.217475 0.174569 0.189498 0.966238 0.378754 
1534184426033 0.276416 0.932775 -0.231356 -0.591762 -0.945198 0.307392 0.110048 -0.217253 0.173767 0.188259 0.966625 0.378657 
1534184426068 0.276157 0.933032 -0.230627 -0.591634 -0.945317 0.307008 0.110099 -0.217206 0.17353 0.187611 0.966793 0.37864 
1534184426089 0.276045 0.933098 -0.230496 -0.591598 -0.94535 0.306883 0.110168 -0.217189 0.173533 0.187488 0.966817 0.378624 
1534184426104 0.275948 0.933146 -0.230415 -0.591573 -0.945378 0.306779 0.110213 -0.217179 0.173531 0.187416 0.966831 0.378609 
1534184426121 0.275858 0.933189 -0.230351 -0.591552 -0.945406 0.306682 0.110244 -0.217171 0.173523 0.187363 0.966843 0.378595 
1534184426198 0.275639 0.933388 -0.229806 -0.591443 -0.945519 0.306351 0.110191 -0.217188 0.173252 0.186913 0.966978 0.378585 
1534184426247 0.275675 0.933498 -0.229312 -0.591436 -0.945559 0.306274 0.110064 -0.217182 0.172977 0.186487 0.96711 0.378577 
1534184426327 0.27516 0.933801 -0.228697 -0.591456 -0.945762 0.305643 0.110078 -0.217029 0.172691 0.186004 0.967254 0.378582 
1534184426371 0.275023 0.933983 -0.22812 -0.591402 -0.945854 0.305385 0.109999 -0.217009 0.172401 0.185516 0.967399 0.378546 
1534184426449 0.274843 0.934165 -0.227592 -0.591335 -0.945957 0.305094 0.109924 -0.217032 0.172124 0.18508 0.967532 0.378467 
1534184426493 0.274726 0.934345 -0.226991 -0.591259 -0.946043 0.304852 0.10985 -0.217043 0.171836 0.184565 0.967682 0.378427 
1534184426570 0.274281 0.934611 -0.226433 -0.591196 -0.946227 0.304295 0.109812 -0.217052 0.171534 0.184138 0.967817 0.378423 
1534184426587 0.27423 0.934691 -0.226165 -0.591169 -0.946266 0.304188 0.109772 -0.217048 0.1714 0.183909 0.967884 0.378434 
1534184426604 0.274186 0.934768 -0.2259 -0.591145 -0.9463 0.304091 0.109747 -0.217039 0.171282 0.183678 0.967949 0.378449 
1534184426624 0.27412 0.934866 -0.225573 -0.591113 -0.946345 0.30396 0.10972 -0.217027 0.171139 0.183394 0.968028 0.378465 
1534184426643 0.274058 0.934918 -0.225433 -0.591102 -0.946371 0.303876 0.109737 -0.217012 0.171098 0.183269 0.968059 0.378471 
1534184426657 0.274018 0.934933 -0.225421 -0.591105 -0.946378 0.30384 0.109774 -0.216999 0.171123 0.183253 0.968057 0.37847 
1534184426674 0.274007 0.934932 -0.225436 -0.59111 -0.946375 0.303837 0.109804 -0.216989 0.171155 0.18326 0.96805 0.378469 
1534184426693 0.274014 0.934927 -0.225452 -0.591114 -0.946374 0.303845 0.109792 -0.216985 0.17115 0.183277 0.968048 0.378468 
1534184426707 0.273998 0.934908 -0.22555 -0.591129 -0.94637 0.30385 0.109812 -0.216978 0.171198 0.183366 0.968023 0.378465 
1534184426724 0.273966 0.934875 -0.225723 -0.591153 -0.946366 0.303854 0.109841 -0.21697 0.171274 0.183524 0.967979 0.378457 
1534184426748 0.273943 0.934857 -0.225826 -0.591168 -0.946365 0.303851 0.109855 -0.216963 0.171316 0.183619 0.967954 0.378452 
1534184426765 0.273939 0.934867 -0.225789 -0.591166 -0.946371 0.303838 0.109839 -0.21696 0.171288 0.183591 0.967964 0.378452 
1534184426781 0.273935 0.934875 -0.225764 -0.591166 -0.946376 0.303827 0.109826 -0.216957 0.171267 0.183572 0.967972 0.378452 
1534184426801 0.273959 0.93494 -0.225463 -0.591131 -0.946403 0.303778 0.109727 -0.216964 0.171079 0.183319 0.968053 0.378459 
1534184426818 0.273955 0.934996 -0.225236 -0.591104 -0.946429 0.303722 0.109659 -0.21697 0.17094 0.183128 0.968114 0.378467 
1534184426835 0.273921 0.935046 -0.225069 -0.591084 -0.946458 0.303648 0.109611 -0.216974 0.170833 0.182993 0.968158 0.378472 
1534184426851 0.273893 0.935079 -0.224965 -0.591073 -0.946476 0.303598 0.109595 -0.216973 0.170779 0.182907 0.968184 0.378476 
1534184426868 0.273881 0.935085 -0.224958 -0.591073 -0.946472 0.303594 0.109645 -0.216965 0.170823 0.182887 0.96818 0.378476 
1534184426885 0.273869 0.935087 -0.224962 -0.591075 -0.946463 0.303596 0.109714 -0.216954 0.17089 0.182871 0.968171 0.378475 
1534184426901 0.27386 0.935089 -0.224966 -0.591076 -0.946456 0.303597 0.109768 -0.216945 0.170942 0.18286 0.968164 0.378474 
1534184426918 0.273837 0.935071 -0.225068 -0.59109 -0.946444 0.303607 0.109844 -0.216933 0.171044 0.182935 0.968131 0.378469 
1534184426935 0.273818 0.935059 -0.22514 -0.5911 -0.946437 0.30361 0.109898 -0.216925 0.171116 0.182988 0.968109 0.378466 
1534184426951 0.273803 0.935061 -0.225152 -0.591103 -0.94644 0.303599 0.109908 -0.216921 0.171127 0.183 0.968105 0.378466 
1534184426968 0.2738 0.935062 -0.225149 -0.591103 -0.946441 0.303595 0.109903 -0.216921 0.17112 0.182999 0.968106 0.378466 
1534184426985 0.273795 0.935069 -0.225126 -0.591102 -0.946449 0.303581 0.109876 -0.216922 0.171085 0.182987 0.968114 0.378468 
1534184427001 0.273786 0.93507 -0.225133 -0.591103 -0.946462 0.303561 0.109817 -0.216928 0.171028 0.183014 0.968119 0.378468 
1534184427018 0.273783 0.935094 -0.225036 -0.591092 -0.946499 0.303509 0.109646 -0.216947 0.17083 0.182977 0.968161 0.378473 
1534184427035 0.273787 0.93512 -0.224927 -0.591078 -0.946527 0.303469 0.109517 -0.216961 0.17067 0.182915 0.968201 0.378477 
1534184427055 0.273786 0.935139 -0.224845 -0.591069 -0.946552 0.303432 0.109401 -0.216974 0.17053 0.182875 0.968234 0.378481 
1534184427072 0.273782 0.935145 -0.224827 -0.591067 -0.946563 0.303415 0.109352 -0.216979 0.170476 0.182875 0.968243 0.378481 
1534184427089 0.273777 0.935146 -0.224829 -0.591067 -0.946565 0.30341 0.109347 -0.216978 0.170471 0.182879 0.968243 0.37848 
1534184427105 0.273773 0.935146 -0.224835 -0.591068 -0.946565 0.303407 0.109353 -0.216976 0.170478 0.182883 0.968241 0.37848 
1534184427121 0.273769 0.935145 -0.224842 -0.59107 -0.946565 0.303406 0.109356 -0.216975 0.170482 0.18289 0.968239 0.37848 
1534184427140 0.273767 0.935145 -0.224847 -0.591071 -0.946566 0.303404 0.109357 -0.216975 0.170484 0.182894 0.968238 0.378481 
1534184427155 0.273762 0.935141 -0.224869 -0.591074 -0.946565 0.303404 0.109364 -0.216973 0.170497 0.182914 0.968232 0.37848 
1534184427171 0.273756 0.935137 -0.224892 -0.591078 -0.946564 0.303404 0.109369 -0.216972 0.170509 0.182935 0.968226 0.37848 
1534184427190 0.273754 0.935136 -0.224898 -0.591078 -0.946565 0.303402 0.109369 -0.216971 0.17051 0.182941 0.968225 0.37848 
1534184427205 0.273751 0.935136 -0.224902 -0.591079 -0.946566 0.3034 0.109367 -0.216971 0.170508 0.182945 0.968224 0.37848 
1534184427222 0.27375 0.935136 -0.224905 -0.591079 -0.946567 0.303399 0.109364 -0.216971 0.170506 0.18295 0.968224 0.378479 
1534184427238 0.273747 0.935135 -0.224909 -0.591079 -0.946568 0.303396 0.10936 -0.21697 0.170503 0.182955 0.968223 0.378478 
1534184427255 0.273743 0.935136 -0.224912 -0.591079 -0.94657 0.303391 0.109356 -0.216969 0.170499 0.182959 0.968223 0.378477 
1534184427271 0.273721 0.935139 -0.224928 -0.591078 -0.946575 0.303373 0.109362 -0.216961 0.170506 0.182976 0.968219 0.378478 
1534184427289 0.273702 0.93514 -0.224946 -0.591079 -0.946579 0.303359 0.109371 -0.216953 0.170517 0.182994 0.968213 0.37848 
1534184427305 0.273697 0.935138 -0.224958 -0.59108 -0.946579 0.303357 0.109374 -0.216951 0.170522 0.183005 0.96821 0.37848 
1534184427322 0.273694 0.935137 -0.224966 -0.591082 -0.946579 0.303355 0.109375 -0.21695 0.170526 0.183013 0.968208 0.37848 
1534184427340 0.273691 0.935137 -0.224973 -0.591083 -0.94658 0.303353 0.109374 -0.216949 0.170526 0.18302 0.968207 0.378479 
1534184427355 0.273687 0.935137 -0.224975 -0.591083 -0.946582 0.303349 0.109371 -0.216948 0.170523 0.183024 0.968207 0.37848 
1534184427371 0.273682 0.935137 -0.224982 -0.591083 -0.946587 0.303341 0.109351 -0.216949 0.170505 0.183038 0.968207 0.37848 
1534184427388 0.273663 0.935136 -0.225007 -0.591085 -0.946604 0.303313 0.109277 -0.216954 0.170436 0.183088 0.96821 0.378481 
1534184427405 0.27365 0.935136 -0.225027 -0.591087 -0.946618 0.303292 0.109219 -0.216958 0.170383 0.183127 0.968212 0.378481 
1534184427421 0.273637 0.935133 -0.225055 -0.591089 -0.946636 0.303267 0.109132 -0.216965 0.170304 0.183182 0.968215 0.37848 
1534184427439 0.273634 0.935127 -0.225083 -0.591089 -0.94665 0.303253 0.109046 -0.216969 0.170229 0.183236 0.968218 0.378472 
1534184427455 0.2736 0.935133 -0.225099 -0.591086 -0.946672 0.303208 0.108977 -0.216963 0.17016 0.183279 0.968222 0.378466 
1534184427472 0.273572 0.935139 -0.225108 -0.591083 -0.946688 0.303174 0.108939 -0.216956 0.17012 0.183304 0.968225 0.378461 
1534184427491 0.273553 0.935147 -0.225099 -0.591078 -0.946691 0.303158 0.108961 -0.216942 0.170135 0.183293 0.968224 0.378454 
1534184427508 0.273549 0.935151 -0.225088 -0.591075 -0.946687 0.303158 0.108992 -0.216933 0.170161 0.183273 0.968223 0.37845 
1534184427525 0.273555 0.935154 -0.225066 -0.591072 -0.946675 0.303172 0.109057 -0.216924 0.170219 0.183231 0.968221 0.378448 
1534184427542 0.273568 0.935162 -0.225018 -0.591064 -0.946647 0.303205 0.109207 -0.2169 0.170353 0.183137 0.968215 0.378442 
1534184427558 0.273573 0.935166 -0.224997 -0.591061 -0.946635 0.303218 0.109272 -0.216889 0.17041 0.183096 0.968213 0.378438 
1534184427575 0.273566 0.935168 -0.224993 -0.591059 -0.946637 0.303212 0.109275 -0.216884 0.170412 0.183093 0.968213 0.378434 
1534184427592 0.273557 0.93517 -0.224998 -0.591059 -0.946644 0.303199 0.10925 -0.216883 0.170386 0.183107 0.968215 0.378432 
1534184427608 0.273549 0.935171 -0.225002 -0.591058 -0.946649 0.303188 0.109233 -0.216882 0.17037 0.183117 0.968216 0.378429 
1534184427625 0.273533 0.93517 -0.225024 -0.59106 -0.946666 0.303163 0.109163 -0.216887 0.170305 0.183163 0.968219 0.378428 
1534184427643 0.273512 0.935169 -0.225057 -0.591063 -0.946689 0.303127 0.109056 -0.216897 0.170206 0.183231 0.968223 0.378427 
1534184427662 0.273505 0.935168 -0.225068 -0.591064 -0.946697 0.303115 0.10902 -0.216901 0.170173 0.183254 0.968225 0.378427 
1534184427678 0.27349 0.935166 -0.225095 -0.591067 -0.946716 0.303088 0.108931 -0.216909 0.170092 0.18331 0.968228 0.378424 
1534184427695 0.273487 0.935166 -0.225098 -0.591067 -0.946719 0.303084 0.108922 -0.216909 0.170084 0.183316 0.968229 0.378422 
1534184427712 0.273489 0.935167 -0.225093 -0.591066 -0.946715 0.303088 0.10894 -0.216906 0.170099 0.183305 0.968228 0.37842 
1534184427728 0.273489 0.935167 -0.22509 -0.591065 -0.946714 0.303089 0.108947 -0.216904 0.170106 0.1833 0.968228 0.378418 
1534184427746 0.273492 0.935169 -0.22508 -0.591064 -0.94671 0.303094 0.10897 -0.2169 0.170126 0.183283 0.968228 0.378416 
1534184427765 0.2735 0.935174 -0.225052 -0.59106 -0.946699 0.303108 0.109029 -0.216891 0.170176 0.183237 0.968227 0.378414 
1534184427782 0.273499 0.93518 -0.225027 -0.591056 -0.946695 0.303109 0.10906 -0.216884 0.170199 0.183204 0.96823 0.378413 
1534184427799 0.273498 0.935182 -0.225019 -0.591054 -0.946693 0.303109 0.109076 -0.21688 0.170212 0.183192 0.96823 0.378411 
1534184427815 0.273496 0.935183 -0.225018 -0.591053 -0.946693 0.303108 0.109077 -0.216878 0.170212 0.18319 0.96823 0.37841 
1534184427832 0.273496 0.935183 -0.225017 -0.591053 -0.946694 0.303106 0.109071 -0.216878 0.170206 0.183192 0.968231 0.378408 
1534184427849 0.273496 0.935184 -0.225014 -0.591053 -0.946695 0.303105 0.109067 -0.216878 0.170201 0.18319 0.968232 0.378406 
1534184427865 0.273497 0.935185 -0.225009 -0.591052 -0.946696 0.303104 0.109063 -0.216878 0.170195 0.183186 0.968234 0.378405 
1534184427883 0.273512 0.935187 -0.224982 -0.59105 -0.946695 0.303112 0.109048 -0.216884 0.170175 0.183163 0.968242 0.378402 
1534184427899 0.273546 0.935202 -0.224876 -0.59104 -0.946698 0.303119 0.109006 -0.216896 0.170107 0.183071 0.968271 0.378401 
1534184427915 0.273562 0.935216 -0.224798 -0.591031 -0.946702 0.303116 0.108977 -0.216901 0.170057 0.183005 0.968292 0.378401 
1534184427932 0.273564 0.935226 -0.224757 -0.591025 -0.946706 0.303108 0.10896 -0.216902 0.170028 0.182971 0.968304 0.378401 
1534184427949 0.273562 0.935226 -0.224756 -0.591025 -0.946708 0.303105 0.108956 -0.216901 0.170023 0.182972 0.968304 0.378399 
1534184427969 0.273561 0.935222 -0.224776 -0.591027 -0.946707 0.303107 0.108955 -0.216901 0.170029 0.182991 0.9683 0.378395 
1534184427986 0.27356 0.93522 -0.224787 -0.591028 -0.946707 0.303108 0.108956 -0.2169 0.170033 0.183002 0.968297 0.378392 
1534184428002 0.27356 0.935218 -0.224795 -0.591029 -0.946705 0.303112 0.108965 -0.216899 0.170044 0.183006 0.968294 0.378389 
1534184428019 0.273558 0.935205 -0.22485 -0.591036 -0.946691 0.303131 0.109028 -0.216891 0.170122 0.183038 0.968274 0.378385 
1534184428035 0.273561 0.935199 -0.224873 -0.591039 -0.946677 0.303151 0.109097 -0.216882 0.170198 0.183037 0.968261 0.378382 
1534184428056 0.273568 0.935197 -0.224869 -0.591039 -0.946665 0.303168 0.10915 -0.216876 0.17025 0.183016 0.968256 0.378379 
1534184428072 0.273573 0.935198 -0.224862 -0.591039 -0.946658 0.303179 0.109187 -0.216871 0.170285 0.182997 0.968254 0.378379 
1534184428089 0.273574 0.935199 -0.224858 -0.591038 -0.946655 0.303182 0.109204 -0.216869 0.1703 0.182988 0.968253 0.378379 
1534184428106 0.273572 0.935199 -0.224859 -0.591038 -0.946655 0.303181 0.109207 -0.216868 0.170303 0.182988 0.968252 0.378379 
1534184428126 0.273571 0.935199 -0.224861 -0.591038 -0.946658 0.303177 0.10919 -0.21687 0.170287 0.182995 0.968254 0.37838 
1534184428143 0.273571 0.935201 -0.224852 -0.591037 -0.946662 0.303172 0.109171 -0.216872 0.170266 0.182993 0.968258 0.378381 
1534184428159 0.273564 0.9352 -0.224865 -0.591039 -0.946677 0.303152 0.109091 -0.216882 0.17019 0.183031 0.968264 0.378382 
1534184428176 0.273569 0.935194 -0.224883 -0.591041 -0.946686 0.303149 0.109029 -0.21689 0.170136 0.183067 0.968267 0.378382 
1534184428193 0.273573 0.935189 -0.224899 -0.591044 -0.946692 0.303146 0.108977 -0.216896 0.170092 0.183097 0.968269 0.378382 
1534184428209 0.273592 0.935181 -0.224909 -0.591045 -0.946691 0.303161 0.108946 -0.2169 0.170068 0.183112 0.96827 0.378383 
1534184428226 0.273626 0.935172 -0.224905 -0.591044 -0.946679 0.303196 0.108957 -0.216898 0.170084 0.183099 0.96827 0.378383 
1534184428243 0.273634 0.935172 -0.224896 -0.591043 -0.946672 0.303208 0.108981 -0.216896 0.170106 0.183082 0.968269 0.378383 
1534184428259 0.273638 0.935172 -0.22489 -0.591042 -0.946668 0.303214 0.108997 -0.216894 0.17012 0.18307 0.968269 0.378384 
1534184428276 0.273654 0.935175 -0.22486 -0.591039 -0.94665 0.303241 0.109085 -0.216883 0.1702 0.183012 0.968266 0.378384 
1534184428293 0.273669 0.935178 -0.224828 -0.591035 -0.94663 0.303268 0.109179 -0.216871 0.170285 0.18295 0.968263 0.378384 
1534184428309 0.273683 0.93518 -0.224801 -0.591032 -0.946612 0.303293 0.109262 -0.216861 0.17036 0.182896 0.968259 0.378384 
1534184428326 0.273696 0.935182 -0.224777 -0.591029 -0.946597 0.303315 0.109334 -0.216853 0.170426 0.182849 0.968257 0.378384 
1534184428346 0.273706 0.935183 -0.224761 -0.591027 -0.946586 0.303333 0.109383 -0.216847 0.17047 0.182817 0.968255 0.378384 
1534184428366 0.273721 0.935178 -0.224766 -0.59103 -0.946581 0.303348 0.109381 -0.216852 0.170473 0.182819 0.968254 0.378381 
1534184428383 0.273745 0.935168 -0.224778 -0.591035 -0.946574 0.303374 0.109375 -0.216863 0.170475 0.182828 0.968252 0.378378 
1534184428400 0.273761 0.93516 -0.224789 -0.591039 -0.946571 0.303388 0.109359 -0.216872 0.170467 0.182841 0.968251 0.378375 
1534184428416 0.273771 0.935155 -0.2248 -0.591042 -0.94657 0.303397 0.109341 -0.216879 0.170454 0.182855 0.968251 0.378373 
1534184428433 0.27378 0.93515 -0.22481 -0.591045 -0.946569 0.303405 0.109326 -0.216886 0.170444 0.182867 0.96825 0.378372 
1534184428450 0.273795 0.935144 -0.224817 -0.591049 -0.946565 0.303421 0.109321 -0.216893 0.170445 0.182872 0.968249 0.378369 
1534184428466 0.27381 0.935139 -0.22482 -0.591051 -0.946561 0.303435 0.109317 -0.216899 0.170445 0.182873 0.968249 0.378367 
1534184428483 0.273833 0.935134 -0.22481 -0.591053 -0.946554 0.303456 0.109314 -0.216909 0.170443 0.182861 0.968251 0.378367 
1534184428500 0.273862 0.935148 -0.224717 -0.591045 -0.946552 0.303467 0.109303 -0.216918 0.170409 0.182772 0.968274 0.378375 
1534184428516 0.273892 0.93517 -0.224592 -0.591032 -0.946549 0.303475 0.109305 -0.216925 0.170376 0.182649 0.968303 0.378389 
1534184428537 0.273901 0.935179 -0.224538 -0.591026 -0.946549 0.303475 0.109302 -0.216927 0.170359 0.182598 0.968316 0.378398 
1534184428550 0.273904 0.935182 -0.224527 -0.591025 -0.946548 0.303477 0.109311 -0.216927 0.170364 0.182585 0.968318 0.378402 
1534184428566 0.273905 0.935179 -0.224535 -0.591026 -0.946543 0.303485 0.109335 -0.216924 0.170391 0.182584 0.968313 0.378402 
1534184428583 0.273907 0.935177 -0.224542 -0.591028 -0.946539 0.30349 0.109349 -0.216923 0.170407 0.182586 0.96831 0.378401 
1534184428600 0.273911 0.935175 -0.224546 -0.591029 -0.946535 0.303497 0.109364 -0.216923 0.170423 0.182584 0.968307 0.378402 
1534184428616 0.27391 0.935164 -0.22459 -0.591035 -0.946528 0.30351 0.109393 -0.216921 0.170466 0.182617 0.968293 0.378401 
1534184428633 0.273915 0.935153 -0.22463 -0.591042 -0.946516 0.303531 0.109438 -0.216919 0.170524 0.182639 0.968279 0.378399 
