1535379281737 0.238852 0.928133 -0.285514 -0.637136 -0.938526 0.296113 0.177445 -0.242894 0.249237 0.225579 0.941804 0.374381 
1535379286242 0.238851 0.928134 -0.285512 -0.637136 -0.938526 0.296111 0.177445 -0.242892 0.249236 0.225578 0.941805 0.374381 
1535379286382 0.239126 0.92813 -0.285296 -0.637132 -0.938473 0.296316 0.177384 -0.242864 0.249173 0.225325 0.941882 0.374404 
1535379286636 0.240515 0.92802 -0.284483 -0.637184 -0.938291 0.297328 0.176649 -0.242834 0.248519 0.224442 0.942265 0.374352 
1535379286773 0.241519 0.928056 -0.283516 -0.637274 -0.938178 0.297972 0.176168 -0.24255 0.247973 0.22344 0.942647 0.37422 
1535379286898 0.242817 0.927996 -0.282601 -0.637288 -0.938004 0.298891 0.175534 -0.242477 0.247362 0.222459 0.94304 0.374161 
1535379287302 0.244302 0.927817 -0.281909 -0.637344 -0.937741 0.300067 0.174935 -0.2425 0.246899 0.22162 0.943358 0.374069 
1535379287582 0.24549 0.927756 -0.281077 -0.63739 -0.937594 0.300898 0.174292 -0.242379 0.246276 0.220749 0.943726 0.373994 
1535379287714 0.246807 0.927729 -0.280008 -0.63742 -0.937369 0.301846 0.173861 -0.242261 0.245815 0.219561 0.944123 0.374046 
1535379287856 0.24814 0.927659 -0.279061 -0.637491 -0.937232 0.302751 0.173026 -0.242155 0.244995 0.21861 0.944556 0.373892 
1535379287995 0.249302 0.927603 -0.27821 -0.637531 -0.937052 0.303588 0.172531 -0.242042 0.244501 0.217685 0.944898 0.37387 
1535379288257 0.250191 0.927539 -0.277624 -0.63756 -0.936893 0.30426 0.172215 -0.24197 0.244206 0.217017 0.945128 0.373811 
1535379288430 0.249324 0.927577 -0.278276 -0.637512 -0.937002 0.303661 0.172678 -0.242087 0.244674 0.217693 0.944852 0.373867 
1535379288443 0.249315 0.92758 -0.278277 -0.637512 -0.937001 0.303655 0.172691 -0.242083 0.244685 0.217692 0.944849 0.373869 
1535379288967 0.248153 0.927583 -0.279301 -0.6374 -0.936811 0.30318 0.17455 -0.242084 0.246588 0.218338 0.944205 0.373978 
1535379289307 0.247723 0.92754 -0.279826 -0.637291 -0.936644 0.303116 0.175552 -0.242215 0.247651 0.218609 0.943864 0.374073 
1535379289328 0.247724 0.927539 -0.279829 -0.637291 -0.936644 0.303117 0.175548 -0.242217 0.247649 0.218612 0.943864 0.374071 
1535379289624 0.246841 0.927454 -0.280889 -0.637141 -0.936366 0.302927 0.177355 -0.242367 0.249577 0.219237 0.943211 0.37418 
1535379290105 0.246242 0.927456 -0.281406 -0.637066 -0.936238 0.302705 0.178406 -0.242384 0.250647 0.219532 0.942858 0.374235 
1535379290417 0.245783 0.927417 -0.281937 -0.636994 -0.936093 0.302601 0.179337 -0.242482 0.251635 0.219841 0.942523 0.374302 
1535379290434 0.24576 0.927424 -0.281933 -0.636997 -0.9361 0.302578 0.179341 -0.242469 0.251632 0.219842 0.942524 0.374302 
1535379290893 0.244803 0.927386 -0.282889 -0.636829 -0.935837 0.302299 0.181173 -0.242584 0.253535 0.220387 0.941886 0.374427 
1535379290906 0.244803 0.927386 -0.28289 -0.636829 -0.935837 0.3023 0.181174 -0.242584 0.253536 0.220387 0.941886 0.374427 
1535379291115 0.245576 0.927444 -0.282029 -0.636981 -0.93625 0.302332 0.178973 -0.242492 0.251254 0.220098 0.942565 0.37438 
1535379291362 0.245417 0.927325 -0.282557 -0.637015 -0.936301 0.302274 0.178803 -0.24261 0.251218 0.220678 0.942439 0.374412 
1535379291594 0.245231 0.927318 -0.282743 -0.637035 -0.936392 0.302096 0.178629 -0.24262 0.251061 0.220953 0.942416 0.374501 
1535379291608 0.245223 0.927316 -0.282755 -0.637037 -0.93639 0.302094 0.178641 -0.242618 0.251075 0.220962 0.94241 0.374507 
1535379291937 0.244521 0.927402 -0.283082 -0.637063 -0.936676 0.301397 0.17832 -0.242562 0.250695 0.221553 0.942373 0.374692 
1535379292191 0.244493 0.927331 -0.283339 -0.637067 -0.936717 0.301389 0.178116 -0.24261 0.250568 0.22186 0.942334 0.374776 
1535379292412 0.244233 0.927352 -0.283492 -0.637078 -0.936851 0.301113 0.177879 -0.24269 0.25032 0.222146 0.942333 0.374863 
1535379292443 0.244238 0.927348 -0.283503 -0.637078 -0.936858 0.301112 0.177843 -0.242699 0.250289 0.222166 0.942336 0.374873 
1535379292793 0.243888 0.927299 -0.283963 -0.637087 -0.937056 0.300772 0.177378 -0.24278 0.24989 0.222828 0.942286 0.375028 
1535379292809 0.243882 0.927302 -0.283959 -0.637086 -0.937058 0.300765 0.177379 -0.242779 0.249888 0.222826 0.942287 0.37503 
1535379292949 0.244045 0.927399 -0.2835 -0.637045 -0.936928 0.30091 0.177817 -0.242819 0.250216 0.222223 0.942342 0.375 
1535379293066 0.243835 0.927434 -0.283569 -0.63707 -0.936958 0.300745 0.177938 -0.242901 0.250307 0.222305 0.942299 0.374958 
1535379293166 0.242996 0.927569 -0.283848 -0.637122 -0.937161 0.300011 0.178107 -0.242923 0.250364 0.222732 0.942183 0.37509 
1535379293315 0.242765 0.927619 -0.283882 -0.637145 -0.937237 0.299784 0.178092 -0.243014 0.250304 0.22283 0.942175 0.375145 
1535379293431 0.242504 0.927678 -0.283912 -0.637154 -0.937325 0.299523 0.178067 -0.243067 0.250227 0.222936 0.942171 0.375144 
1535379293528 0.24191 0.927787 -0.284063 -0.637176 -0.937445 0.299016 0.178289 -0.243222 0.250353 0.223163 0.942084 0.375289 
1535379293681 0.241889 0.927769 -0.284137 -0.637176 -0.937415 0.299041 0.178403 -0.243403 0.250486 0.223201 0.942039 0.375396 
1535379293853 0.241373 0.92791 -0.284118 -0.637175 -0.937557 0.298538 0.178501 -0.243479 0.250453 0.223291 0.942027 0.375483 
1535379294028 0.240762 0.92804 -0.28421 -0.637201 -0.937717 0.29797 0.178607 -0.243518 0.250441 0.223507 0.941979 0.375539 
1535379294042 0.240753 0.928042 -0.284213 -0.637203 -0.937718 0.297963 0.178612 -0.243521 0.250444 0.22351 0.941977 0.375542 
1535379294184 0.241092 0.928037 -0.283941 -0.637228 -0.937676 0.298194 0.178449 -0.243675 0.250277 0.223222 0.94209 0.375507 
1535379294266 0.241122 0.928245 -0.283235 -0.63724 -0.937755 0.29801 0.178344 -0.243788 0.249954 0.222603 0.942322 0.375409 
1535379294434 0.240692 0.928499 -0.282767 -0.637276 -0.937944 0.29744 0.178299 -0.243794 0.249656 0.222305 0.942471 0.375337 
1535379294501 0.240623 0.92875 -0.282001 -0.637352 -0.938033 0.297164 0.178291 -0.243998 0.249388 0.221626 0.942702 0.375389 
1535379294674 0.24029 0.928984 -0.281512 -0.637382 -0.938239 0.296645 0.178069 -0.244022 0.248932 0.221338 0.94289 0.375315 
1535379294813 0.240087 0.929156 -0.281119 -0.63743 -0.938339 0.296333 0.178063 -0.244169 0.248753 0.221034 0.943009 0.375275 
1535379294859 0.239681 0.929436 -0.280539 -0.637489 -0.93852 0.295767 0.178051 -0.244214 0.248461 0.220616 0.943184 0.375249 
1535379295075 0.239607 0.929663 -0.27985 -0.637535 -0.938652 0.295464 0.177861 -0.24449 0.248036 0.220065 0.943424 0.375093 
1535379295246 0.239327 0.929839 -0.279501 -0.637593 -0.938769 0.295089 0.177862 -0.244493 0.247861 0.21982 0.943528 0.375109 
1535379295261 0.239321 0.929854 -0.279459 -0.637605 -0.938773 0.295073 0.177868 -0.24451 0.247852 0.219781 0.943539 0.375109 
1535379295391 0.239638 0.929834 -0.279253 -0.637601 -0.938673 0.295353 0.17793 -0.244449 0.247924 0.219488 0.943588 0.375127 
1535379295408 0.239874 0.929777 -0.27924 -0.637576 -0.938605 0.295583 0.17791 -0.24444 0.247955 0.21942 0.943596 0.375123 
1535379295477 0.24021 0.929689 -0.279243 -0.637497 -0.938545 0.295882 0.177729 -0.244398 0.247856 0.21939 0.943629 0.375045 
1535379295537 0.240452 0.929627 -0.279244 -0.63748 -0.93851 0.296089 0.17757 -0.244442 0.247755 0.219376 0.943659 0.374985 
1535379295721 0.241311 0.929595 -0.278608 -0.637488 -0.938416 0.296674 0.177084 -0.244333 0.247272 0.218718 0.943938 0.374865 
1535379295970 0.241649 0.929589 -0.278334 -0.637489 -0.938322 0.296952 0.177121 -0.244318 0.247302 0.218365 0.944012 0.374919 
1535379296158 0.242203 0.929509 -0.278122 -0.637468 -0.938199 0.297422 0.17698 -0.24433 0.247224 0.218068 0.944101 0.37489 
1535379296348 0.242474 0.929527 -0.277824 -0.637442 -0.938188 0.297572 0.176786 -0.244328 0.247 0.217786 0.944225 0.374836 
