1535385994344 0.213378 0.919015 -0.331483 -0.472077 -0.94397 0.28138 0.17247 -0.171154 0.251776 0.276108 0.927563 0.473911 
1535386001211 0.213379 0.919015 -0.331483 -0.472077 -0.94397 0.281382 0.17247 -0.171155 0.251776 0.276108 0.927563 0.473911 
1535386001749 0.213379 0.919015 -0.331483 -0.472077 -0.94397 0.281382 0.17247 -0.171155 0.251776 0.276108 0.927563 0.473911 
1535386002667 0.217367 0.919701 -0.326958 -0.487523 -0.943446 0.283864 0.171261 -0.178325 0.25032 0.27124 0.929391 0.464291 
1535386003551 0.220636 0.920513 -0.322452 -0.503325 -0.943108 0.285653 0.170147 -0.185406 0.248732 0.266566 0.931169 0.454244 
1535386004498 0.224157 0.921213 -0.317993 -0.519151 -0.942709 0.287695 0.168913 -0.192598 0.24709 0.261912 0.932925 0.44419 
1535386005443 0.227247 0.922066 -0.313294 -0.535006 -0.942416 0.289286 0.167827 -0.199546 0.245379 0.257115 0.934709 0.434091 
1535386006415 0.230496 0.922779 -0.308789 -0.550848 -0.942026 0.291129 0.166827 -0.206616 0.243842 0.252435 0.936385 0.424062 
1535386007424 0.233597 0.923497 -0.304278 -0.566664 -0.941656 0.292851 0.165898 -0.21365 0.242315 0.247772 0.938026 0.413967 
1535386008361 0.236716 0.924202 -0.299692 -0.58249 -0.941343 0.29452 0.164718 -0.220646 0.240498 0.243121 0.939709 0.40388 
1535386009409 0.24029 0.924754 -0.29511 -0.598298 -0.940832 0.296709 0.163705 -0.227835 0.238949 0.238312 0.941334 0.393768 
1535386010052 0.242687 0.925702 -0.290137 -0.614307 -0.940597 0.297738 0.163184 -0.234623 0.237445 0.233299 0.94297 0.383555 
1535386010422 0.242687 0.925702 -0.290137 -0.614307 -0.940597 0.297738 0.163184 -0.234623 0.237445 0.233299 0.94297 0.383555 
1535386010825 0.243945 0.925381 -0.290105 -0.615485 -0.94038 0.298826 0.162446 -0.235647 0.237015 0.233181 0.943107 0.382803 
1535386011129 0.244152 0.925477 -0.289623 -0.617131 -0.940304 0.29896 0.16264 -0.236197 0.237106 0.232625 0.943221 0.381834 
1535386011547 0.244695 0.9256 -0.28877 -0.620331 -0.940191 0.2993 0.162664 -0.237586 0.236991 0.231696 0.943479 0.379769 
1535386011874 0.244695 0.9256 -0.28877 -0.620331 -0.940191 0.2993 0.162664 -0.237586 0.236991 0.231696 0.943479 0.379769 
1535386012243 0.244887 0.925728 -0.288198 -0.62197 -0.940243 0.299284 0.162394 -0.238235 0.236585 0.231208 0.9437 0.378745 
1535386012627 0.245399 0.925707 -0.28783 -0.623511 -0.94014 0.299678 0.162266 -0.239068 0.236467 0.23078 0.943835 0.377609 
1535386012977 0.245693 0.925836 -0.287163 -0.625086 -0.940082 0.299824 0.162333 -0.239749 0.236392 0.230072 0.944026 0.376624 
1535386013347 0.245556 0.926057 -0.286567 -0.626751 -0.940196 0.299512 0.162246 -0.24031 0.23608 0.229589 0.944222 0.37564 
1535386013394 0.245641 0.926149 -0.286197 -0.62846 -0.940167 0.299535 0.162371 -0.24099 0.236105 0.229188 0.944313 0.37449 
1535386013635 0.245523 0.92621 -0.286099 -0.62851 -0.940203 0.2994 0.162415 -0.240925 0.236088 0.229115 0.944335 0.374472 
1535386013886 0.245806 0.925843 -0.287044 -0.628551 -0.940035 0.299928 0.162413 -0.241328 0.236461 0.229909 0.944049 0.374527 
1535386014144 0.245116 0.925831 -0.287673 -0.628841 -0.940159 0.299434 0.162604 -0.241376 0.236683 0.230602 0.943824 0.374424 
1535386014414 0.244994 0.925637 -0.288401 -0.629036 -0.940108 0.299526 0.16273 -0.241678 0.237013 0.23126 0.94358 0.374403 
1535386014664 0.244599 0.925523 -0.289099 -0.629286 -0.940141 0.29934 0.162882 -0.241838 0.23729 0.231953 0.943341 0.374352 
1535386014939 0.244237 0.925385 -0.289845 -0.629518 -0.940161 0.299199 0.163024 -0.242027 0.237582 0.232685 0.943087 0.374228 
1535386015202 0.243745 0.925286 -0.290575 -0.629797 -0.940161 0.298983 0.163421 -0.242115 0.238088 0.233354 0.942794 0.374219 
1535386015471 0.243549 0.925161 -0.291138 -0.629992 -0.940228 0.298881 0.163225 -0.242396 0.238025 0.233982 0.942654 0.374191 
1535386015727 0.24303 0.925078 -0.291834 -0.630275 -0.940236 0.298633 0.16363 -0.242458 0.238522 0.234626 0.942368 0.374165 
1535386015758 0.24303 0.925078 -0.291834 -0.630275 -0.940236 0.298633 0.16363 -0.242458 0.238522 0.234626 0.942368 0.374165 
1535386015774 0.242714 0.924903 -0.292651 -0.630511 -0.940258 0.298535 0.163683 -0.242661 0.238758 0.235439 0.942106 0.374046 
1535386015975 0.242529 0.925081 -0.292241 -0.630403 -0.940333 0.298259 0.163755 -0.242595 0.23865 0.235089 0.94222 0.374149 
1535386016161 0.241795 0.925381 -0.291898 -0.630248 -0.940573 0.297449 0.16385 -0.242733 0.238449 0.234933 0.94231 0.374294 
1535386016356 0.240933 0.925624 -0.291842 -0.630277 -0.940801 0.29661 0.164059 -0.24272 0.23842 0.235038 0.942291 0.374388 
1535386016541 0.240268 0.925796 -0.291844 -0.630318 -0.940939 0.296008 0.164356 -0.242807 0.238548 0.235118 0.942239 0.374516 
1535386016712 0.239699 0.925914 -0.291936 -0.630323 -0.94108 0.295488 0.164488 -0.242949 0.238565 0.235307 0.942187 0.374552 
1535386016868 0.239152 0.926038 -0.291993 -0.630288 -0.941222 0.294973 0.164596 -0.24314 0.238552 0.235467 0.942151 0.374612 
1535386017040 0.238402 0.926248 -0.291941 -0.630311 -0.941381 0.29428 0.164928 -0.243181 0.238676 0.235508 0.942109 0.37476 
1535386017229 0.237668 0.926432 -0.291955 -0.630318 -0.941566 0.293584 0.165113 -0.243251 0.238679 0.235653 0.942072 0.374832 
1535386017254 0.237668 0.926432 -0.291955 -0.630318 -0.941566 0.293584 0.165113 -0.243251 0.238679 0.235653 0.942072 0.374832 
1535386017271 0.236977 0.926602 -0.291978 -0.630313 -0.94174 0.29293 0.165283 -0.243343 0.238681 0.235799 0.942035 0.374899 
1535386017424 0.236902 0.926622 -0.291975 -0.630314 -0.941752 0.292865 0.165327 -0.243349 0.238705 0.235802 0.942028 0.374916 
1535386017474 0.237189 0.926666 -0.2916 -0.63028 -0.941742 0.293009 0.165126 -0.243437 0.238458 0.235446 0.94218 0.374845 
1535386017577 0.237188 0.92675 -0.291334 -0.630293 -0.941814 0.292891 0.164929 -0.243503 0.238177 0.235263 0.942297 0.374758 
1535386017647 0.236767 0.926959 -0.291014 -0.630265 -0.941986 0.292367 0.164876 -0.243528 0.237917 0.235093 0.942405 0.37477 
1535386017709 0.236767 0.926959 -0.291014 -0.630265 -0.941986 0.292367 0.164876 -0.243528 0.237917 0.235093 0.942405 0.37477 
1535386017782 0.236264 0.927322 -0.290265 -0.630236 -0.942199 0.291669 0.164894 -0.243665 0.237571 0.234529 0.942632 0.374768 
1535386017851 0.236056 0.927491 -0.289892 -0.630224 -0.942302 0.291354 0.164861 -0.243754 0.237369 0.23425 0.942753 0.374794 
1535386017942 0.235732 0.927635 -0.289695 -0.630225 -0.942444 0.290951 0.164766 -0.243824 0.23713 0.23418 0.94283 0.374803 
1535386017968 0.235732 0.927635 -0.289695 -0.630225 -0.942444 0.290951 0.164766 -0.243824 0.23713 0.23418 0.94283 0.374803 
1535386017999 0.235518 0.927857 -0.289159 -0.630192 -0.942594 0.290555 0.164602 -0.243914 0.236744 0.233793 0.943023 0.374815 
1535386018015 0.235518 0.927857 -0.289159 -0.630192 -0.942594 0.290555 0.164602 -0.243914 0.236744 0.233793 0.943023 0.374815 
1535386018120 0.235479 0.92791 -0.28902 -0.630197 -0.942603 0.290495 0.16466 -0.243919 0.236749 0.233657 0.943056 0.374817 
1535386018223 0.235904 0.927654 -0.289497 -0.630193 -0.942386 0.291093 0.164841 -0.243743 0.237186 0.233931 0.942878 0.374843 
1535386018282 0.236188 0.927619 -0.289377 -0.630138 -0.94236 0.291299 0.164631 -0.243719 0.23701 0.233813 0.942952 0.374791 
1535386018333 0.236591 0.92765 -0.288946 -0.630031 -0.942366 0.291501 0.164238 -0.243743 0.236584 0.233436 0.943152 0.374762 
1535386018419 0.236854 0.927611 -0.288856 -0.629966 -0.942387 0.291649 0.16385 -0.243829 0.236234 0.233406 0.943247 0.374724 
1535386018462 0.237337 0.927527 -0.288729 -0.629904 -0.94229 0.292064 0.163672 -0.243871 0.236137 0.233221 0.943317 0.37477 
1535386018513 0.237485 0.927555 -0.288517 -0.629864 -0.942278 0.292143 0.163601 -0.243848 0.236037 0.23301 0.943394 0.374784 
1535386018547 0.237712 0.927557 -0.288323 -0.629814 -0.942265 0.292281 0.163428 -0.243815 0.23586 0.232828 0.943483 0.374751 
1535386018563 0.237798 0.927547 -0.288286 -0.629802 -0.942249 0.292351 0.163393 -0.243808 0.235835 0.232782 0.943501 0.374748 
1535386018759 0.238426 0.927437 -0.28812 -0.629619 -0.942137 0.292875 0.163103 -0.243791 0.23565 0.23256 0.943602 0.374717 
1535386018842 0.238426 0.927437 -0.28812 -0.629619 -0.942137 0.292875 0.163103 -0.243791 0.23565 0.23256 0.943602 0.374717 
1535386019012 0.239488 0.927255 -0.287827 -0.629156 -0.941863 0.293841 0.162949 -0.243516 0.23567 0.232069 0.943718 0.375036 
1535386019165 0.240295 0.927016 -0.287922 -0.628956 -0.941652 0.294633 0.162737 -0.243526 0.235691 0.232017 0.943725 0.375029 
1535386019285 0.240857 0.926947 -0.287677 -0.628771 -0.941531 0.295103 0.162581 -0.243348 0.235599 0.231698 0.943827 0.375033 
1535386019445 0.241554 0.926833 -0.287459 -0.628546 -0.941332 0.295751 0.162561 -0.243246 0.235683 0.231327 0.943897 0.375131 
1535386019547 0.241554 0.926833 -0.287459 -0.628546 -0.941332 0.295751 0.162561 -0.243246 0.235683 0.231327 0.943897 0.375131 
1535386019713 0.242748 0.926618 -0.287145 -0.62812 -0.941051 0.29681 0.162258 -0.242994 0.235578 0.230831 0.944045 0.375223 
1535386019756 0.243238 0.926505 -0.287095 -0.627966 -0.940931 0.297262 0.162124 -0.242995 0.235551 0.230702 0.944083 0.375231 
1535386019774 0.243352 0.926477 -0.28709 -0.627924 -0.940905 0.297366 0.162082 -0.243012 0.235536 0.230682 0.944091 0.375231 
1535386019989 0.24299 0.9266 -0.286998 -0.627667 -0.940987 0.297016 0.162248 -0.242764 0.235582 0.230637 0.944091 0.375371 
1535386020058 0.24299 0.9266 -0.286998 -0.627667 -0.940987 0.297016 0.162248 -0.242764 0.235582 0.230637 0.944091 0.375371 
1535386020243 0.243426 0.926464 -0.287068 -0.627261 -0.940872 0.297447 0.162129 -0.242846 0.235594 0.230628 0.94409 0.375543 
1535386020381 0.243422 0.926482 -0.287013 -0.626913 -0.940849 0.297457 0.162243 -0.242651 0.235689 0.230542 0.944087 0.375663 
1535386020533 0.243706 0.92644 -0.286907 -0.626551 -0.940764 0.297721 0.162252 -0.24259 0.235736 0.23037 0.944118 0.375775 
1535386020709 0.24377 0.926453 -0.286811 -0.626224 -0.940751 0.297761 0.162251 -0.24241 0.235719 0.230266 0.944147 0.375908 
1535386020899 0.244026 0.926376 -0.286844 -0.625891 -0.940658 0.298038 0.162286 -0.242253 0.235828 0.23022 0.944131 0.376009 
1535386021052 0.244078 0.926371 -0.286815 -0.625546 -0.940653 0.298074 0.162245 -0.242124 0.235791 0.230193 0.944147 0.376109 
1535386021192 0.244527 0.92627 -0.286759 -0.625149 -0.94054 0.29849 0.162138 -0.242099 0.235778 0.230061 0.944182 0.376202 
1535386021209 0.24443 0.926321 -0.286676 -0.625075 -0.940564 0.298383 0.162192 -0.241982 0.235781 0.229992 0.944199 0.376244 
1535386021412 0.244651 0.926214 -0.286832 -0.624889 -0.940493 0.298635 0.162144 -0.242065 0.235838 0.230095 0.944159 0.376282 
1535386021585 0.244388 0.926303 -0.286771 -0.624451 -0.940485 0.298447 0.162533 -0.241725 0.236141 0.229983 0.944111 0.376424 
1535386021767 0.24457 0.926254 -0.286772 -0.623936 -0.940365 0.298693 0.162777 -0.241612 0.236429 0.22986 0.944069 0.376582 
1535386021958 0.244378 0.926268 -0.28689 -0.623496 -0.940337 0.298606 0.163098 -0.241318 0.23674 0.229916 0.943977 0.376691 
1535386022192 0.244731 0.926173 -0.286899 -0.622976 -0.940162 0.299024 0.163339 -0.241282 0.23707 0.229758 0.943933 0.376854 
1535386022356 0.244455 0.926247 -0.286894 -0.622556 -0.94015 0.298841 0.163742 -0.240946 0.237401 0.229696 0.943865 0.377034 
1535386022560 0.244725 0.926136 -0.287023 -0.622043 -0.939983 0.299216 0.164019 -0.240873 0.237785 0.229657 0.943777 0.377179 
1535386022754 0.244483 0.926238 -0.286899 -0.621605 -0.939981 0.299025 0.164376 -0.240526 0.238041 0.229492 0.943753 0.377331 
1535386022958 0.244718 0.926121 -0.287077 -0.621092 -0.939827 0.299371 0.164626 -0.240437 0.238406 0.229516 0.943655 0.377446 
1535386022976 0.244613 0.926165 -0.287024 -0.620978 -0.939847 0.299268 0.164699 -0.240368 0.238435 0.229471 0.943659 0.377489 
1535386023132 0.244677 0.926069 -0.287278 -0.620889 -0.939869 0.299337 0.16445 -0.240358 0.238285 0.229767 0.943625 0.377482 
1535386023322 0.244868 0.925937 -0.287541 -0.620485 -0.939789 0.299595 0.164435 -0.240162 0.238402 0.229963 0.943547 0.377656 
1535386023515 0.244632 0.925915 -0.287814 -0.6201 -0.93988 0.29939 0.164289 -0.23991 0.238286 0.23032 0.94349 0.377813 
1535386023702 0.244649 0.925816 -0.288118 -0.619715 -0.939905 0.299431 0.16407 -0.23968 0.23817 0.230664 0.943435 0.377948 
1535386023895 0.244625 0.925767 -0.288296 -0.619306 -0.939928 0.299424 0.163952 -0.239486 0.238104 0.230871 0.943401 0.378131 
1535386024075 0.24477 0.925636 -0.288592 -0.618888 -0.939918 0.299588 0.163711 -0.239345 0.237995 0.231182 0.943352 0.378318 
1535386024265 0.244808 0.925558 -0.28881 -0.61847 -0.939903 0.299667 0.16365 -0.239153 0.238014 0.231391 0.943296 0.378483 
1535386024455 0.24482 0.92549 -0.289016 -0.61807 -0.939953 0.299664 0.163368 -0.238954 0.237803 0.231666 0.943282 0.378615 
1535386024665 0.244803 0.925379 -0.289388 -0.617583 -0.939969 0.299702 0.163208 -0.238661 0.23776 0.232062 0.943195 0.378777 
1535386024687 0.244863 0.925366 -0.28938 -0.617512 -0.939954 0.299757 0.163195 -0.238631 0.237758 0.232043 0.9432 0.378807 
1535386024867 0.244803 0.925296 -0.289652 -0.61733 -0.939934 0.299783 0.163261 -0.238558 0.237898 0.232287 0.943105 0.378862 
1535386024937 0.244803 0.925296 -0.289652 -0.61733 -0.939934 0.299783 0.163261 -0.238558 0.237898 0.232287 0.943105 0.378862 
1535386025073 0.244898 0.925152 -0.290034 -0.617024 -0.939723 0.300122 0.16385 -0.238439 0.238632 0.232425 0.942886 0.378868 
1535386025220 0.245093 0.925069 -0.290133 -0.616679 -0.939579 0.300416 0.164137 -0.238362 0.238999 0.232374 0.942805 0.378962 
1535386025392 0.245346 0.924902 -0.290451 -0.616349 -0.9394 0.300824 0.164414 -0.238359 0.239441 0.232511 0.942659 0.379045 
1535386025529 0.245012 0.924959 -0.290552 -0.61611 -0.939404 0.300604 0.164793 -0.238061 0.239768 0.23257 0.942562 0.37913 
1535386025678 0.245192 0.924856 -0.290726 -0.615776 -0.939263 0.300898 0.165063 -0.238016 0.240139 0.232596 0.942461 0.379226 
1535386025850 0.245414 0.92472 -0.290972 -0.615449 -0.939102 0.301254 0.16533 -0.237973 0.24054 0.232678 0.942338 0.379323 
1535386025926 0.245411 0.924664 -0.291152 -0.61508 -0.938984 0.301397 0.165735 -0.237747 0.241002 0.232714 0.942212 0.37947 
1535386025945 0.245525 0.924607 -0.291239 -0.615042 -0.938933 0.301542 0.165764 -0.237766 0.241087 0.232755 0.94218 0.379479 
1535386025958 0.245525 0.924607 -0.291239 -0.615042 -0.938933 0.301542 0.165764 -0.237766 0.241087 0.232755 0.94218 0.379479 
1535386026180 0.24547 0.924669 -0.291086 -0.614847 -0.938924 0.301486 0.165918 -0.237575 0.241178 0.232579 0.9422 0.379574 
1535386026288 0.24582 0.924481 -0.29139 -0.61455 -0.938889 0.301818 0.165508 -0.237613 0.240956 0.232898 0.942178 0.379574 
1535386026452 0.2456 0.924554 -0.291344 -0.614318 -0.938941 0.301606 0.165603 -0.237357 0.240979 0.232882 0.942176 0.379639 
1535386026567 0.245761 0.924478 -0.291448 -0.614045 -0.938845 0.30183 0.165738 -0.237233 0.241189 0.232892 0.942119 0.379774 
1535386026694 0.245923 0.924418 -0.291501 -0.613758 -0.938786 0.30201 0.165746 -0.237154 0.241255 0.232896 0.942102 0.379863 
1535386026831 0.246324 0.92425 -0.291694 -0.613481 -0.938639 0.302468 0.165743 -0.237061 0.241416 0.232969 0.942042 0.379929 
1535386026941 0.246226 0.924256 -0.291759 -0.613233 -0.938667 0.302383 0.165735 -0.236902 0.241405 0.233056 0.942024 0.380009 
1535386027028 0.24644 0.924167 -0.29186 -0.612922 -0.938608 0.302607 0.16566 -0.236889 0.241416 0.233117 0.942006 0.380103 
1535386027052 0.246569 0.92412 -0.2919 -0.612815 -0.938574 0.302738 0.165617 -0.236866 0.241419 0.233134 0.942001 0.380138 
1535386027067 0.246569 0.92412 -0.2919 -0.612815 -0.938574 0.302738 0.165617 -0.236866 0.241419 0.233134 0.942001 0.380138 
1535386027169 0.246689 0.924094 -0.291883 -0.612717 -0.938536 0.302856 0.165618 -0.236804 0.241445 0.233086 0.942006 0.380173 
1535386027291 0.246276 0.924256 -0.291717 -0.612498 -0.93864 0.302436 0.165791 -0.236631 0.241459 0.232987 0.942027 0.380278 
1535386027382 0.246383 0.924194 -0.291825 -0.612303 -0.938544 0.302623 0.165997 -0.236494 0.241726 0.232991 0.941957 0.380359 
1535386027458 0.24649 0.924184 -0.291764 -0.612027 -0.938486 0.302744 0.166104 -0.236481 0.241841 0.232873 0.941957 0.380408 
1535386027514 0.246575 0.924142 -0.291827 -0.611808 -0.938412 0.302886 0.166263 -0.23639 0.242041 0.232858 0.941909 0.380476 
1535386027661 0.246436 0.92415 -0.291917 -0.611606 -0.938402 0.302814 0.166448 -0.236219 0.242219 0.232917 0.941849 0.380524 
1535386027706 0.24643 0.924201 -0.291762 -0.611407 -0.938381 0.302801 0.166588 -0.23605 0.242307 0.232732 0.941872 0.380588 
1535386027833 0.246463 0.924167 -0.29184 -0.611157 -0.938338 0.302881 0.16669 -0.236001 0.242443 0.232761 0.94183 0.380632 
1535386028006 0.246538 0.924161 -0.291796 -0.610958 -0.938296 0.302965 0.166771 -0.235962 0.242527 0.232676 0.941829 0.380695 
1535386028050 0.246284 0.924203 -0.291879 -0.61096 -0.938365 0.302736 0.1668 -0.235853 0.24252 0.232809 0.941798 0.380659 
1535386028199 0.246387 0.924145 -0.291975 -0.610817 -0.938316 0.302873 0.166828 -0.235777 0.242605 0.23286 0.941764 0.380717 
1535386028253 0.246412 0.924127 -0.292011 -0.610612 -0.938296 0.302916 0.166862 -0.235756 0.242656 0.232876 0.941747 0.3808 
1535386028401 0.246346 0.924124 -0.292075 -0.610444 -0.938303 0.302874 0.166895 -0.235602 0.242693 0.232941 0.941721 0.38088 
1535386028459 0.246176 0.924205 -0.291963 -0.610263 -0.938353 0.302687 0.166957 -0.235482 0.242676 0.232863 0.941745 0.380969 
1535386028603 0.246462 0.92403 -0.292277 -0.610054 -0.938243 0.303049 0.166915 -0.23553 0.242809 0.233088 0.941655 0.381032 
1535386028661 0.246324 0.92409 -0.292204 -0.609892 -0.93826 0.302924 0.16705 -0.235312 0.242885 0.233014 0.941654 0.381122 
1535386028781 0.246324 0.92409 -0.292204 -0.609892 -0.93826 0.302924 0.16705 -0.235312 0.242885 0.233014 0.941654 0.381122 
1535386028821 0.246469 0.923963 -0.292482 -0.6095 -0.9382 0.303133 0.167005 -0.235336 0.242968 0.233245 0.941575 0.381232 
1535386028840 0.246469 0.923963 -0.292482 -0.6095 -0.9382 0.303133 0.167005 -0.235336 0.242968 0.233245 0.941575 0.381232 
1535386028854 0.246435 0.923986 -0.292437 -0.609437 -0.938218 0.303084 0.166997 -0.235302 0.242935 0.233215 0.941591 0.381252 
1535386028952 0.246447 0.92398 -0.292447 -0.609427 -0.938217 0.303095 0.166978 -0.235294 0.242923 0.233228 0.941591 0.381254 
1535386029016 0.246597 0.92395 -0.292415 -0.609305 -0.938204 0.303207 0.166851 -0.235169 0.242824 0.2332 0.941623 0.381279 
1535386029069 0.246876 0.923929 -0.292244 -0.609098 -0.938158 0.303416 0.166729 -0.235103 0.242718 0.23301 0.941698 0.381345 
1535386029176 0.246936 0.923918 -0.292231 -0.60889 -0.938219 0.303397 0.16642 -0.235062 0.24242 0.233081 0.941757 0.381315 
1535386029236 0.246972 0.923962 -0.29206 -0.608732 -0.938245 0.303366 0.166331 -0.234876 0.242284 0.232944 0.941825 0.381404 
1535386029346 0.247282 0.923883 -0.292048 -0.608522 -0.938179 0.303644 0.166194 -0.234835 0.242222 0.232897 0.941853 0.381486 
1535386029389 0.247388 0.923891 -0.291931 -0.608338 -0.938163 0.303712 0.166158 -0.234736 0.242175 0.232774 0.941896 0.381551 
1535386029547 0.247402 0.923889 -0.291927 -0.608158 -0.938201 0.303684 0.165994 -0.234618 0.242014 0.232819 0.941926 0.381574 
1535386029804 0.247216 0.924003 -0.291723 -0.607987 -0.938272 0.303449 0.166022 -0.234418 0.241928 0.232672 0.941984 0.381644 
1535386030044 0.24748 0.923962 -0.291628 -0.607766 -0.938164 0.303722 0.166137 -0.234457 0.242078 0.23248 0.941993 0.381673 
1535386030263 0.247671 0.924004 -0.291336 -0.607427 -0.938092 0.303872 0.166271 -0.234371 0.242163 0.23212 0.94206 0.381821 
1535386030498 0.247857 0.923973 -0.291273 -0.607109 -0.938 0.304079 0.166409 -0.234291 0.242327 0.231969 0.942055 0.381927 
1535386030724 0.248107 0.923994 -0.290993 -0.606738 -0.937949 0.304252 0.166378 -0.234264 0.242268 0.231657 0.942147 0.381996 
1535386030960 0.248029 0.924034 -0.290933 -0.60644 -0.937964 0.304172 0.166442 -0.234099 0.242292 0.231602 0.942155 0.38204 
1535386031174 0.248158 0.924079 -0.290682 -0.606097 -0.937904 0.304274 0.166591 -0.233988 0.24239 0.231291 0.942206 0.382098 
1535386031388 0.248377 0.924084 -0.29048 -0.605751 -0.937818 0.304473 0.166712 -0.233926 0.2425 0.23101 0.942246 0.382211 
1535386031610 0.248679 0.924074 -0.290253 -0.605359 -0.937721 0.304736 0.166777 -0.233942 0.242565 0.230702 0.942305 0.382336 
1535386031644 0.248679 0.924074 -0.290253 -0.605359 -0.937721 0.304736 0.166777 -0.233942 0.242565 0.230702 0.942305 0.382336 
1535386031764 0.2486 0.924103 -0.290228 -0.60517 -0.937701 0.304696 0.166965 -0.233751 0.242724 0.230639 0.942279 0.38239 
1535386031986 0.248665 0.92424 -0.289734 -0.605131 -0.937725 0.30463 0.166952 -0.23368 0.242566 0.230176 0.942434 0.382379 
1535386032148 0.249032 0.924257 -0.289366 -0.604824 -0.937623 0.304918 0.167 -0.233604 0.242584 0.229727 0.942538 0.382378 
1535386032310 0.249318 0.924308 -0.288954 -0.604574 -0.937568 0.305096 0.166981 -0.233427 0.242501 0.229283 0.942668 0.382414 
1535386032477 0.249485 0.924374 -0.288599 -0.604305 -0.937541 0.305175 0.166991 -0.233292 0.242436 0.228911 0.942775 0.382416 
1535386032620 0.249985 0.924389 -0.288118 -0.603984 -0.937439 0.305535 0.166903 -0.233242 0.242313 0.22837 0.942938 0.382412 
1535386032753 0.249969 0.92453 -0.287679 -0.603765 -0.93746 0.305425 0.166987 -0.232956 0.242249 0.227946 0.943057 0.382431 
1535386032909 0.250432 0.924559 -0.287185 -0.603426 -0.937367 0.305749 0.166918 -0.23296 0.242132 0.227396 0.943219 0.382462 
1535386033039 0.250527 0.924677 -0.28672 -0.603206 -0.937354 0.305743 0.166998 -0.232682 0.242082 0.226921 0.943347 0.382491 
1535386033076 0.250847 0.924627 -0.286602 -0.603043 -0.937289 0.306008 0.166876 -0.232761 0.242001 0.226769 0.943404 0.382445 
1535386033099 0.250922 0.924639 -0.286498 -0.60298 -0.937265 0.306065 0.166909 -0.232721 0.242018 0.226643 0.94343 0.382466 
1535386033311 0.250756 0.92486 -0.285929 -0.602821 -0.937399 0.30572 0.166788 -0.232479 0.24167 0.226207 0.943624 0.382559 
1535386033469 0.251461 0.924873 -0.285266 -0.602531 -0.937431 0.306067 0.16597 -0.232436 0.240812 0.225682 0.943969 0.382589 
1535386033643 0.251712 0.924962 -0.284756 -0.60225 -0.937415 0.306167 0.165877 -0.232234 0.240612 0.225181 0.944139 0.382632 
1535386033828 0.252039 0.92505 -0.28418 -0.601942 -0.937469 0.306243 0.165428 -0.232068 0.240057 0.224715 0.944392 0.382581 
1535386034007 0.252443 0.925133 -0.283551 -0.601645 -0.937492 0.306394 0.165021 -0.231895 0.239545 0.224169 0.944652 0.382624 
1535386034171 0.252925 0.925176 -0.28298 -0.601346 -0.937443 0.306676 0.164771 -0.231751 0.239226 0.223603 0.944866 0.382712 
1535386034343 0.253249 0.925268 -0.282388 -0.601016 -0.937507 0.30674 0.164292 -0.231634 0.238634 0.223134 0.945127 0.38266 
1535386034498 0.253328 0.925442 -0.281748 -0.600763 -0.937576 0.306617 0.164127 -0.231341 0.238278 0.222582 0.945347 0.382731 
1535386034532 0.253328 0.925442 -0.281748 -0.600763 -0.937576 0.306617 0.164127 -0.231341 0.238278 0.222582 0.945347 0.382731 
1535386034549 0.253643 0.925462 -0.281399 -0.600583 -0.937559 0.306793 0.163894 -0.231252 0.238009 0.222257 0.945491 0.382763 
1535386034782 0.253667 0.92548 -0.281317 -0.600541 -0.937566 0.306788 0.163862 -0.23122 0.237956 0.222187 0.945521 0.382771 
1535386034980 0.25374 0.925819 -0.280134 -0.600226 -0.937575 0.306623 0.164123 -0.231045 0.237843 0.221001 0.945827 0.382869 
1535386035166 0.254015 0.92584 -0.279817 -0.600018 -0.937572 0.306762 0.163877 -0.230997 0.237561 0.220721 0.945964 0.382816 
1535386035358 0.254141 0.926007 -0.279147 -0.59977 -0.937531 0.306771 0.164096 -0.230826 0.237588 0.220005 0.946124 0.38287 
1535386035560 0.254666 0.926071 -0.278456 -0.599469 -0.937474 0.307071 0.163858 -0.230791 0.23725 0.219317 0.946368 0.38283 
1535386035745 0.254626 0.926317 -0.277671 -0.599203 -0.937551 0.306834 0.163863 -0.230525 0.236988 0.218607 0.946598 0.382872 
1535386035943 0.25492 0.926406 -0.277107 -0.59896 -0.937503 0.306986 0.163854 -0.230486 0.236863 0.218019 0.946765 0.382908 
1535386036140 0.255524 0.926511 -0.276198 -0.598601 -0.937411 0.307336 0.16372 -0.230467 0.236574 0.217076 0.947054 0.382965 
1535386036161 0.255524 0.926511 -0.276198 -0.598601 -0.937411 0.307336 0.16372 -0.230467 0.236574 0.217076 0.947054 0.382965 
1535386036184 0.255533 0.926697 -0.275563 -0.598359 -0.937488 0.30716 0.163612 -0.230221 0.23626 0.216528 0.947257 0.382928 
1535386036379 0.255539 0.926715 -0.275497 -0.598336 -0.937511 0.307132 0.163535 -0.230219 0.236164 0.216491 0.94729 0.382893 
1535386036522 0.255874 0.926832 -0.274794 -0.59827 -0.937414 0.307333 0.163709 -0.230318 0.236184 0.215707 0.947464 0.382929 
1535386036692 0.255703 0.927027 -0.274295 -0.598166 -0.937482 0.307062 0.163832 -0.230191 0.236102 0.215254 0.947587 0.38298 
1535386036871 0.255973 0.927207 -0.273432 -0.597965 -0.937472 0.30711 0.163798 -0.230018 0.235848 0.214407 0.947842 0.382907 
1535386037032 0.255983 0.927483 -0.272486 -0.597734 -0.937537 0.306892 0.163836 -0.2299 0.235578 0.213527 0.948108 0.382901 
1535386037194 0.256165 0.927605 -0.271898 -0.597612 -0.937498 0.306952 0.163943 -0.229817 0.235534 0.212908 0.948258 0.382904 
1535386037371 0.256205 0.927852 -0.271017 -0.597428 -0.937525 0.306801 0.164074 -0.229636 0.235385 0.212049 0.948488 0.382934 
1535386037536 0.256322 0.928071 -0.270153 -0.597237 -0.937545 0.306713 0.164123 -0.229447 0.235177 0.211212 0.948726 0.382919 
1535386037561 0.256322 0.928071 -0.270153 -0.597237 -0.937545 0.306713 0.164123 -0.229447 0.235177 0.211212 0.948726 0.382919 
1535386037579 0.256347 0.928289 -0.269381 -0.597061 -0.937613 0.306534 0.164069 -0.229368 0.234878 0.210517 0.948955 0.38291 
1535386037794 0.256164 0.927867 -0.271003 -0.597042 -0.937373 0.306905 0.164743 -0.22947 0.236032 0.21183 0.948376 0.382993 
1535386037983 0.255368 0.927611 -0.272628 -0.596876 -0.937236 0.30675 0.165813 -0.229445 0.237438 0.213173 0.947724 0.383129 
1535386038199 0.254784 0.927308 -0.2742 -0.596602 -0.936955 0.306868 0.167177 -0.22947 0.239167 0.214319 0.94703 0.383401 
1535386038401 0.25413 0.927007 -0.275818 -0.596327 -0.936753 0.306875 0.168292 -0.229492 0.24065 0.215605 0.946363 0.383496 
1535386038572 0.253495 0.926739 -0.2773 -0.596051 -0.936499 0.306919 0.16962 -0.229466 0.242302 0.216693 0.945692 0.383772 
1535386038808 0.252654 0.926456 -0.279006 -0.595817 -0.936338 0.306775 0.170766 -0.229344 0.243799 0.2181 0.944984 0.383825 
1535386039024 0.252413 0.926071 -0.280501 -0.595452 -0.935971 0.307207 0.171993 -0.229578 0.245449 0.219128 0.944319 0.384094 
1535386039228 0.251643 0.925828 -0.281991 -0.59522 -0.935726 0.307153 0.173416 -0.229464 0.247168 0.220227 0.943614 0.384336 
1535386039380 0.250894 0.925412 -0.284017 -0.594967 -0.935442 0.307251 0.17477 -0.229427 0.248999 0.221833 0.942756 0.384397 
1535386039396 0.250793 0.925422 -0.284072 -0.594921 -0.935441 0.307191 0.174884 -0.229402 0.249105 0.221873 0.942719 0.384435 
1535386039585 0.250728 0.925421 -0.284134 -0.594881 -0.935429 0.307167 0.174988 -0.229394 0.249214 0.221912 0.942681 0.38447 
1535386039640 0.250898 0.925342 -0.284241 -0.594911 -0.935378 0.307354 0.174934 -0.229499 0.249236 0.221982 0.942659 0.384395 
1535386039773 0.250778 0.925368 -0.284262 -0.594935 -0.935413 0.307241 0.174944 -0.229433 0.249224 0.22203 0.94265 0.38438 
1535386039844 0.250703 0.925238 -0.284751 -0.594874 -0.935343 0.307343 0.17514 -0.229474 0.249563 0.222431 0.942466 0.384428 
1535386039993 0.250681 0.925253 -0.284721 -0.594807 -0.935311 0.30735 0.1753 -0.229485 0.249706 0.222358 0.942446 0.384524 
1535386040072 0.250502 0.925149 -0.285215 -0.594746 -0.935235 0.307383 0.175644 -0.229479 0.250167 0.222744 0.942232 0.384521 
1535386040168 0.250628 0.925088 -0.285302 -0.594685 -0.935181 0.307538 0.175662 -0.229582 0.250244 0.222783 0.942203 0.384509 
1535386040264 0.250411 0.925112 -0.285415 -0.594689 -0.935179 0.307406 0.175904 -0.229483 0.250469 0.222866 0.942123 0.384537 
1535386040305 0.250411 0.925112 -0.285415 -0.594689 -0.935179 0.307406 0.175904 -0.229483 0.250469 0.222866 0.942123 0.384537 
1535386040337 0.250166 0.925103 -0.28566 -0.594568 -0.935116 0.307332 0.176364 -0.229443 0.250947 0.223005 0.941963 0.384665 
1535386041305 0.245508 0.924927 -0.290233 -0.581314 -0.93632 0.303794 0.17611 -0.222784 0.25106 0.228514 0.940612 0.394163 
1535386041321 0.245508 0.924927 -0.290233 -0.581314 -0.93632 0.303794 0.17611 -0.222784 0.25106 0.228514 0.940612 0.394163 
1535386042601 0.236888 0.923876 -0.300562 -0.554034 -0.938365 0.297726 0.175585 -0.209738 0.251704 0.240443 0.937461 0.413982 
1535386043482 0.233013 0.923192 -0.305649 -0.54035 -0.939278 0.295072 0.175182 -0.203437 0.251915 0.246269 0.93589 0.424027 
1535386044373 0.228648 0.922547 -0.31085 -0.526735 -0.940299 0.291977 0.174891 -0.196885 0.252106 0.252304 0.93423 0.433851 
1535386045298 0.22473 0.921834 -0.315781 -0.513049 -0.941171 0.289282 0.174679 -0.190489 0.252375 0.257949 0.932614 0.443951 
1535386046147 0.2207 0.921006 -0.320997 -0.499417 -0.942098 0.286495 0.174278 -0.184087 0.252475 0.263947 0.930907 0.453808 
1535386047051 0.216145 0.920283 -0.326129 -0.485754 -0.943134 0.283197 0.174064 -0.177538 0.252547 0.26996 0.929162 0.463777 
