1531854432556 -0.187255 0.845429 -0.500189 -0.597268 -0.975202 -0.0988634 0.197988 -0.255126 0.117931 0.524856 0.842977 0.407261 
1531854442686 -0.148927 -0.980986 0.124446 -0.59749 0.846377 -0.0613795 0.529035 -0.25182 -0.511338 0.184116 0.839425 0.412457 
1531854442693 0 0 0 0 0 0 0 0 0 0 0 0 
1531854442707 -0.112289 -0.984909 0.131704 -0.601182 0.846531 -0.0254084 0.531733 -0.25525 -0.520362 0.1712 0.836609 0.413526 
1531854442713 0 0 0 0 0 0 0 0 0 0 0 0 
1531854442726 -0.0746476 -0.987498 0.138836 -0.603408 0.844952 0.0113066 0.534722 -0.25552 -0.529607 0.157226 0.833545 0.416527 
1531854442733 0 0 0 0 0 0 0 0 0 0 0 0 
1531854442746 -0.0369476 -0.988579 0.146101 -0.605466 0.841933 0.0479617 0.537446 -0.255677 -0.538315 0.142865 0.830546 0.419613 
1531854442753 0 0 0 0 0 0 0 0 0 0 0 0 
1531854442766 0.000740163 -0.988148 0.1535 -0.607511 0.83749 0.084493 0.53988 -0.255827 -0.546452 0.128155 0.827627 0.422704 
1531854442772 0 0 0 0 0 0 0 0 0 0 0 0 
1531854442786 0.0383566 -0.986205 0.161023 -0.609556 0.831631 0.120843 0.542022 -0.255975 -0.554003 0.113122 0.824793 0.425794 
1531854442792 0 0 0 0 0 0 0 0 0 0 0 0 
1531854442806 0.0758426 -0.982753 0.168657 -0.611601 0.824363 0.156956 0.543866 -0.256121 -0.560957 0.0977866 0.822049 0.428884 
1531854442812 0 0 0 0 0 0 0 0 0 0 0 0 
1531854442826 0.113139 -0.977796 0.176391 -0.613646 0.8157 0.192773 0.54541 -0.256268 -0.567304 0.082175 0.819398 0.431972 
1531854442832 0 0 0 0 0 0 0 0 0 0 0 0 
1531854442846 0.15013 -0.971349 0.184234 -0.615634 0.805679 0.228203 0.54663 -0.256512 -0.573011 0.0663674 0.816856 0.434972 
1531854443022 0 0 0 0 0 0 0 0 0 0 0 0 
1531854443034 0.15013 -0.971349 0.184234 -0.615634 0.805679 0.228203 0.54663 -0.256512 -0.573011 0.0663674 0.816856 0.434972 
1531854443038 0 0 0 0 0 0 0 0 0 0 0 0 
1531854443048 0 0 0 0 0 0 0 0 0 0 0 0 
1531854443058 0.186876 -0.963412 0.192134 -0.617686 0.794265 0.263268 0.547569 -0.256648 -0.578118 0.0502776 0.814403 0.438062 
1531854443072 0.186933 -0.963405 0.192111 -0.617735 0.794237 0.263303 0.547594 -0.256551 -0.578138 0.0502182 0.814392 0.438153 
1531854443078 0 0 0 0 0 0 0 0 0 0 0 0 
1531854443085 0 0 0 0 0 0 0 0 0 0 0 0 
1531854443098 0.186933 -0.963405 0.19211 -0.617736 0.794237 0.263303 0.547594 -0.256549 -0.578138 0.0502175 0.814392 0.438155 
1531854443122 0 0 0 0 0 0 0 0 0 0 0 0 
1531854443122 0.186934 -0.963405 0.192111 -0.617736 0.794236 0.263304 0.547594 -0.256549 -0.578139 0.050218 0.814392 0.438155 
1531854443129 0 0 0 0 0 0 0 0 0 0 0 0 
1531854443139 0.186934 -0.963405 0.192112 -0.617736 0.794236 0.263305 0.547594 -0.256548 -0.578139 0.0502183 0.814392 0.438155 
1531854443160 0 0 0 0 0 0 0 0 0 0 0 0 
1531854443160 0 0 0 0 0 0 0 0 0 0 0 0 
1531854443165 0.186934 -0.963405 0.192112 -0.617736 0.794236 0.263304 0.547594 -0.256548 -0.578139 0.0502184 0.814392 0.438155 
1531854443171 0 0 0 0 0 0 0 0 0 0 0 0 
1531854443198 0.186934 -0.963405 0.192112 -0.617736 0.794236 0.263305 0.547594 -0.256548 -0.578139 0.0502188 0.814391 0.438155 
1531854443198 0 0 0 0 0 0 0 0 0 0 0 0 
1531854443205 0.186933 -0.963405 0.192113 -0.617736 0.794236 0.263304 0.547594 -0.256548 -0.578139 0.0502194 0.814391 0.438155 
1531854443219 0.186933 -0.963405 0.192113 -0.617736 0.794236 0.263305 0.547594 -0.256548 -0.578139 0.0502197 0.814391 0.438155 
1531854461631 -0.187255 0.845429 -0.500189 -0.597268 -0.975202 -0.0988634 0.197988 -0.255126 0.117931 0.524856 0.842977 0.407261 
1531854476955 -0.148927 -0.980986 0.124446 -0.59749 0.846377 -0.0613795 0.529035 -0.25182 -0.511338 0.184116 0.839425 0.412457 
1531854476961 0 0 0 0 0 0 0 0 0 0 0 0 
1531854476974 -0.112289 -0.984909 0.131704 -0.601182 0.846531 -0.0254084 0.531733 -0.25525 -0.520362 0.1712 0.836609 0.413526 
1531854476981 0 0 0 0 0 0 0 0 0 0 0 0 
1531854476994 -0.0746476 -0.987498 0.138836 -0.603408 0.844952 0.0113066 0.534722 -0.25552 -0.529607 0.157226 0.833545 0.416527 
1531854477001 0 0 0 0 0 0 0 0 0 0 0 0 
1531854477015 -0.0369476 -0.988579 0.146101 -0.605466 0.841933 0.0479617 0.537446 -0.255677 -0.538315 0.142865 0.830546 0.419613 
1531854477021 0 0 0 0 0 0 0 0 0 0 0 0 
1531854477040 0.000740163 -0.988148 0.1535 -0.607511 0.83749 0.084493 0.53988 -0.255827 -0.546452 0.128155 0.827627 0.422704 
1531854477041 0 0 0 0 0 0 0 0 0 0 0 0 
1531854477054 0.0383566 -0.986205 0.161023 -0.609556 0.831631 0.120843 0.542022 -0.255975 -0.554003 0.113122 0.824793 0.425794 
1531854477061 0 0 0 0 0 0 0 0 0 0 0 0 
1531854477074 0 0 0 0 0 0 0 0 0 0 0 0 
1531854477074 0 0 0 0 0 0 0 0 0 0 0 0 
1531854477081 0 0 0 0 0 0 0 0 0 0 0 0 
1531854477094 0.0758426 -0.982753 0.168657 -0.611601 0.824363 0.156956 0.543866 -0.256121 -0.560957 0.0977866 0.822049 0.428884 
1531854477101 0 0 0 0 0 0 0 0 0 0 0 0 
1531854477107 0 0 0 0 0 0 0 0 0 0 0 0 
1531854477114 0 0 0 0 0 0 0 0 0 0 0 0 
1531854477121 0 0 0 0 0 0 0 0 0 0 0 0 
1531854477134 0.113139 -0.977796 0.176391 -0.613646 0.8157 0.192773 0.54541 -0.256268 -0.567304 0.082175 0.819398 0.431972 
1531854477141 0 0 0 0 0 0 0 0 0 0 0 0 
1531854477154 0.15013 -0.971349 0.184234 -0.615634 0.805679 0.228203 0.54663 -0.256512 -0.573011 0.0663674 0.816856 0.434972 
1531854477267 0 0 0 0 0 0 0 0 0 0 0 0 
1531854477290 0 0 0 0 0 0 0 0 0 0 0 0 
1531854477300 0.15013 -0.971349 0.184234 -0.615634 0.805679 0.228203 0.54663 -0.256512 -0.573011 0.0663674 0.816856 0.434972 
1531854477306 0 0 0 0 0 0 0 0 0 0 0 0 
1531854477320 0.186876 -0.963412 0.192134 -0.617686 0.794265 0.263268 0.547569 -0.256648 -0.578118 0.0502776 0.814403 0.438062 
1531854477333 0.186933 -0.963405 0.192111 -0.617735 0.794237 0.263303 0.547594 -0.256551 -0.578138 0.0502182 0.814392 0.438153 
1531854477340 0 0 0 0 0 0 0 0 0 0 0 0 
1531854477347 0 0 0 0 0 0 0 0 0 0 0 0 
1531854477353 0 0 0 0 0 0 0 0 0 0 0 0 
1531854477360 0 0 0 0 0 0 0 0 0 0 0 0 
1531854477373 0.186933 -0.963405 0.19211 -0.617736 0.794237 0.263303 0.547594 -0.256549 -0.578138 0.0502175 0.814392 0.438155 
1531854477387 0.186934 -0.963405 0.192111 -0.617736 0.794236 0.263304 0.547594 -0.256549 -0.578139 0.050218 0.814392 0.438155 
1531854477393 0 0 0 0 0 0 0 0 0 0 0 0 
1531854477400 0 0 0 0 0 0 0 0 0 0 0 0 
1531854477413 0.186934 -0.963405 0.192112 -0.617736 0.794236 0.263305 0.547594 -0.256548 -0.578139 0.0502183 0.814392 0.438155 
1531854477427 0.186934 -0.963405 0.192112 -0.617736 0.794236 0.263304 0.547594 -0.256548 -0.578139 0.0502184 0.814392 0.438155 
1531854477433 0 0 0 0 0 0 0 0 0 0 0 0 
1531854477440 0 0 0 0 0 0 0 0 0 0 0 0 
1531854477453 0.186934 -0.963405 0.192112 -0.617736 0.794236 0.263305 0.547594 -0.256548 -0.578139 0.0502188 0.814391 0.438155 
1531854477460 0 0 0 0 0 0 0 0 0 0 0 0 
1531854477474 0.186933 -0.963405 0.192113 -0.617736 0.794236 0.263304 0.547594 -0.256548 -0.578139 0.0502194 0.814391 0.438155 
1531854477480 0 0 0 0 0 0 0 0 0 0 0 0 
1531854477486 0 0 0 0 0 0 0 0 0 0 0 0 
1531854477493 0 0 0 0 0 0 0 0 0 0 0 0 
1531854477500 0 0 0 0 0 0 0 0 0 0 0 0 
1531854477507 0 0 0 0 0 0 0 0 0 0 0 0 
1531854477513 0 0 0 0 0 0 0 0 0 0 0 0 
1531854477520 0 0 0 0 0 0 0 0 0 0 0 0 
1531854477533 0.186933 -0.963405 0.192113 -0.617736 0.794236 0.263305 0.547594 -0.256548 -0.578139 0.0502197 0.814391 0.438155 
1531854528095 -0.187255 0.845429 -0.500189 -0.597268 -0.975202 -0.0988634 0.197988 -0.255126 0.117931 0.524856 0.842977 0.407261 
1531854536488 0 0 0 0 0 0 0 0 0 0 0 0 
1531854536495 0 0 0 0 0 0 0 0 0 0 0 0 
1531854536508 0 0 0 0 0 0 0 0 0 0 0 0 
1531854536508 0 0 0 0 0 0 0 0 0 0 0 0 
1531854536515 0 0 0 0 0 0 0 0 0 0 0 0 
1531854536522 0 0 0 0 0 0 0 0 0 0 0 0 
1531854536535 -0.137212 -0.985888 0.0959098 -0.595723 0.82638 -0.0605486 0.559848 -0.248932 -0.54614 0.156076 0.823026 0.415877 
1531854536542 0 0 0 0 0 0 0 0 0 0 0 0 
1531854536555 -0.087704 -0.99321 0.0764364 -0.597546 0.804564 -0.0253843 0.593323 -0.249442 -0.587354 0.113535 0.801327 0.420328 
1531854536562 0 0 0 0 0 0 0 0 0 0 0 0 
1531854536575 -0.0361493 -0.997616 0.0587756 -0.59793 0.779062 0.00870385 0.626887 -0.246789 -0.625904 0.0684514 0.77689 0.426728 
1531854536582 0 0 0 0 0 0 0 0 0 0 0 0 
1531854536595 0.0162815 -0.998931 0.0432718 -0.598152 0.750321 0.0408113 0.659812 -0.244028 -0.660873 0.021725 0.750184 0.433213 
1531854536602 0 0 0 0 0 0 0 0 0 0 0 0 
1531854536615 0.0693121 -0.997143 0.0300152 -0.59836 0.718499 0.0707709 0.691918 -0.241262 -0.692066 -0.0263924 0.721352 0.439702 
1531854536622 0 0 0 0 0 0 0 0 0 0 0 0 
1531854536635 0.122676 -0.992263 0.0190734 -0.598568 0.683756 0.0984328 0.723041 -0.238496 -0.719325 -0.0756582 0.690542 0.44619 
1531854536642 0 0 0 0 0 0 0 0 0 0 0 0 
1531854536655 0.176102 -0.984316 0.010504 -0.59878 0.646268 0.123658 0.753025 -0.235739 -0.742513 -0.12582 0.657908 0.45267 
1531854536662 0 0 0 0 0 0 0 0 0 0 0 0 
1531854536675 0.228991 -0.973418 0.00460935 -0.59895 0.606268 0.146323 0.781684 -0.23339 -0.761579 -0.176204 0.623658 0.458949 
1531854536682 0 0 0 0 0 0 0 0 0 0 0 0 
1531854536690 0 0 0 0 0 0 0 0 0 0 0 0 
1531854536694 0 0 0 0 0 0 0 0 0 0 0 0 
1531854536702 0 0 0 0 0 0 0 0 0 0 0 0 
1531854536715 0.280992 -0.959709 0.00133809 -0.599127 0.564168 0.16631 0.808737 -0.231808 -0.776375 -0.226494 0.588169 0.464657 
1531854536894 0 0 0 0 0 0 0 0 0 0 0 0 
1531854536898 0 0 0 0 0 0 0 0 0 0 0 0 
1531854536904 0 0 0 0 0 0 0 0 0 0 0 0 
1531854536911 0 0 0 0 0 0 0 0 0 0 0 0 
1531854536924 0.280992 -0.959709 0.00133809 -0.599127 0.564168 0.16631 0.808737 -0.231808 -0.776375 -0.226494 0.588169 0.464657 
1531854536931 0 0 0 0 0 0 0 0 0 0 0 0 
1531854536938 0 0 0 0 0 0 0 0 0 0 0 0 
1531854536944 0 0 0 0 0 0 0 0 0 0 0 0 
1531854536962 0.332882 -0.942968 0.000165257 -0.599583 0.519791 0.18364 0.834322 -0.229251 -0.78677 -0.277645 0.551277 0.470661 
1531854536964 0 0 0 0 0 0 0 0 0 0 0 0 
1531854536971 0 0 0 0 0 0 0 0 0 0 0 0 
1531854536984 0.333386 -0.94279 -0.000122715 -0.599491 0.519547 0.183612 0.834481 -0.228425 -0.786718 -0.278268 0.551037 0.471384 
1531854536991 0 0 0 0 0 0 0 0 0 0 0 0 
1531854537005 0.333609 -0.942712 -0.000273543 -0.599455 0.519475 0.183591 0.83453 -0.228103 -0.786671 -0.278548 0.550963 0.471593 
1531854537011 0 0 0 0 0 0 0 0 0 0 0 0 
1531854537024 0.333758 -0.942659 -0.000374718 -0.599432 0.519416 0.183573 0.83457 -0.227888 -0.786646 -0.278739 0.550901 0.471747 
1531854537031 0 0 0 0 0 0 0 0 0 0 0 0 
1531854537045 0.333859 -0.942623 -0.00044208 -0.599415 0.519371 0.18356 0.834602 -0.227743 -0.786634 -0.278869 0.550854 0.471861 
1531854537051 0 0 0 0 0 0 0 0 0 0 0 0 
1531854537064 0.333925 -0.9426 -0.000486071 -0.599403 0.519338 0.18355 0.834624 -0.227647 -0.786627 -0.278954 0.55082 0.471939 
1531854537071 0 0 0 0 0 0 0 0 0 0 0 0 
1531854537084 0.333966 -0.942585 -0.000513695 -0.599396 0.519316 0.183543 0.834639 -0.227587 -0.786624 -0.279008 0.550797 0.47199 
1531854537091 0 0 0 0 0 0 0 0 0 0 0 0 
1531854537104 0.33399 -0.942577 -0.000529426 -0.599392 0.519304 0.18354 0.834648 -0.227553 -0.786622 -0.279039 0.550784 0.472019 
1531854537111 0 0 0 0 0 0 0 0 0 0 0 0 
1531854537124 0.333997 -0.942574 -0.000536703 -0.599387 0.5193 0.183536 0.834651 -0.227544 -0.786621 -0.279049 0.55078 0.47203 
1531854559479 -0.187255 0.845429 -0.500189 -0.597268 -0.975202 -0.0988634 0.197988 -0.255126 0.117931 0.524856 0.842977 0.407261 
