1535379816559 0.251653 0.926236 -0.280636 -0.627835 -0.937585 0.305228 0.166646 -0.239697 0.240012 0.221183 0.945237 0.376943 
1535379822213 0.251653 0.926236 -0.280638 -0.627836 -0.937586 0.305227 0.166643 -0.239697 0.240009 0.221186 0.945237 0.376942 
1535379822509 0.251669 0.926253 -0.280567 -0.628587 -0.937534 0.305273 0.166848 -0.239878 0.240193 0.221051 0.945222 0.376768 
1535379822830 0.251268 0.926309 -0.280742 -0.629567 -0.937631 0.304931 0.166928 -0.240055 0.240234 0.221288 0.945156 0.376465 
1535379823221 0.251154 0.926331 -0.280771 -0.630511 -0.937632 0.304854 0.167063 -0.240307 0.24035 0.221301 0.945123 0.376136 
1535379823605 0.250807 0.926406 -0.280833 -0.63148 -0.937674 0.304581 0.167324 -0.240471 0.240547 0.221364 0.945058 0.375771 
1535379824003 0.25072 0.926431 -0.280828 -0.632425 -0.937674 0.304519 0.167441 -0.240761 0.24064 0.221344 0.945039 0.37547 
1535379824421 0.250563 0.926431 -0.280969 -0.633408 -0.937657 0.304448 0.167662 -0.240982 0.240867 0.221443 0.944958 0.375135 
1535379824837 0.250356 0.926446 -0.281104 -0.634359 -0.937713 0.304273 0.167664 -0.241205 0.240864 0.221619 0.944918 0.374784 
1535379825103 0.25018 0.926506 -0.281063 -0.635316 -0.937726 0.30413 0.167854 -0.24139 0.240998 0.221566 0.944896 0.374452 
1535379825377 0.249974 0.926531 -0.281164 -0.636276 -0.937715 0.304012 0.16813 -0.241623 0.241255 0.221623 0.944817 0.374152 
1535379825712 0.249829 0.926604 -0.281051 -0.635539 -0.937808 0.303803 0.167989 -0.24137 0.241044 0.221604 0.944876 0.374287 
1535379825932 0.250197 0.926446 -0.281245 -0.635337 -0.937669 0.304228 0.167996 -0.241437 0.241202 0.221683 0.944817 0.374451 
1535379826060 0.249503 0.926397 -0.282023 -0.635518 -0.937713 0.303835 0.168461 -0.241589 0.24175 0.222426 0.944502 0.374356 
1535379826357 0.248754 0.9264 -0.282673 -0.635717 -0.937708 0.303426 0.169224 -0.241627 0.242539 0.222969 0.944171 0.374415 
1535379826520 0.248041 0.926368 -0.283404 -0.635869 -0.937749 0.303014 0.16973 -0.241754 0.243108 0.223662 0.943861 0.374326 
1535379826765 0.247216 0.92634 -0.284216 -0.636136 -0.937683 0.302637 0.170768 -0.24176 0.244204 0.224287 0.94343 0.37435 
1535379827056 0.246705 0.926222 -0.285043 -0.636297 -0.93763 0.302475 0.171346 -0.241981 0.244923 0.224992 0.943075 0.374318 
1535379827385 0.245888 0.926197 -0.285829 -0.63654 -0.937653 0.302017 0.172026 -0.242014 0.245655 0.225709 0.942714 0.374298 
1535379827574 0.245323 0.926091 -0.286655 -0.636704 -0.937552 0.30186 0.172846 -0.242206 0.246601 0.226351 0.942313 0.374234 
1535379827765 0.244466 0.926134 -0.287251 -0.636917 -0.93764 0.30128 0.173383 -0.242206 0.247119 0.226951 0.942033 0.374233 
1535379827953 0.244035 0.925981 -0.288108 -0.637077 -0.937582 0.301186 0.173857 -0.242429 0.247763 0.227697 0.941683 0.374129 
1535379827977 0.244025 0.925978 -0.288126 -0.637079 -0.937569 0.301194 0.173912 -0.242425 0.247821 0.227699 0.941668 0.374127 
1535379828266 0.244217 0.926187 -0.287292 -0.636942 -0.937691 0.301063 0.173485 -0.24223 0.247172 0.227023 0.942001 0.374384 
1535379828575 0.243727 0.926183 -0.287719 -0.637006 -0.937732 0.300756 0.173795 -0.242246 0.247499 0.227444 0.941814 0.374378 
1535379828877 0.243655 0.926131 -0.287947 -0.63705 -0.937751 0.300729 0.173738 -0.242414 0.247498 0.227691 0.941754 0.374476 
1535379829178 0.243402 0.926108 -0.288234 -0.637096 -0.937751 0.300603 0.173959 -0.242445 0.247748 0.22795 0.941626 0.374545 
1535379829195 0.243404 0.926112 -0.288222 -0.637095 -0.937751 0.300602 0.17396 -0.242447 0.247746 0.227938 0.941629 0.374547 
1535379829472 0.242904 0.92605 -0.288842 -0.637109 -0.937775 0.30034 0.174282 -0.24267 0.248145 0.228535 0.94138 0.374573 
1535379829495 0.242882 0.926058 -0.288834 -0.637115 -0.937777 0.30032 0.174303 -0.242654 0.248157 0.228527 0.941378 0.37458 
1535379829895 0.242163 0.926103 -0.289293 -0.637239 -0.937908 0.299773 0.174544 -0.242675 0.248368 0.229062 0.941193 0.374766 
1535379830318 0.241886 0.926071 -0.289626 -0.637263 -0.937954 0.299595 0.174598 -0.242751 0.24846 0.229423 0.941081 0.374727 
1535379830343 0.241886 0.926071 -0.289628 -0.637263 -0.937954 0.299595 0.174598 -0.242752 0.248462 0.229425 0.94108 0.374726 
1535379830515 0.242027 0.926132 -0.289315 -0.637224 -0.937953 0.299638 0.17453 -0.242765 0.248328 0.229123 0.941189 0.374738 
1535379830669 0.241458 0.926325 -0.289172 -0.637229 -0.938138 0.299033 0.174573 -0.242839 0.248183 0.229131 0.941225 0.3748 
1535379830801 0.241387 0.926371 -0.289084 -0.637256 -0.938162 0.298944 0.174596 -0.242981 0.248161 0.229063 0.941247 0.374868 
1535379830862 0.24105 0.926478 -0.289021 -0.637276 -0.938262 0.298599 0.17465 -0.243077 0.248111 0.229079 0.941257 0.374917 
1535379831064 0.24032 0.926742 -0.288783 -0.637282 -0.938449 0.297859 0.174907 -0.243148 0.248111 0.228974 0.941282 0.375046 
1535379831218 0.240186 0.926787 -0.288749 -0.637293 -0.938483 0.297726 0.174954 -0.243188 0.248114 0.228965 0.941284 0.375075 
1535379831306 0.239554 0.926984 -0.288642 -0.63731 -0.938668 0.297082 0.175054 -0.243271 0.248023 0.229004 0.941298 0.375159 
1535379831401 0.23949 0.927026 -0.288562 -0.63733 -0.938685 0.297005 0.175097 -0.243368 0.248024 0.228934 0.941315 0.375208 
1535379831494 0.238937 0.927238 -0.288337 -0.637337 -0.938876 0.29639 0.175116 -0.243462 0.247834 0.228871 0.94138 0.375324 
1535379831663 0.239262 0.92719 -0.288224 -0.637331 -0.938763 0.296706 0.175186 -0.243466 0.247949 0.228659 0.941401 0.375388 
1535379831869 0.239263 0.927183 -0.288245 -0.637332 -0.938852 0.296628 0.17484 -0.243562 0.24761 0.228787 0.941459 0.375168 
1535379832034 0.238876 0.927345 -0.288045 -0.637358 -0.938924 0.296247 0.1751 -0.243539 0.24771 0.228625 0.941472 0.375145 
1535379832102 0.238721 0.927542 -0.287537 -0.637398 -0.939052 0.295921 0.174964 -0.243715 0.247375 0.228245 0.941653 0.375144 
1535379832217 0.238197 0.927864 -0.286935 -0.637388 -0.939313 0.295191 0.174798 -0.243702 0.246889 0.227885 0.941867 0.375194 
1535379832281 0.237993 0.928014 -0.286616 -0.637428 -0.939423 0.294882 0.174724 -0.243875 0.246664 0.227671 0.941978 0.375206 
1535379832429 0.237639 0.928246 -0.286161 -0.637452 -0.939562 0.294414 0.17477 -0.243921 0.246479 0.227334 0.942108 0.375214 
1535379832548 0.237292 0.9285 -0.285623 -0.637517 -0.93978 0.293862 0.174526 -0.2441 0.245981 0.227009 0.942316 0.375196 
1535379832697 0.237004 0.928671 -0.285306 -0.637494 -0.93991 0.293475 0.174475 -0.244156 0.24576 0.22681 0.942422 0.375196 
1535379832727 0.23691 0.928754 -0.285115 -0.637495 -0.939972 0.293314 0.174413 -0.244275 0.245615 0.22668 0.942491 0.37519 
1535379832884 0.236752 0.928843 -0.284956 -0.63752 -0.94005 0.293098 0.174355 -0.244234 0.245469 0.226594 0.94255 0.375151 
1535379832909 0.23704 0.92872 -0.285117 -0.637529 -0.939933 0.293444 0.174403 -0.244171 0.245637 0.226651 0.942492 0.375144 
1535379832939 0.237229 0.928641 -0.285216 -0.637527 -0.939863 0.293663 0.174414 -0.244115 0.245725 0.226688 0.94246 0.37514 
1535379833160 0.237827 0.928599 -0.284856 -0.637405 -0.939874 0.294017 0.173757 -0.244062 0.245103 0.226404 0.942691 0.375104 
1535379833311 0.238097 0.928509 -0.284923 -0.637406 -0.939821 0.294272 0.17361 -0.244072 0.245043 0.226441 0.942697 0.375041 
1535379833463 0.238481 0.92842 -0.28489 -0.637391 -0.939739 0.294618 0.173468 -0.244082 0.244985 0.226354 0.942733 0.375028 
1535379833601 0.238957 0.928369 -0.28466 -0.637334 -0.939712 0.294942 0.173064 -0.244158 0.244626 0.226143 0.942877 0.375067 
1535379833751 0.239478 0.928285 -0.284495 -0.637269 -0.939656 0.295337 0.172694 -0.244204 0.244331 0.225971 0.942995 0.375006 
1535379833887 0.239691 0.92823 -0.284495 -0.637248 -0.939628 0.295516 0.172539 -0.244193 0.244229 0.225964 0.943023 0.37497 
1535379834046 0.240183 0.928139 -0.284375 -0.637221 -0.939547 0.295922 0.172284 -0.244165 0.244056 0.225804 0.943106 0.374966 
1535379834060 0.240243 0.928129 -0.284358 -0.637218 -0.939535 0.295973 0.172263 -0.244163 0.244044 0.225779 0.943115 0.374965 
1535379834381 0.240639 0.928067 -0.284227 -0.637018 -0.939473 0.29629 0.172056 -0.24414 0.243893 0.22562 0.943193 0.374984 
1535379834526 0.241065 0.928063 -0.283877 -0.636832 -0.93942 0.296579 0.171847 -0.243881 0.243677 0.225254 0.943336 0.375092 
1535379834673 0.241938 0.927894 -0.283689 -0.63664 -0.939249 0.297328 0.171487 -0.243865 0.24347 0.224966 0.943458 0.375156 
1535379834833 0.242528 0.927761 -0.283619 -0.636478 -0.939188 0.297793 0.17101 -0.243721 0.243116 0.224897 0.943566 0.375102 
1535379834990 0.243251 0.927645 -0.283379 -0.63631 -0.939047 0.298397 0.170733 -0.243604 0.242939 0.224576 0.943688 0.375122 
1535379835131 0.244008 0.927529 -0.283108 -0.636117 -0.938904 0.29902 0.17043 -0.243519 0.242734 0.224225 0.943824 0.375204 
1535379835305 0.244818 0.927427 -0.282741 -0.635885 -0.938761 0.299664 0.170088 -0.243432 0.242472 0.223785 0.943996 0.375287 
1535379835458 0.245302 0.927377 -0.282488 -0.635711 -0.938684 0.300034 0.169859 -0.243247 0.242279 0.2235 0.944113 0.375341 
1535379835497 0.24586 0.927246 -0.282432 -0.635658 -0.938534 0.300559 0.169757 -0.243225 0.242294 0.223336 0.944148 0.375347 
1535379835560 0.245994 0.927217 -0.282409 -0.63556 -0.938551 0.300636 0.169529 -0.243274 0.242093 0.223352 0.944195 0.375322 
1535379835723 0.245501 0.927454 -0.28206 -0.635283 -0.938761 0.300026 0.169445 -0.242902 0.241778 0.223188 0.944315 0.37543 
1535379835898 0.246189 0.927358 -0.281776 -0.634845 -0.938678 0.300542 0.168994 -0.242998 0.241403 0.222893 0.94448 0.375595 
1535379836078 0.246406 0.92743 -0.28135 -0.63452 -0.938706 0.300593 0.168743 -0.242731 0.241069 0.222526 0.944652 0.375755 
1535379836296 0.246727 0.927412 -0.281128 -0.634136 -0.938731 0.300759 0.168311 -0.242609 0.240646 0.222376 0.944795 0.375806 
1535379836485 0.247002 0.927408 -0.2809 -0.633817 -0.938721 0.300922 0.168076 -0.242442 0.240404 0.222171 0.944905 0.375875 
1535379836725 0.247253 0.927489 -0.280412 -0.63315 -0.938823 0.300918 0.167509 -0.242068 0.239743 0.22184 0.945151 0.376007 
1535379836901 0.247878 0.92741 -0.280119 -0.632759 -0.93883 0.301303 0.166774 -0.24201 0.239069 0.221645 0.945367 0.376103 
1535379836931 0.247812 0.927455 -0.280028 -0.632671 -0.938875 0.301199 0.166712 -0.241913 0.238963 0.221598 0.945405 0.376129 
1535379837147 0.247849 0.927391 -0.280207 -0.632509 -0.938769 0.301355 0.167023 -0.241876 0.239338 0.221653 0.945297 0.376195 
1535379837355 0.247935 0.927266 -0.280547 -0.631967 -0.938546 0.301684 0.167683 -0.241836 0.240123 0.221732 0.94508 0.376337 
1535379837557 0.247331 0.927355 -0.280783 -0.631537 -0.938495 0.301344 0.168578 -0.24145 0.240944 0.221819 0.94485 0.376496 
1535379837784 0.247131 0.927351 -0.280974 -0.631093 -0.938388 0.301334 0.169189 -0.241202 0.241565 0.221851 0.944684 0.376649 
1535379837985 0.247178 0.927216 -0.281379 -0.630547 -0.938219 0.301597 0.169659 -0.241194 0.242174 0.222059 0.94448 0.376794 
1535379838190 0.246892 0.927255 -0.281501 -0.63011 -0.938065 0.301556 0.170583 -0.24086 0.243062 0.221951 0.944277 0.377014 
1535379838396 0.247075 0.927061 -0.28198 -0.629526 -0.937865 0.301958 0.170971 -0.240956 0.243647 0.222217 0.944064 0.377059 
1535379838597 0.246826 0.927062 -0.282194 -0.629097 -0.937683 0.301986 0.171919 -0.240624 0.244598 0.222174 0.943828 0.377238 
1535379838801 0.246583 0.927054 -0.282431 -0.628628 -0.937567 0.30196 0.172592 -0.240393 0.245285 0.222239 0.943634 0.377408 
1535379838831 0.24647 0.927037 -0.282586 -0.628505 -0.937557 0.301918 0.172722 -0.240319 0.245437 0.22237 0.943564 0.377421 
1535379838905 0.246678 0.926915 -0.282806 -0.628411 -0.937441 0.302212 0.172835 -0.240408 0.245671 0.22248 0.943477 0.377409 
1535379839218 0.246428 0.926969 -0.282845 -0.628029 -0.937485 0.302001 0.172966 -0.240112 0.245754 0.222539 0.943441 0.377553 
1535379839394 0.246578 0.926918 -0.282883 -0.627592 -0.93736 0.302229 0.173247 -0.24001 0.246081 0.222444 0.943378 0.377804 
1535379839593 0.246707 0.926801 -0.283154 -0.627149 -0.937267 0.302455 0.173353 -0.239921 0.246305 0.222624 0.943277 0.377926 
1535379839855 0.246717 0.926613 -0.28376 -0.62636 -0.937076 0.302749 0.173873 -0.239565 0.247021 0.223007 0.943 0.378159 
1535379840052 0.246402 0.92664 -0.283945 -0.625976 -0.93713 0.302509 0.173998 -0.239326 0.247129 0.22322 0.942921 0.378299 
1535379840244 0.246652 0.926488 -0.284223 -0.62549 -0.936981 0.302875 0.174165 -0.239303 0.247446 0.223353 0.942806 0.378426 
1535379840445 0.246654 0.926446 -0.284358 -0.6251 -0.936882 0.302991 0.174497 -0.239139 0.24782 0.223369 0.942704 0.378612 
1535379840562 0.246723 0.926361 -0.284574 -0.624885 -0.936804 0.303152 0.174637 -0.239102 0.248046 0.223503 0.942613 0.37869 
1535379840579 0.246729 0.926355 -0.284588 -0.624888 -0.936798 0.303164 0.174646 -0.239096 0.248061 0.223511 0.942607 0.378693 
1535379840803 0.246621 0.92622 -0.285122 -0.624601 -0.936736 0.303244 0.174843 -0.238905 0.248404 0.223964 0.942409 0.378749 
1535379841000 0.246779 0.925905 -0.286009 -0.624245 -0.936532 0.303707 0.175126 -0.238914 0.249013 0.224639 0.942088 0.378954 
1535379841178 0.246777 0.925706 -0.286653 -0.62392 -0.936399 0.303949 0.175422 -0.238744 0.249517 0.225132 0.941837 0.379024 
1535379841358 0.246781 0.925512 -0.287273 -0.623535 -0.936319 0.304141 0.175514 -0.238718 0.249811 0.225666 0.941631 0.379124 
1535379841542 0.246787 0.925334 -0.287843 -0.62321 -0.936147 0.304408 0.175964 -0.23849 0.250447 0.226037 0.941373 0.379266 
1535379841721 0.246944 0.925065 -0.288571 -0.622807 -0.936023 0.304771 0.175998 -0.238562 0.250758 0.226648 0.941144 0.37937 
1535379841916 0.246702 0.92493 -0.289211 -0.622502 -0.935905 0.304827 0.176527 -0.238248 0.251434 0.227125 0.940848 0.379546 
1535379842089 0.246974 0.924648 -0.289878 -0.622126 -0.93573 0.305307 0.176626 -0.238317 0.251818 0.227625 0.940624 0.379636 
1535379842131 0.246827 0.924647 -0.290007 -0.621989 -0.935741 0.305217 0.176726 -0.238229 0.251925 0.227751 0.940566 0.379676 
1535379842147 0.246757 0.924654 -0.290044 -0.621959 -0.935748 0.305167 0.176775 -0.23819 0.251968 0.227787 0.940545 0.379693 
1535379842173 0.246742 0.924644 -0.290089 -0.621946 -0.935734 0.305177 0.176829 -0.238162 0.252033 0.227815 0.940521 0.379713 
1535379842381 0.246899 0.924645 -0.289954 -0.621729 -0.93566 0.305331 0.176958 -0.23799 0.252155 0.227607 0.940539 0.379788 
1535379842515 0.246937 0.924675 -0.289826 -0.621473 -0.935642 0.305349 0.177017 -0.237889 0.252181 0.227461 0.940567 0.379856 
1535379842646 0.247287 0.924482 -0.290141 -0.621215 -0.935469 0.305816 0.177127 -0.237972 0.25248 0.227616 0.940449 0.379926 
1535379842740 0.247123 0.924583 -0.289961 -0.62104 -0.93549 0.305646 0.177313 -0.237687 0.252566 0.227437 0.94047 0.380014 
1535379842848 0.24712 0.924595 -0.289924 -0.620827 -0.935454 0.305668 0.177459 -0.237542 0.252699 0.227357 0.940453 0.380097 
1535379842965 0.247392 0.924473 -0.290081 -0.620582 -0.935363 0.305975 0.177415 -0.237536 0.252773 0.22744 0.940413 0.380163 
1535379843061 0.247335 0.924486 -0.290086 -0.620346 -0.935379 0.305921 0.177421 -0.237461 0.252766 0.227458 0.94041 0.380234 
1535379843074 0.247338 0.924485 -0.290088 -0.620335 -0.935376 0.305926 0.17743 -0.237452 0.252777 0.227456 0.940408 0.380241 
1535379843090 0.24735 0.924479 -0.290097 -0.620326 -0.935367 0.305944 0.177445 -0.237441 0.252797 0.227456 0.940403 0.380248 
1535379843341 0.246812 0.924614 -0.290126 -0.619667 -0.935293 0.305631 0.17837 -0.236962 0.253595 0.227329 0.940219 0.380465 
1535379843463 0.247231 0.924451 -0.290289 -0.619371 -0.93505 0.30618 0.178703 -0.237053 0.254083 0.227253 0.940105 0.380558 
1535379843599 0.24714 0.924478 -0.29028 -0.61917 -0.935 0.306158 0.179003 -0.236848 0.254356 0.227173 0.940051 0.380632 
1535379843676 0.247066 0.924517 -0.290217 -0.618903 -0.934991 0.306102 0.179147 -0.236789 0.254461 0.227089 0.940043 0.380712 
1535379843798 0.246797 0.924533 -0.290395 -0.618715 -0.935008 0.305929 0.179355 -0.2366 0.25466 0.227257 0.939948 0.380729 
1535379843830 0.246691 0.924548 -0.29044 -0.618599 -0.935024 0.305846 0.17941 -0.236548 0.254703 0.22731 0.939924 0.380739 
1535379843845 0.246683 0.924538 -0.290478 -0.618542 -0.935017 0.305855 0.179434 -0.236539 0.254738 0.227339 0.939907 0.380743 
1535379844025 0.246802 0.9245 -0.290497 -0.618498 -0.934925 0.306025 0.17962 -0.236478 0.254958 0.227263 0.939866 0.380793 
1535379844204 0.246774 0.924538 -0.2904 -0.618278 -0.934927 0.305985 0.17968 -0.236424 0.254979 0.227163 0.939884 0.380838 
1535379844294 0.246983 0.924488 -0.29038 -0.61801 -0.934831 0.306216 0.179784 -0.236426 0.255127 0.227053 0.939871 0.380879 
1535379844413 0.2469 0.924481 -0.290474 -0.617845 -0.934727 0.306267 0.180236 -0.236193 0.255588 0.227014 0.939755 0.380927 
1535379844494 0.246937 0.924462 -0.290502 -0.617589 -0.934684 0.306338 0.180342 -0.236203 0.255711 0.226994 0.939726 0.381002 
1535379844617 0.246982 0.924472 -0.290434 -0.61737 -0.934624 0.30641 0.180531 -0.236076 0.255888 0.226858 0.939711 0.38109 
1535379844699 0.247112 0.924442 -0.290419 -0.617134 -0.934534 0.30658 0.180705 -0.236018 0.256088 0.226752 0.939682 0.381185 
1535379844818 0.247029 0.924491 -0.290333 -0.616907 -0.934515 0.306521 0.180907 -0.235914 0.25624 0.226632 0.93967 0.381285 
1535379844851 0.246927 0.924538 -0.290271 -0.616801 -0.934538 0.306415 0.180967 -0.235791 0.256254 0.226584 0.939677 0.381302 
1535379844871 0.2469 0.924551 -0.290251 -0.616738 -0.934543 0.306387 0.180988 -0.235757 0.256262 0.226566 0.93968 0.381312 
1535379845159 0.247143 0.924446 -0.290379 -0.616691 -0.934442 0.306675 0.181019 -0.235767 0.256394 0.226605 0.939634 0.381324 
1535379845265 0.247176 0.924449 -0.290343 -0.616448 -0.934486 0.306653 0.180831 -0.235699 0.256204 0.226624 0.939681 0.381384 
1535379845381 0.247305 0.924405 -0.290373 -0.616196 -0.934464 0.306771 0.180742 -0.235654 0.256157 0.226644 0.939689 0.381433 
1535379845569 0.247385 0.924402 -0.290314 -0.61573 -0.934442 0.306837 0.180748 -0.235395 0.256163 0.226567 0.939706 0.381542 
1535379845685 0.247738 0.9243 -0.290338 -0.615471 -0.934403 0.307129 0.180454 -0.235462 0.255965 0.226587 0.939755 0.381642 
1535379845789 0.247645 0.924324 -0.290341 -0.615261 -0.934437 0.307032 0.180438 -0.235309 0.255927 0.226621 0.939757 0.381701 
1535379845902 0.247908 0.924235 -0.290398 -0.615006 -0.934359 0.307302 0.180388 -0.235277 0.255961 0.226616 0.93975 0.38176 
1535379845914 0.247913 0.924234 -0.290397 -0.615003 -0.934357 0.307307 0.180388 -0.235265 0.255962 0.226614 0.93975 0.381764 
1535379846253 0.247751 0.924332 -0.290223 -0.614864 -0.934423 0.307099 0.180401 -0.235105 0.255877 0.226497 0.939801 0.381819 
1535379846415 0.247991 0.924312 -0.290083 -0.614496 -0.934356 0.307302 0.180401 -0.235063 0.25589 0.226303 0.939844 0.381887 
1535379846566 0.248301 0.924171 -0.290268 -0.614139 -0.934218 0.307682 0.180468 -0.23507 0.256094 0.226363 0.939774 0.381949 
1535379846738 0.248392 0.92417 -0.290191 -0.613838 -0.934157 0.307786 0.180604 -0.234855 0.256225 0.226224 0.939772 0.382026 
1535379846905 0.248469 0.92416 -0.290156 -0.613516 -0.934107 0.307879 0.180704 -0.234722 0.256333 0.226137 0.939763 0.382102 
1535379847093 0.248715 0.92416 -0.289947 -0.613138 -0.934027 0.308085 0.180768 -0.234667 0.256387 0.225859 0.939816 0.382214 
1535379847258 0.248887 0.924115 -0.289943 -0.61283 -0.933918 0.308304 0.180959 -0.234514 0.256617 0.225745 0.93978 0.382324 
1535379847428 0.249028 0.924102 -0.289862 -0.612478 -0.933858 0.308441 0.181032 -0.234429 0.256697 0.225608 0.939791 0.382408 
1535379847506 0.248931 0.924161 -0.289759 -0.612256 -0.933885 0.308328 0.181088 -0.234269 0.256696 0.225523 0.939812 0.382453 
1535379847684 0.249201 0.924041 -0.289908 -0.612422 -0.933788 0.308636 0.181062 -0.234416 0.256785 0.225592 0.939771 0.382435 
1535379848034 0.249331 0.924068 -0.289711 -0.612128 -0.933755 0.30872 0.181091 -0.234228 0.256781 0.225368 0.939826 0.382519 
1535379848193 0.249738 0.923983 -0.28963 -0.611816 -0.933623 0.309111 0.181102 -0.23413 0.256863 0.225178 0.939849 0.38258 
1535379848354 0.250003 0.92391 -0.289637 -0.611478 -0.933572 0.309347 0.180964 -0.234111 0.256793 0.225155 0.939874 0.382639 
1535379848509 0.250264 0.923842 -0.289626 -0.611191 -0.933483 0.30961 0.180971 -0.233979 0.25686 0.22507 0.939876 0.382692 
1535379848670 0.250341 0.923813 -0.289654 -0.610918 -0.933436 0.309712 0.18104 -0.233813 0.256957 0.225052 0.939854 0.382745 
1535379848816 0.250353 0.923828 -0.289594 -0.610673 -0.933409 0.309733 0.181143 -0.233532 0.257042 0.22496 0.939852 0.382803 
1535379848998 0.250829 0.92372 -0.289528 -0.610339 -0.933288 0.310167 0.181024 -0.233504 0.257017 0.224807 0.939896 0.382873 
1535379849144 0.250934 0.923722 -0.289431 -0.610041 -0.933244 0.310262 0.181091 -0.23337 0.257077 0.224668 0.939913 0.382961 
1535379849163 0.251005 0.923704 -0.289425 -0.609993 -0.933222 0.310331 0.181086 -0.233385 0.257087 0.224645 0.939915 0.382973 
1535379849227 0.251195 0.923678 -0.289343 -0.609828 -0.933153 0.310511 0.181131 -0.233283 0.257151 0.224502 0.939932 0.38302 
1535379849480 0.251242 0.923628 -0.289462 -0.609552 -0.933194 0.310532 0.180885 -0.233033 0.256957 0.224678 0.939943 0.383114 
1535379849657 0.251427 0.923542 -0.289578 -0.609203 -0.933133 0.310741 0.180839 -0.232903 0.256996 0.224747 0.939916 0.383203 
1535379849836 0.251696 0.923494 -0.289496 -0.608831 -0.933057 0.310984 0.180816 -0.232775 0.257011 0.224605 0.939946 0.383299 
1535379850012 0.25174 0.923493 -0.289462 -0.608527 -0.933094 0.310976 0.180636 -0.232513 0.256832 0.224622 0.939991 0.383394 
1535379850253 0.251831 0.923454 -0.289508 -0.607873 -0.933053 0.311086 0.180659 -0.232074 0.256892 0.22463 0.939972 0.383561 
1535379850431 0.252228 0.923353 -0.289484 -0.607508 -0.932957 0.31145 0.180527 -0.231947 0.256849 0.224542 0.940005 0.383686 
1535379850446 0.252167 0.923379 -0.289453 -0.607471 -0.932977 0.311382 0.180539 -0.23189 0.256837 0.224527 0.940012 0.3837 
1535379850462 0.252078 0.923416 -0.289414 -0.607411 -0.933006 0.311285 0.180556 -0.231814 0.256818 0.224511 0.940021 0.383719 
1535379850799 0.251921 0.923662 -0.288764 -0.607011 -0.933052 0.311007 0.180803 -0.231623 0.256808 0.223884 0.940173 0.383792 
1535379850991 0.252254 0.923627 -0.288585 -0.606615 -0.932968 0.311282 0.180757 -0.23157 0.256784 0.223644 0.940237 0.383857 
1535379851172 0.252205 0.923739 -0.288269 -0.606276 -0.933008 0.311151 0.180779 -0.231306 0.256688 0.223364 0.94033 0.383959 
1535379851352 0.252377 0.923775 -0.288004 -0.605896 -0.932985 0.311242 0.18074 -0.231179 0.256602 0.223089 0.940419 0.384057 
1535379851537 0.25239 0.923856 -0.287731 -0.605521 -0.933004 0.311182 0.180747 -0.230971 0.256521 0.222835 0.940501 0.384144 
1535379851772 0.252141 0.924103 -0.287155 -0.604861 -0.933127 0.310783 0.180796 -0.230471 0.256317 0.222366 0.940667 0.384323 
1535379851798 0.252159 0.924122 -0.287079 -0.604751 -0.933128 0.31078 0.180795 -0.230417 0.256295 0.222292 0.940691 0.384347 
1535379851939 0.252712 0.923985 -0.287036 -0.604616 -0.932978 0.311299 0.18068 -0.230568 0.2563 0.222138 0.940726 0.384389 
1535379851966 0.252719 0.923975 -0.28706 -0.604685 -0.932971 0.311315 0.180685 -0.230576 0.256315 0.222156 0.940717 0.384381 
1535379852105 0.251946 0.924258 -0.286828 -0.604667 -0.933227 0.310492 0.180779 -0.230329 0.256144 0.222129 0.94077 0.384398 
1535379852142 0.252119 0.924361 -0.286345 -0.604439 -0.933162 0.310579 0.180967 -0.230277 0.256212 0.221581 0.940881 0.384434 
1535379852281 0.252523 0.92435 -0.286023 -0.604169 -0.933026 0.310924 0.181078 -0.230332 0.256311 0.22114 0.940958 0.384466 
1535379852318 0.252413 0.924445 -0.285813 -0.60405 -0.933078 0.310759 0.181093 -0.230222 0.25623 0.220975 0.941019 0.38449 
1535379852409 0.252364 0.924569 -0.285456 -0.603847 -0.933079 0.310653 0.181269 -0.230169 0.256273 0.220607 0.941093 0.384499 
1535379852484 0.252454 0.92464 -0.285144 -0.60365 -0.933062 0.310671 0.181323 -0.230122 0.256245 0.220281 0.941177 0.384512 
1535379852554 0.252298 0.924784 -0.284815 -0.603503 -0.933122 0.310443 0.181409 -0.229964 0.256183 0.219998 0.94126 0.384539 
1535379852572 0.252278 0.924808 -0.284756 -0.603468 -0.933126 0.310413 0.181438 -0.229943 0.256187 0.21994 0.941273 0.384544 
1535379852585 0.252287 0.924822 -0.284704 -0.603433 -0.933121 0.310413 0.181462 -0.229934 0.256195 0.219883 0.941284 0.384548 
1535379852719 0.25254 0.924849 -0.284389 -0.603209 -0.933055 0.310591 0.181498 -0.229964 0.256187 0.219515 0.941372 0.384573 
1535379852781 0.252895 0.924719 -0.284497 -0.60341 -0.932951 0.310957 0.181407 -0.230088 0.256217 0.219544 0.941357 0.3845 
1535379852904 0.25253 0.925 -0.283907 -0.603401 -0.933167 0.310393 0.181262 -0.229886 0.25579 0.219158 0.941563 0.384436 
1535379852976 0.252991 0.925027 -0.28341 -0.603274 -0.933085 0.310698 0.181159 -0.229826 0.255632 0.218614 0.941733 0.384385 
1535379853068 0.253155 0.925151 -0.282856 -0.603144 -0.93312 0.310678 0.181013 -0.229728 0.255342 0.218114 0.941927 0.384294 
1535379853141 0.253395 0.925275 -0.282237 -0.603001 -0.933071 0.310773 0.181104 -0.229671 0.255283 0.217456 0.942095 0.384291 
1535379853224 0.253491 0.925439 -0.281609 -0.602859 -0.933133 0.310667 0.180966 -0.229587 0.25496 0.216906 0.94231 0.384291 
1535379853338 0.253618 0.925586 -0.281012 -0.602693 -0.93315 0.310627 0.180947 -0.229432 0.254772 0.216335 0.942492 0.384215 
1535379853390 0.25373 0.925701 -0.280534 -0.602602 -0.933155 0.31061 0.180948 -0.229384 0.254641 0.21587 0.942634 0.384216 
1535379853409 0.253886 0.925739 -0.280266 -0.602553 -0.933124 0.310697 0.180961 -0.229362 0.2546 0.215579 0.942711 0.384219 
1535379853572 0.254109 0.92568 -0.280259 -0.602617 -0.933168 0.31082 0.180523 -0.229494 0.254217 0.215656 0.942797 0.384193 
1535379853737 0.254156 0.925881 -0.27955 -0.602676 -0.933307 0.310598 0.180186 -0.229352 0.253658 0.215111 0.943072 0.384053 
1535379853780 0.254576 0.925936 -0.278988 -0.602692 -0.933314 0.310787 0.179825 -0.229373 0.253212 0.214604 0.943307 0.384006 
1535379854070 0.254768 0.926117 -0.278211 -0.602785 -0.933481 0.310632 0.179221 -0.229257 0.2524 0.214045 0.943652 0.383841 
1535379854231 0.255122 0.926207 -0.277586 -0.602724 -0.933459 0.310787 0.179068 -0.229273 0.252124 0.213431 0.943865 0.383939 
1535379854299 0.255512 0.926345 -0.276765 -0.602753 -0.933532 0.310849 0.178578 -0.22923 0.251457 0.21274 0.944199 0.383842 
1535379854608 0.255709 0.926584 -0.275782 -0.602794 -0.933702 0.310659 0.178023 -0.22912 0.250627 0.211976 0.944591 0.383748 
1535379854830 0.256089 0.926652 -0.2752 -0.602787 -0.933716 0.31081 0.177682 -0.229114 0.250184 0.211456 0.944825 0.383649 
1535379854897 0.256117 0.926658 -0.275152 -0.6028 -0.933733 0.310807 0.1776 -0.229101 0.250093 0.211432 0.944854 0.383613 
1535379856030 0.250675 0.926377 -0.281049 -0.588549 -0.935126 0.306809 0.177222 -0.22257 0.250403 0.218391 0.943188 0.393245 
1535379857014 0.246005 0.925744 -0.287192 -0.574074 -0.936235 0.303646 0.176813 -0.216142 0.250888 0.225382 0.941413 0.403258 
1535379857975 0.241229 0.925064 -0.293369 -0.559598 -0.93739 0.300357 0.176309 -0.209665 0.251213 0.23247 0.939601 0.413273 
1535379858922 0.236332 0.92427 -0.299788 -0.545208 -0.938571 0.296988 0.175732 -0.203278 0.251457 0.239841 0.937681 0.423223 
1535379859828 0.231729 0.923467 -0.305794 -0.530686 -0.939652 0.293828 0.175268 -0.196905 0.251706 0.246725 0.935826 0.4334 
1535379860737 0.226946 0.922673 -0.31172 -0.51623 -0.940785 0.290459 0.174807 -0.190447 0.251832 0.25359 0.933956 0.443412 
1535379861590 0.222347 0.92171 -0.317825 -0.501749 -0.941822 0.287332 0.174391 -0.184089 0.25206 0.260559 0.931974 0.453517 
1535379862785 0.212854 0.919608 -0.330173 -0.472871 -0.943942 0.280802 0.173562 -0.171279 0.252322 0.274721 0.927826 0.473631 
1535379864543 0.213623 0.919381 -0.33031 -0.472539 -0.943633 0.281697 0.173793 -0.171303 0.252829 0.274565 0.927734 0.474148 
1535379864855 0.212278 0.919623 -0.330503 -0.471674 -0.94406 0.280335 0.173673 -0.170694 0.252366 0.275148 0.927688 0.474449 
1535379865153 0.211656 0.919444 -0.331397 -0.470254 -0.944205 0.279914 0.173566 -0.170002 0.252347 0.27617 0.927389 0.475408 
1535379865440 0.211234 0.919326 -0.331993 -0.468745 -0.944279 0.279653 0.173585 -0.169395 0.252424 0.276827 0.927173 0.476473 
1535379865738 0.210764 0.919241 -0.332526 -0.467276 -0.944394 0.279302 0.173526 -0.16871 0.252387 0.277463 0.926993 0.47754 
1535379866128 0.209767 0.918996 -0.333833 -0.464338 -0.944565 0.278669 0.17361 -0.167383 0.252576 0.27891 0.926507 0.479583 
1535379866414 0.210059 0.918673 -0.334537 -0.462789 -0.944445 0.279137 0.173512 -0.166911 0.252783 0.279504 0.926271 0.480768 
1535379866819 0.2093 0.918437 -0.335659 -0.459806 -0.944581 0.278673 0.173519 -0.165675 0.252905 0.280739 0.925864 0.48292 
1535379871247 0.209202 0.918406 -0.335806 -0.459522 -0.944596 0.278616 0.173528 -0.165516 0.25293 0.280899 0.925809 0.483122 
