1530647418755 0.182642 0.753688 -0.631345 -0.651162 -0.965048 0.260183 0.0314218 -0.226785 0.187948 0.60354 0.774865 0.444478 
1530647425573 0.18263 0.753702 -0.631332 -0.65116 -0.965047 0.260183 0.0314476 -0.226781 0.187964 0.603522 0.774875 0.444479 
1530647426107 0.185369 0.751373 -0.633306 -0.64672 -0.963776 0.264782 0.032047 -0.22607 0.191767 0.604425 0.773237 0.444762 
1530647426681 0.188168 0.749031 -0.635253 -0.642255 -0.962449 0.269489 0.0326703 -0.225346 0.195665 0.605251 0.771613 0.445042 
1530647427424 0.193804 0.744182 -0.639244 -0.633285 -0.95975 0.278834 0.0336338 -0.224042 0.203273 0.606996 0.768268 0.445502 
1530647427947 0.196594 0.741712 -0.64126 -0.628819 -0.958346 0.283558 0.0341729 -0.223344 0.207181 0.607831 0.766562 0.445721 
1530647428544 0.199481 0.73933 -0.643116 -0.624279 -0.956934 0.288242 0.0345445 -0.22267 0.210913 0.608529 0.764989 0.446048 
1530647429083 0.202257 0.736867 -0.645073 -0.619837 -0.955467 0.293 0.0351169 -0.221987 0.214883 0.609243 0.763314 0.446304 
1530647429609 0.204881 0.734441 -0.647009 -0.615386 -0.954081 0.297435 0.0355111 -0.221323 0.218524 0.610023 0.761655 0.446544 
1530647430112 0.207721 0.731879 -0.649003 -0.611144 -0.952548 0.302256 0.035979 -0.220834 0.222497 0.610732 0.759935 0.44675 
1530647430126 0.207705 0.731912 -0.648971 -0.611124 -0.952559 0.302222 0.0359773 -0.220827 0.222465 0.61071 0.759962 0.44677 
1530647430375 0.208014 0.731528 -0.649305 -0.610681 -0.952383 0.30277 0.0360014 -0.220748 0.222926 0.610899 0.759676 0.446698 
1530647430607 0.208493 0.731356 -0.649345 -0.610163 -0.952197 0.303364 0.035944 -0.220736 0.223276 0.61081 0.759644 0.44684 
1530647430835 0.208694 0.730967 -0.649718 -0.6097 -0.952073 0.303752 0.0359249 -0.220646 0.223613 0.611082 0.759326 0.44676 
1530647431075 0.208807 0.730826 -0.649841 -0.609244 -0.951941 0.30414 0.0361638 -0.220446 0.224072 0.611059 0.75921 0.446803 
1530647431374 0.209188 0.730483 -0.650103 -0.60832 -0.951717 0.304826 0.0362752 -0.220269 0.224667 0.611126 0.758979 0.446923 
1530647431621 0.209695 0.730001 -0.650482 -0.607795 -0.951478 0.305579 0.0362092 -0.220273 0.225207 0.611327 0.758658 0.446866 
1530647431880 0.209888 0.729863 -0.650575 -0.607326 -0.951371 0.305907 0.0362582 -0.220154 0.225479 0.611327 0.758576 0.447035 
1530647432165 0.210162 0.729534 -0.650855 -0.606882 -0.951161 0.306535 0.0364588 -0.220075 0.226108 0.611406 0.758326 0.44696 
1530647432242 0.210122 0.729556 -0.650843 -0.606887 -0.951157 0.306539 0.0365346 -0.220051 0.226163 0.611377 0.758333 0.446992 
1530647432548 0.208343 0.730229 -0.650661 -0.606806 -0.952094 0.303683 0.0359565 -0.220572 0.223851 0.611999 0.758517 0.447074 
1530647432854 0.20619 0.73101 -0.650469 -0.606777 -0.953081 0.300603 0.0357105 -0.220924 0.221638 0.612586 0.758693 0.447142 
1530647433201 0.204091 0.731771 -0.650275 -0.606735 -0.954082 0.297457 0.0352942 -0.221414 0.219256 0.613213 0.758878 0.447179 
1530647433481 0.202179 0.732529 -0.65002 -0.606653 -0.955005 0.294532 0.0348778 -0.221841 0.217 0.61372 0.759117 0.447327 
1530647433812 0.200216 0.733174 -0.6499 -0.606576 -0.955911 0.291623 0.0345004 -0.222334 0.214821 0.614339 0.759236 0.447397 
1530647434114 0.198225 0.733989 -0.64959 -0.606507 -0.956875 0.288503 0.0339929 -0.222758 0.212359 0.614838 0.759525 0.447515 
1530647434402 0.19615 0.734661 -0.649461 -0.606456 -0.957795 0.285475 0.0336529 -0.223163 0.210128 0.615449 0.75965 0.447539 
1530647434687 0.19416 0.735455 -0.64916 -0.606394 -0.958714 0.282424 0.0332209 -0.223637 0.207771 0.615908 0.759926 0.447677 
1530647434975 0.191963 0.736176 -0.648995 -0.606371 -0.959639 0.279294 0.0329664 -0.223965 0.20553 0.616473 0.760078 0.447739 
1530647435019 0.191892 0.736211 -0.648977 -0.606379 -0.959668 0.279195 0.0329658 -0.223979 0.205461 0.616477 0.760093 0.447744 
1530647435264 0.190811 0.736367 -0.649119 -0.606384 -0.960097 0.277732 0.0328383 -0.224174 0.204462 0.616951 0.759978 0.4478 
1530647435537 0.18971 0.73651 -0.649279 -0.606376 -0.960575 0.27611 0.0325395 -0.224427 0.203238 0.617508 0.759854 0.447848 
1530647435772 0.188635 0.736694 -0.649383 -0.606371 -0.961091 0.274363 0.032071 -0.224632 0.201793 0.618066 0.759785 0.447893 
1530647436005 0.187503 0.736928 -0.649445 -0.606344 -0.961562 0.272734 0.0318572 -0.224883 0.200602 0.618508 0.759741 0.448007 
1530647436262 0.186505 0.737099 -0.64954 -0.606344 -0.962035 0.271111 0.0314248 -0.225134 0.199261 0.619019 0.759678 0.448097 
1530647436529 0.185336 0.737315 -0.649629 -0.606313 -0.962497 0.269484 0.0312633 -0.225436 0.198116 0.619472 0.759608 0.44819 
1530647436783 0.18438 0.737459 -0.649738 -0.606268 -0.962941 0.26794 0.0308551 -0.225661 0.196845 0.61997 0.759532 0.448256 
1530647437030 0.183128 0.737675 -0.649846 -0.606292 -0.963442 0.26616 0.0306324 -0.225853 0.19556 0.620479 0.759448 0.448355 
1530647437278 0.182035 0.737737 -0.650083 -0.606293 -0.963899 0.264539 0.030299 -0.226093 0.194325 0.621098 0.759259 0.448368 
1530647437296 0.182065 0.737711 -0.650104 -0.60629 -0.963895 0.264557 0.0302644 -0.226117 0.194316 0.621122 0.759242 0.448367 
1530647437584 0.181667 0.737796 -0.650118 -0.606295 -0.964048 0.264005 0.0302187 -0.226172 0.193929 0.621255 0.759232 0.44836 
1530647437766 0.181308 0.737783 -0.650234 -0.606304 -0.964139 0.263658 0.0303227 -0.226215 0.193811 0.621418 0.759129 0.448353 
1530647437984 0.181045 0.737963 -0.650103 -0.606271 -0.964247 0.263266 0.0303166 -0.226329 0.193523 0.621371 0.759241 0.448395 
1530647438156 0.180589 0.738037 -0.650145 -0.60626 -0.964415 0.262654 0.0302786 -0.226411 0.19311 0.621541 0.759207 0.448366 
1530647438312 0.180292 0.738154 -0.650094 -0.606261 -0.964532 0.262226 0.0302514 -0.226489 0.192802 0.621583 0.759251 0.448414 
1530647438533 0.179641 0.738369 -0.650031 -0.606326 -0.964731 0.261476 0.0304001 -0.226499 0.192414 0.621644 0.759299 0.448481 
1530647438758 0.179222 0.738408 -0.650102 -0.606236 -0.964947 0.260712 0.0301063 -0.226788 0.19172 0.621919 0.75925 0.448421 
1530647439010 0.178557 0.738474 -0.650211 -0.606285 -0.965129 0.260019 0.0302774 -0.226751 0.191426 0.622131 0.75915 0.448373 
1530647439024 0.178555 0.738473 -0.650212 -0.606286 -0.965129 0.260019 0.0302794 -0.226751 0.191428 0.622131 0.759149 0.448373 
1530647439254 0.178516 0.738622 -0.650053 -0.606233 -0.965107 0.260077 0.0304766 -0.226848 0.191575 0.62193 0.759277 0.448381 
1530647439408 0.178289 0.738811 -0.649901 -0.606271 -0.965161 0.259858 0.0306334 -0.226823 0.191514 0.621798 0.759401 0.448366 
1530647439578 0.178084 0.739025 -0.649714 -0.606277 -0.965196 0.259702 0.0308455 -0.226927 0.191528 0.621608 0.759553 0.448352 
1530647439728 0.177938 0.739178 -0.64958 -0.606251 -0.965207 0.259638 0.0310534 -0.226935 0.191609 0.621453 0.759659 0.44834 
1530647439925 0.177855 0.739401 -0.649349 -0.606206 -0.965202 0.259631 0.0312699 -0.227048 0.191712 0.621191 0.759848 0.448338 
1530647440065 0.177832 0.739482 -0.649263 -0.606186 -0.965196 0.25964 0.0313533 -0.227137 0.19176 0.62109 0.759918 0.448302 
1530647440245 0.177612 0.739763 -0.649003 -0.606185 -0.965211 0.259544 0.0316911 -0.227145 0.191889 0.620797 0.760125 0.448305 
1530647440505 0.177369 0.739975 -0.648827 -0.606205 -0.965277 0.259281 0.0318278 -0.227175 0.19178 0.620653 0.76027 0.448296 
1530647440743 0.177178 0.740149 -0.648681 -0.606167 -0.965265 0.25928 0.0321922 -0.227254 0.192017 0.620446 0.760379 0.448272 
1530647440756 0.17718 0.740143 -0.648688 -0.606167 -0.965266 0.259279 0.0321847 -0.227258 0.192013 0.620454 0.760374 0.448269 
1530647440773 0.17718 0.740138 -0.648693 -0.606168 -0.965267 0.259278 0.03218 -0.227263 0.192009 0.62046 0.760369 0.448265 
1530647440959 0.17717 0.740095 -0.648745 -0.606184 -0.965295 0.259187 0.0320657 -0.227258 0.191878 0.620549 0.76033 0.448264 
1530647441104 0.177096 0.740037 -0.648831 -0.606197 -0.965315 0.259113 0.0320566 -0.227246 0.191843 0.620649 0.760257 0.448295 
1530647441212 0.177048 0.740012 -0.648873 -0.6062 -0.965332 0.25905 0.032039 -0.227227 0.191799 0.620706 0.760222 0.448307 
1530647441311 0.17702 0.740012 -0.64888 -0.606206 -0.965349 0.258991 0.0320096 -0.227201 0.191742 0.62073 0.760217 0.448315 
1530647441510 0.17717 0.739912 -0.648953 -0.606176 -0.965346 0.259032 0.0317894 -0.227225 0.191621 0.620832 0.760164 0.448313 
1530647441642 0.177136 0.739919 -0.648955 -0.606183 -0.96536 0.25898 0.0317801 -0.227184 0.191581 0.620846 0.760163 0.448323 
1530647441770 0.1771 0.739928 -0.648954 -0.606189 -0.965373 0.258932 0.03178 -0.227154 0.19155 0.620854 0.760163 0.448348 
1530647441917 0.177137 0.739836 -0.649049 -0.6062 -0.965382 0.258911 0.0316571 -0.227154 0.191467 0.620973 0.760088 0.448348 
1530647441931 0.177143 0.739833 -0.649052 -0.6062 -0.965384 0.258907 0.0316419 -0.227155 0.191454 0.620979 0.760086 0.448353 
1530647441947 0.177147 0.739833 -0.64905 -0.6062 -0.965385 0.258903 0.0316314 -0.227155 0.191443 0.62098 0.760088 0.448359 
1530647441964 0.177149 0.739834 -0.649049 -0.6062 -0.965386 0.2589 0.0316242 -0.227154 0.191435 0.620981 0.760089 0.448363 
1530647442118 0.177139 0.739841 -0.649043 -0.6062 -0.965389 0.25889 0.0316311 -0.227152 0.191433 0.620975 0.760094 0.448367 
1530647442289 0.177122 0.739854 -0.649033 -0.606199 -0.96539 0.258883 0.0316526 -0.227147 0.191442 0.620964 0.760101 0.448369 
1530647442379 0.177107 0.739866 -0.649024 -0.606198 -0.96539 0.258879 0.0316756 -0.227143 0.191454 0.620951 0.760109 0.448371 
1530647442512 0.177092 0.739877 -0.649015 -0.606198 -0.965391 0.258874 0.0316974 -0.227139 0.191465 0.62094 0.760115 0.448373 
1530647442649 0.177069 0.7399 -0.648995 -0.606196 -0.965389 0.258877 0.0317452 -0.227133 0.191498 0.620911 0.76013 0.448379 
1530647442754 0.177059 0.739913 -0.648983 -0.606194 -0.965386 0.258884 0.0317746 -0.22713 0.191522 0.620893 0.760139 0.448387 
1530647442845 0.177054 0.739921 -0.648975 -0.606193 -0.965383 0.258892 0.0317958 -0.227128 0.191541 0.62088 0.760145 0.448393 
1530647442859 0.177056 0.739922 -0.648973 -0.606192 -0.965381 0.258898 0.031802 -0.227128 0.191549 0.620876 0.760146 0.448397 
1530647443106 0.177053 0.739916 -0.648981 -0.606188 -0.965374 0.258922 0.0318313 -0.22713 0.191588 0.620874 0.760138 0.448409 
1530647443253 0.17692 0.73978 -0.649172 -0.606207 -0.965362 0.258945 0.0319955 -0.227116 0.191769 0.621025 0.759968 0.448401 
1530647443303 0.176949 0.739786 -0.649158 -0.606199 -0.96534 0.259019 0.0320458 -0.227125 0.191851 0.620988 0.759978 0.448436 
1530647443454 0.176979 0.739768 -0.64917 -0.606186 -0.965301 0.259153 0.0321564 -0.227138 0.192022 0.620953 0.759964 0.448494 
1530647443558 0.176948 0.73972 -0.649234 -0.606187 -0.96528 0.259218 0.0322596 -0.227137 0.192156 0.620984 0.759905 0.448518 
1530647443702 0.176933 0.739665 -0.6493 -0.606184 -0.965245 0.25933 0.0323942 -0.227141 0.192344 0.621002 0.759842 0.448555 
1530647443850 0.176905 0.739596 -0.649386 -0.606184 -0.965216 0.259422 0.0325163 -0.22714 0.192514 0.621046 0.759763 0.448568 
1530647443999 0.176863 0.739539 -0.649463 -0.606188 -0.965201 0.259468 0.032608 -0.227134 0.19263 0.621095 0.759694 0.448578 
1530647444236 0.176761 0.73938 -0.649672 -0.606199 -0.965172 0.259553 0.0327916 -0.227121 0.19287 0.621249 0.759507 0.448573 
1530647444250 0.176759 0.739376 -0.649676 -0.606199 -0.965171 0.259555 0.0327946 -0.227121 0.192874 0.621252 0.759504 0.448573 
1530647444358 0.176744 0.739358 -0.649701 -0.6062 -0.965168 0.259566 0.032821 -0.22712 0.192907 0.621269 0.759481 0.448574 
1530647444522 0.176641 0.739437 -0.649639 -0.606192 -0.965161 0.259567 0.0330125 -0.227098 0.193035 0.621175 0.759526 0.448583 
1530647444719 0.176568 0.73948 -0.64961 -0.606197 -0.965151 0.259583 0.0331607 -0.227103 0.19315 0.621117 0.759544 0.44857 
1530647444844 0.176522 0.739514 -0.649584 -0.606198 -0.96516 0.259546 0.0331999 -0.227116 0.193149 0.621092 0.759565 0.448572 
1530647445020 0.176361 0.739558 -0.649578 -0.606204 -0.965185 0.259435 0.0333232 -0.227137 0.193168 0.621086 0.759565 0.44854 
1530647445145 0.176277 0.739575 -0.649581 -0.606209 -0.965196 0.259386 0.0333954 -0.227134 0.19319 0.621086 0.759559 0.448518 
1530647445328 0.176161 0.739668 -0.649507 -0.606215 -0.965198 0.259355 0.0335744 -0.227152 0.193287 0.620989 0.759614 0.448516 
1530647445578 0.176021 0.739734 -0.64947 -0.606223 -0.965207 0.259302 0.0337471 -0.227143 0.193373 0.620932 0.759638 0.448495 
1530647445861 0.176034 0.739669 -0.649539 -0.606242 -0.965209 0.259299 0.0336937 -0.227154 0.193347 0.62101 0.759581 0.448463 
1530647445874 0.176034 0.739668 -0.649541 -0.606243 -0.965209 0.259299 0.0336944 -0.227154 0.193348 0.621012 0.759579 0.448462 
1530647446179 0.176081 0.739594 -0.649612 -0.606252 -0.965218 0.259282 0.0335687 -0.227169 0.19326 0.621106 0.759525 0.448446 
1530647446424 0.176258 0.739663 -0.649486 -0.606239 -0.965238 0.259244 0.0332924 -0.227197 0.193001 0.62104 0.759644 0.44847 
1530647446606 0.176187 0.739627 -0.649546 -0.606255 -0.965267 0.259141 0.0332538 -0.227182 0.192919 0.621126 0.759595 0.448472 
1530647446848 0.176224 0.739638 -0.649524 -0.606257 -0.965284 0.259091 0.0331432 -0.227176 0.1928 0.621134 0.759619 0.448491 
1530647447016 0.176261 0.739669 -0.649478 -0.606254 -0.965295 0.25906 0.0330635 -0.227164 0.19271 0.62111 0.759661 0.448495 
1530647447197 0.176335 0.739649 -0.649481 -0.606242 -0.965315 0.259008 0.0328811 -0.227169 0.192541 0.621156 0.759666 0.448459 
1530647447379 0.176294 0.739649 -0.649492 -0.606262 -0.965343 0.258911 0.0328238 -0.227125 0.192438 0.621196 0.75966 0.448445 
1530647447547 0.176316 0.73963 -0.649508 -0.606271 -0.965359 0.258866 0.032728 -0.227117 0.192342 0.621237 0.75965 0.448441 
1530647447565 0.176319 0.739628 -0.649509 -0.606272 -0.965359 0.258864 0.0327206 -0.227117 0.192336 0.62124 0.75965 0.448441 
1530647447582 0.176321 0.739627 -0.64951 -0.606272 -0.96536 0.258862 0.0327137 -0.227117 0.192329 0.621243 0.759649 0.448441 
1530647447773 0.176321 0.739574 -0.64957 -0.606281 -0.965363 0.258856 0.0326825 -0.227119 0.192316 0.621308 0.759599 0.448435 
1530647447907 0.176264 0.739494 -0.649676 -0.606292 -0.965353 0.258881 0.0327609 -0.227114 0.192415 0.621393 0.759505 0.448438 
1530647448014 0.176277 0.739483 -0.649685 -0.606291 -0.965343 0.258918 0.0327818 -0.227118 0.192457 0.621391 0.759496 0.448454 
1530647448185 0.176299 0.739454 -0.649712 -0.60629 -0.965328 0.258971 0.0327994 -0.227124 0.19251 0.621403 0.759472 0.448477 
1530647448398 0.176272 0.7394 -0.649781 -0.606299 -0.965326 0.258975 0.0328208 -0.22712 0.192545 0.621465 0.759412 0.448475 
1530647448501 0.176281 0.73936 -0.649825 -0.606301 -0.965312 0.259025 0.0328496 -0.227125 0.192608 0.621493 0.759374 0.448494 
1530647448626 0.176281 0.739205 -0.650001 -0.606315 -0.965291 0.259101 0.0328705 -0.227137 0.192714 0.621646 0.759222 0.44851 
1530647448663 0.176292 0.739182 -0.650024 -0.606313 -0.965287 0.259117 0.0328644 -0.22714 0.192725 0.621666 0.759203 0.448511 
1530647448678 0.176293 0.739177 -0.65003 -0.606312 -0.965286 0.25912 0.0328634 -0.227141 0.192728 0.621671 0.759198 0.448511 
1530647448846 0.176349 0.739141 -0.650055 -0.606311 -0.965284 0.259137 0.0327859 -0.227153 0.192687 0.621706 0.75918 0.448513 
1530647449004 0.176574 0.73919 -0.649938 -0.606309 -0.965282 0.259177 0.0325217 -0.22717 0.192489 0.621631 0.759291 0.4485 
1530647449143 0.176601 0.739164 -0.64996 -0.606344 -0.965303 0.259115 0.0323946 -0.227169 0.192359 0.621687 0.759278 0.44849 
1530647449357 0.176817 0.739129 -0.649942 -0.606371 -0.965276 0.25924 0.0322104 -0.227171 0.192299 0.621678 0.759301 0.44852 
1530647449489 0.176863 0.739145 -0.649911 -0.606383 -0.965305 0.259151 0.0320399 -0.22717 0.192107 0.621696 0.759334 0.448492 
1530647449701 0.176891 0.739316 -0.649708 -0.60646 -0.965402 0.258833 0.0316891 -0.227124 0.191595 0.621624 0.759523 0.448463 
1530647449823 0.17691 0.739293 -0.64973 -0.606501 -0.96541 0.258812 0.031625 -0.22709 0.191538 0.621661 0.759507 0.448446 
1530647449992 0.177056 0.739237 -0.649754 -0.606542 -0.965401 0.258865 0.0314467 -0.227071 0.191445 0.621706 0.759494 0.448439 
1530647450009 0.177063 0.739244 -0.649744 -0.606544 -0.965404 0.258856 0.0314292 -0.227071 0.191424 0.621701 0.759503 0.448443 
1530647450317 0.176969 0.739307 -0.649698 -0.606612 -0.965429 0.25876 0.0314791 -0.227039 0.191389 0.621666 0.75954 0.44848 
1530647450585 0.176859 0.739201 -0.649849 -0.606634 -0.965424 0.258764 0.0315988 -0.227026 0.191515 0.621791 0.759407 0.448459 
1530647450774 0.176907 0.739185 -0.649854 -0.606633 -0.9654 0.258849 0.031624 -0.227063 0.19159 0.621774 0.759401 0.448454 
1530647450916 0.176788 0.739118 -0.649962 -0.606667 -0.965394 0.258854 0.031777 -0.227061 0.191732 0.621851 0.759302 0.448456 
1530647451153 0.176675 0.739078 -0.650038 -0.606715 -0.965382 0.258875 0.0319516 -0.227071 0.191893 0.62189 0.75923 0.448451 
1530647451303 0.17664 0.739109 -0.650012 -0.606733 -0.965368 0.258914 0.0320667 -0.227077 0.191998 0.621837 0.759247 0.448496 
1530647451469 0.176637 0.739131 -0.649989 -0.606745 -0.965341 0.259001 0.0321865 -0.227107 0.192138 0.621775 0.759262 0.448545 
1530647451592 0.176551 0.739092 -0.650056 -0.606772 -0.965336 0.259005 0.0323007 -0.22711 0.192241 0.62182 0.759199 0.448542 
1530647451778 0.176353 0.739126 -0.650071 -0.606842 -0.965346 0.258937 0.0325278 -0.227082 0.19237 0.621807 0.759177 0.448572 
1530647451794 0.176327 0.739119 -0.650086 -0.606849 -0.965347 0.258931 0.0325548 -0.227078 0.192389 0.621818 0.759163 0.448572 
1530647452060 0.176266 0.739364 -0.649824 -0.60691 -0.965375 0.258817 0.0326206 -0.227048 0.192304 0.621574 0.759384 0.448634 
1530647452266 0.176301 0.739353 -0.649827 -0.60694 -0.965372 0.258836 0.0325847 -0.227098 0.19229 0.62158 0.759383 0.448598 
1530647452430 0.176323 0.739356 -0.649818 -0.606971 -0.965347 0.258919 0.0326558 -0.227123 0.192395 0.621542 0.759388 0.448528 
1530647452590 0.176442 0.739447 -0.649682 -0.606993 -0.965343 0.258947 0.0325562 -0.227199 0.192307 0.621421 0.759509 0.44847 
1530647452790 0.176229 0.739558 -0.649613 -0.607093 -0.965387 0.258762 0.0326968 -0.227128 0.192277 0.621366 0.759561 0.448444 
1530647452971 0.176124 0.739805 -0.649361 -0.607147 -0.965411 0.258657 0.0328387 -0.227077 0.192256 0.621116 0.759771 0.448445 
1530647453095 0.176091 0.739871 -0.649294 -0.607194 -0.965401 0.258679 0.0329456 -0.227081 0.192335 0.621028 0.759823 0.448434 
1530647453235 0.17619 0.739935 -0.649195 -0.607235 -0.965367 0.258802 0.0329773 -0.22717 0.192414 0.620901 0.759907 0.448426 
1530647453376 0.176202 0.740035 -0.649077 -0.607264 -0.965374 0.258777 0.0329743 -0.22715 0.192368 0.620792 0.760008 0.448398 
1530647453391 0.176203 0.74004 -0.649071 -0.607265 -0.965374 0.258776 0.0329746 -0.227149 0.192367 0.620787 0.760013 0.448395 
1530647453600 0.176187 0.74005 -0.649064 -0.607304 -0.965376 0.258767 0.0329913 -0.227134 0.192371 0.620778 0.760018 0.448363 
1530647453776 0.176155 0.740056 -0.649066 -0.607365 -0.965382 0.258741 0.0330098 -0.227122 0.192369 0.620782 0.760015 0.448366 
1530647454050 0.176361 0.739922 -0.649163 -0.607413 -0.965361 0.258851 0.032777 -0.227217 0.192289 0.620896 0.759943 0.448352 
1530647454198 0.176253 0.740009 -0.649093 -0.607467 -0.965364 0.258818 0.0329381 -0.227212 0.192371 0.620805 0.759996 0.448367 
1530647454362 0.176299 0.740007 -0.649083 -0.607541 -0.965339 0.258906 0.0329755 -0.227193 0.192454 0.620772 0.760002 0.44838 
1530647454470 0.176416 0.739891 -0.649183 -0.607585 -0.965337 0.25894 0.0327904 -0.227216 0.192361 0.620895 0.759925 0.448367 
1530647454622 0.176363 0.73995 -0.64913 -0.607641 -0.965331 0.258947 0.0329039 -0.227199 0.192437 0.620822 0.759966 0.448384 
1530647454783 0.176339 0.739964 -0.649121 -0.607704 -0.965342 0.258906 0.0328955 -0.227193 0.192403 0.620823 0.759974 0.448404 
1530647454915 0.176367 0.739968 -0.649109 -0.607761 -0.965333 0.258942 0.0329006 -0.227182 0.192427 0.620803 0.759984 0.448422 
1530647454929 0.176365 0.739972 -0.649104 -0.607768 -0.965331 0.258944 0.0329088 -0.227179 0.192434 0.620797 0.759987 0.448424 
1530647455028 0.176336 0.74 -0.649081 -0.607806 -0.965333 0.258934 0.0329521 -0.227163 0.192454 0.620768 0.760006 0.448437 
1530647455177 0.17627 0.740062 -0.649028 -0.607924 -0.965334 0.258917 0.0330578 -0.227115 0.192509 0.620701 0.760046 0.448475 
1530647455398 0.176393 0.739901 -0.649177 -0.607954 -0.965353 0.258884 0.0327598 -0.227155 0.1923 0.620907 0.759931 0.448432 
1530647455537 0.176228 0.739985 -0.649127 -0.608031 -0.965381 0.25876 0.0328925 -0.227128 0.192308 0.620858 0.759969 0.448443 
1530647455790 0.176226 0.73992 -0.649202 -0.608156 -0.965382 0.258762 0.0328668 -0.227128 0.192307 0.620936 0.759906 0.448423 
1530647455970 0.176288 0.739881 -0.64923 -0.608166 -0.965355 0.25886 0.0328769 -0.227131 0.192385 0.620941 0.759882 0.448399 
1530647456119 0.176275 0.739889 -0.649224 -0.608236 -0.965358 0.258848 0.032886 -0.227129 0.192382 0.620936 0.759886 0.448414 
1530647456217 0.176289 0.73989 -0.649218 -0.608286 -0.965357 0.258855 0.0328733 -0.22714 0.192376 0.620932 0.759891 0.448429 
1530647456323 0.176272 0.739901 -0.649211 -0.608348 -0.965362 0.258834 0.0328785 -0.227137 0.192365 0.620929 0.759897 0.448443 
1530647456337 0.176271 0.739901 -0.649211 -0.608356 -0.965363 0.258832 0.0328775 -0.227137 0.192363 0.620929 0.759897 0.448445 
1530647456416 0.1763 0.739882 -0.649225 -0.608389 -0.96536 0.258847 0.0328437 -0.227137 0.19235 0.620945 0.759887 0.448447 
1530647456570 0.176345 0.739839 -0.649261 -0.608499 -0.965381 0.258789 0.0326874 -0.227117 0.192205 0.62102 0.759863 0.448435 
1530647456902 0.176311 0.740011 -0.649075 -0.608601 -0.965405 0.258697 0.0327038 -0.227073 0.192115 0.620854 0.760021 0.448425 
1530647457065 0.176415 0.739899 -0.649174 -0.608632 -0.965415 0.258687 0.0324849 -0.227094 0.191968 0.620992 0.759946 0.448395 
1530647457210 0.176483 0.73986 -0.649201 -0.608708 -0.965406 0.258729 0.0324167 -0.227084 0.191951 0.621021 0.759926 0.44839 
1530647457358 0.176499 0.739899 -0.649151 -0.608789 -0.965412 0.25871 0.0323896 -0.227067 0.191907 0.620982 0.759969 0.448376 
1530647457517 0.176569 0.739893 -0.649139 -0.608864 -0.965414 0.258716 0.0322892 -0.227066 0.191833 0.620986 0.759984 0.448353 
1530647457702 0.176798 0.739878 -0.649094 -0.608914 -0.965396 0.258811 0.0320572 -0.227093 0.191711 0.620965 0.760032 0.448347 
1530647457844 0.17686 0.739832 -0.649129 -0.60899 -0.965394 0.258829 0.0319659 -0.227097 0.191663 0.621012 0.760006 0.44835 
1530647457860 0.176853 0.739834 -0.64913 -0.609008 -0.965398 0.258816 0.031962 -0.227093 0.191652 0.621016 0.760006 0.448353 
1530647457932 0.176828 0.739854 -0.649114 -0.609045 -0.965403 0.258795 0.0319822 -0.227082 0.19165 0.621001 0.760019 0.448357 
1530647458132 0.176898 0.739894 -0.649048 -0.60917 -0.965379 0.258881 0.032002 -0.227059 0.191704 0.620916 0.760074 0.448361 
1530647458265 0.176894 0.739941 -0.648996 -0.609214 -0.965393 0.258833 0.0319703 -0.227061 0.191637 0.620881 0.76012 0.448354 
1530647458425 0.176791 0.740001 -0.648956 -0.60934 -0.965407 0.258766 0.0320699 -0.227026 0.19166 0.620838 0.76015 0.448326 
1530647458621 0.177016 0.739938 -0.648966 -0.609383 -0.965346 0.259004 0.0319977 -0.227047 0.191761 0.620812 0.760144 0.448287 
1530647458816 0.177043 0.739924 -0.648975 -0.609476 -0.965342 0.259024 0.0319748 -0.227038 0.191759 0.620822 0.760137 0.44826 
1530647459031 0.176986 0.740021 -0.64888 -0.609671 -0.965349 0.258984 0.0320564 -0.227018 0.191772 0.620722 0.760215 0.448269 
1530647459204 0.177246 0.739963 -0.648875 -0.60967 -0.965308 0.259161 0.0318597 -0.2271 0.191738 0.620718 0.760228 0.448259 
1530647459218 0.177251 0.739968 -0.648867 -0.609676 -0.965308 0.259163 0.0318573 -0.227105 0.191736 0.62071 0.760234 0.448262 
1530647459403 0.177277 0.740046 -0.648771 -0.609724 -0.965306 0.259172 0.0318639 -0.227168 0.191724 0.620614 0.760316 0.448288 
1530647459638 0.177182 0.740256 -0.648558 -0.609871 -0.965301 0.25916 0.0320884 -0.227084 0.191834 0.620368 0.760489 0.448332 
1530647459804 0.177189 0.740262 -0.648549 -0.609934 -0.965299 0.259169 0.0320912 -0.227071 0.19184 0.620357 0.760496 0.448253 
1530647459936 0.177089 0.740313 -0.648518 -0.61003 -0.965317 0.259092 0.0321691 -0.227084 0.191841 0.620329 0.760519 0.448194 
1530647460115 0.177171 0.740388 -0.648411 -0.610106 -0.965305 0.259138 0.0321381 -0.227139 0.191823 0.62022 0.760612 0.448178 
1530647460282 0.177184 0.74051 -0.648268 -0.610201 -0.965295 0.25917 0.0322127 -0.227129 0.191865 0.620062 0.760731 0.448208 
1530647460424 0.177076 0.740641 -0.648147 -0.610318 -0.965309 0.259098 0.0323467 -0.227099 0.191891 0.619935 0.760828 0.44822 
1530647460612 0.176868 0.740683 -0.648156 -0.610443 -0.965344 0.25895 0.0324944 -0.227038 0.191908 0.619946 0.760814 0.448126 
1530647460812 0.176841 0.740776 -0.648057 -0.610559 -0.965338 0.258961 0.0325907 -0.227082 0.191964 0.61983 0.760894 0.448105 
1530647460826 0.176861 0.740775 -0.648053 -0.610558 -0.965334 0.258977 0.0325801 -0.22709 0.191965 0.619826 0.760898 0.448105 
1530647461018 0.176868 0.740836 -0.647982 -0.610613 -0.965335 0.258971 0.0325915 -0.227109 0.191954 0.619755 0.760958 0.448093 
1530647461157 0.176887 0.740954 -0.647842 -0.610675 -0.965347 0.258929 0.0325654 -0.227094 0.191874 0.619632 0.761078 0.44809 
1530647461302 0.176934 0.741046 -0.647724 -0.610761 -0.965356 0.258902 0.0325049 -0.227076 0.191785 0.619533 0.761182 0.448073 
1530647461459 0.176909 0.741093 -0.647676 -0.610858 -0.965363 0.258875 0.032531 -0.227039 0.191776 0.619487 0.761221 0.448006 
1530647461598 0.176846 0.741139 -0.647641 -0.610951 -0.965385 0.258791 0.0325422 -0.227024 0.191722 0.619468 0.76125 0.447942 
1530647461784 0.176942 0.74135 -0.647373 -0.611093 -0.965398 0.258752 0.0324496 -0.227036 0.191566 0.619231 0.761482 0.447954 
1530647461912 0.177028 0.741504 -0.647173 -0.611159 -0.965416 0.258702 0.0323302 -0.227049 0.191398 0.619068 0.761658 0.447961 
1530647462069 0.177152 0.741468 -0.64718 -0.611241 -0.965396 0.258789 0.0322352 -0.227066 0.191385 0.619074 0.761655 0.447946 
1530647462083 0.17716 0.741463 -0.647183 -0.611246 -0.965392 0.258801 0.0322363 -0.227066 0.191394 0.619075 0.761652 0.447942 
1530647462347 0.177186 0.741405 -0.647243 -0.611319 -0.965397 0.258795 0.0321631 -0.227065 0.191349 0.619147 0.761605 0.447934 
1530647462534 0.176888 0.741361 -0.647376 -0.611427 -0.965414 0.258694 0.0324622 -0.227018 0.191538 0.619243 0.76148 0.447952 
1530647462685 0.176885 0.741397 -0.647335 -0.611491 -0.965392 0.258762 0.0325663 -0.227044 0.19165 0.619172 0.76151 0.447995 
1530647462976 0.177064 0.741264 -0.647438 -0.611601 -0.96534 0.258966 0.0324896 -0.227095 0.191748 0.619245 0.761426 0.447987 
1530647463178 0.176982 0.741184 -0.647552 -0.611624 -0.965306 0.259067 0.0326996 -0.227102 0.191996 0.619298 0.76132 0.448018 
1530647463361 0.176797 0.741097 -0.647702 -0.611832 -0.965325 0.258979 0.0328281 -0.227101 0.19207 0.619439 0.761186 0.448023 
1530647463547 0.176976 0.740909 -0.647868 -0.611855 -0.965223 0.259347 0.032926 -0.227209 0.192418 0.61951 0.761041 0.447956 
1530647463708 0.176823 0.740929 -0.647888 -0.611967 -0.965244 0.259252 0.033045 -0.227139 0.19245 0.619527 0.761019 0.447997 
1530647463721 0.176821 0.740927 -0.64789 -0.611971 -0.965244 0.259251 0.0330471 -0.227138 0.192452 0.619529 0.761017 0.447998 
1530647464075 0.176646 0.741043 -0.647805 -0.612107 -0.965262 0.25916 0.0332496 -0.227069 0.192525 0.619428 0.761081 0.448055 
1530647464249 0.176964 0.74105 -0.64771 -0.612104 -0.965196 0.259425 0.033104 -0.227159 0.192564 0.619309 0.761167 0.448028 
1530647464528 0.176938 0.741055 -0.647712 -0.612226 -0.965179 0.259475 0.0332065 -0.227192 0.192673 0.619282 0.761162 0.447995 
1530647464692 0.176898 0.741051 -0.647727 -0.612291 -0.965187 0.259442 0.0332244 -0.227177 0.192669 0.6193 0.761148 0.447976 
1530647464837 0.176926 0.741085 -0.647681 -0.612389 -0.965169 0.259504 0.0332744 -0.227167 0.192735 0.619234 0.761185 0.44797 
1530647465009 0.177049 0.741065 -0.647669 -0.612477 -0.965138 0.259622 0.0332279 -0.227194 0.192774 0.619208 0.761197 0.447927 
1530647465160 0.177113 0.741115 -0.647595 -0.612552 -0.965116 0.259701 0.0332508 -0.227232 0.192824 0.619116 0.761259 0.447952 
1530647465297 0.177051 0.741245 -0.647463 -0.612684 -0.965126 0.259653 0.0333452 -0.227198 0.192833 0.618979 0.761367 0.448003 
1530647465498 0.17707 0.741227 -0.647479 -0.61275 -0.965156 0.259561 0.0331951 -0.227194 0.192665 0.61904 0.76136 0.44794 
1530647465511 0.17707 0.741225 -0.647482 -0.612754 -0.965156 0.259561 0.0331951 -0.227194 0.192666 0.619043 0.761358 0.447936 
1530647465690 0.177049 0.741293 -0.647409 -0.612841 -0.965162 0.259533 0.0332235 -0.227164 0.192653 0.618973 0.761418 0.447911 
1530647465903 0.177099 0.741509 -0.647148 -0.612977 -0.965182 0.259468 0.0331686 -0.227125 0.192509 0.618742 0.761642 0.447907 
1530647466078 0.177072 0.741573 -0.647082 -0.613061 -0.965194 0.259421 0.0331816 -0.227129 0.192473 0.618684 0.761698 0.447883 
1530647466245 0.177034 0.741735 -0.646907 -0.613208 -0.965242 0.259253 0.0331054 -0.227108 0.192268 0.618561 0.76185 0.447877 
1530647466437 0.177102 0.741813 -0.646798 -0.613293 -0.965264 0.259189 0.0329626 -0.227109 0.192095 0.618493 0.761949 0.447823 
1530647466627 0.177136 0.741915 -0.646672 -0.613388 -0.965275 0.259153 0.0329132 -0.227099 0.192006 0.618387 0.762058 0.447788 
1530647466830 0.177293 0.742044 -0.646482 -0.613473 -0.96527 0.259189 0.0327835 -0.227137 0.191888 0.618217 0.762225 0.447776 
1530647467000 0.177299 0.742171 -0.646334 -0.613584 -0.965303 0.259078 0.0326964 -0.227148 0.191717 0.618111 0.762354 0.44776 
1530647467178 0.177345 0.742278 -0.646198 -0.613673 -0.965323 0.259016 0.0326018 -0.22715 0.191575 0.618008 0.762473 0.447738 
1530647467191 0.177341 0.742284 -0.646193 -0.613676 -0.965324 0.259012 0.032605 -0.227148 0.191574 0.618003 0.762477 0.447739 
1530647467404 0.177318 0.742332 -0.646144 -0.613751 -0.965347 0.258931 0.0325613 -0.227143 0.191478 0.617979 0.762521 0.447706 
1530647467591 0.177147 0.742435 -0.646072 -0.613861 -0.965368 0.258831 0.0327406 -0.22711 0.191531 0.617897 0.762574 0.447732 
1530647467762 0.177127 0.742472 -0.646035 -0.613938 -0.965359 0.258852 0.0328146 -0.22716 0.191591 0.617844 0.762602 0.447737 
1530647467948 0.177173 0.742566 -0.645915 -0.614015 -0.965367 0.258829 0.0327604 -0.227208 0.191508 0.617741 0.762706 0.447743 
1530647468117 0.176983 0.742719 -0.64579 -0.614127 -0.965415 0.258638 0.0328803 -0.227164 0.191447 0.617636 0.762807 0.447763 
1530647468309 0.17694 0.742782 -0.64573 -0.614215 -0.965425 0.258596 0.0329207 -0.22724 0.191436 0.617578 0.762856 0.447756 
1530647468456 0.176806 0.74281 -0.645734 -0.614319 -0.965455 0.258474 0.0329834 -0.227199 0.191406 0.617596 0.762849 0.447741 
1530647468637 0.176662 0.742873 -0.645701 -0.614458 -0.965494 0.25832 0.0330381 -0.22716 0.191341 0.617584 0.762875 0.447744 
1530647468791 0.176829 0.742877 -0.645651 -0.614492 -0.965471 0.258423 0.0329188 -0.227268 0.191306 0.617536 0.762923 0.447736 
1530647468804 0.176843 0.742868 -0.645657 -0.614497 -0.965467 0.258439 0.0329114 -0.22728 0.191312 0.61754 0.762918 0.447728 
1530647469004 0.176925 0.742852 -0.645653 -0.614565 -0.96542 0.258603 0.0329849 -0.22726 0.191471 0.617491 0.762918 0.447695 
1530647469160 0.176839 0.742929 -0.645588 -0.614677 -0.965426 0.258565 0.0331026 -0.227207 0.19152 0.617414 0.762968 0.447708 
1530647469343 0.176956 0.74292 -0.645566 -0.614785 -0.965394 0.258688 0.0330762 -0.227196 0.191574 0.617373 0.762988 0.447695 
1530647469497 0.176941 0.742986 -0.645495 -0.614899 -0.965386 0.258711 0.033156 -0.227203 0.191631 0.617285 0.763045 0.44768 
1530647469676 0.177141 0.74298 -0.645447 -0.614969 -0.965333 0.258914 0.0331053 -0.22721 0.191712 0.617207 0.763087 0.447623 
1530647469847 0.177176 0.743058 -0.645348 -0.615086 -0.965301 0.25902 0.0332193 -0.227166 0.191842 0.617069 0.763166 0.44763 
1530647470037 0.177181 0.743134 -0.645259 -0.615178 -0.965312 0.25898 0.0331985 -0.227143 0.19178 0.616994 0.763242 0.447616 
1530647470209 0.177119 0.743187 -0.645215 -0.615293 -0.965303 0.258997 0.0333374 -0.227102 0.191885 0.616923 0.763273 0.447597 
1530647470449 0.177309 0.743027 -0.645346 -0.615408 -0.965235 0.259253 0.0332957 -0.227091 0.192048 0.617007 0.763164 0.447511 
1530647470462 0.177314 0.743026 -0.645347 -0.61541 -0.965235 0.259255 0.0332886 -0.227091 0.192043 0.617009 0.763164 0.44751 
1530647470726 0.177125 0.743143 -0.645264 -0.615546 -0.965275 0.25909 0.0334235 -0.227029 0.19202 0.616937 0.763228 0.447555 
1530647470914 0.177166 0.743082 -0.645323 -0.615581 -0.965263 0.259137 0.0333917 -0.227076 0.19204 0.61699 0.76318 0.447514 
1530647471049 0.177097 0.743149 -0.645264 -0.615675 -0.965259 0.259135 0.0335233 -0.227071 0.192124 0.61691 0.763223 0.447477 
1530647471256 0.177301 0.743201 -0.645148 -0.615709 -0.96522 0.259294 0.0334386 -0.227195 0.192134 0.616781 0.763325 0.447471 
1530647471414 0.177071 0.74333 -0.645063 -0.615823 -0.965255 0.259135 0.0336464 -0.227128 0.192169 0.616693 0.763388 0.447501 
1530647471656 0.176914 0.743402 -0.645024 -0.615958 -0.965266 0.259071 0.0338353 -0.22707 0.19226 0.616633 0.763413 0.447508 
1530647471800 0.176949 0.743462 -0.644945 -0.616004 -0.965257 0.2591 0.0338478 -0.227113 0.19227 0.616548 0.763479 0.447522 
1530647471998 0.176969 0.743602 -0.644778 -0.616115 -0.965266 0.259069 0.033845 -0.227165 0.192209 0.616392 0.763621 0.447549 
1530647472178 0.177115 0.743503 -0.644852 -0.616148 -0.965233 0.259203 0.0337454 -0.227226 0.192237 0.616455 0.763562 0.447491 
1530647472192 0.177112 0.743506 -0.644849 -0.616155 -0.965233 0.259204 0.0337533 -0.227229 0.192243 0.616451 0.763565 0.44749 
1530647472410 0.177154 0.743461 -0.644889 -0.616234 -0.965198 0.259323 0.0338174 -0.22719 0.192377 0.616455 0.763528 0.447446 
1530647472583 0.177061 0.743627 -0.644724 -0.616331 -0.965239 0.259168 0.0338419 -0.227184 0.192258 0.61632 0.763666 0.44746 
1530647472721 0.177222 0.743644 -0.64466 -0.616395 -0.965206 0.2593 0.0337712 -0.227255 0.192274 0.616245 0.763723 0.447472 
1530647472861 0.177199 0.743632 -0.64468 -0.616508 -0.965218 0.259258 0.0337481 -0.227218 0.192234 0.616276 0.763708 0.44747 
1530647472996 0.177105 0.743763 -0.644555 -0.616628 -0.965237 0.259176 0.0338492 -0.22716 0.192229 0.616153 0.763808 0.44749 
1530647473190 0.177385 0.743792 -0.644444 -0.616688 -0.965187 0.259381 0.0336971 -0.227223 0.19222 0.616032 0.763908 0.447501 
1530647473347 0.17743 0.743742 -0.644489 -0.616769 -0.965179 0.259418 0.0336527 -0.227276 0.192221 0.616076 0.763872 0.447479 
1530647473514 0.177408 0.743864 -0.644354 -0.616874 -0.96518 0.259403 0.0337243 -0.227239 0.192234 0.615935 0.763983 0.447477 
1530647473685 0.177442 0.743951 -0.644244 -0.616948 -0.965177 0.259416 0.0337289 -0.227246 0.19222 0.615825 0.764076 0.447477 
1530647473699 0.177447 0.743956 -0.644238 -0.616954 -0.965176 0.259419 0.0337273 -0.227248 0.192219 0.615818 0.764081 0.447477 
1530647473892 0.177544 0.743968 -0.644197 -0.617041 -0.965164 0.259471 0.0336533 -0.227285 0.192188 0.615781 0.764119 0.447498 
1530647474113 0.177472 0.744026 -0.64415 -0.617222 -0.965182 0.2594 0.0336999 -0.227241 0.192166 0.615741 0.764157 0.447526 
1530647474326 0.177433 0.744007 -0.644183 -0.617365 -0.965161 0.259462 0.0338263 -0.227173 0.192308 0.615738 0.764123 0.447423 
1530647474551 0.177208 0.744031 -0.644217 -0.617577 -0.965236 0.259183 0.0338288 -0.227139 0.19214 0.615826 0.764095 0.447351 
1530647474732 0.177437 0.743972 -0.644221 -0.617643 -0.965173 0.259426 0.0337593 -0.227184 0.192244 0.615795 0.764094 0.447359 
1530647474936 0.177451 0.744016 -0.644167 -0.617785 -0.965147 0.259508 0.0338605 -0.227162 0.192359 0.615708 0.764135 0.447389 
1530647475112 0.177542 0.743956 -0.644212 -0.617918 -0.96515 0.259516 0.033706 -0.227209 0.192259 0.615777 0.764104 0.447391 
1530647475317 0.177445 0.744012 -0.644174 -0.618056 -0.965161 0.259462 0.0338101 -0.227207 0.192294 0.615732 0.764131 0.447345 
1530647475486 0.177394 0.743958 -0.64425 -0.618206 -0.965174 0.259417 0.0338053 -0.227166 0.192279 0.615816 0.764068 0.447272 
1530647475499 0.177382 0.743959 -0.644252 -0.618219 -0.965175 0.259411 0.0338172 -0.227162 0.192285 0.615817 0.764066 0.447267 
1530647475706 0.177437 0.744029 -0.644155 -0.618328 -0.9652 0.259336 0.0336737 -0.227166 0.192107 0.615764 0.764153 0.447207 
1530647475895 0.177637 0.744076 -0.644046 -0.618477 -0.965203 0.259358 0.0334236 -0.227181 0.191909 0.615698 0.764256 0.447206 
1530647476100 0.177692 0.744331 -0.643736 -0.618797 -0.96527 0.259137 0.0331857 -0.227113 0.191517 0.615482 0.764528 0.447191 
1530647476292 0.177669 0.744477 -0.643574 -0.618954 -0.965301 0.259028 0.0331532 -0.227094 0.191386 0.615352 0.764665 0.44719 
1530647476506 0.177889 0.744583 -0.643391 -0.619091 -0.965316 0.259011 0.0328499 -0.227144 0.191104 0.615232 0.764833 0.447135 
1530647476714 0.178027 0.744648 -0.643277 -0.619236 -0.96538 0.258824 0.0324422 -0.227144 0.190654 0.615231 0.764946 0.447095 
1530647476910 0.177898 0.744819 -0.643115 -0.61945 -0.965392 0.258753 0.032627 -0.227044 0.190709 0.615054 0.765074 0.447119 
1530647477090 0.178291 0.744882 -0.642933 -0.619495 -0.965368 0.258891 0.0322381 -0.227182 0.190463 0.614919 0.765244 0.447093 
1530647477108 0.178243 0.744907 -0.642918 -0.619522 -0.965377 0.258855 0.0322759 -0.227166 0.190465 0.614905 0.765255 0.447097 
1530647477315 0.178116 0.744952 -0.6429 -0.619677 -0.9654 0.258756 0.0323655 -0.227122 0.190465 0.614892 0.765266 0.447014 
1530647477504 0.178149 0.745066 -0.64276 -0.619827 -0.965361 0.258883 0.0325263 -0.227159 0.190633 0.6147 0.765377 0.447031 
1530647477768 0.178001 0.745342 -0.64248 -0.62005 -0.965399 0.258722 0.0326778 -0.227116 0.19058 0.614433 0.765605 0.447096 
1530647477976 0.178015 0.745414 -0.642393 -0.620191 -0.965351 0.258874 0.0328788 -0.227121 0.190807 0.614282 0.76567 0.447057 
1530647478189 0.177887 0.745479 -0.642353 -0.62036 -0.965358 0.258828 0.0330445 -0.227163 0.190893 0.614222 0.765696 0.446952 
1530647478398 0.177822 0.745674 -0.642145 -0.620556 -0.965367 0.258778 0.0331715 -0.2271 0.190908 0.614007 0.765865 0.447005 
1530647478590 0.177911 0.745751 -0.642031 -0.620677 -0.965351 0.258841 0.0331511 -0.227169 0.190906 0.613887 0.765962 0.446959 
1530647478792 0.177904 0.745797 -0.641978 -0.620846 -0.965327 0.258914 0.033275 -0.227194 0.191034 0.613799 0.766 0.44689 
1530647478979 0.177807 0.745971 -0.641804 -0.621021 -0.965332 0.258872 0.0334494 -0.227143 0.191098 0.613606 0.766139 0.446926 
1530647478993 0.177789 0.745986 -0.641791 -0.621039 -0.965334 0.258863 0.0334729 -0.227135 0.191106 0.613592 0.766149 0.446928 
1530647479202 0.177784 0.746009 -0.641766 -0.621177 -0.965315 0.258921 0.0335633 -0.227135 0.191205 0.61354 0.766165 0.446913 
1530647479392 0.177874 0.746072 -0.641667 -0.621315 -0.965263 0.259101 0.0336829 -0.227204 0.191387 0.613386 0.766243 0.446926 
1530647479583 0.17793 0.746129 -0.641586 -0.621487 -0.96524 0.25918 0.0337239 -0.227216 0.191448 0.613284 0.766309 0.44692 
1530647479777 0.177869 0.74612 -0.641614 -0.621665 -0.965251 0.259137 0.0337567 -0.227268 0.191452 0.613314 0.766285 0.446858 
1530647479966 0.177732 0.74621 -0.641547 -0.621861 -0.965223 0.259197 0.0340813 -0.227174 0.191719 0.613178 0.766327 0.446803 
1530647480174 0.177791 0.746302 -0.641423 -0.622029 -0.965215 0.259228 0.0340741 -0.227215 0.191704 0.613053 0.76643 0.446839 
1530647480393 0.17768 0.746456 -0.641274 -0.622225 -0.965245 0.259105 0.0341602 -0.227199 0.191656 0.612917 0.766551 0.446845 
1530647480581 0.177955 0.746385 -0.641281 -0.622343 -0.965161 0.259424 0.0341117 -0.227297 0.191824 0.612869 0.766548 0.446772 
1530647480767 0.177731 0.746453 -0.641264 -0.622537 -0.965202 0.259252 0.0342651 -0.22723 0.191826 0.612859 0.766555 0.44671 
1530647480781 0.177721 0.746455 -0.641265 -0.622557 -0.965199 0.259257 0.0342885 -0.22722 0.191847 0.612854 0.766553 0.446706 
1530647480994 0.177766 0.746504 -0.641195 -0.622715 -0.965227 0.259175 0.0341394 -0.227194 0.191667 0.612829 0.766619 0.446702 
1530647481180 0.178012 0.746648 -0.640959 -0.622857 -0.96518 0.25936 0.0340689 -0.227224 0.191677 0.612576 0.766818 0.446738 
