1533288434997 -0.187255 0.845429 -0.500189 -0.597268 -0.975202 -0.0988634 0.197988 -0.255126 0.117931 0.524856 0.842977 0.407261 
1533288441514 0 0 0 0 0 0 0 0 0 0 0 0 
1533288441517 0 0 0 0 0 0 0 0 0 0 0 0 
1533288441521 0 0 0 0 0 0 0 0 0 0 0 0 
1533288441531 -0.153483 0.861685 -0.483675 -0.597542 -0.978607 -0.0646803 0.195307 -0.249524 0.137009 0.503304 0.853178 0.406877 
1533288441534 0 0 0 0 0 0 0 0 0 0 0 0 
1533288441537 0 0 0 0 0 0 0 0 0 0 0 0 
1533288441541 0 0 0 0 0 0 0 0 0 0 0 0 
1533288441551 -0.120906 0.876898 -0.465223 -0.601381 -0.980363 -0.0319311 0.194598 -0.250598 0.155788 0.479615 0.863539 0.402349 
1533288441554 0 0 0 0 0 0 0 0 0 0 0 0 
1533288441557 0 0 0 0 0 0 0 0 0 0 0 0 
1533288441561 0 0 0 0 0 0 0 0 0 0 0 0 
1533288441571 -0.0869177 0.890167 -0.447267 -0.60379 -0.981012 0.00165888 0.193942 -0.248532 0.173383 0.455631 0.87312 0.399803 
1533288441581 -0.0524503 0.901745 -0.429075 -0.606044 -0.980376 0.0352656 0.193956 -0.246356 0.19003 0.430828 0.882199 0.397356 
1533288441591 -0.0175799 0.91162 -0.410658 -0.608301 -0.978455 0.0688175 0.194655 -0.244177 0.205712 0.405233 0.890769 0.394922 
1533288441601 0.0176277 0.919773 -0.392054 -0.610579 -0.975251 0.102252 0.196037 -0.242 0.220398 0.378895 0.898812 0.3925 
1533288441606 0 0 0 0 0 0 0 0 0 0 0 0 
1533288441607 0 0 0 0 0 0 0 0 0 0 0 0 
1533288441611 0 0 0 0 0 0 0 0 0 0 0 0 
1533288441621 0.0531065 0.92619 -0.373299 -0.612887 -0.97077 0.135507 0.198101 -0.239826 0.234064 0.351867 0.906313 0.390093 
1533288441631 0.0887893 0.930855 -0.354437 -0.615227 -0.96502 0.168521 0.20084 -0.237653 0.246683 0.324206 0.913257 0.38772 
1533288441641 0.124578 0.933749 -0.335548 -0.617438 -0.958026 0.201203 0.204217 -0.23557 0.2582 0.296023 0.919621 0.385637 
1533288441688 0 0 0 0 0 0 0 0 0 0 0 0 
1533288441688 0 0 0 0 0 0 0 0 0 0 0 0 
1533288441691 0 0 0 0 0 0 0 0 0 0 0 0 
1533288441702 0.124578 0.933749 -0.335548 -0.617438 -0.958026 0.201203 0.204217 -0.23557 0.2582 0.296023 0.919621 0.385637 
1533288441712 0.16048 0.934954 -0.316397 -0.619295 -0.949769 0.233526 0.208336 -0.233218 0.268671 0.26707 0.925467 0.382892 
1533288441722 0.160528 0.935017 -0.316187 -0.619151 -0.949762 0.233523 0.208373 -0.233154 0.268669 0.266853 0.92553 0.382472 
1533288441732 0.160537 0.935049 -0.316088 -0.618917 -0.949765 0.233504 0.208379 -0.233129 0.268652 0.266757 0.925563 0.382325 
1533288441742 0.160543 0.93507 -0.316023 -0.618755 -0.949768 0.233492 0.208381 -0.233112 0.26864 0.266695 0.925585 0.382232 
1533288441752 0.160547 0.935083 -0.315981 -0.618652 -0.949769 0.233485 0.208382 -0.233102 0.268631 0.266654 0.925599 0.382173 
1533288441762 0.16055 0.935091 -0.315955 -0.618589 -0.949771 0.23348 0.208382 -0.233097 0.268625 0.266629 0.925608 0.382136 
1533288441772 0.160551 0.935096 -0.31594 -0.618551 -0.949771 0.233477 0.208382 -0.233093 0.268622 0.266614 0.925613 0.382114 
1533288441782 0.160552 0.935099 -0.315931 -0.618532 -0.949772 0.233475 0.208382 -0.233092 0.26862 0.266606 0.925616 0.382102 
1533288441792 0.160552 0.9351 -0.315929 -0.618527 -0.949772 0.233474 0.208382 -0.233094 0.268619 0.266605 0.925616 0.3821 
1533288441833 0 0 0 0 0 0 0 0 0 0 0 0 
1533288441833 0 0 0 0 0 0 0 0 0 0 0 0 
1533288441844 0.160552 0.9351 -0.315929 -0.618527 -0.949772 0.233474 0.208382 -0.233094 0.268619 0.266605 0.925616 0.3821 
1533288441854 0.160554 0.935103 -0.315918 -0.6185 -0.949772 0.233473 0.208383 -0.233088 0.268618 0.266593 0.92562 0.382082 
1533288441864 0.160555 0.935105 -0.315911 -0.618484 -0.949772 0.233472 0.208383 -0.233087 0.268616 0.266587 0.925622 0.382072 
1533288441874 0.160555 0.935107 -0.315907 -0.618473 -0.949772 0.233471 0.208383 -0.233086 0.268615 0.266583 0.925624 0.382066 
1533288441883 0.160556 0.935108 -0.315904 -0.618467 -0.949773 0.233471 0.208383 -0.233085 0.268615 0.26658 0.925625 0.382062 
1533288441893 0.160556 0.935108 -0.315903 -0.618463 -0.949773 0.23347 0.208383 -0.233085 0.268614 0.266579 0.925625 0.38206 
1533288441903 0.160556 0.935109 -0.315901 -0.618461 -0.949773 0.23347 0.208383 -0.233085 0.268614 0.266577 0.925626 0.382058 
1533288441913 0.160556 0.935109 -0.315901 -0.618459 -0.949773 0.23347 0.208383 -0.233084 0.268614 0.266577 0.925626 0.382058 
1533288441923 0.160556 0.935109 -0.315901 -0.618458 -0.949773 0.23347 0.208383 -0.233084 0.268614 0.266577 0.925626 0.382057 
1533288441933 0.160556 0.935109 -0.3159 -0.618458 -0.949773 0.23347 0.208383 -0.233085 0.268614 0.266577 0.925626 0.382057 
1533288441971 0.160556 0.935109 -0.3159 -0.618458 -0.949773 0.23347 0.208383 -0.233085 0.268614 0.266577 0.925626 0.382057 
1533288441974 0 0 0 0 0 0 0 0 0 0 0 0 
1533288441984 0.160393 0.935203 -0.315704 -0.618407 -0.949755 0.233319 0.208635 -0.233135 0.268776 0.266378 0.925636 0.38203 
1533288441994 0.16023 0.935297 -0.315509 -0.618357 -0.949736 0.233169 0.208886 -0.233185 0.268938 0.266181 0.925646 0.382004 
1533288442004 0.160067 0.935391 -0.315312 -0.618307 -0.949718 0.233018 0.209138 -0.233236 0.269099 0.265982 0.925656 0.381977 
1533288442014 0.159905 0.935485 -0.315116 -0.618257 -0.949699 0.232867 0.20939 -0.233287 0.269261 0.265783 0.925666 0.381951 
1533288442024 0.159742 0.935579 -0.314921 -0.618207 -0.949681 0.232716 0.209642 -0.233337 0.269423 0.265585 0.925676 0.381925 
1533288442034 0.159579 0.935672 -0.314725 -0.618157 -0.949662 0.232565 0.209893 -0.233388 0.269585 0.265388 0.925685 0.381899 
1533288442044 0.159416 0.935766 -0.314529 -0.618108 -0.949643 0.232414 0.210145 -0.233439 0.269748 0.26519 0.925695 0.381873 
1533288442054 0.159254 0.935859 -0.314334 -0.61806 -0.949625 0.232263 0.210397 -0.233489 0.26991 0.264993 0.925704 0.381848 
1533288442064 0.159091 0.935952 -0.31414 -0.618014 -0.949606 0.232113 0.210647 -0.233539 0.270072 0.264797 0.925713 0.381826 
1533288442087 0 0 0 0 0 0 0 0 0 0 0 0 
1533288442087 0 0 0 0 0 0 0 0 0 0 0 0 
1533288442091 0 0 0 0 0 0 0 0 0 0 0 0 
1533288442101 0.159091 0.935952 -0.31414 -0.618014 -0.949606 0.232113 0.210647 -0.233539 0.270072 0.264797 0.925713 0.381826 
1533288442111 0.158945 0.936054 -0.31391 -0.617944 -0.949593 0.231961 0.210874 -0.233587 0.270204 0.264569 0.925739 0.381808 
1533288442121 0.15896 0.936063 -0.313875 -0.617922 -0.949598 0.23196 0.21085 -0.233586 0.270176 0.264538 0.925756 0.381814 
1533288442131 0.158976 0.936072 -0.313841 -0.617901 -0.949604 0.231959 0.210826 -0.233584 0.270146 0.264508 0.925773 0.381822 
1533288442141 0.158992 0.93608 -0.313808 -0.617881 -0.94961 0.231958 0.210801 -0.233582 0.270117 0.264479 0.92579 0.38183 
1533288442151 0.159009 0.936089 -0.313774 -0.617862 -0.949615 0.231958 0.210776 -0.233579 0.270088 0.264449 0.925807 0.381838 
1533288442161 0.159025 0.936097 -0.313741 -0.617843 -0.949621 0.231957 0.210752 -0.233577 0.270058 0.26442 0.925824 0.381847 
1533288442171 0.159041 0.936106 -0.313708 -0.617824 -0.949626 0.231957 0.210727 -0.233575 0.270029 0.264391 0.925841 0.381856 
1533288442181 0.159056 0.936114 -0.313675 -0.617806 -0.949632 0.231956 0.210702 -0.233573 0.27 0.264362 0.925858 0.381866 
1533288442191 0.159072 0.936122 -0.313642 -0.617789 -0.949638 0.231955 0.210678 -0.233571 0.269971 0.264333 0.925874 0.381875 
1533288442208 0 0 0 0 0 0 0 0 0 0 0 0 
1533288442208 0 0 0 0 0 0 0 0 0 0 0 0 
1533288442211 0 0 0 0 0 0 0 0 0 0 0 0 
1533288442221 0.159072 0.936122 -0.313642 -0.617789 -0.949638 0.231955 0.210678 -0.233571 0.269971 0.264333 0.925874 0.381875 
1533288442231 0.159027 0.936115 -0.313685 -0.617736 -0.949676 0.231892 0.210572 -0.233572 0.269861 0.264413 0.925884 0.381896 
1533288442241 0.158966 0.9361 -0.313762 -0.617701 -0.94971 0.23183 0.210491 -0.233575 0.26978 0.264522 0.925876 0.381908 
1533288442251 0.158905 0.936085 -0.313838 -0.617667 -0.949743 0.231767 0.21041 -0.233578 0.269699 0.26463 0.925869 0.38192 
1533288442261 0.158844 0.936069 -0.313915 -0.617633 -0.949776 0.231705 0.210329 -0.233582 0.269618 0.26474 0.925861 0.381932 
1533288442271 0.158783 0.936054 -0.313991 -0.6176 -0.949809 0.231642 0.210248 -0.233585 0.269537 0.264848 0.925854 0.381944 
1533288442281 0.158721 0.936039 -0.314068 -0.617566 -0.949843 0.231579 0.210167 -0.233589 0.269456 0.264957 0.925846 0.381956 
1533288442291 0.15866 0.936024 -0.314144 -0.617532 -0.949876 0.231516 0.210086 -0.233592 0.269375 0.265065 0.925839 0.381968 
1533288442301 0.158599 0.936008 -0.31422 -0.617499 -0.949909 0.231454 0.210005 -0.233595 0.269294 0.265174 0.925831 0.38198 
1533288442311 0.158538 0.935993 -0.314296 -0.617469 -0.949942 0.231391 0.209925 -0.233599 0.269213 0.265282 0.925824 0.38199 
1533288442328 0.158538 0.935993 -0.314296 -0.617469 -0.949942 0.231391 0.209925 -0.233599 0.269213 0.265282 0.925824 0.38199 
1533288442331 0 0 0 0 0 0 0 0 0 0 0 0 
1533288442341 0.158169 0.935973 -0.314543 -0.617404 -0.94999 0.231114 0.210011 -0.233731 0.26926 0.265595 0.92572 0.382004 
1533288442351 0.157861 0.935967 -0.314714 -0.617371 -0.950006 0.2309 0.210177 -0.233858 0.269386 0.265801 0.925625 0.382007 
1533288442361 0.157553 0.935962 -0.314884 -0.617339 -0.950021 0.230686 0.210344 -0.233986 0.269513 0.266006 0.925529 0.382009 
1533288442371 0.157244 0.935957 -0.315054 -0.617309 -0.950036 0.23047 0.210511 -0.234114 0.26964 0.266211 0.925433 0.382011 
1533288442381 0.156936 0.935951 -0.315224 -0.617278 -0.950051 0.230256 0.210678 -0.234242 0.269767 0.266416 0.925337 0.382013 
1533288442391 0.156628 0.935946 -0.315394 -0.617248 -0.950066 0.230041 0.210845 -0.23437 0.269893 0.266621 0.925241 0.382015 
1533288442401 0.156319 0.93594 -0.315564 -0.617217 -0.950081 0.229827 0.211012 -0.234499 0.27002 0.266826 0.925145 0.382017 
1533288442411 0.156011 0.935934 -0.315734 -0.617186 -0.950095 0.229612 0.211179 -0.234627 0.270146 0.267031 0.925049 0.382018 
1533288442421 0.155704 0.935928 -0.315903 -0.617156 -0.95011 0.229399 0.211346 -0.234752 0.270272 0.267236 0.924953 0.38202 
1533288442438 0.155704 0.935928 -0.315903 -0.617156 -0.95011 0.229399 0.211346 -0.234752 0.270272 0.267236 0.924953 0.38202 
1533288442441 0 0 0 0 0 0 0 0 0 0 0 0 
1533288442451 0.155048 0.935933 -0.316211 -0.617078 -0.950161 0.228911 0.211645 -0.235011 0.27047 0.267636 0.924779 0.382019 
1533288442461 0.154702 0.935943 -0.316349 -0.61703 -0.950197 0.228639 0.211777 -0.235145 0.270541 0.267832 0.924702 0.382017 
1533288442471 0.154356 0.935954 -0.316487 -0.616982 -0.950233 0.228366 0.211909 -0.235276 0.270612 0.268028 0.924624 0.382015 
1533288442481 0.154009 0.935965 -0.316625 -0.616934 -0.95027 0.228094 0.21204 -0.235407 0.270682 0.268223 0.924547 0.382013 
1533288442491 0.153663 0.935975 -0.316763 -0.616887 -0.950305 0.227821 0.212172 -0.235537 0.270753 0.268419 0.92447 0.382011 
1533288442501 0.153317 0.935985 -0.316901 -0.616839 -0.950341 0.227549 0.212304 -0.235668 0.270824 0.268614 0.924392 0.382008 
1533288442504 0 0 0 0 0 0 0 0 0 0 0 0 
1533288442508 0 0 0 0 0 0 0 0 0 0 0 0 
1533288442511 0 0 0 0 0 0 0 0 0 0 0 0 
1533288442521 0.152971 0.935995 -0.317039 -0.616792 -0.950377 0.227277 0.212436 -0.235799 0.270894 0.26881 0.924315 0.382006 
1533288442531 0.152624 0.936005 -0.317176 -0.616744 -0.950413 0.227005 0.212567 -0.23593 0.270965 0.269005 0.924237 0.382004 
1533288442541 0.152279 0.936015 -0.317313 -0.616698 -0.950448 0.226733 0.212699 -0.236059 0.271034 0.2692 0.92416 0.382001 
1533288442557 0 0 0 0 0 0 0 0 0 0 0 0 
1533288442557 0 0 0 0 0 0 0 0 0 0 0 0 
1533288442558 0 0 0 0 0 0 0 0 0 0 0 0 
1533288442561 0 0 0 0 0 0 0 0 0 0 0 0 
1533288442571 0.152279 0.936015 -0.317313 -0.616698 -0.950448 0.226733 0.212699 -0.236059 0.271034 0.2692 0.92416 0.382001 
1533288442581 0.151915 0.935975 -0.317604 -0.616587 -0.950467 0.226498 0.212863 -0.236254 0.271171 0.269535 0.924022 0.381975 
1533288442591 0.151896 0.935926 -0.317757 -0.616522 -0.950451 0.226534 0.212896 -0.236321 0.271238 0.269675 0.923962 0.381952 
1533288442601 0.151878 0.935877 -0.31791 -0.616458 -0.950435 0.22657 0.212928 -0.236385 0.271304 0.269814 0.923902 0.381929 
1533288442612 0.15186 0.935828 -0.318063 -0.616394 -0.950419 0.226607 0.212961 -0.23645 0.27137 0.269953 0.923842 0.381905 
1533288442621 0.151842 0.935779 -0.318216 -0.61633 -0.950403 0.226644 0.212993 -0.236514 0.271436 0.270092 0.923782 0.381882 
1533288442631 0.151824 0.93573 -0.318369 -0.616266 -0.950387 0.226681 0.213026 -0.236578 0.271503 0.270232 0.923721 0.381859 
1533288442641 0.151806 0.935681 -0.318522 -0.616203 -0.950371 0.226718 0.213058 -0.236643 0.271569 0.270371 0.923661 0.381835 
1533288442651 0.151788 0.935632 -0.318675 -0.616139 -0.950355 0.226754 0.21309 -0.236707 0.271635 0.27051 0.923601 0.381812 
1533288442661 0.15177 0.935583 -0.318828 -0.616079 -0.950339 0.226791 0.213122 -0.236772 0.271701 0.270649 0.923541 0.381787 
1533288442678 0.15177 0.935583 -0.318828 -0.616079 -0.950339 0.226791 0.213122 -0.236772 0.271701 0.270649 0.923541 0.381787 
1533288442681 0 0 0 0 0 0 0 0 0 0 0 0 
1533288442691 0.151721 0.935541 -0.318972 -0.615901 -0.950305 0.226821 0.213243 -0.236877 0.271847 0.270767 0.923463 0.381724 
1533288442701 0.15169 0.935549 -0.318963 -0.615783 -0.950287 0.226812 0.213331 -0.236918 0.271927 0.270746 0.923446 0.381684 
1533288442711 0.151659 0.935558 -0.318954 -0.615669 -0.950269 0.226804 0.21342 -0.236958 0.272006 0.270725 0.923429 0.381644 
1533288442721 0.151629 0.935566 -0.318945 -0.615555 -0.950251 0.226796 0.213508 -0.236999 0.272086 0.270704 0.923411 0.381604 
1533288442731 0.151599 0.935573 -0.318936 -0.615441 -0.950233 0.226789 0.213596 -0.23704 0.272166 0.270682 0.923394 0.381563 
1533288442741 0.151568 0.935582 -0.318927 -0.615327 -0.950215 0.226781 0.213685 -0.23708 0.272246 0.270661 0.923377 0.381523 
1533288442751 0.151538 0.93559 -0.318917 -0.615212 -0.950197 0.226773 0.213773 -0.237121 0.272326 0.27064 0.92336 0.381483 
1533288442761 0.151507 0.935598 -0.318908 -0.615099 -0.950179 0.226765 0.213861 -0.237162 0.272405 0.270618 0.923342 0.381442 
1533288442771 0.151477 0.935606 -0.318898 -0.614992 -0.950162 0.226757 0.213949 -0.237204 0.272485 0.270597 0.923325 0.381402 
1533288442808 0.151477 0.935606 -0.318898 -0.614992 -0.950162 0.226757 0.213949 -0.237204 0.272485 0.270597 0.923325 0.381402 
1533288442811 0 0 0 0 0 0 0 0 0 0 0 0 
1533288442821 0.151258 0.935642 -0.318898 -0.61474 -0.950155 0.226594 0.21415 -0.237275 0.272628 0.270611 0.923279 0.381341 
1533288442831 0.151068 0.935669 -0.318908 -0.614596 -0.950167 0.226437 0.214263 -0.237305 0.272691 0.270648 0.923249 0.381321 
1533288442841 0.150879 0.935696 -0.318917 -0.614458 -0.950179 0.226281 0.214376 -0.237336 0.272756 0.270683 0.92322 0.3813 
1533288442851 0.15069 0.935724 -0.318926 -0.614322 -0.950191 0.226125 0.214489 -0.237367 0.272819 0.270719 0.923191 0.38128 
1533288442861 0.1505 0.935751 -0.318936 -0.614185 -0.950202 0.225968 0.214602 -0.237398 0.272883 0.270756 0.923161 0.38126 
1533288442871 0.150311 0.935778 -0.318944 -0.614049 -0.950214 0.225812 0.214715 -0.237429 0.272947 0.270791 0.923132 0.38124 
1533288442881 0.150122 0.935805 -0.318954 -0.613913 -0.950226 0.225656 0.214828 -0.23746 0.27301 0.270828 0.923102 0.38122 
1533288442891 0.149933 0.935833 -0.318963 -0.613778 -0.950237 0.225499 0.21494 -0.237492 0.273074 0.270864 0.923073 0.3812 
1533288442901 0.149743 0.93586 -0.318973 -0.613652 -0.950249 0.225343 0.215053 -0.237524 0.273138 0.270901 0.923043 0.38118 
1533288442931 0 0 0 0 0 0 0 0 0 0 0 0 
1533288442932 0 0 0 0 0 0 0 0 0 0 0 0 
1533288442942 0.149743 0.93586 -0.318973 -0.613652 -0.950249 0.225343 0.215053 -0.237524 0.273138 0.270901 0.923043 0.38118 
1533288442952 0.149359 0.935917 -0.318986 -0.613394 -0.95026 0.225036 0.215323 -0.237581 0.273308 0.270959 0.922976 0.381145 
1533288442962 0.149163 0.935946 -0.31899 -0.613264 -0.950261 0.224884 0.21548 -0.237605 0.273414 0.270982 0.922937 0.381131 
1533288442972 0.148967 0.935976 -0.318994 -0.613141 -0.950261 0.224733 0.215638 -0.23763 0.27352 0.271005 0.922899 0.381116 
1533288442982 0.148771 0.936006 -0.318998 -0.61302 -0.950261 0.224582 0.215795 -0.237655 0.273627 0.271028 0.922861 0.381101 
1533288442992 0.148576 0.936036 -0.319003 -0.6129 -0.950261 0.224431 0.215952 -0.237681 0.273733 0.271051 0.922823 0.381086 
1533288443002 0.14838 0.936065 -0.319007 -0.61278 -0.950261 0.22428 0.216109 -0.237706 0.273839 0.271074 0.922784 0.381072 
1533288443012 0.148184 0.936094 -0.319012 -0.61266 -0.950261 0.224128 0.216267 -0.237732 0.273946 0.271097 0.922746 0.381058 
1533288443022 0.147989 0.936124 -0.319017 -0.612542 -0.95026 0.223977 0.216424 -0.237758 0.274052 0.271121 0.922707 0.381045 
1533288443032 0.147793 0.936153 -0.319022 -0.612431 -0.95026 0.223826 0.216581 -0.237785 0.274158 0.271145 0.922669 0.38103 
1533288443070 0.147793 0.936153 -0.319022 -0.612431 -0.95026 0.223826 0.216581 -0.237785 0.274158 0.271145 0.922669 0.38103 
1533288443073 0 0 0 0 0 0 0 0 0 0 0 0 
1533288443083 0.147446 0.936207 -0.319025 -0.612213 -0.950262 0.223555 0.216852 -0.237829 0.274338 0.271183 0.922604 0.381002 
1533288443093 0.147295 0.936231 -0.319023 -0.612107 -0.950264 0.223435 0.216967 -0.237847 0.274412 0.271198 0.922578 0.380989 
1533288443103 0.147144 0.936256 -0.319021 -0.612007 -0.950267 0.223314 0.217081 -0.237867 0.274485 0.271212 0.922552 0.380975 
1533288443113 0.146993 0.93628 -0.319019 -0.611909 -0.950269 0.223194 0.217196 -0.237886 0.274559 0.271227 0.922525 0.380961 
1533288443123 0.146842 0.936304 -0.319017 -0.611812 -0.950271 0.223074 0.21731 -0.237905 0.274633 0.271242 0.922499 0.380948 
1533288443133 0.146691 0.936328 -0.319015 -0.611714 -0.950273 0.222954 0.217424 -0.237925 0.274706 0.271258 0.922473 0.380934 
1533288443143 0.14654 0.936353 -0.319014 -0.611618 -0.950275 0.222833 0.217539 -0.237944 0.27478 0.271273 0.922446 0.380921 
1533288443153 0.146388 0.936377 -0.319013 -0.611522 -0.950277 0.222713 0.217653 -0.237964 0.274854 0.271289 0.92242 0.380908 
1533288443163 0.146237 0.936401 -0.319012 -0.611432 -0.950279 0.222593 0.217767 -0.237984 0.274927 0.271304 0.922393 0.380895 
1533288443189 0 0 0 0 0 0 0 0 0 0 0 0 
1533288443189 0 0 0 0 0 0 0 0 0 0 0 0 
1533288443193 0 0 0 0 0 0 0 0 0 0 0 0 
1533288443203 0.146237 0.936401 -0.319012 -0.611432 -0.950279 0.222593 0.217767 -0.237984 0.274927 0.271304 0.922393 0.380895 
1533288443213 0.14596 0.936447 -0.319003 -0.611254 -0.950284 0.222369 0.217972 -0.23802 0.275056 0.271328 0.922348 0.380869 
1533288443223 0.145834 0.936469 -0.318995 -0.611166 -0.950287 0.222266 0.218063 -0.238036 0.275111 0.271336 0.922329 0.380857 
1533288443233 0.145707 0.936491 -0.318988 -0.611085 -0.950291 0.222162 0.218154 -0.238052 0.275167 0.271344 0.92231 0.380844 
1533288443243 0.145581 0.936514 -0.31898 -0.611004 -0.950294 0.222058 0.218245 -0.238068 0.275222 0.271353 0.922291 0.380832 
1533288443253 0.145455 0.936536 -0.318973 -0.610924 -0.950298 0.221955 0.218336 -0.238085 0.275277 0.271361 0.922272 0.380819 
1533288443263 0.145328 0.936558 -0.318966 -0.610844 -0.950301 0.221851 0.218427 -0.238101 0.275332 0.27137 0.922253 0.380807 
1533288443273 0.145202 0.93658 -0.318959 -0.610764 -0.950304 0.221748 0.218518 -0.238118 0.275388 0.271379 0.922234 0.380795 
1533288443283 0.145076 0.936601 -0.318953 -0.610686 -0.950307 0.221644 0.218609 -0.238134 0.275443 0.271388 0.922215 0.380784 
1533288443293 0.144949 0.936623 -0.318946 -0.610612 -0.950311 0.221541 0.218699 -0.238152 0.275498 0.271397 0.922195 0.380772 
1533288443323 0 0 0 0 0 0 0 0 0 0 0 0 
1533288443324 0 0 0 0 0 0 0 0 0 0 0 0 
1533288443334 0.144949 0.936623 -0.318946 -0.610612 -0.950311 0.221541 0.218699 -0.238152 0.275498 0.271397 0.922195 0.380772 
1533288443344 0.14472 0.936661 -0.318939 -0.610463 -0.950313 0.221357 0.218873 -0.238182 0.27561 0.271417 0.922156 0.380751 
1533288443354 0.144617 0.936677 -0.318939 -0.610389 -0.950313 0.221277 0.218957 -0.238194 0.275666 0.271427 0.922137 0.380742 
1533288443364 0.144514 0.936693 -0.318939 -0.61032 -0.950312 0.221197 0.219041 -0.238207 0.275722 0.271437 0.922117 0.380733 
1533288443374 0.14441 0.936709 -0.318939 -0.610252 -0.950312 0.221117 0.219124 -0.23822 0.275778 0.271447 0.922097 0.380724 
1533288443384 0.144307 0.936725 -0.31894 -0.610184 -0.950311 0.221037 0.219207 -0.238234 0.275834 0.271459 0.922077 0.380715 
1533288443394 0.144204 0.936741 -0.318939 -0.610116 -0.95031 0.220957 0.219291 -0.238247 0.27589 0.271469 0.922057 0.380707 
1533288443404 0.144101 0.936756 -0.31894 -0.610049 -0.95031 0.220877 0.219374 -0.23826 0.275947 0.27148 0.922037 0.380698 
1533288443414 0.143998 0.936772 -0.31894 -0.609982 -0.950309 0.220797 0.219458 -0.238274 0.276003 0.271491 0.922017 0.38069 
1533288443424 0.143894 0.936788 -0.318941 -0.60992 -0.950308 0.220717 0.219541 -0.238288 0.276059 0.271502 0.921997 0.380682 
1533288443448 0 0 0 0 0 0 0 0 0 0 0 0 
1533288443448 0 0 0 0 0 0 0 0 0 0 0 0 
1533288443452 0 0 0 0 0 0 0 0 0 0 0 0 
1533288443462 0.143894 0.936788 -0.318941 -0.60992 -0.950308 0.220717 0.219541 -0.238288 0.276059 0.271502 0.921997 0.380682 
1533288443472 0.143698 0.93682 -0.318936 -0.609795 -0.950311 0.220559 0.219687 -0.238313 0.276152 0.27152 0.921964 0.380664 
1533288443482 0.143604 0.936836 -0.31893 -0.609732 -0.950315 0.220481 0.21975 -0.238325 0.276188 0.271527 0.921951 0.380655 
1533288443492 0.14351 0.936852 -0.318924 -0.609674 -0.950318 0.220402 0.219813 -0.238337 0.276224 0.271534 0.921938 0.380646 
1533288443502 0.143417 0.936868 -0.318919 -0.609616 -0.950322 0.220324 0.219876 -0.238349 0.276261 0.271541 0.921925 0.380637 
1533288443512 0.143323 0.936885 -0.318913 -0.609559 -0.950325 0.220246 0.219939 -0.238362 0.276297 0.271549 0.921912 0.380628 
1533288443522 0.14323 0.936901 -0.318908 -0.609502 -0.950329 0.220168 0.220002 -0.238374 0.276333 0.271557 0.921899 0.380619 
1533288443532 0.143136 0.936917 -0.318903 -0.609446 -0.950333 0.22009 0.220065 -0.238386 0.27637 0.271564 0.921885 0.38061 
1533288443542 0.143042 0.936933 -0.318897 -0.609389 -0.950336 0.220012 0.220128 -0.238399 0.276406 0.271572 0.921872 0.380602 
1533288443552 0.142949 0.936949 -0.318892 -0.609337 -0.95034 0.219934 0.22019 -0.238412 0.276442 0.27158 0.921859 0.380593 
1533288443578 0 0 0 0 0 0 0 0 0 0 0 0 
1533288443578 0 0 0 0 0 0 0 0 0 0 0 0 
1533288443581 0 0 0 0 0 0 0 0 0 0 0 0 
1533288443592 0.142949 0.936949 -0.318892 -0.609337 -0.95034 0.219934 0.22019 -0.238412 0.276442 0.27158 0.921859 0.380593 
1533288443601 0.142777 0.936977 -0.318886 -0.60923 -0.950341 0.219796 0.22032 -0.238434 0.276525 0.271594 0.92183 0.380578 
1533288443611 0.142698 0.93699 -0.318885 -0.609176 -0.95034 0.219735 0.220387 -0.238444 0.276571 0.2716 0.921815 0.380572 
1533288443621 0.14262 0.937002 -0.318883 -0.609125 -0.950338 0.219675 0.220454 -0.238454 0.276617 0.271606 0.921799 0.380565 
1533288443631 0.142541 0.937014 -0.318883 -0.609075 -0.950337 0.219615 0.220521 -0.238464 0.276663 0.271613 0.921783 0.380559 
1533288443642 0.142463 0.937027 -0.318881 -0.609026 -0.950335 0.219555 0.220588 -0.238475 0.276709 0.271619 0.921768 0.380553 
1533288443651 0.142384 0.937039 -0.31888 -0.608976 -0.950333 0.219495 0.220655 -0.238485 0.276755 0.271625 0.921752 0.380547 
1533288443661 0.142305 0.937051 -0.318881 -0.608927 -0.950332 0.219434 0.220722 -0.238495 0.276802 0.271632 0.921736 0.380541 
1533288443671 0.142227 0.937063 -0.318879 -0.608878 -0.95033 0.219374 0.22079 -0.238506 0.276848 0.271638 0.92172 0.380536 
1533288443681 0.142148 0.937076 -0.318878 -0.608832 -0.950328 0.219314 0.220856 -0.238517 0.276894 0.271645 0.921704 0.38053 
1533288443710 0 0 0 0 0 0 0 0 0 0 0 0 
1533288443710 0 0 0 0 0 0 0 0 0 0 0 0 
1533288443714 0 0 0 0 0 0 0 0 0 0 0 0 
1533288443718 0 0 0 0 0 0 0 0 0 0 0 0 
1533288443720 0 0 0 0 0 0 0 0 0 0 0 0 
1533288443724 0 0 0 0 0 0 0 0 0 0 0 0 
1533288443734 0.142148 0.937076 -0.318878 -0.608832 -0.950328 0.219314 0.220856 -0.238517 0.276894 0.271645 0.921704 0.38053 
1533288443744 0.142 0.9371 -0.318872 -0.60874 -0.950329 0.219195 0.220969 -0.238536 0.276966 0.271655 0.92168 0.380517 
1533288443754 0.141931 0.937113 -0.318866 -0.608693 -0.950332 0.219137 0.221016 -0.238545 0.276992 0.271659 0.921671 0.38051 
1533288443764 0.141862 0.937125 -0.31886 -0.608649 -0.950335 0.219078 0.221062 -0.238554 0.277018 0.271663 0.921662 0.380502 
1533288443774 0.141792 0.937137 -0.318855 -0.608606 -0.950338 0.21902 0.221107 -0.238563 0.277044 0.271668 0.921652 0.380495 
1533288443785 0.141723 0.93715 -0.318848 -0.608563 -0.95034 0.218961 0.221153 -0.238572 0.277069 0.271672 0.921644 0.380488 
1533288443794 0.141654 0.937162 -0.318843 -0.60852 -0.950343 0.218903 0.221199 -0.238581 0.277096 0.271677 0.921634 0.380481 
1533288443804 0.141584 0.937175 -0.318838 -0.608478 -0.950346 0.218845 0.221245 -0.238591 0.277122 0.271681 0.921625 0.380474 
1533288443807 0 0 0 0 0 0 0 0 0 0 0 0 
1533288443810 0 0 0 0 0 0 0 0 0 0 0 0 
1533288443814 0 0 0 0 0 0 0 0 0 0 0 0 
1533288443824 0.141515 0.937187 -0.318832 -0.608436 -0.950349 0.218786 0.221291 -0.2386 0.277147 0.271685 0.921616 0.380468 
1533288443834 0.141446 0.9372 -0.318826 -0.608396 -0.950352 0.218728 0.221337 -0.23861 0.277173 0.27169 0.921607 0.380461 
1533288443859 0 0 0 0 0 0 0 0 0 0 0 0 
1533288443859 0 0 0 0 0 0 0 0 0 0 0 0 
1533288443862 0 0 0 0 0 0 0 0 0 0 0 0 
1533288443872 0.141446 0.9372 -0.318826 -0.608396 -0.950352 0.218728 0.221337 -0.23861 0.277173 0.27169 0.921607 0.380461 
1533288443882 0.141322 0.937221 -0.318817 -0.608315 -0.950355 0.218625 0.221426 -0.238626 0.277226 0.271697 0.921589 0.380448 
1533288443892 0.141266 0.937231 -0.318813 -0.608273 -0.950355 0.21858 0.221468 -0.238632 0.277253 0.2717 0.92158 0.380442 
1533288443902 0.141211 0.937241 -0.318809 -0.608234 -0.950355 0.218536 0.22151 -0.238639 0.277279 0.271702 0.921571 0.380436 
1533288443912 0.141156 0.93725 -0.318806 -0.608196 -0.950356 0.218491 0.221552 -0.238646 0.277306 0.271706 0.921562 0.380429 
1533288443922 0.141101 0.93726 -0.318803 -0.608157 -0.950356 0.218447 0.221595 -0.238653 0.277333 0.271709 0.921553 0.380423 
1533288443932 0.141046 0.937269 -0.318798 -0.608119 -0.950357 0.218402 0.221637 -0.23866 0.27736 0.271711 0.921545 0.380418 
1533288443942 0.140991 0.937279 -0.318795 -0.608082 -0.950357 0.218358 0.221679 -0.238667 0.277387 0.271714 0.921536 0.380412 
1533288443952 0.140936 0.937288 -0.318792 -0.608044 -0.950357 0.218313 0.221721 -0.238674 0.277413 0.271718 0.921527 0.380406 
1533288443962 0.140881 0.937297 -0.318789 -0.608009 -0.950358 0.218269 0.221764 -0.238682 0.27744 0.271721 0.921518 0.380401 
1533288443989 0.140881 0.937297 -0.318789 -0.608009 -0.950358 0.218269 0.221764 -0.238682 0.27744 0.271721 0.921518 0.380401 
1533288443991 0 0 0 0 0 0 0 0 0 0 0 0 
1533288444001 0.140774 0.937315 -0.318783 -0.607937 -0.950361 0.21818 0.221837 -0.238695 0.277484 0.27173 0.921502 0.380389 
1533288444011 0.140722 0.937324 -0.318781 -0.6079 -0.950363 0.218136 0.221869 -0.238701 0.277501 0.271736 0.921495 0.380384 
1533288444021 0.14067 0.937332 -0.318779 -0.607866 -0.950366 0.218093 0.2219 -0.238708 0.277518 0.271742 0.921488 0.380378 
1533288444031 0.140618 0.93734 -0.318778 -0.607832 -0.950369 0.218049 0.221931 -0.238715 0.277535 0.271749 0.921481 0.380373 
1533288444041 0.140566 0.937349 -0.318777 -0.607798 -0.950372 0.218005 0.221963 -0.238721 0.277552 0.271756 0.921474 0.380368 
1533288444051 0.140515 0.937357 -0.318775 -0.607765 -0.950374 0.217961 0.221994 -0.238728 0.277568 0.271762 0.921467 0.380363 
1533288444062 0.140463 0.937365 -0.318773 -0.607731 -0.950377 0.217918 0.222026 -0.238734 0.277585 0.271768 0.92146 0.380358 
1533288444071 0.140411 0.937374 -0.318771 -0.607699 -0.95038 0.217874 0.222057 -0.238741 0.277602 0.271775 0.921453 0.380353 
1533288444081 0.140359 0.937382 -0.31877 -0.607668 -0.950382 0.21783 0.222088 -0.238748 0.277619 0.271781 0.921446 0.380348 
1533288444109 0.140359 0.937382 -0.31877 -0.607668 -0.950382 0.21783 0.222088 -0.238748 0.277619 0.271781 0.921446 0.380348 
1533288444112 0 0 0 0 0 0 0 0 0 0 0 0 
1533288444122 0.14026 0.937398 -0.318767 -0.607604 -0.950385 0.21775 0.222158 -0.238761 0.277662 0.271791 0.92143 0.380338 
1533288444132 0.140213 0.937405 -0.318766 -0.607571 -0.950384 0.217713 0.222197 -0.238766 0.277688 0.271795 0.921421 0.380334 
1533288444142 0.140166 0.937413 -0.318764 -0.607541 -0.950383 0.217676 0.222235 -0.238772 0.277713 0.271798 0.921413 0.38033 
1533288444152 0.140119 0.93742 -0.318762 -0.60751 -0.950383 0.217639 0.222273 -0.238779 0.277739 0.271802 0.921404 0.380326 
1533288444162 0.140072 0.937428 -0.318761 -0.60748 -0.950382 0.217603 0.222312 -0.238785 0.277765 0.271805 0.921395 0.380322 
1533288444172 0.140025 0.937435 -0.31876 -0.60745 -0.950382 0.217566 0.22235 -0.238791 0.27779 0.271809 0.921386 0.380318 
1533288444182 0.139978 0.937443 -0.318759 -0.607421 -0.950381 0.217529 0.222389 -0.238797 0.277816 0.271813 0.921377 0.380315 
1533288444192 0.139931 0.93745 -0.318758 -0.607391 -0.950381 0.217493 0.222427 -0.238803 0.277842 0.271816 0.921368 0.380311 
1533288444202 0.139884 0.937458 -0.318756 -0.607364 -0.95038 0.217456 0.222466 -0.23881 0.277868 0.27182 0.92136 0.380307 
1533288444229 0.139884 0.937458 -0.318756 -0.607364 -0.95038 0.217456 0.222466 -0.23881 0.277868 0.27182 0.92136 0.380307 
1533288444232 0 0 0 0 0 0 0 0 0 0 0 0 
1533288444242 0.139797 0.937471 -0.318755 -0.607306 -0.950379 0.217388 0.222537 -0.238821 0.277916 0.271828 0.921343 0.3803 
1533288444252 0.139757 0.937477 -0.318757 -0.607277 -0.950378 0.217358 0.22257 -0.238825 0.277939 0.271833 0.921334 0.380296 
1533288444262 0.139717 0.937482 -0.318757 -0.607249 -0.950377 0.217327 0.222604 -0.23883 0.277961 0.271838 0.921326 0.380293 
1533288444272 0.139677 0.937488 -0.318757 -0.607222 -0.950376 0.217296 0.222637 -0.238836 0.277984 0.271841 0.921318 0.380289 
1533288444282 0.139637 0.937494 -0.318758 -0.607195 -0.950376 0.217266 0.22267 -0.238841 0.278007 0.271846 0.92131 0.380286 
1533288444292 0.139597 0.9375 -0.318757 -0.607168 -0.950375 0.217235 0.222703 -0.238846 0.278029 0.27185 0.921302 0.380282 
1533288444302 0.139557 0.937506 -0.318759 -0.607141 -0.950374 0.217204 0.222736 -0.238851 0.278052 0.271856 0.921293 0.380279 
1533288444312 0.139517 0.937512 -0.318759 -0.607114 -0.950373 0.217173 0.222769 -0.238856 0.278075 0.27186 0.921285 0.380276 
1533288444322 0.139477 0.937517 -0.318759 -0.607089 -0.950373 0.217143 0.222802 -0.238862 0.278097 0.271865 0.921277 0.380273 
1533288444343 0 0 0 0 0 0 0 0 0 0 0 0 
1533288444343 0 0 0 0 0 0 0 0 0 0 0 0 
1533288444354 0.139477 0.937517 -0.318759 -0.607089 -0.950373 0.217143 0.222802 -0.238862 0.278097 0.271865 0.921277 0.380273 
1533288444364 0.139397 0.937529 -0.31876 -0.607038 -0.950373 0.21708 0.222862 -0.238872 0.278136 0.271875 0.921263 0.380266 
1533288444374 0.139357 0.937535 -0.318758 -0.607012 -0.950374 0.217047 0.222888 -0.238876 0.278151 0.271879 0.921257 0.380262 
1533288444384 0.139318 0.937542 -0.318757 -0.606987 -0.950376 0.217014 0.222915 -0.238881 0.278167 0.271883 0.921251 0.380259 
1533288444394 0.139278 0.937548 -0.318757 -0.606963 -0.950377 0.216982 0.222941 -0.238887 0.278182 0.271889 0.921244 0.380255 
1533288444404 0.139238 0.937554 -0.318757 -0.606939 -0.950378 0.216949 0.222967 -0.238892 0.278198 0.271894 0.921238 0.380252 
1533288444414 0.139199 0.93756 -0.318755 -0.606915 -0.95038 0.216916 0.222993 -0.238897 0.278213 0.271898 0.921232 0.380248 
1533288444424 0.139159 0.937566 -0.318755 -0.606891 -0.950381 0.216884 0.22302 -0.238902 0.278228 0.271903 0.921226 0.380245 
1533288444434 0.139119 0.937572 -0.318754 -0.606867 -0.950382 0.216851 0.223046 -0.238907 0.278244 0.271908 0.92122 0.380242 
1533288444444 0.13908 0.937578 -0.318754 -0.606845 -0.950383 0.216818 0.223072 -0.238913 0.278259 0.271913 0.921214 0.380239 
1533288444470 0.13908 0.937578 -0.318754 -0.606845 -0.950383 0.216818 0.223072 -0.238913 0.278259 0.271913 0.921214 0.380239 
1533288444473 0 0 0 0 0 0 0 0 0 0 0 0 
1533288444483 0.139003 0.937591 -0.318749 -0.606799 -0.950389 0.216751 0.223115 -0.238922 0.27828 0.271922 0.921205 0.380231 
1533288444493 0.138965 0.937599 -0.318743 -0.606776 -0.950393 0.216717 0.223132 -0.238927 0.278285 0.271924 0.921203 0.380226 
1533288444503 0.138928 0.937606 -0.318738 -0.606754 -0.950397 0.216682 0.223148 -0.238932 0.27829 0.271926 0.921201 0.380222 
1533288444513 0.138891 0.937613 -0.318734 -0.606732 -0.950401 0.216648 0.223165 -0.238937 0.278295 0.271929 0.921198 0.380218 
1533288444523 0.138853 0.93762 -0.318729 -0.60671 -0.950405 0.216613 0.223181 -0.238942 0.2783 0.271932 0.921196 0.380213 
1533288444533 0.138816 0.937628 -0.318724 -0.606689 -0.950409 0.216579 0.223198 -0.238947 0.278305 0.271934 0.921194 0.380209 
1533288444543 0.138778 0.937635 -0.318719 -0.606667 -0.950413 0.216544 0.223214 -0.238951 0.27831 0.271937 0.921191 0.380205 
1533288444553 0.138741 0.937642 -0.318714 -0.606646 -0.950417 0.21651 0.223231 -0.238956 0.278315 0.27194 0.921189 0.380201 
1533288444563 0.138704 0.937649 -0.31871 -0.606626 -0.950421 0.216475 0.223247 -0.238962 0.27832 0.271943 0.921187 0.380197 
1533288444583 0 0 0 0 0 0 0 0 0 0 0 0 
1533288444583 0 0 0 0 0 0 0 0 0 0 0 0 
1533288444593 0.138704 0.937649 -0.31871 -0.606626 -0.950421 0.216475 0.223247 -0.238962 0.27832 0.271943 0.921187 0.380197 
1533288444603 0.138632 0.937662 -0.318703 -0.606585 -0.950431 0.216407 0.223267 -0.238971 0.278318 0.271953 0.921184 0.380188 
1533288444613 0.138598 0.937667 -0.318702 -0.606563 -0.950438 0.216373 0.22327 -0.238974 0.278312 0.271962 0.921184 0.380183 
1533288444624 0.138564 0.937673 -0.318699 -0.606543 -0.950445 0.216339 0.223274 -0.238978 0.278305 0.271968 0.921184 0.380179 
1533288444633 0.13853 0.937678 -0.318698 -0.606523 -0.950452 0.216305 0.223277 -0.238983 0.278298 0.271977 0.921183 0.380174 
1533288444643 0.138497 0.937684 -0.318696 -0.606503 -0.950459 0.216271 0.22328 -0.238987 0.278291 0.271984 0.921183 0.38017 
1533288444653 0.138463 0.93769 -0.318694 -0.606483 -0.950466 0.216237 0.223283 -0.238991 0.278284 0.271992 0.921183 0.380165 
1533288444663 0.138429 0.937695 -0.318693 -0.606464 -0.950473 0.216203 0.223287 -0.238995 0.278277 0.272 0.921183 0.380161 
1533288444673 0.138395 0.937701 -0.318691 -0.606444 -0.95048 0.216169 0.22329 -0.238999 0.27827 0.272007 0.921183 0.380157 
1533288444683 0.138361 0.937707 -0.318689 -0.606426 -0.950487 0.216135 0.223293 -0.239003 0.278264 0.272015 0.921183 0.380153 
1533288444702 0 0 0 0 0 0 0 0 0 0 0 0 
1533288444702 0 0 0 0 0 0 0 0 0 0 0 0 
1533288444713 0.138361 0.937707 -0.318689 -0.606426 -0.950487 0.216135 0.223293 -0.239003 0.278264 0.272015 0.921183 0.380153 
1533288444723 0.138297 0.937717 -0.318685 -0.606388 -0.950496 0.216075 0.223315 -0.239011 0.278266 0.272025 0.921179 0.380145 
1533288444733 0.138266 0.937722 -0.318684 -0.606368 -0.950497 0.216049 0.223333 -0.239015 0.278275 0.272029 0.921175 0.380142 
1533288444743 0.138236 0.937728 -0.318681 -0.60635 -0.950499 0.216023 0.223351 -0.239019 0.278284 0.272031 0.921172 0.380139 
1533288444753 0.138205 0.937733 -0.318679 -0.606332 -0.950501 0.215996 0.223369 -0.239023 0.278294 0.272034 0.921168 0.380136 
1533288444763 0.138174 0.937738 -0.318677 -0.606314 -0.950503 0.21597 0.223387 -0.239027 0.278303 0.272037 0.921164 0.380133 
1533288444773 0.138144 0.937743 -0.318674 -0.606296 -0.950504 0.215944 0.223405 -0.239031 0.278312 0.272039 0.921161 0.38013 
1533288444783 0.138114 0.937749 -0.318672 -0.606278 -0.950506 0.215918 0.223423 -0.239035 0.278321 0.272042 0.921157 0.380127 
1533288444793 0.138083 0.937754 -0.318671 -0.60626 -0.950508 0.215892 0.223441 -0.239039 0.278331 0.272046 0.921153 0.380124 
1533288444803 0.138053 0.937759 -0.318669 -0.606244 -0.95051 0.215865 0.223459 -0.239044 0.27834 0.272049 0.92115 0.380121 
1533288444820 0 0 0 0 0 0 0 0 0 0 0 0 
1533288444820 0 0 0 0 0 0 0 0 0 0 0 0 
1533288444824 0 0 0 0 0 0 0 0 0 0 0 0 
1533288444834 0.138053 0.937759 -0.318669 -0.606244 -0.95051 0.215865 0.223459 -0.239044 0.27834 0.272049 0.92115 0.380121 
1533288444837 0 0 0 0 0 0 0 0 0 0 0 0 
1533288444840 0 0 0 0 0 0 0 0 0 0 0 0 
1533288444844 0 0 0 0 0 0 0 0 0 0 0 0 
1533288444854 0.137969 0.937764 -0.318689 -0.606209 -0.950515 0.215799 0.223498 -0.239054 0.278361 0.272083 0.921133 0.380121 
1533288444864 0.137916 0.937765 -0.318711 -0.606191 -0.95052 0.215758 0.22352 -0.23906 0.278373 0.272114 0.92112 0.380124 
1533288444874 0.137863 0.937765 -0.318733 -0.606174 -0.950524 0.215718 0.223541 -0.239066 0.278386 0.272145 0.921107 0.380127 
1533288444884 0.13781 0.937765 -0.318755 -0.606157 -0.950528 0.215677 0.223563 -0.239073 0.278398 0.272176 0.921094 0.38013 
1533288444894 0.137757 0.937766 -0.318777 -0.606141 -0.950532 0.215636 0.223584 -0.239079 0.27841 0.272207 0.921082 0.380133 
1533288444904 0.137705 0.937766 -0.318799 -0.606125 -0.950536 0.215596 0.223606 -0.239086 0.278422 0.272238 0.921069 0.380136 
1533288444914 0.137652 0.937766 -0.318821 -0.606108 -0.95054 0.215555 0.223627 -0.239092 0.278434 0.27227 0.921056 0.380139 
1533288444924 0.137599 0.937766 -0.318843 -0.606092 -0.950544 0.215515 0.223649 -0.239098 0.278446 0.272301 0.921043 0.380142 
1533288444934 0.137546 0.937766 -0.318866 -0.606077 -0.950548 0.215474 0.22367 -0.239105 0.278458 0.272332 0.92103 0.380144 
1533288444953 0 0 0 0 0 0 0 0 0 0 0 0 
1533288444954 0 0 0 0 0 0 0 0 0 0 0 0 
1533288444964 0.137546 0.937766 -0.318866 -0.606077 -0.950548 0.215474 0.22367 -0.239105 0.278458 0.272332 0.92103 0.380144 
1533288444974 0.137472 0.937771 -0.318882 -0.606045 -0.950552 0.215417 0.22371 -0.239114 0.278481 0.272361 0.921015 0.380144 
1533288444984 0.137451 0.937776 -0.318878 -0.606028 -0.950552 0.215399 0.223727 -0.239117 0.278492 0.272358 0.921012 0.380142 
1533288444994 0.137431 0.937781 -0.318873 -0.606012 -0.950552 0.215382 0.223745 -0.23912 0.278503 0.272356 0.921009 0.380139 
1533288445004 0.13741 0.937785 -0.318868 -0.605996 -0.950552 0.215365 0.223762 -0.239122 0.278514 0.272353 0.921007 0.380136 
1533288445014 0.137389 0.93779 -0.318863 -0.605981 -0.950551 0.215347 0.22378 -0.239125 0.278525 0.272351 0.921004 0.380133 
1533288445024 0.137369 0.937795 -0.318857 -0.605965 -0.950551 0.21533 0.223798 -0.239128 0.278536 0.272348 0.921002 0.38013 
1533288445034 0.137348 0.9378 -0.318852 -0.60595 -0.950551 0.215313 0.223815 -0.239131 0.278547 0.272344 0.921 0.380127 
1533288445044 0.137327 0.937805 -0.318848 -0.605935 -0.950551 0.215296 0.223833 -0.239134 0.278558 0.272343 0.920997 0.380124 
1533288445054 0.137307 0.937809 -0.318842 -0.605921 -0.950551 0.215278 0.22385 -0.239137 0.278569 0.272339 0.920994 0.380121 
1533288445078 0 0 0 0 0 0 0 0 0 0 0 0 
1533288445078 0 0 0 0 0 0 0 0 0 0 0 0 
1533288445081 0 0 0 0 0 0 0 0 0 0 0 0 
1533288445091 0.137307 0.937809 -0.318842 -0.605921 -0.950551 0.215278 0.22385 -0.239137 0.278569 0.272339 0.920994 0.380121 
1533288445101 0.137178 0.937825 -0.318852 -0.605842 -0.950551 0.215178 0.223944 -0.239164 0.27863 0.272365 0.920968 0.380109 
1533288445111 0.137069 0.937836 -0.318865 -0.605777 -0.950552 0.215095 0.22402 -0.239189 0.27868 0.272392 0.920945 0.3801 
1533288445121 0.136961 0.937848 -0.318878 -0.605714 -0.950553 0.215012 0.224096 -0.239214 0.27873 0.272418 0.920922 0.380091 
1533288445131 0.136853 0.937858 -0.318893 -0.605651 -0.950554 0.214929 0.224171 -0.239239 0.27878 0.272446 0.920899 0.380081 
1533288445141 0.136745 0.93787 -0.318906 -0.605588 -0.950555 0.214846 0.224247 -0.239264 0.27883 0.272473 0.920876 0.380072 
1533288445151 0.136636 0.93788 -0.318921 -0.605525 -0.950556 0.214763 0.224323 -0.239289 0.278881 0.272502 0.920852 0.380063 
1533288445161 0.136528 0.937891 -0.318935 -0.605462 -0.950556 0.21468 0.224399 -0.239314 0.278931 0.272529 0.920829 0.380055 
1533288445171 0.13642 0.937903 -0.318949 -0.6054 -0.950557 0.214597 0.224475 -0.239339 0.278981 0.272556 0.920805 0.380046 
1533288445181 0.136312 0.937913 -0.318963 -0.605342 -0.950558 0.214514 0.22455 -0.239365 0.279031 0.272584 0.920782 0.380037 
1533288445210 0 0 0 0 0 0 0 0 0 0 0 0 
1533288445210 0 0 0 0 0 0 0 0 0 0 0 0 
1533288445214 0 0 0 0 0 0 0 0 0 0 0 0 
1533288445224 0.136312 0.937913 -0.318963 -0.605342 -0.950558 0.214514 0.22455 -0.239365 0.279031 0.272584 0.920782 0.380037 
