1535161679380 0.2139 0.919499 -0.3298 -0.472343 -0.943695 0.281725 0.173407 -0.171403 0.252361 0.274139 0.927988 0.474222 
1535161686715 0.213899 0.919499 -0.3298 -0.472343 -0.943695 0.281724 0.173408 -0.171403 0.252361 0.274139 0.927988 0.474222 
1535161688029 0.223117 0.920899 -0.31963 -0.504599 -0.942694 0.287291 0.169679 -0.185685 0.248085 0.263455 0.932226 0.454476 
1535161689422 0.232036 0.922259 -0.309189 -0.537051 -0.941704 0.292601 0.166065 -0.199951 0.243624 0.252631 0.936389 0.434552 
1535161691249 0.244583 0.924205 -0.293298 -0.58587 -0.940358 0.299849 0.160676 -0.221262 0.236443 0.236506 0.942422 0.404232 
1535161692710 0.253454 0.925078 -0.282827 -0.618307 -0.939151 0.305391 0.157264 -0.235644 0.231854 0.225758 0.946191 0.384262 
1535161692744 0.252769 0.92531 -0.282681 -0.618443 -0.939383 0.304665 0.157288 -0.235476 0.231663 0.225788 0.94623 0.38385 
1535161693301 0.254357 0.925147 -0.28179 -0.621438 -0.939028 0.305961 0.156891 -0.237075 0.231364 0.224702 0.946562 0.382282 
1535161693939 0.2558 0.925235 -0.28019 -0.626317 -0.938766 0.306945 0.156536 -0.239235 0.230836 0.222991 0.947095 0.379326 
1535161694563 0.256913 0.925416 -0.278569 -0.631239 -0.938654 0.307552 0.156016 -0.241396 0.230055 0.221398 0.947659 0.376053 
1535161694926 0.256812 0.925641 -0.277915 -0.632938 -0.93878 0.30725 0.155852 -0.241935 0.229652 0.220877 0.947878 0.374899 
1535161695318 0.255531 0.925368 -0.279997 -0.632029 -0.938971 0.306527 0.156121 -0.241608 0.230296 0.223016 0.947221 0.375567 
1535161695505 0.255711 0.92492 -0.281308 -0.632114 -0.938779 0.30706 0.156234 -0.241995 0.230882 0.224135 0.946814 0.375941 
1535161695605 0.255158 0.924776 -0.282283 -0.63241 -0.938862 0.30676 0.156319 -0.242122 0.231153 0.225139 0.94651 0.375817 
1535161695780 0.25422 0.924474 -0.284113 -0.632988 -0.938977 0.306309 0.156516 -0.242513 0.231721 0.226986 0.94593 0.375714 
1535161695885 0.253694 0.924352 -0.28498 -0.633346 -0.939059 0.306012 0.156604 -0.242556 0.231965 0.227883 0.945654 0.375657 
1535161696010 0.253495 0.924119 -0.285911 -0.633563 -0.939028 0.306062 0.156689 -0.242915 0.232306 0.228759 0.945359 0.375611 
1535161696316 0.252826 0.924015 -0.286837 -0.63391 -0.93912 0.305668 0.156912 -0.242946 0.232666 0.229703 0.945041 0.375617 
1535161696596 0.252199 0.924448 -0.285991 -0.633766 -0.939426 0.304789 0.156786 -0.243156 0.232107 0.229127 0.945319 0.375607 
1535161696802 0.2509 0.924723 -0.286247 -0.634059 -0.939759 0.303606 0.157087 -0.243303 0.232168 0.22959 0.945191 0.375587 
1535161696929 0.25057 0.924757 -0.286426 -0.634213 -0.939808 0.30336 0.15727 -0.24354 0.232327 0.229778 0.945106 0.375614 
1535161697059 0.249788 0.924958 -0.286459 -0.634316 -0.940014 0.30262 0.157463 -0.24358 0.232335 0.229944 0.945064 0.375634 
1535161697200 0.249133 0.925123 -0.286497 -0.634541 -0.940177 0.302012 0.157657 -0.24363 0.232378 0.23008 0.945021 0.375653 
1535161697313 0.248597 0.92523 -0.286616 -0.634613 -0.940321 0.301518 0.157745 -0.243771 0.232371 0.230296 0.94497 0.375653 
1535161697633 0.247885 0.925395 -0.2867 -0.634741 -0.940468 0.300892 0.158063 -0.243798 0.232536 0.230451 0.944891 0.375642 
1535161697889 0.247444 0.925925 -0.285367 -0.634692 -0.940585 0.300242 0.1586 -0.244104 0.232531 0.229167 0.945205 0.375633 
1535161698084 0.2466 0.926339 -0.284752 -0.634787 -0.940744 0.299392 0.159266 -0.244346 0.232786 0.228604 0.945278 0.375458 
1535161698154 0.24628 0.926586 -0.284225 -0.634779 -0.940843 0.29898 0.159451 -0.244498 0.232723 0.228141 0.945406 0.375433 
1535161698275 0.245819 0.926786 -0.283972 -0.63483 -0.940938 0.298521 0.159751 -0.2446 0.232826 0.22793 0.945431 0.375385 
1535161698353 0.245478 0.927001 -0.283565 -0.634882 -0.941033 0.298119 0.159943 -0.244733 0.232803 0.227581 0.945521 0.375363 
1535161698660 0.244887 0.927317 -0.283044 -0.634951 -0.941145 0.297506 0.160427 -0.244785 0.232974 0.227099 0.945595 0.375285 
1535161698721 0.245144 0.92713 -0.283433 -0.634924 -0.941082 0.297814 0.160222 -0.244689 0.232957 0.227456 0.945513 0.37529 
1535161698827 0.245887 0.927015 -0.283166 -0.634839 -0.940977 0.298392 0.159762 -0.244797 0.232596 0.227169 0.945671 0.375336 
1535161699013 0.246999 0.927122 -0.281845 -0.634796 -0.940842 0.299076 0.159282 -0.244814 0.231967 0.225829 0.946146 0.375095 
1535161699053 0.247368 0.927195 -0.281282 -0.63474 -0.940821 0.299258 0.159064 -0.244856 0.231659 0.225288 0.946351 0.375045 
1535161699081 0.247647 0.927197 -0.281028 -0.634718 -0.940773 0.299456 0.15897 -0.244884 0.231552 0.225015 0.946442 0.37502 
1535161699200 0.248017 0.927224 -0.280613 -0.634694 -0.940745 0.299672 0.15873 -0.244843 0.23127 0.224617 0.946605 0.374886 
1535161699610 0.248836 0.927313 -0.27959 -0.634647 -0.940668 0.300146 0.158293 -0.244898 0.230705 0.223612 0.946981 0.374826 
1535161699944 0.250806 0.926767 -0.27964 -0.634056 -0.940378 0.301813 0.156835 -0.244339 0.229749 0.223632 0.947209 0.37511 
1535161700183 0.2525 0.926376 -0.27941 -0.633609 -0.940232 0.303097 0.15523 -0.244148 0.22849 0.223515 0.947541 0.375067 
1535161700419 0.254211 0.9261 -0.278776 -0.633245 -0.940026 0.30438 0.153963 -0.243824 0.227439 0.222918 0.947934 0.375231 
1535161700580 0.255266 0.925888 -0.278514 -0.63298 -0.939925 0.305165 0.15302 -0.243866 0.226672 0.222721 0.948164 0.375337 
1535161700610 0.255374 0.925885 -0.278426 -0.63294 -0.93992 0.305231 0.152922 -0.243788 0.226572 0.222645 0.948206 0.375358 
1535161700869 0.255552 0.925717 -0.278821 -0.63244 -0.939825 0.305512 0.152945 -0.243714 0.226767 0.222957 0.948086 0.37553 
1535161701204 0.255197 0.925566 -0.279647 -0.631063 -0.939712 0.305515 0.15363 -0.242879 0.227631 0.223582 0.947732 0.376033 
1535161701512 0.255474 0.925278 -0.280345 -0.629965 -0.939467 0.306062 0.154037 -0.24246 0.22833 0.224022 0.947459 0.376446 
1535161701539 0.255754 0.925188 -0.280389 -0.629841 -0.939373 0.306355 0.154029 -0.242523 0.228405 0.223996 0.947448 0.376489 
1535161701708 0.255903 0.925076 -0.280619 -0.629715 -0.939238 0.306629 0.154305 -0.242516 0.22879 0.224082 0.947335 0.376646 
1535161701998 0.255297 0.925261 -0.280564 -0.628778 -0.939152 0.306285 0.155511 -0.241993 0.22982 0.223791 0.947154 0.376864 
1535161702404 0.255009 0.925142 -0.281215 -0.627377 -0.938751 0.306584 0.15733 -0.241505 0.231769 0.22387 0.94666 0.377198 
1535161702760 0.254967 0.925033 -0.281613 -0.625947 -0.938273 0.307082 0.159197 -0.241002 0.23374 0.22364 0.94623 0.377679 
1535161702787 0.255003 0.924996 -0.281703 -0.625834 -0.938202 0.307191 0.159408 -0.241023 0.233988 0.223645 0.946167 0.377733 
1535161703014 0.254936 0.925046 -0.281597 -0.62551 -0.938193 0.307135 0.159571 -0.240791 0.234099 0.223511 0.946171 0.377732 
1535161703274 0.255092 0.925159 -0.281086 -0.62475 -0.938081 0.307262 0.159984 -0.240627 0.234378 0.222871 0.946254 0.377995 
1535161703512 0.255145 0.925197 -0.280913 -0.624077 -0.937967 0.307377 0.160429 -0.240294 0.234775 0.222554 0.946229 0.378084 
1535161703745 0.255141 0.92526 -0.280707 -0.623408 -0.93784 0.307459 0.161016 -0.239934 0.235287 0.222176 0.946191 0.378226 
1535161703929 0.255287 0.925255 -0.280593 -0.623005 -0.937704 0.307668 0.161402 -0.23994 0.235667 0.22191 0.946159 0.378382 
1535161703957 0.2551 0.925313 -0.28057 -0.622934 -0.937756 0.307485 0.161451 -0.239825 0.235664 0.22192 0.946158 0.378375 
1535161704197 0.255256 0.925205 -0.280785 -0.622541 -0.937606 0.307774 0.161775 -0.239667 0.236093 0.221972 0.946038 0.378474 
1535161704401 0.255326 0.925133 -0.280958 -0.622192 -0.937529 0.307925 0.161933 -0.239559 0.236324 0.222061 0.94596 0.378665 
1535161704718 0.255055 0.925072 -0.281404 -0.621172 -0.937458 0.307879 0.162426 -0.239054 0.236894 0.222377 0.945743 0.378864 
1535161705005 0.255257 0.924862 -0.281912 -0.620483 -0.937222 0.308332 0.16293 -0.23876 0.23761 0.222625 0.945505 0.379028 
1535161705199 0.255483 0.924783 -0.281968 -0.620113 -0.937048 0.308663 0.163304 -0.238615 0.238054 0.222496 0.945424 0.379228 
1535161705252 0.255409 0.924767 -0.282084 -0.619947 -0.937045 0.308635 0.163375 -0.238511 0.238145 0.222598 0.945377 0.379246 
1535161705477 0.255469 0.924598 -0.282586 -0.619837 -0.937046 0.308765 0.163125 -0.238441 0.238078 0.223122 0.94527 0.379349 
1535161705715 0.255624 0.924416 -0.283041 -0.61933 -0.937095 0.308907 0.162571 -0.238192 0.237717 0.223679 0.945229 0.379552 
1535161705980 0.255793 0.92417 -0.283688 -0.618846 -0.937071 0.309162 0.162227 -0.237965 0.237631 0.224339 0.945094 0.379775 
1535161706142 0.256073 0.923932 -0.284211 -0.618569 -0.937009 0.309507 0.161925 -0.237986 0.237573 0.224844 0.944989 0.379921 
1535161706380 0.256057 0.923712 -0.284939 -0.618078 -0.937066 0.30957 0.161477 -0.237724 0.237366 0.225659 0.944847 0.379982 
1535161706414 0.255927 0.923701 -0.285093 -0.617981 -0.937122 0.309452 0.161374 -0.23763 0.237284 0.225867 0.944818 0.380018 
1535161706688 0.256161 0.92347 -0.28563 -0.617457 -0.936994 0.309831 0.161392 -0.237396 0.237537 0.226291 0.944653 0.380246 
1535161706978 0.25628 0.923091 -0.286748 -0.616629 -0.936885 0.310213 0.161289 -0.237075 0.237837 0.227315 0.944331 0.380619 
1535161707090 0.256581 0.922939 -0.286966 -0.616353 -0.93676 0.310579 0.161309 -0.237147 0.238004 0.22743 0.944261 0.380771 
1535161707131 0.256501 0.922943 -0.287027 -0.616337 -0.936782 0.310513 0.161309 -0.237063 0.238005 0.227506 0.944243 0.380787 
1535161707154 0.25648 0.922941 -0.287048 -0.616311 -0.936789 0.310496 0.161304 -0.237013 0.238001 0.227533 0.944237 0.380797 
1535161707362 0.256891 0.922888 -0.286854 -0.616005 -0.936749 0.310784 0.160977 -0.236889 0.237713 0.227356 0.944352 0.380853 
1535161707583 0.257013 0.922949 -0.286547 -0.615524 -0.936847 0.310723 0.160529 -0.236523 0.237197 0.227192 0.944522 0.380917 
1535161707631 0.257096 0.922918 -0.286574 -0.615358 -0.93685 0.310781 0.160395 -0.236476 0.237093 0.227239 0.944536 0.380941 
1535161707832 0.256862 0.923037 -0.286398 -0.614926 -0.936874 0.310566 0.160674 -0.23613 0.237254 0.227048 0.944542 0.381041 
1535161708134 0.256852 0.923267 -0.285667 -0.613692 -0.93657 0.31072 0.16214 -0.235672 0.238461 0.225901 0.944513 0.381274 
1535161708178 0.257088 0.923209 -0.285642 -0.613518 -0.93647 0.310975 0.162229 -0.235685 0.238598 0.225788 0.944505 0.381304 
1535161708198 0.257088 0.923209 -0.285642 -0.613518 -0.93647 0.310975 0.162229 -0.235685 0.238598 0.225788 0.944505 0.381304 
1535161708449 0.256975 0.923257 -0.285588 -0.613177 -0.936531 0.310829 0.162158 -0.235461 0.238483 0.225791 0.944534 0.381392 
1535161708737 0.257028 0.923336 -0.285285 -0.612336 -0.936559 0.310786 0.162077 -0.235023 0.238314 0.225528 0.944639 0.381564 
1535161709067 0.257876 0.923299 -0.284638 -0.610971 -0.936344 0.311465 0.162014 -0.234575 0.238242 0.22474 0.944845 0.381931 
1535161709090 0.257924 0.923309 -0.284562 -0.610827 -0.936337 0.311492 0.162003 -0.234565 0.238218 0.224662 0.94487 0.381974 
1535161709306 0.25814 0.92328 -0.28446 -0.61067 -0.936253 0.311704 0.162082 -0.234507 0.238314 0.224487 0.944887 0.382092 
1535161709569 0.258263 0.923183 -0.284662 -0.609906 -0.935949 0.312111 0.163052 -0.234066 0.239373 0.224319 0.944659 0.38221 
1535161709822 0.258527 0.923055 -0.284839 -0.609166 -0.935682 0.312576 0.163692 -0.233713 0.240131 0.2242 0.944495 0.382387 
1535161709969 0.258997 0.922869 -0.285013 -0.608854 -0.935386 0.313212 0.164172 -0.233759 0.240779 0.224077 0.94436 0.382523 
1535161709997 0.258912 0.922892 -0.285018 -0.608826 -0.935404 0.313136 0.164213 -0.233675 0.240801 0.22409 0.944351 0.382518 
1535161710017 0.258827 0.922914 -0.285023 -0.608775 -0.935425 0.313058 0.16424 -0.233596 0.240808 0.224107 0.944345 0.38251 
1535161710296 0.259135 0.92289 -0.284822 -0.60804 -0.935234 0.313415 0.16465 -0.233264 0.241221 0.223708 0.944334 0.382648 
1535161710716 0.260055 0.922982 -0.283681 -0.605809 -0.934744 0.314306 0.165728 -0.232179 0.242127 0.222071 0.944489 0.383192 
1535161710744 0.260171 0.922968 -0.283621 -0.605679 -0.934689 0.314426 0.165809 -0.232127 0.242214 0.221958 0.944493 0.383217 
1535161710769 0.26035 0.922925 -0.283598 -0.605572 -0.934624 0.314607 0.16583 -0.232191 0.242271 0.221884 0.944496 0.383239 
1535161710928 0.260398 0.923 -0.283307 -0.605543 -0.934612 0.3146 0.165913 -0.232105 0.242266 0.221579 0.944569 0.383289 
1535161711135 0.260577 0.923313 -0.282121 -0.604948 -0.934848 0.314297 0.165155 -0.231925 0.241159 0.220705 0.945056 0.383357 
1535161711334 0.260642 0.923518 -0.281388 -0.604445 -0.93497 0.3141 0.164842 -0.231656 0.240618 0.220125 0.945329 0.383411 
1535161711402 0.26071 0.923641 -0.280923 -0.604199 -0.93503 0.314009 0.164672 -0.231536 0.24031 0.21974 0.945498 0.383454 
1535161711652 0.260958 0.923866 -0.27995 -0.603632 -0.935132 0.313917 0.16427 -0.23137 0.239645 0.218922 0.945856 0.383554 
1535161711687 0.260996 0.92388 -0.279869 -0.603557 -0.935135 0.313927 0.164233 -0.23133 0.23959 0.218851 0.945886 0.383557 
1535161711716 0.261078 0.923909 -0.279698 -0.603487 -0.935134 0.313955 0.164185 -0.231275 0.239505 0.21869 0.945945 0.383567 
1535161711909 0.261377 0.92414 -0.278654 -0.603147 -0.935276 0.31385 0.163575 -0.231204 0.238622 0.217863 0.946359 0.383563 
1535161711943 0.261496 0.924247 -0.278187 -0.603015 -0.935338 0.313794 0.16333 -0.231055 0.238251 0.217488 0.946539 0.383562 
1535161712122 0.261814 0.92443 -0.277278 -0.602728 -0.935412 0.313789 0.162912 -0.230772 0.237608 0.216717 0.946877 0.38357 
1535161712305 0.262446 0.924576 -0.27619 -0.602313 -0.935541 0.313924 0.161909 -0.230714 0.2364 0.215894 0.947367 0.38354 
1535161712355 0.262461 0.924764 -0.275546 -0.602115 -0.935657 0.313716 0.161644 -0.230507 0.235926 0.215391 0.9476 0.383524 
1535161712495 0.262818 0.924891 -0.274779 -0.601875 -0.935667 0.313824 0.161374 -0.230369 0.235485 0.21469 0.947869 0.383619 
1535161712562 0.262909 0.925098 -0.273992 -0.601617 -0.935798 0.313632 0.16099 -0.230168 0.234864 0.214076 0.948162 0.383621 
1535161712579 0.262897 0.925106 -0.27398 -0.601595 -0.935814 0.313606 0.160944 -0.230163 0.234811 0.214082 0.948173 0.383609 
1535161712600 0.262973 0.925087 -0.27397 -0.601585 -0.935803 0.313667 0.16089 -0.230194 0.234773 0.214073 0.948185 0.3836 
1535161712768 0.26363 0.925015 -0.273581 -0.601615 -0.935601 0.314246 0.160936 -0.230365 0.234839 0.213536 0.94829 0.383579 
1535161712950 0.263782 0.925417 -0.272072 -0.601287 -0.935729 0.313974 0.160723 -0.229954 0.23416 0.21219 0.94876 0.383423 
1535161712992 0.264175 0.925508 -0.271379 -0.601175 -0.935695 0.314161 0.160552 -0.229921 0.233849 0.211515 0.948987 0.38343 
1535161713154 0.26482 0.925779 -0.269822 -0.600827 -0.935683 0.314357 0.160243 -0.229734 0.23317 0.210032 0.949483 0.383408 
1535161713198 0.265183 0.925914 -0.269 -0.600666 -0.935663 0.314488 0.160099 -0.229664 0.232836 0.209238 0.94974 0.383442 
1535161713500 0.26553 0.926123 -0.267935 -0.600378 -0.935705 0.314512 0.15981 -0.229527 0.232272 0.208274 0.95009 0.383348 
1535161713517 0.265616 0.926084 -0.267986 -0.600403 -0.935676 0.314607 0.159791 -0.229582 0.23229 0.208305 0.950079 0.383382 
1535161713715 0.265452 0.926156 -0.2679 -0.600615 -0.935669 0.314483 0.160078 -0.229678 0.232507 0.208172 0.950055 0.383404 
1535161713918 0.265959 0.926652 -0.265674 -0.600617 -0.935766 0.314369 0.159729 -0.229504 0.231533 0.206128 0.950739 0.383193 
1535161714046 0.266298 0.926841 -0.26467 -0.600645 -0.935753 0.314448 0.159649 -0.229459 0.231195 0.205151 0.951032 0.383069 
1535161714266 0.266899 0.9273 -0.26245 -0.600558 -0.935818 0.314435 0.159295 -0.229442 0.230237 0.20309 0.951707 0.382953 
1535161714486 0.267524 0.927763 -0.260169 -0.600511 -0.9358 0.314504 0.159265 -0.229372 0.229584 0.200859 0.952338 0.382889 
1535161714553 0.267805 0.927946 -0.259224 -0.60054 -0.935799 0.314543 0.159195 -0.229343 0.229261 0.199949 0.952607 0.382802 
1535161715594 0.260792 0.927575 -0.267567 -0.586485 -0.937134 0.309811 0.160618 -0.222751 0.23188 0.208858 0.950058 0.392472 
1535161718105 0.213941 0.919912 -0.32862 -0.472601 -0.944263 0.280913 0.171624 -0.171317 0.250193 0.273586 0.928738 0.473553 
1535161718140 0.214482 0.919723 -0.328795 -0.472387 -0.944036 0.28157 0.1718 -0.171337 0.250588 0.273546 0.928643 0.473835 
1535161718157 0.214699 0.919675 -0.328789 -0.472356 -0.943962 0.281798 0.171827 -0.171346 0.250678 0.273473 0.92864 0.473955 
1535161718181 0.21467 0.919657 -0.32886 -0.472351 -0.943941 0.281815 0.171919 -0.171318 0.250784 0.273518 0.928598 0.473996 
1535161718199 0.214631 0.91965 -0.328904 -0.472344 -0.943938 0.281799 0.171958 -0.171296 0.250826 0.273558 0.928576 0.474005 
1535161718216 0.214631 0.919644 -0.32892 -0.47234 -0.943934 0.281807 0.171971 -0.17129 0.250844 0.273568 0.928568 0.474016 
1535161718233 0.21463 0.919641 -0.328928 -0.472338 -0.943932 0.281809 0.171974 -0.171287 0.250849 0.273575 0.928564 0.474021 
1535161718249 0.214622 0.919641 -0.328934 -0.472338 -0.943939 0.281797 0.171956 -0.171286 0.250831 0.273588 0.928565 0.474014 
1535161718269 0.21461 0.919645 -0.32893 -0.472335 -0.943949 0.281777 0.171935 -0.171285 0.250804 0.273595 0.928571 0.473998 
1535161718285 0.214603 0.919646 -0.328934 -0.472334 -0.943953 0.281769 0.171926 -0.171284 0.250795 0.273602 0.928571 0.473993 
1535161719058 0.214533 0.919648 -0.328972 -0.47232 -0.943962 0.281719 0.171962 -0.171252 0.250823 0.273646 0.928551 0.473984 
1535161719077 0.214533 0.919648 -0.328972 -0.47232 -0.943962 0.281719 0.171963 -0.171252 0.250823 0.273646 0.928551 0.473984 
1535161719094 0.214533 0.919648 -0.328972 -0.47232 -0.943962 0.281719 0.171963 -0.171252 0.250823 0.273645 0.928551 0.473984 
1535161719110 0.214533 0.919648 -0.328973 -0.47232 -0.943962 0.281719 0.171963 -0.171252 0.250823 0.273646 0.92855 0.473983 
1535161719127 0.214533 0.919648 -0.328973 -0.47232 -0.943962 0.281719 0.171963 -0.171251 0.250823 0.273646 0.92855 0.473983 
1535161719143 0.21453 0.919649 -0.328973 -0.472319 -0.943962 0.281716 0.171964 -0.17125 0.250823 0.273646 0.92855 0.473983 
1535161719161 0.214526 0.919649 -0.328973 -0.472318 -0.943963 0.281712 0.171965 -0.171248 0.250823 0.273648 0.92855 0.473983 
1535161719191 0.214521 0.91965 -0.328974 -0.472317 -0.943964 0.281708 0.171967 -0.171247 0.250824 0.273649 0.928549 0.473983 
1535161719332 0.214492 0.919656 -0.328977 -0.472311 -0.94397 0.281681 0.171977 -0.171234 0.250826 0.273657 0.928546 0.473981 
1535161719354 0.214489 0.919657 -0.328977 -0.47231 -0.943971 0.281679 0.171977 -0.171233 0.250826 0.273658 0.928546 0.473981 
1535161719377 0.214487 0.919657 -0.328977 -0.47231 -0.943971 0.281677 0.171978 -0.171232 0.250827 0.273658 0.928546 0.473981 
1535161719397 0.214484 0.919658 -0.328978 -0.472309 -0.943972 0.281675 0.171979 -0.171231 0.250827 0.273659 0.928546 0.47398 
1535161719415 0.214482 0.919658 -0.328978 -0.472308 -0.943972 0.281672 0.17198 -0.17123 0.250827 0.27366 0.928545 0.47398 
1535161719430 0.214479 0.919659 -0.328978 -0.472307 -0.943973 0.28167 0.171981 -0.171229 0.250827 0.27366 0.928545 0.47398 
1535161719459 0.214473 0.91966 -0.328979 -0.472306 -0.943974 0.281665 0.171983 -0.171227 0.250827 0.273662 0.928545 0.47398 
1535161719477 0.214471 0.91966 -0.328979 -0.472306 -0.943974 0.281663 0.171983 -0.171226 0.250827 0.273662 0.928544 0.47398 
1535161719715 0.214453 0.919664 -0.328982 -0.472301 -0.943978 0.281647 0.171991 -0.171218 0.25083 0.273668 0.928542 0.473978 
1535161719727 0.214452 0.919664 -0.328982 -0.472301 -0.943978 0.281647 0.171991 -0.171217 0.25083 0.273668 0.928542 0.473978 
1535161719744 0.214452 0.919664 -0.328982 -0.472301 -0.943978 0.281646 0.171991 -0.171217 0.25083 0.273668 0.928542 0.473978 
1535161719764 0.214451 0.919664 -0.328982 -0.472301 -0.943978 0.281646 0.171991 -0.171217 0.250831 0.273668 0.928542 0.473978 
1535161719784 0.214452 0.919664 -0.328982 -0.472301 -0.943978 0.281646 0.171991 -0.171217 0.250831 0.273668 0.928542 0.473978 
1535161719800 0.21445 0.919664 -0.328982 -0.4723 -0.943978 0.281644 0.171992 -0.171216 0.250831 0.273669 0.928542 0.473978 
1535161719821 0.214448 0.919664 -0.328983 -0.4723 -0.943979 0.281643 0.171993 -0.171215 0.250831 0.273669 0.928541 0.473978 
1535161719844 0.214447 0.919665 -0.328983 -0.4723 -0.943979 0.281642 0.171993 -0.171215 0.250831 0.273669 0.928541 0.473978 
1535161719854 0.214446 0.919665 -0.328983 -0.472299 -0.943979 0.281641 0.171994 -0.171214 0.250832 0.273669 0.928541 0.473978 
1535161719945 0.214441 0.919665 -0.328984 -0.472298 -0.94398 0.281637 0.171996 -0.171212 0.250833 0.273671 0.92854 0.473978 
1535161719961 0.214441 0.919666 -0.328984 -0.472298 -0.94398 0.281637 0.171996 -0.171212 0.250833 0.273671 0.92854 0.473978 
1535161719978 0.21444 0.919666 -0.328984 -0.472298 -0.94398 0.281636 0.171997 -0.171211 0.250833 0.273671 0.92854 0.473978 
1535161719994 0.214439 0.919666 -0.328985 -0.472298 -0.94398 0.281636 0.171997 -0.171211 0.250833 0.273672 0.92854 0.473977 
1535161720015 0.214438 0.919666 -0.328985 -0.472298 -0.94398 0.281635 0.171997 -0.171211 0.250834 0.273672 0.92854 0.473977 
1535161720031 0.214437 0.919666 -0.328984 -0.472297 -0.94398 0.281634 0.171998 -0.17121 0.250834 0.273672 0.92854 0.473977 
1535161720052 0.214437 0.919666 -0.328985 -0.472297 -0.94398 0.281634 0.171998 -0.17121 0.250834 0.273673 0.928539 0.473977 
1535161720077 0.214437 0.919666 -0.328985 -0.472297 -0.94398 0.281634 0.171998 -0.17121 0.250834 0.273673 0.928539 0.473977 
1535161720092 0.214436 0.919666 -0.328985 -0.472297 -0.943981 0.281633 0.171999 -0.171209 0.250834 0.273673 0.928539 0.473977 
1535161720203 0.214433 0.919667 -0.328986 -0.472296 -0.943981 0.28163 0.172001 -0.171207 0.250836 0.273674 0.928538 0.473977 
1535161720221 0.214432 0.919667 -0.328987 -0.472296 -0.943981 0.28163 0.172001 -0.171207 0.250836 0.273675 0.928538 0.473977 
1535161720236 0.214432 0.919666 -0.328987 -0.472296 -0.943981 0.28163 0.172001 -0.171207 0.250836 0.273675 0.928538 0.473977 
1535161720269 0.214431 0.919667 -0.328987 -0.472296 -0.943981 0.281629 0.172002 -0.171207 0.250837 0.273675 0.928538 0.473977 
1535161720289 0.21443 0.919667 -0.328988 -0.472295 -0.943981 0.281629 0.172002 -0.171206 0.250837 0.273676 0.928538 0.473976 
1535161720306 0.21443 0.919667 -0.328988 -0.472295 -0.943981 0.281628 0.172002 -0.171206 0.250837 0.273676 0.928538 0.473977 
1535161720323 0.214429 0.919667 -0.328988 -0.472295 -0.943981 0.281628 0.172003 -0.171206 0.250837 0.273676 0.928538 0.473977 
1535161720343 0.214428 0.919667 -0.328989 -0.472295 -0.943982 0.281627 0.172003 -0.171205 0.250838 0.273677 0.928537 0.473976 
1535161720623 0.214416 0.919668 -0.328992 -0.472292 -0.943983 0.281617 0.172009 -0.1712 0.250841 0.273682 0.928535 0.473976 
1535161720639 0.214415 0.919668 -0.328993 -0.472292 -0.943983 0.281617 0.17201 -0.171199 0.250842 0.273682 0.928535 0.473975 
1535161720658 0.214414 0.919668 -0.328993 -0.472292 -0.943983 0.281617 0.17201 -0.171199 0.250842 0.273683 0.928534 0.473975 
1535161720673 0.214414 0.919668 -0.328993 -0.472292 -0.943983 0.281616 0.172011 -0.171199 0.250843 0.273683 0.928534 0.473976 
1535161720689 0.214412 0.919669 -0.328994 -0.472292 -0.943984 0.281615 0.172011 -0.171198 0.250843 0.273684 0.928534 0.473975 
1535161720713 0.214411 0.919669 -0.328994 -0.472291 -0.943984 0.281614 0.172012 -0.171198 0.250843 0.273684 0.928534 0.473975 
1535161720729 0.214409 0.919669 -0.328995 -0.472291 -0.943984 0.281612 0.172013 -0.171197 0.250844 0.273685 0.928533 0.473975 
1535161720748 0.214406 0.91967 -0.328995 -0.472291 -0.943985 0.28161 0.172014 -0.171196 0.250845 0.273686 0.928533 0.473975 
1535161720771 0.214403 0.91967 -0.328996 -0.47229 -0.943985 0.281608 0.172016 -0.171194 0.250846 0.273687 0.928532 0.473975 
1535161720957 0.214361 0.919677 -0.329005 -0.472282 -0.943993 0.281571 0.172033 -0.171178 0.250853 0.273701 0.928526 0.473973 
1535161720974 0.214358 0.919677 -0.329005 -0.472281 -0.943993 0.281569 0.172034 -0.171177 0.250854 0.273702 0.928526 0.473972 
1535161720989 0.214356 0.919677 -0.329006 -0.472281 -0.943994 0.281567 0.172035 -0.171176 0.250854 0.273703 0.928525 0.473972 
1535161721010 0.214354 0.919678 -0.329007 -0.472281 -0.943994 0.281566 0.172036 -0.171176 0.250854 0.273704 0.928525 0.473972 
1535161721026 0.214351 0.919678 -0.329007 -0.47228 -0.943994 0.281563 0.172037 -0.171174 0.250855 0.273705 0.928524 0.473972 
1535161721047 0.214346 0.919679 -0.329009 -0.472279 -0.943995 0.281559 0.172039 -0.171172 0.250856 0.273707 0.928523 0.473972 
1535161721068 0.214341 0.91968 -0.32901 -0.472278 -0.943996 0.281555 0.172041 -0.17117 0.250857 0.273708 0.928523 0.473972 
1535161721089 0.214336 0.919681 -0.32901 -0.472277 -0.943997 0.28155 0.172043 -0.171168 0.250858 0.27371 0.928522 0.473971 
1535161721456 0.214303 0.919685 -0.32902 -0.472271 -0.944002 0.281524 0.172058 -0.171156 0.250867 0.273723 0.928516 0.473969 
1535161721475 0.214303 0.919685 -0.32902 -0.472271 -0.944002 0.281524 0.172059 -0.171155 0.250867 0.273723 0.928516 0.473969 
1535161721492 0.214302 0.919685 -0.32902 -0.472271 -0.944002 0.281523 0.172059 -0.171155 0.250867 0.273723 0.928516 0.473969 
1535161721508 0.214302 0.919685 -0.329021 -0.472271 -0.944002 0.281523 0.172059 -0.171155 0.250867 0.273724 0.928515 0.473969 
1535161721528 0.214302 0.919685 -0.329021 -0.472271 -0.944002 0.281523 0.172059 -0.171155 0.250867 0.273724 0.928515 0.473969 
1535161721546 0.2143 0.919685 -0.329021 -0.47227 -0.944003 0.281522 0.17206 -0.171154 0.250867 0.273724 0.928515 0.473969 
1535161721564 0.214299 0.919685 -0.329021 -0.47227 -0.944003 0.28152 0.17206 -0.171154 0.250868 0.273725 0.928515 0.473969 
1535161721580 0.214298 0.919685 -0.329022 -0.47227 -0.944003 0.28152 0.172061 -0.171153 0.250868 0.273725 0.928515 0.473969 
1535161721597 0.214297 0.919686 -0.329022 -0.47227 -0.944003 0.281519 0.172061 -0.171153 0.250868 0.273725 0.928515 0.473969 
1535161721984 0.214286 0.919687 -0.329025 -0.472267 -0.944005 0.28151 0.172067 -0.171148 0.250871 0.27373 0.928513 0.473968 
1535161722011 0.214285 0.919687 -0.329025 -0.472267 -0.944005 0.28151 0.172067 -0.171148 0.250872 0.27373 0.928513 0.473968 
1535161722029 0.214285 0.919687 -0.329025 -0.472267 -0.944005 0.28151 0.172067 -0.171148 0.250872 0.27373 0.928513 0.473968 
1535161722045 0.214285 0.919687 -0.329025 -0.472267 -0.944005 0.28151 0.172067 -0.171148 0.250872 0.27373 0.928512 0.473968 
1535161722065 0.214285 0.919687 -0.329025 -0.472267 -0.944005 0.281509 0.172068 -0.171148 0.250872 0.27373 0.928512 0.473968 
1535161722082 0.214284 0.919687 -0.329025 -0.472267 -0.944005 0.281509 0.172068 -0.171147 0.250872 0.27373 0.928512 0.473968 
1535161722100 0.214284 0.919687 -0.329026 -0.472267 -0.944005 0.281509 0.172068 -0.171147 0.250872 0.273731 0.928512 0.473968 
1535161722115 0.214284 0.919687 -0.329026 -0.472267 -0.944005 0.281509 0.172068 -0.171147 0.250872 0.273731 0.928512 0.473968 
1535161722136 0.214283 0.919687 -0.329025 -0.472267 -0.944005 0.281508 0.172068 -0.171147 0.250872 0.27373 0.928512 0.473968 
1535161722348 0.214281 0.919688 -0.329027 -0.472266 -0.944005 0.281506 0.17207 -0.171145 0.250874 0.273732 0.928511 0.473968 
1535161722367 0.21428 0.919688 -0.329026 -0.472266 -0.944006 0.281505 0.17207 -0.171145 0.250873 0.273732 0.928511 0.473968 
1535161722386 0.21428 0.919688 -0.329027 -0.472266 -0.944006 0.281505 0.17207 -0.171145 0.250874 0.273732 0.928511 0.473968 
1535161722402 0.21428 0.919688 -0.329027 -0.472266 -0.944006 0.281505 0.17207 -0.171145 0.250874 0.273732 0.928511 0.473968 
1535161722419 0.21428 0.919688 -0.329027 -0.472266 -0.944006 0.281505 0.17207 -0.171145 0.250874 0.273732 0.928511 0.473968 
1535161722445 0.214279 0.919688 -0.329027 -0.472266 -0.944006 0.281505 0.17207 -0.171145 0.250874 0.273732 0.928511 0.473968 
1535161722462 0.214279 0.919688 -0.329027 -0.472266 -0.944006 0.281505 0.172071 -0.171145 0.250874 0.273732 0.928511 0.473967 
1535161722480 0.214279 0.919688 -0.329027 -0.472266 -0.944006 0.281505 0.172071 -0.171145 0.250874 0.273732 0.928511 0.473968 
1535161722495 0.214279 0.919688 -0.329027 -0.472266 -0.944006 0.281505 0.172071 -0.171145 0.250874 0.273732 0.928511 0.473968 
1535161723022 0.214276 0.919688 -0.329029 -0.472265 -0.944006 0.281503 0.172073 -0.171143 0.250876 0.273734 0.92851 0.473967 
1535161723038 0.214276 0.919688 -0.329029 -0.472265 -0.944006 0.281503 0.172073 -0.171143 0.250876 0.273734 0.92851 0.473967 
1535161723058 0.214276 0.919688 -0.329029 -0.472265 -0.944006 0.281503 0.172073 -0.171143 0.250876 0.273734 0.92851 0.473967 
1535161723080 0.214276 0.919688 -0.329029 -0.472265 -0.944006 0.281503 0.172073 -0.171143 0.250876 0.273734 0.92851 0.473967 
1535161723100 0.214276 0.919688 -0.329029 -0.472265 -0.944006 0.281503 0.172073 -0.171143 0.250876 0.273734 0.92851 0.473967 
1535161723113 0.214276 0.919688 -0.329029 -0.472265 -0.944006 0.281503 0.172073 -0.171143 0.250876 0.273734 0.92851 0.473967 
1535161723138 0.214276 0.919688 -0.329029 -0.472265 -0.944006 0.281503 0.172073 -0.171142 0.250877 0.273734 0.92851 0.473967 
1535161723155 0.214276 0.919688 -0.32903 -0.472265 -0.944006 0.281503 0.172073 -0.171142 0.250877 0.273735 0.92851 0.473967 
1535161723171 0.214276 0.919688 -0.329029 -0.472265 -0.944006 0.281503 0.172074 -0.171142 0.250877 0.273734 0.92851 0.473967 
1535161723411 0.214275 0.919688 -0.32903 -0.472264 -0.944006 0.281503 0.172074 -0.171142 0.250877 0.273735 0.92851 0.473967 
1535161723433 0.214275 0.919688 -0.32903 -0.472264 -0.944006 0.281503 0.172074 -0.171142 0.250878 0.273735 0.928509 0.473967 
1535161723445 0.214275 0.919688 -0.32903 -0.472264 -0.944006 0.281503 0.172074 -0.171142 0.250878 0.273735 0.928509 0.473967 
1535161723480 0.214275 0.919688 -0.32903 -0.472264 -0.944006 0.281503 0.172074 -0.171142 0.250877 0.273735 0.928509 0.473967 
1535161723498 0.214275 0.919688 -0.32903 -0.472264 -0.944006 0.281503 0.172075 -0.171142 0.250878 0.273735 0.928509 0.473967 
1535161723513 0.214275 0.919688 -0.32903 -0.472264 -0.944006 0.281503 0.172075 -0.171142 0.250878 0.273735 0.928509 0.473967 
1535161723538 0.214275 0.919688 -0.32903 -0.472264 -0.944005 0.281503 0.172075 -0.171142 0.250878 0.273735 0.928509 0.473967 
1535161723554 0.214275 0.919688 -0.32903 -0.472264 -0.944005 0.281503 0.172075 -0.171141 0.250878 0.273735 0.928509 0.473967 
1535161723814 0.214275 0.919687 -0.329031 -0.472264 -0.944005 0.281503 0.172076 -0.171141 0.250879 0.273736 0.928509 0.473967 
1535161723835 0.214275 0.919688 -0.32903 -0.472264 -0.944005 0.281503 0.172075 -0.171141 0.250879 0.273735 0.928509 0.473967 
1535161723852 0.214275 0.919688 -0.329031 -0.472264 -0.944005 0.281503 0.172075 -0.171141 0.250879 0.273735 0.928509 0.473967 
1535161723877 0.214275 0.919688 -0.329031 -0.472264 -0.944005 0.281503 0.172076 -0.171141 0.250879 0.273735 0.928509 0.473967 
1535161723897 0.214275 0.919688 -0.32903 -0.472264 -0.944005 0.281503 0.172075 -0.171141 0.250879 0.273735 0.928509 0.473967 
1535161723916 0.214274 0.919687 -0.329031 -0.472264 -0.944005 0.281503 0.172076 -0.171141 0.250879 0.273736 0.928509 0.473967 
1535161724406 0.214275 0.919687 -0.329032 -0.472263 -0.944005 0.281503 0.172077 -0.17114 0.25088 0.273736 0.928508 0.473967 
1535161724420 0.214275 0.919687 -0.329031 -0.472263 -0.944005 0.281503 0.172077 -0.17114 0.25088 0.273736 0.928508 0.473967 
1535161724437 0.214275 0.919687 -0.329032 -0.472263 -0.944005 0.281503 0.172077 -0.17114 0.25088 0.273736 0.928508 0.473967 
1535161724460 0.214275 0.919687 -0.329032 -0.472263 -0.944005 0.281503 0.172077 -0.17114 0.25088 0.273736 0.928508 0.473967 
1535161724472 0.214274 0.919687 -0.329032 -0.472263 -0.944005 0.281503 0.172077 -0.17114 0.25088 0.273736 0.928508 0.473967 
1535161724487 0.214275 0.919687 -0.329032 -0.472263 -0.944005 0.281503 0.172077 -0.17114 0.25088 0.273736 0.928508 0.473967 
1535161724512 0.214274 0.919687 -0.329032 -0.472263 -0.944005 0.281503 0.172077 -0.17114 0.250881 0.273736 0.928508 0.473967 
1535161724533 0.214274 0.919687 -0.329032 -0.472263 -0.944005 0.281503 0.172077 -0.17114 0.25088 0.273736 0.928508 0.473967 
1535161724795 0.214274 0.919687 -0.329032 -0.472263 -0.944005 0.281503 0.172078 -0.171139 0.250881 0.273736 0.928508 0.473966 
1535161724816 0.214274 0.919687 -0.329032 -0.472263 -0.944005 0.281503 0.172078 -0.171139 0.250881 0.273736 0.928508 0.473967 
1535161724827 0.214275 0.919687 -0.329032 -0.472263 -0.944005 0.281504 0.172078 -0.171139 0.250881 0.273736 0.928508 0.473967 
1535161724867 0.214274 0.919687 -0.329032 -0.472263 -0.944005 0.281503 0.172078 -0.171139 0.250881 0.273736 0.928508 0.473967 
1535161724879 0.214274 0.919687 -0.329032 -0.472263 -0.944005 0.281503 0.172078 -0.171139 0.250881 0.273736 0.928508 0.473967 
1535161724889 0.214274 0.919687 -0.329032 -0.472263 -0.944005 0.281503 0.172078 -0.171139 0.250881 0.273736 0.928508 0.473967 
1535161724921 0.214274 0.919687 -0.329032 -0.472263 -0.944005 0.281503 0.172078 -0.171139 0.250881 0.273736 0.928508 0.473967 
1535161724926 0.214274 0.919687 -0.329033 -0.472263 -0.944005 0.281503 0.172078 -0.171139 0.250882 0.273736 0.928508 0.473967 
1535161724946 0.214274 0.919687 -0.329032 -0.472263 -0.944005 0.281503 0.172078 -0.171139 0.250882 0.273736 0.928508 0.473967 
1535161725229 0.214274 0.919687 -0.329033 -0.472263 -0.944005 0.281504 0.172078 -0.171139 0.250882 0.273737 0.928508 0.473966 
1535161725243 0.214274 0.919687 -0.329032 -0.472263 -0.944005 0.281504 0.172078 -0.171139 0.250882 0.273736 0.928508 0.473967 
1535161725261 0.214274 0.919687 -0.329033 -0.472263 -0.944005 0.281504 0.172079 -0.171139 0.250882 0.273737 0.928508 0.473966 
1535161725278 0.214274 0.919687 -0.329033 -0.472263 -0.944005 0.281504 0.172078 -0.171139 0.250882 0.273737 0.928508 0.473966 
1535161725293 0.214274 0.919687 -0.329032 -0.472263 -0.944005 0.281503 0.172079 -0.171138 0.250882 0.273736 0.928508 0.473967 
1535161725312 0.214274 0.919687 -0.329033 -0.472263 -0.944005 0.281504 0.172079 -0.171139 0.250882 0.273736 0.928508 0.473967 
1535161725326 0.214274 0.919687 -0.329033 -0.472263 -0.944005 0.281504 0.172079 -0.171139 0.250882 0.273737 0.928507 0.473966 
1535161725344 0.214274 0.919687 -0.329033 -0.472263 -0.944005 0.281504 0.172079 -0.171138 0.250882 0.273736 0.928508 0.473967 
1535161725359 0.214274 0.919687 -0.329033 -0.472263 -0.944005 0.281503 0.172079 -0.171138 0.250882 0.273736 0.928508 0.473967 
1535161725376 0.214274 0.919687 -0.329033 -0.472263 -0.944005 0.281504 0.172079 -0.171138 0.250883 0.273737 0.928508 0.473966 
1535161725617 0.214274 0.919687 -0.329033 -0.472263 -0.944004 0.281504 0.172079 -0.171138 0.250883 0.273737 0.928507 0.473966 
1535161725634 0.214274 0.919687 -0.329033 -0.472263 -0.944004 0.281504 0.172079 -0.171138 0.250883 0.273737 0.928507 0.473966 
1535161725657 0.214274 0.919687 -0.329033 -0.472263 -0.944004 0.281504 0.172079 -0.171138 0.250883 0.273736 0.928507 0.473967 
1535161725672 0.214274 0.919687 -0.329033 -0.472263 -0.944004 0.281504 0.172079 -0.171138 0.250883 0.273737 0.928507 0.473966 
1535161725690 0.214274 0.919687 -0.329033 -0.472263 -0.944004 0.281504 0.172079 -0.171138 0.250883 0.273737 0.928507 0.473966 
1535161725706 0.214274 0.919687 -0.329033 -0.472262 -0.944004 0.281504 0.172079 -0.171138 0.250883 0.273737 0.928507 0.473967 
1535161725723 0.214274 0.919687 -0.329034 -0.472262 -0.944004 0.281504 0.172079 -0.171138 0.250883 0.273737 0.928507 0.473966 
1535161725741 0.214274 0.919687 -0.329034 -0.472262 -0.944004 0.281504 0.172079 -0.171138 0.250883 0.273737 0.928507 0.473966 
1535161725756 0.214274 0.919687 -0.329033 -0.472262 -0.944004 0.281504 0.172079 -0.171138 0.250883 0.273737 0.928507 0.473966 
1535161725773 0.214274 0.919687 -0.329033 -0.472262 -0.944004 0.281504 0.172079 -0.171138 0.250883 0.273737 0.928507 0.473966 
1535161725982 0.214274 0.919687 -0.329034 -0.472262 -0.944004 0.281504 0.17208 -0.171138 0.250884 0.273737 0.928507 0.473966 
1535161726003 0.214274 0.919687 -0.329033 -0.472262 -0.944004 0.281504 0.17208 -0.171138 0.250884 0.273737 0.928507 0.473966 
1535161726018 0.214273 0.919687 -0.329033 -0.472262 -0.944004 0.281504 0.17208 -0.171137 0.250884 0.273737 0.928507 0.473966 
1535161726042 0.214274 0.919687 -0.329034 -0.472262 -0.944004 0.281504 0.17208 -0.171138 0.250884 0.273737 0.928507 0.473966 
1535161726049 0.214274 0.919687 -0.329033 -0.472262 -0.944004 0.281504 0.17208 -0.171137 0.250884 0.273737 0.928507 0.473966 
1535161726075 0.214274 0.919687 -0.329033 -0.472262 -0.944004 0.281504 0.17208 -0.171137 0.250884 0.273737 0.928507 0.473966 
1535161726094 0.214274 0.919687 -0.329034 -0.472262 -0.944004 0.281504 0.17208 -0.171137 0.250884 0.273737 0.928507 0.473966 
1535161726133 0.214273 0.919687 -0.329034 -0.472262 -0.944004 0.281504 0.17208 -0.171137 0.250884 0.273737 0.928507 0.473966 
1535161726152 0.214274 0.919687 -0.329034 -0.472262 -0.944004 0.281504 0.17208 -0.171137 0.250884 0.273737 0.928507 0.473966 
1535161726166 0.214273 0.919687 -0.329034 -0.472262 -0.944004 0.281504 0.17208 -0.171137 0.250884 0.273737 0.928507 0.473966 
1535161726347 0.214273 0.919687 -0.329034 -0.472262 -0.944004 0.281503 0.17208 -0.171137 0.250884 0.273737 0.928507 0.473966 
1535161726363 0.214273 0.919687 -0.329034 -0.472262 -0.944004 0.281503 0.17208 -0.171137 0.250884 0.273737 0.928507 0.473966 
1535161726379 0.214273 0.919687 -0.329034 -0.472262 -0.944004 0.281503 0.17208 -0.171137 0.250884 0.273738 0.928507 0.473966 
1535161726400 0.214273 0.919687 -0.329034 -0.472262 -0.944004 0.281504 0.172081 -0.171137 0.250884 0.273737 0.928507 0.473966 
1535161726416 0.214273 0.919687 -0.329034 -0.472262 -0.944004 0.281503 0.172081 -0.171137 0.250884 0.273737 0.928507 0.473966 
1535161726437 0.214273 0.919687 -0.329034 -0.472262 -0.944004 0.281503 0.172081 -0.171137 0.250884 0.273737 0.928507 0.473966 
1535161726453 0.214273 0.919687 -0.329034 -0.472262 -0.944004 0.281503 0.172081 -0.171137 0.250884 0.273737 0.928507 0.473966 
1535161726474 0.214273 0.919687 -0.329034 -0.472262 -0.944004 0.281503 0.172081 -0.171137 0.250884 0.273737 0.928507 0.473966 
1535161726689 0.214273 0.919687 -0.329034 -0.472262 -0.944004 0.281503 0.172081 -0.171136 0.250885 0.273737 0.928507 0.473966 
1535161726704 0.214272 0.919687 -0.329034 -0.472262 -0.944004 0.281503 0.172081 -0.171136 0.250885 0.273737 0.928507 0.473966 
1535161726721 0.214272 0.919687 -0.329034 -0.472262 -0.944004 0.281503 0.172081 -0.171136 0.250885 0.273738 0.928507 0.473966 
1535161726745 0.214272 0.919687 -0.329034 -0.472262 -0.944004 0.281503 0.172081 -0.171136 0.250885 0.273737 0.928507 0.473966 
1535161726773 0.214272 0.919687 -0.329034 -0.472261 -0.944004 0.281503 0.172081 -0.171136 0.250885 0.273737 0.928507 0.473966 
1535161726795 0.214272 0.919687 -0.329034 -0.472261 -0.944004 0.281503 0.172081 -0.171136 0.250885 0.273738 0.928507 0.473966 
1535161726815 0.214272 0.919687 -0.329034 -0.472261 -0.944004 0.281503 0.172081 -0.171136 0.250885 0.273737 0.928507 0.473966 
1535161726834 0.214272 0.919687 -0.329034 -0.472261 -0.944004 0.281503 0.172081 -0.171136 0.250885 0.273738 0.928507 0.473966 
1535161727181 0.214271 0.919687 -0.329034 -0.472261 -0.944005 0.281502 0.172082 -0.171135 0.250885 0.273738 0.928506 0.473966 
1535161727204 0.214271 0.919687 -0.329035 -0.472261 -0.944005 0.281502 0.172082 -0.171135 0.250885 0.273738 0.928506 0.473966 
1535161727220 0.214271 0.919687 -0.329034 -0.472261 -0.944005 0.281502 0.172082 -0.171135 0.250885 0.273738 0.928506 0.473966 
1535161727253 0.214271 0.919687 -0.329035 -0.472261 -0.944004 0.281502 0.172082 -0.171135 0.250886 0.273738 0.928506 0.473966 
1535161727272 0.214271 0.919687 -0.329035 -0.472261 -0.944005 0.281502 0.172082 -0.171135 0.250886 0.273738 0.928506 0.473966 
1535161727286 0.214271 0.919687 -0.329034 -0.472261 -0.944005 0.281501 0.172082 -0.171135 0.250886 0.273738 0.928506 0.473966 
1535161727304 0.21427 0.919687 -0.329035 -0.472261 -0.944005 0.281501 0.172082 -0.171135 0.250886 0.273738 0.928506 0.473966 
1535161727320 0.21427 0.919687 -0.329035 -0.472261 -0.944005 0.281501 0.172082 -0.171135 0.250885 0.273738 0.928506 0.473966 
1535161727340 0.21427 0.919687 -0.329035 -0.472261 -0.944005 0.281501 0.172082 -0.171135 0.250886 0.273738 0.928506 0.473966 
