1535168177109 0.210528 0.903706 -0.372818 -0.599371 -0.935331 0.297118 0.192035 -0.233156 0.284314 0.308279 0.907816 0.396849 
1535168197661 0.210529 0.903708 -0.372814 -0.59937 -0.935331 0.297117 0.192034 -0.233156 0.284312 0.308276 0.907818 0.396851 
1535168198090 0.216589 0.906785 -0.361704 -0.599902 -0.934703 0.299561 0.191294 -0.233217 0.281815 0.296654 0.912457 0.395687 
1535168198389 0.220187 0.908278 -0.355736 -0.600258 -0.934197 0.301294 0.191044 -0.233304 0.280703 0.290262 0.914852 0.394874 
1535168198678 0.223212 0.909846 -0.349794 -0.600643 -0.933869 0.302461 0.190803 -0.233182 0.2794 0.284072 0.917191 0.394194 
1535168199258 0.236508 0.915476 -0.325527 -0.601917 -0.932181 0.308289 0.18973 -0.233337 0.27405 0.258577 0.926301 0.391518 
1535168199557 0.239811 0.916781 -0.319379 -0.602262 -0.931778 0.309712 0.189389 -0.233293 0.272544 0.252173 0.928509 0.39073 
1535168199886 0.240488 0.916967 -0.318334 -0.602361 -0.931636 0.310103 0.189446 -0.233254 0.272432 0.251012 0.928856 0.390598 
1535168199900 0.24043 0.916975 -0.318356 -0.60235 -0.93164 0.310063 0.189493 -0.233241 0.272471 0.251034 0.928839 0.390624 
1535168200124 0.240298 0.917458 -0.317061 -0.602341 -0.931899 0.309464 0.189198 -0.233196 0.2717 0.250006 0.929342 0.390559 
1535168200264 0.240989 0.917723 -0.315768 -0.602382 -0.931927 0.30966 0.188741 -0.233328 0.270993 0.248789 0.929875 0.390461 
1535168200410 0.241346 0.918144 -0.314268 -0.602438 -0.932014 0.309524 0.188531 -0.233255 0.270372 0.247401 0.930425 0.39034 
1535168200547 0.24172 0.91856 -0.312759 -0.602535 -0.932082 0.309417 0.188371 -0.233173 0.269803 0.245984 0.930966 0.390167 
1535168200695 0.242314 0.918942 -0.311173 -0.602593 -0.932085 0.30951 0.188206 -0.233196 0.269262 0.244435 0.931531 0.390091 
1535168200912 0.243391 0.919649 -0.308231 -0.602655 -0.932218 0.309552 0.187477 -0.233277 0.267827 0.241708 0.932655 0.389798 
1535168201063 0.243644 0.920153 -0.306523 -0.602781 -0.932293 0.309316 0.187492 -0.233056 0.267333 0.240088 0.933215 0.389717 
1535168201250 0.244124 0.920342 -0.305571 -0.602827 -0.932325 0.309436 0.187137 -0.233118 0.266785 0.239206 0.933599 0.3896 
1535168201269 0.244131 0.920347 -0.30555 -0.602826 -0.932319 0.309441 0.187156 -0.233116 0.266798 0.23918 0.933602 0.389615 
1535168201371 0.244032 0.920365 -0.305575 -0.602807 -0.932414 0.309291 0.186932 -0.233075 0.266558 0.239305 0.933638 0.389652 
1535168201392 0.243995 0.920369 -0.305592 -0.6028 -0.932527 0.309166 0.186573 -0.233061 0.266195 0.23945 0.933704 0.389691 
1535168201425 0.244012 0.920397 -0.305494 -0.602789 -0.932744 0.308964 0.185825 -0.233042 0.265419 0.239604 0.933886 0.389763 
1535168201458 0.243957 0.920452 -0.305375 -0.602794 -0.932902 0.308757 0.185372 -0.232966 0.264912 0.239663 0.934015 0.389765 
1535168201518 0.243884 0.920622 -0.304919 -0.602822 -0.93319 0.308352 0.184592 -0.232829 0.263962 0.239528 0.934318 0.389639 
1535168201792 0.244027 0.920937 -0.30385 -0.602899 -0.933807 0.307679 0.182587 -0.232652 0.26164 0.239182 0.93506 0.389603 
1535168202036 0.242442 0.920289 -0.307067 -0.602739 -0.933169 0.307781 0.185651 -0.232839 0.265362 0.241536 0.933404 0.389886 
1535168202110 0.242015 0.920087 -0.308008 -0.602611 -0.93306 0.307767 0.18622 -0.232956 0.266133 0.242322 0.932981 0.390002 
1535168202333 0.242079 0.920176 -0.307692 -0.602693 -0.933251 0.307574 0.185581 -0.232817 0.265405 0.242228 0.933213 0.390015 
1535168202357 0.242263 0.920261 -0.307291 -0.602713 -0.9333 0.30758 0.185328 -0.232778 0.265066 0.241896 0.933395 0.389996 
1535168202374 0.242424 0.920317 -0.306997 -0.602754 -0.933335 0.307602 0.185114 -0.232725 0.264797 0.241654 0.933534 0.389981 
1535168202406 0.242545 0.920342 -0.306828 -0.602798 -0.93339 0.307605 0.184833 -0.232716 0.264491 0.241559 0.933645 0.38993 
1535168202475 0.242762 0.920378 -0.306547 -0.602759 -0.933512 0.30759 0.184239 -0.232728 0.26386 0.241439 0.933855 0.389833 
1535168202488 0.242898 0.920368 -0.306469 -0.602753 -0.933565 0.307622 0.183914 -0.23275 0.263545 0.241436 0.933945 0.389847 
1535168202593 0.243236 0.920463 -0.305916 -0.602768 -0.933975 0.307375 0.182241 -0.232579 0.261777 0.24139 0.934454 0.389913 
1535168202613 0.243189 0.920475 -0.305917 -0.602772 -0.934009 0.30731 0.182176 -0.232546 0.2617 0.241426 0.934466 0.389884 
1535168202626 0.243139 0.920486 -0.305923 -0.602778 -0.934048 0.307241 0.182095 -0.232511 0.261607 0.241472 0.93448 0.389849 
1535168202641 0.243109 0.920493 -0.305926 -0.602782 -0.934068 0.307201 0.182056 -0.232492 0.261562 0.241496 0.934487 0.389832 
1535168202658 0.243107 0.920496 -0.305917 -0.602788 -0.934071 0.307195 0.182052 -0.232483 0.261555 0.24149 0.93449 0.389834 
1535168202735 0.243319 0.920498 -0.305744 -0.602819 -0.933856 0.307509 0.182624 -0.232567 0.262123 0.241085 0.934435 0.389861 
1535168202775 0.243382 0.920676 -0.305156 -0.602781 -0.933854 0.307438 0.182752 -0.232642 0.262072 0.240493 0.934602 0.389824 
1535168202867 0.243483 0.920789 -0.304734 -0.602841 -0.934057 0.30724 0.182048 -0.232658 0.261254 0.240314 0.934877 0.389618 
1535168203371 0.243936 0.921 -0.303734 -0.602877 -0.934336 0.307107 0.180838 -0.232586 0.259831 0.239677 0.935437 0.389536 
1535168203389 0.24389 0.920979 -0.303833 -0.602885 -0.934277 0.307147 0.18107 -0.232572 0.260083 0.239703 0.93536 0.389549 
1535168203408 0.243796 0.920892 -0.304174 -0.602917 -0.934182 0.307235 0.181412 -0.232559 0.260514 0.239926 0.935183 0.389569 
1535168203424 0.243755 0.920844 -0.304351 -0.602917 -0.934127 0.307292 0.181597 -0.232563 0.260747 0.240037 0.93509 0.389587 
1535168203441 0.243712 0.920801 -0.304515 -0.602909 -0.934073 0.307343 0.181789 -0.232581 0.260983 0.240135 0.934999 0.389607 
1535168203465 0.243607 0.920782 -0.304657 -0.602899 -0.934032 0.307335 0.182015 -0.232609 0.261228 0.240219 0.934909 0.389636 
1535168203811 0.244006 0.92096 -0.303799 -0.602863 -0.934254 0.307243 0.181025 -0.232503 0.260057 0.239654 0.93538 0.389626 
1535168203831 0.244021 0.920955 -0.303801 -0.602859 -0.934251 0.307258 0.181021 -0.232512 0.260057 0.239654 0.93538 0.389626 
1535168203848 0.244031 0.920952 -0.303803 -0.602856 -0.934248 0.307268 0.181017 -0.232519 0.260057 0.239654 0.93538 0.389626 
1535168203865 0.244042 0.920948 -0.303806 -0.602853 -0.934245 0.307279 0.181014 -0.232526 0.260058 0.239654 0.93538 0.389626 
1535168203885 0.244047 0.920944 -0.303813 -0.602849 -0.934239 0.30729 0.181028 -0.23254 0.260075 0.239655 0.935375 0.389632 
1535168203902 0.24401 0.920935 -0.303873 -0.60285 -0.93422 0.307292 0.18112 -0.232548 0.260177 0.239689 0.935338 0.389639 
1535168203919 0.243966 0.920924 -0.303939 -0.602847 -0.934156 0.307333 0.181381 -0.232546 0.260448 0.239675 0.935266 0.389644 
1535168203935 0.243777 0.920911 -0.304131 -0.602862 -0.934121 0.30727 0.181669 -0.232537 0.260751 0.239808 0.935148 0.389647 
1535168204038 0.243152 0.920892 -0.304688 -0.602921 -0.933971 0.307075 0.182764 -0.232578 0.261868 0.24013 0.934753 0.389736 
1535168204055 0.243146 0.92089 -0.304698 -0.602924 -0.933963 0.30708 0.182796 -0.23259 0.261902 0.240131 0.934743 0.389742 
1535168204075 0.243153 0.920882 -0.304717 -0.602927 -0.933956 0.307095 0.182807 -0.232606 0.261921 0.240142 0.934735 0.389736 
1535168204092 0.243167 0.920872 -0.304737 -0.602928 -0.933951 0.307114 0.182802 -0.232614 0.261927 0.240157 0.934729 0.389725 
1535168204147 0.243315 0.920866 -0.304637 -0.602922 -0.933982 0.307171 0.18255 -0.232638 0.26168 0.240108 0.934811 0.389697 
1535168204162 0.243386 0.920885 -0.304523 -0.602908 -0.933997 0.307185 0.182449 -0.232647 0.26156 0.240018 0.934868 0.389686 
1535168204181 0.243594 0.920939 -0.304191 -0.602868 -0.934021 0.307245 0.182226 -0.23267 0.261281 0.239732 0.935019 0.389666 
1535168204198 0.243683 0.920978 -0.304004 -0.602851 -0.934047 0.307246 0.182088 -0.23268 0.261103 0.239582 0.935107 0.389649 
1535168204435 0.242937 0.921398 -0.303327 -0.602914 -0.934319 0.306334 0.182229 -0.232578 0.260825 0.239134 0.935299 0.389571 
1535168204536 0.243113 0.921332 -0.303386 -0.602897 -0.934304 0.306484 0.182052 -0.232638 0.260713 0.239195 0.935315 0.389577 
1535168204569 0.243665 0.92111 -0.303616 -0.602878 -0.934237 0.306983 0.181558 -0.23268 0.26044 0.23941 0.935336 0.389587 
1535168204592 0.243773 0.921001 -0.303861 -0.602875 -0.93423 0.307113 0.18137 -0.232672 0.260362 0.239663 0.935293 0.38959 
1535168204715 0.243944 0.92087 -0.304122 -0.602842 -0.934498 0.307037 0.180113 -0.232655 0.259237 0.240264 0.935451 0.389727 
1535168204728 0.244009 0.920845 -0.304144 -0.602844 -0.934533 0.307056 0.179904 -0.232667 0.259053 0.240335 0.935484 0.389725 
1535168204828 0.244123 0.920826 -0.30411 -0.602834 -0.934688 0.306985 0.179214 -0.232579 0.258382 0.240497 0.935628 0.389631 
1535168204846 0.244127 0.920818 -0.304131 -0.602836 -0.934723 0.306959 0.179078 -0.232572 0.258254 0.24056 0.935647 0.389623 
1535168204865 0.2441 0.92082 -0.304147 -0.602836 -0.93476 0.30691 0.178972 -0.232562 0.258147 0.240617 0.935662 0.389625 
1535168204885 0.244085 0.920821 -0.304157 -0.602835 -0.934783 0.30688 0.178903 -0.232558 0.258078 0.240653 0.935672 0.38963 
1535168204906 0.244076 0.920826 -0.304149 -0.602834 -0.934787 0.306867 0.178901 -0.232556 0.25807 0.24065 0.935675 0.389645 
1535168204922 0.24408 0.920832 -0.304129 -0.602838 -0.934763 0.306888 0.178989 -0.232564 0.258153 0.240601 0.935665 0.389667 
1535168204939 0.244104 0.92083 -0.304113 -0.602845 -0.934715 0.306948 0.179141 -0.232578 0.258306 0.24053 0.935641 0.389691 
1535168204956 0.244139 0.920829 -0.304087 -0.60285 -0.934646 0.307032 0.179356 -0.232588 0.25852 0.240426 0.935608 0.389722 
1535168205062 0.243954 0.920988 -0.303755 -0.602845 -0.934675 0.306809 0.179587 -0.232571 0.258593 0.240101 0.935672 0.389726 
1535168205082 0.243936 0.921007 -0.303714 -0.60285 -0.93473 0.306737 0.179421 -0.232558 0.258408 0.240124 0.935717 0.389695 
1535168205104 0.243904 0.921008 -0.303735 -0.602861 -0.934763 0.306688 0.179331 -0.232544 0.258318 0.240181 0.935727 0.389676 
1535168205121 0.243889 0.921005 -0.303757 -0.60287 -0.934778 0.306668 0.179291 -0.232532 0.258281 0.240218 0.935728 0.389666 
1535168205138 0.24389 0.920992 -0.303794 -0.60288 -0.934779 0.306675 0.179274 -0.23252 0.258276 0.240257 0.935719 0.389659 
1535168205156 0.243879 0.920988 -0.303816 -0.602886 -0.934781 0.30667 0.179271 -0.232511 0.258278 0.240281 0.935712 0.389653 
1535168205181 0.243882 0.920971 -0.303865 -0.602886 -0.934762 0.306699 0.179319 -0.232517 0.258343 0.240309 0.935687 0.38964 
1535168205199 0.243904 0.920944 -0.303928 -0.602887 -0.934726 0.30676 0.179403 -0.232532 0.258453 0.240332 0.935651 0.389629 
1535168205287 0.243796 0.921012 -0.303811 -0.602871 -0.934512 0.306859 0.180345 -0.23253 0.259327 0.239947 0.935508 0.389552 
1535168205304 0.243693 0.921045 -0.303791 -0.602867 -0.934543 0.306755 0.180364 -0.232544 0.259313 0.239952 0.93551 0.389527 
1535168205325 0.243667 0.921077 -0.303715 -0.602857 -0.934564 0.306702 0.180346 -0.232563 0.259263 0.239897 0.935538 0.389507 
1535168205342 0.243658 0.921093 -0.303674 -0.602852 -0.934573 0.306679 0.180338 -0.232579 0.259238 0.239865 0.935554 0.389491 
1535168205376 0.243681 0.921097 -0.303646 -0.60285 -0.934576 0.306686 0.180307 -0.232594 0.259204 0.239843 0.935569 0.389489 
1535168205390 0.24372 0.921088 -0.303639 -0.602852 -0.934584 0.306706 0.180235 -0.232601 0.25914 0.239849 0.935585 0.389507 
1535168205406 0.24378 0.92107 -0.303647 -0.602859 -0.934611 0.306725 0.180063 -0.232619 0.258986 0.239897 0.935615 0.389541 
1535168205423 0.24389 0.921037 -0.303658 -0.602865 -0.93465 0.306768 0.179785 -0.23264 0.258741 0.239966 0.935665 0.389583 
1535168205440 0.244059 0.920987 -0.303674 -0.602872 -0.934667 0.306875 0.179515 -0.232649 0.258521 0.240022 0.935712 0.389617 
1535168205461 0.244167 0.920947 -0.303709 -0.602885 -0.934703 0.306924 0.179242 -0.232631 0.258288 0.240112 0.935753 0.389629 
1535168205864 0.244084 0.921063 -0.303425 -0.602892 -0.934964 0.306568 0.178492 -0.232438 0.257423 0.240124 0.935988 0.389478 
1535168205884 0.24409 0.921061 -0.303426 -0.60289 -0.934962 0.306574 0.178489 -0.232442 0.257422 0.240124 0.935988 0.389478 
1535168205903 0.244099 0.921058 -0.303427 -0.602888 -0.93496 0.306582 0.178486 -0.232447 0.257421 0.240124 0.935989 0.389478 
1535168205918 0.244106 0.921055 -0.303429 -0.602887 -0.934958 0.30659 0.178484 -0.232452 0.257422 0.240124 0.935988 0.389478 
1535168205938 0.244131 0.921039 -0.303459 -0.602887 -0.934943 0.306627 0.178497 -0.232467 0.257452 0.24014 0.935976 0.389483 
1535168205954 0.244155 0.921014 -0.303516 -0.602892 -0.934903 0.306692 0.178597 -0.232482 0.257577 0.240152 0.935939 0.389522 
1535168205971 0.244176 0.920997 -0.303552 -0.602893 -0.934854 0.306759 0.178735 -0.2325 0.257732 0.240134 0.935901 0.38957 
1535168205988 0.244189 0.920979 -0.303594 -0.602891 -0.934801 0.306826 0.178899 -0.232519 0.257912 0.240115 0.935856 0.389622 
1535168206063 0.244179 0.920874 -0.303919 -0.602856 -0.934507 0.307155 0.179865 -0.232617 0.258983 0.240096 0.935565 0.389721 
1535168206080 0.244206 0.920856 -0.303953 -0.602843 -0.93445 0.307234 0.180029 -0.232641 0.259166 0.240064 0.935522 0.389738 
1535168206100 0.244225 0.920832 -0.30401 -0.602833 -0.93441 0.307296 0.180131 -0.232666 0.259292 0.240077 0.935484 0.389731 
1535168206118 0.244212 0.920816 -0.304069 -0.602835 -0.934403 0.307305 0.180152 -0.23267 0.259328 0.240128 0.935461 0.389708 
1535168206134 0.244196 0.920815 -0.304085 -0.60284 -0.934421 0.30728 0.180102 -0.232665 0.25928 0.240163 0.935465 0.389697 
1535168206231 0.24408 0.920744 -0.304394 -0.602885 -0.934707 0.306993 0.179104 -0.232543 0.258356 0.240804 0.935556 0.38956 
1535168206253 0.243969 0.920659 -0.304739 -0.602897 -0.934697 0.306991 0.179161 -0.232453 0.258498 0.241129 0.935433 0.389564 
1535168206788 0.244042 0.920321 -0.3057 -0.602815 -0.934492 0.307421 0.179493 -0.232502 0.25917 0.24187 0.935056 0.389733 
1535168206810 0.244167 0.920369 -0.305457 -0.602816 -0.934513 0.307442 0.179347 -0.232545 0.258976 0.241663 0.935163 0.389672 
1535168206830 0.244197 0.920446 -0.3052 -0.602831 -0.934571 0.307359 0.179187 -0.232575 0.258738 0.241474 0.935278 0.389612 
1535168206847 0.244179 0.920539 -0.304935 -0.602849 -0.934624 0.307245 0.179105 -0.232581 0.258563 0.241266 0.93538 0.389561 
1535168206864 0.244141 0.920578 -0.304847 -0.602869 -0.934651 0.307176 0.179081 -0.23257 0.2585 0.241204 0.935414 0.38953 
1535168206884 0.244019 0.920626 -0.3048 -0.602893 -0.934693 0.307042 0.179094 -0.232523 0.258465 0.241192 0.935426 0.389488 
1535168206901 0.243947 0.920657 -0.304762 -0.602903 -0.934715 0.306963 0.179115 -0.232479 0.258454 0.241171 0.935434 0.389467 
1535168207014 0.243991 0.920885 -0.304037 -0.602963 -0.93487 0.306709 0.17874 -0.232281 0.25785 0.240624 0.935742 0.389459 
1535168207031 0.244072 0.920878 -0.303996 -0.602961 -0.934866 0.306761 0.178668 -0.232312 0.257786 0.240587 0.935769 0.389446 
1535168207051 0.244148 0.920864 -0.303977 -0.602961 -0.934861 0.306816 0.178602 -0.232344 0.257733 0.240571 0.935788 0.389429 
1535168207068 0.244191 0.920854 -0.303971 -0.602962 -0.934858 0.306848 0.178563 -0.232363 0.257703 0.240566 0.935797 0.389419 
1535168207084 0.244223 0.920844 -0.303978 -0.602964 -0.934857 0.306873 0.178528 -0.232378 0.257679 0.240575 0.935802 0.389405 
1535168207101 0.244237 0.920839 -0.303981 -0.602964 -0.934852 0.306887 0.178526 -0.232386 0.257681 0.240574 0.935801 0.389404 
1535168207119 0.244248 0.920833 -0.303988 -0.602955 -0.934843 0.306905 0.178543 -0.232396 0.257704 0.240572 0.935796 0.389415 
1535168207134 0.244271 0.920816 -0.304022 -0.602943 -0.934824 0.306946 0.178573 -0.232417 0.257751 0.240587 0.935779 0.389428 
1535168207151 0.244317 0.920802 -0.304027 -0.602924 -0.934796 0.307005 0.178618 -0.232451 0.257809 0.240563 0.935769 0.389455 
1535168207214 0.244383 0.920728 -0.304198 -0.602908 -0.93472 0.307156 0.178757 -0.23254 0.258023 0.240655 0.935687 0.389486 
1535168207231 0.244275 0.92077 -0.30416 -0.602912 -0.934748 0.307046 0.178799 -0.232514 0.258024 0.240636 0.935691 0.389478 
1535168207248 0.244263 0.920775 -0.304152 -0.602914 -0.934749 0.307035 0.17881 -0.232508 0.258029 0.240629 0.935691 0.389476 
1535168207265 0.24419 0.920872 -0.303918 -0.602922 -0.9348 0.306891 0.178791 -0.232453 0.257913 0.240444 0.935771 0.389445 
1535168207281 0.244151 0.920923 -0.303795 -0.602927 -0.934836 0.306806 0.17875 -0.232423 0.257822 0.240357 0.935819 0.389421 
1535168207298 0.244105 0.920959 -0.303722 -0.602936 -0.934866 0.306731 0.178722 -0.23239 0.257757 0.240312 0.935848 0.389402 
1535168207327 0.244051 0.920952 -0.303788 -0.602953 -0.9349 0.306674 0.178642 -0.232362 0.257684 0.240414 0.935842 0.389373 
1535168207357 0.244068 0.920867 -0.304032 -0.602948 -0.934938 0.306698 0.178402 -0.232401 0.257531 0.240709 0.935808 0.389368 
1535168207370 0.244059 0.92081 -0.304211 -0.602945 -0.934951 0.306714 0.178304 -0.232415 0.25749 0.240906 0.935769 0.389372 
1535168207906 0.244579 0.920464 -0.304838 -0.60286 -0.934901 0.307249 0.177648 -0.23245 0.25718 0.241544 0.935689 0.389688 
1535168207925 0.24461 0.920455 -0.304842 -0.602875 -0.934873 0.307297 0.177711 -0.232467 0.257252 0.241519 0.935676 0.389648 
1535168207942 0.244477 0.9205 -0.304812 -0.602907 -0.934866 0.307205 0.177908 -0.232464 0.257404 0.241463 0.935649 0.389585 
1535168207962 0.244291 0.920654 -0.304495 -0.602907 -0.934907 0.306974 0.178088 -0.23245 0.257429 0.24117 0.935718 0.389538 
1535168208063 0.243919 0.920792 -0.304377 -0.602944 -0.935069 0.306537 0.177989 -0.232291 0.257194 0.241199 0.935775 0.389447 
1535168208080 0.243999 0.920664 -0.3047 -0.602947 -0.935077 0.306649 0.177758 -0.232266 0.257091 0.241545 0.935714 0.389443 
1535168208094 0.244089 0.920545 -0.304986 -0.602945 -0.935081 0.306764 0.177538 -0.232254 0.256991 0.241851 0.935662 0.38945 
1535168208188 0.244402 0.920366 -0.305278 -0.602868 -0.935108 0.307013 0.176962 -0.232325 0.256594 0.242218 0.935676 0.389606 
1535168208207 0.244398 0.920366 -0.30528 -0.602871 -0.935128 0.306992 0.176892 -0.232305 0.256524 0.242244 0.935689 0.389631 
1535168208224 0.244391 0.92037 -0.305274 -0.602873 -0.935142 0.306973 0.176853 -0.232292 0.256481 0.242254 0.935698 0.389645 
1535168208242 0.244375 0.920374 -0.305275 -0.602879 -0.935163 0.306943 0.176797 -0.23227 0.256421 0.242277 0.935708 0.389665 
1535168208257 0.244361 0.920371 -0.305296 -0.602882 -0.935168 0.306932 0.176788 -0.232261 0.256416 0.242303 0.935703 0.389662 
1535168208274 0.244342 0.920359 -0.305347 -0.602886 -0.935164 0.306932 0.176808 -0.232255 0.256447 0.242348 0.935683 0.389637 
1535168208294 0.244313 0.920341 -0.305424 -0.602891 -0.935154 0.306935 0.176853 -0.23225 0.256511 0.242411 0.935649 0.389596 
1535168208310 0.244261 0.920329 -0.305501 -0.602894 -0.935137 0.30693 0.176951 -0.232241 0.256621 0.242463 0.935605 0.389548 
1535168208391 0.243828 0.9204 -0.305633 -0.602901 -0.934985 0.306795 0.177988 -0.232187 0.257587 0.242364 0.935366 0.389565 
1535168208407 0.24376 0.920368 -0.305783 -0.602912 -0.93495 0.306809 0.178146 -0.232199 0.257777 0.242467 0.935286 0.389611 
1535168208424 0.243743 0.920349 -0.305855 -0.602915 -0.934926 0.306834 0.17823 -0.23221 0.25788 0.24251 0.935247 0.389635 
1535168208445 0.24374 0.920294 -0.306021 -0.602911 -0.934889 0.306899 0.178313 -0.232249 0.258018 0.242634 0.935177 0.389687 
1535168208466 0.243746 0.920285 -0.306044 -0.602896 -0.93491 0.306887 0.17822 -0.232271 0.257935 0.242683 0.935187 0.38971 
1535168208490 0.243754 0.920271 -0.306081 -0.602892 -0.934957 0.306856 0.178028 -0.232275 0.257757 0.242777 0.935211 0.389685 
1535168208533 0.244009 0.920247 -0.305951 -0.602866 -0.935102 0.306874 0.177239 -0.232295 0.256992 0.242847 0.935404 0.389605 
1535168208551 0.244243 0.920207 -0.305883 -0.602855 -0.93513 0.306998 0.176874 -0.232297 0.256666 0.24284 0.935495 0.389601 
1535168208991 0.244457 0.919999 -0.306337 -0.602867 -0.93524 0.30713 0.17606 -0.232184 0.25606 0.24346 0.9355 0.389859 
1535168209038 0.244263 0.920155 -0.306023 -0.60284 -0.935216 0.306957 0.176488 -0.23223 0.256332 0.243088 0.935522 0.389766 
1535168209063 0.244204 0.920213 -0.305897 -0.602834 -0.935181 0.306925 0.176732 -0.232271 0.256518 0.24291 0.935518 0.389712 
1535168209117 0.24411 0.92024 -0.30589 -0.602837 -0.935091 0.306943 0.177175 -0.232313 0.256934 0.242785 0.935436 0.389599 
1535168209143 0.243997 0.920243 -0.30597 -0.602844 -0.935045 0.306922 0.177451 -0.23233 0.257207 0.242798 0.935357 0.389589 
1535168209223 0.243443 0.920319 -0.306184 -0.602841 -0.934787 0.306818 0.178987 -0.232424 0.258668 0.242644 0.934995 0.389845 
1535168209240 0.243494 0.920306 -0.306182 -0.602828 -0.934694 0.306941 0.179261 -0.232461 0.258955 0.242538 0.934943 0.389899 
1535168209261 0.243547 0.920286 -0.3062 -0.602817 -0.934664 0.307009 0.179298 -0.23251 0.259012 0.242526 0.93493 0.389912 
1535168209278 0.243567 0.920271 -0.30623 -0.60281 -0.934659 0.307034 0.179283 -0.232538 0.259012 0.242553 0.934923 0.3899 
1535168209299 0.243589 0.920242 -0.306299 -0.602804 -0.934664 0.307058 0.179217 -0.23257 0.258974 0.242631 0.934913 0.389848 
1535168209434 0.243807 0.920428 -0.305566 -0.602832 -0.934579 0.307148 0.179504 -0.232462 0.259075 0.241812 0.935098 0.389604 
1535168209473 0.243419 0.920544 -0.305526 -0.602855 -0.93449 0.30695 0.180307 -0.232501 0.259762 0.24162 0.934956 0.389485 
1535168209730 0.243123 0.920753 -0.305131 -0.602856 -0.93419 0.306942 0.18187 -0.232617 0.261114 0.240833 0.934783 0.389593 
1535168209759 0.243161 0.920726 -0.305182 -0.602854 -0.934279 0.306896 0.181488 -0.232614 0.26076 0.240994 0.93484 0.389567 
1535168209776 0.243142 0.920682 -0.305329 -0.602859 -0.934362 0.306834 0.181161 -0.232598 0.260477 0.24124 0.934855 0.389534 
1535168209895 0.2436 0.92056 -0.305334 -0.602863 -0.93433 0.307188 0.180728 -0.232572 0.260166 0.241258 0.934938 0.389471 
1535168209940 0.243775 0.920773 -0.30455 -0.602845 -0.93414 0.307333 0.181461 -0.232626 0.260683 0.240257 0.935051 0.389493 
1535168210020 0.243494 0.920869 -0.304485 -0.602906 -0.934093 0.307165 0.181989 -0.232572 0.261115 0.240104 0.93497 0.389498 
1535168210105 0.243593 0.921061 -0.303823 -0.602915 -0.93385 0.307327 0.182961 -0.232572 0.261891 0.239157 0.934996 0.389522 
1535168210125 0.243641 0.921059 -0.303792 -0.602929 -0.933829 0.307374 0.182986 -0.232591 0.261919 0.239107 0.935001 0.389523 
1535168210142 0.243671 0.921055 -0.303779 -0.602942 -0.933814 0.307406 0.18301 -0.232603 0.261946 0.239078 0.935 0.389522 
1535168210162 0.243649 0.921065 -0.303768 -0.60295 -0.933813 0.30739 0.183044 -0.23259 0.26197 0.239063 0.934997 0.389523 
1535168210179 0.243584 0.921084 -0.303763 -0.602952 -0.933828 0.307329 0.183071 -0.232558 0.261979 0.239069 0.934994 0.389521 
1535168210195 0.243514 0.921102 -0.303764 -0.602949 -0.933852 0.307258 0.183067 -0.232527 0.261958 0.239091 0.934994 0.389513 
1535168210213 0.243487 0.921107 -0.30377 -0.602941 -0.93388 0.307214 0.182996 -0.232522 0.261882 0.239128 0.935006 0.389511 
1535168210229 0.243513 0.921099 -0.303772 -0.602937 -0.933914 0.307201 0.182842 -0.232542 0.261735 0.239173 0.935035 0.389522 
1535168210342 0.244005 0.921204 -0.303059 -0.60293 -0.93388 0.30744 0.182617 -0.232741 0.2614 0.238461 0.935311 0.38967 
1535168210359 0.244102 0.921231 -0.302899 -0.602936 -0.93384 0.307514 0.182697 -0.232773 0.261452 0.238263 0.935347 0.389683 
1535168210380 0.244158 0.921263 -0.302756 -0.60295 -0.933808 0.307554 0.182793 -0.232782 0.261514 0.238085 0.935375 0.389693 
1535168210420 0.243972 0.921326 -0.302715 -0.602966 -0.933863 0.307364 0.182831 -0.232698 0.261491 0.238089 0.93538 0.3897 
1535168210441 0.243892 0.921334 -0.302754 -0.602969 -0.933882 0.307297 0.182844 -0.232666 0.261496 0.238142 0.935365 0.389695 
1535168210459 0.243615 0.921332 -0.302983 -0.602971 -0.933937 0.307097 0.182905 -0.232576 0.261561 0.238409 0.935279 0.389651 
1535168210500 0.243179 0.921201 -0.30373 -0.602991 -0.933931 0.306941 0.183196 -0.232529 0.261987 0.239113 0.93498 0.389556 
1535168210513 0.242985 0.921204 -0.303876 -0.602977 -0.933948 0.306817 0.183317 -0.23254 0.262107 0.239261 0.934909 0.389547 
1535168210631 0.242421 0.921275 -0.304113 -0.602896 -0.933782 0.306614 0.184495 -0.232703 0.263216 0.23925 0.9346 0.389729 
1535168210650 0.242312 0.921318 -0.304068 -0.6029 -0.933777 0.306533 0.184658 -0.232671 0.263335 0.239187 0.934582 0.389752 
1535168210670 0.242282 0.921321 -0.304085 -0.602904 -0.933776 0.306515 0.184692 -0.232668 0.263367 0.2392 0.93457 0.389734 
1535168210688 0.242278 0.921312 -0.304114 -0.602909 -0.933784 0.306511 0.184659 -0.232676 0.263343 0.239238 0.934567 0.389716 
1535168210703 0.242276 0.921308 -0.304128 -0.602913 -0.933792 0.306505 0.184626 -0.232678 0.263314 0.239262 0.934569 0.389709 
1535168210720 0.242291 0.921297 -0.304148 -0.602916 -0.933801 0.306512 0.184569 -0.23268 0.263268 0.239294 0.934574 0.389699 
1535168210739 0.24233 0.921281 -0.304166 -0.602922 -0.933829 0.306517 0.184418 -0.232683 0.263133 0.239349 0.934598 0.389676 
1535168210753 0.242384 0.921255 -0.304204 -0.602934 -0.933857 0.306538 0.184244 -0.232679 0.262986 0.239425 0.93462 0.389653 
1535168210810 0.242552 0.921116 -0.304491 -0.60298 -0.933843 0.306728 0.183998 -0.232629 0.262879 0.239717 0.934575 0.389565 
1535168210826 0.242426 0.921086 -0.304681 -0.603 -0.93385 0.306669 0.184058 -0.232597 0.26297 0.239906 0.934501 0.389566 
1535168210847 0.24221 0.921069 -0.304902 -0.603018 -0.933869 0.306543 0.184175 -0.232542 0.263104 0.24013 0.934406 0.389591 
1535168210966 0.242062 0.92133 -0.304233 -0.602926 -0.934048 0.306141 0.183936 -0.232556 0.262604 0.239644 0.934671 0.38974 
1535168210981 0.242467 0.921292 -0.304024 -0.60291 -0.93407 0.306367 0.183448 -0.232604 0.262152 0.239499 0.934835 0.389751 
1535168210999 0.242853 0.921227 -0.303915 -0.602916 -0.93412 0.306573 0.182845 -0.232645 0.261614 0.239489 0.934988 0.389757 
1535168211013 0.243028 0.921201 -0.303854 -0.602924 -0.934154 0.306654 0.182535 -0.232656 0.261329 0.239485 0.935069 0.389765 
1535168211146 0.24317 0.921235 -0.303635 -0.603021 -0.934478 0.306414 0.181276 -0.232445 0.260035 0.239659 0.935385 0.389686 
1535168211167 0.243294 0.921204 -0.303631 -0.603019 -0.934489 0.306491 0.181091 -0.232472 0.259882 0.239681 0.935422 0.389688 
1535168211246 0.243403 0.921208 -0.30353 -0.602986 -0.934445 0.306589 0.181153 -0.232502 0.259939 0.239539 0.935443 0.389775 
1535168211285 0.243413 0.921142 -0.303721 -0.602911 -0.934288 0.306777 0.181639 -0.232603 0.26049 0.23955 0.935286 0.389858 
1535168211318 0.243344 0.920995 -0.304224 -0.602863 -0.93417 0.306937 0.181979 -0.232661 0.26098 0.239913 0.935057 0.389893 
1535168211399 0.243113 0.920854 -0.304835 -0.60284 -0.934207 0.30686 0.181919 -0.23262 0.261062 0.240553 0.934869 0.389962 
1535168211421 0.243073 0.920811 -0.304997 -0.602839 -0.934254 0.30682 0.181745 -0.232587 0.260932 0.240767 0.934851 0.389986 
1535168211769 0.243648 0.920417 -0.305726 -0.602758 -0.934194 0.307426 0.18103 -0.232591 0.260611 0.2415 0.934751 0.390234 
1535168211790 0.243601 0.920431 -0.305721 -0.602788 -0.934163 0.30742 0.181195 -0.232585 0.260762 0.241454 0.934721 0.390177 
1535168211807 0.243484 0.920496 -0.305617 -0.602809 -0.934154 0.307326 0.181404 -0.232596 0.260906 0.241324 0.934714 0.390135 
1535168211829 0.243335 0.920662 -0.305237 -0.602803 -0.934183 0.307118 0.181604 -0.232629 0.26094 0.240957 0.9348 0.3901 
1535168211921 0.24287 0.920732 -0.305396 -0.602845 -0.934214 0.306792 0.181996 -0.232558 0.261262 0.241104 0.934671 0.389992 
1535168211936 0.242747 0.920678 -0.305656 -0.60286 -0.934198 0.306772 0.182115 -0.232523 0.261436 0.241336 0.934563 0.389987 
1535168211951 0.24262 0.920621 -0.305929 -0.602869 -0.934183 0.30675 0.182227 -0.232492 0.261605 0.241582 0.934452 0.389995 
1535168211969 0.242545 0.920576 -0.306123 -0.602862 -0.934163 0.306754 0.182325 -0.232484 0.261749 0.241747 0.934369 0.390021 
1535168217463 0.242499 0.920254 -0.307126 -0.602764 -0.933907 0.307156 0.182955 -0.232667 0.262701 0.24246 0.933917 0.390238 
1535168217522 0.242456 0.920445 -0.306589 -0.602797 -0.934033 0.306903 0.182737 -0.232564 0.262292 0.242058 0.934136 0.390165 
1535168217537 0.242488 0.920497 -0.306407 -0.602796 -0.934074 0.306851 0.182613 -0.232561 0.262116 0.241925 0.93422 0.390104 
1535168217602 0.242508 0.920571 -0.306169 -0.602857 -0.934265 0.306642 0.181987 -0.232573 0.261417 0.241909 0.93442 0.38992 
1535168217628 0.242215 0.920651 -0.30616 -0.602891 -0.934479 0.306235 0.181575 -0.232602 0.260924 0.24212 0.934503 0.389892 
1535168217673 0.241817 0.920736 -0.30622 -0.602938 -0.934829 0.30564 0.180773 -0.232639 0.260037 0.242549 0.934639 0.389855 
1535168217732 0.241583 0.920835 -0.306104 -0.602979 -0.935138 0.305164 0.179977 -0.23266 0.259141 0.24277 0.934831 0.389847 
1535168217755 0.241366 0.920907 -0.306061 -0.602991 -0.935303 0.304847 0.179655 -0.232684 0.258747 0.242897 0.934907 0.389838 
1535168217865 0.24084 0.921058 -0.30602 -0.603044 -0.935942 0.303866 0.177981 -0.232853 0.25692 0.243552 0.93524 0.389684 
1535168217883 0.240767 0.921083 -0.306001 -0.603047 -0.935989 0.303766 0.177904 -0.232867 0.256817 0.24358 0.935261 0.389672 
1535168217898 0.240775 0.921093 -0.305964 -0.603047 -0.935998 0.303757 0.177874 -0.232874 0.256778 0.243554 0.935279 0.389678 
1535168217924 0.240769 0.92112 -0.30589 -0.603041 -0.93601 0.303727 0.177865 -0.232864 0.256742 0.243492 0.935305 0.389704 
1535168217937 0.240763 0.921132 -0.305859 -0.603041 -0.936015 0.303712 0.177862 -0.232857 0.256727 0.243466 0.935316 0.389713 
1535168217953 0.240767 0.921135 -0.305846 -0.603041 -0.93601 0.303717 0.17788 -0.23285 0.256742 0.243447 0.935317 0.38972 
1535168218050 0.241177 0.920995 -0.305945 -0.603028 -0.935855 0.304171 0.177918 -0.232716 0.256921 0.24341 0.935277 0.389802 
1535168218067 0.241109 0.920953 -0.306124 -0.603047 -0.935952 0.304066 0.177588 -0.232722 0.256632 0.2437 0.935281 0.38978 
1535168218085 0.241061 0.920936 -0.306212 -0.603058 -0.936073 0.303934 0.177177 -0.232731 0.256237 0.243926 0.93533 0.389772 
1535168218167 0.240475 0.921096 -0.306194 -0.603109 -0.936571 0.303043 0.176067 -0.23269 0.254964 0.244432 0.935546 0.389721 
1535168218184 0.24045 0.921094 -0.306218 -0.603117 -0.936608 0.302995 0.175952 -0.232685 0.254851 0.244499 0.935559 0.389694 
1535168218252 0.240353 0.921084 -0.306323 -0.603158 -0.936766 0.302796 0.175456 -0.232664 0.254363 0.244782 0.935618 0.389651 
1535168218270 0.240367 0.92109 -0.306294 -0.603153 -0.936721 0.302844 0.175613 -0.232655 0.254515 0.2447 0.935598 0.389686 
1535168218283 0.240388 0.921091 -0.306277 -0.603143 -0.936663 0.30291 0.175807 -0.23265 0.254709 0.244617 0.935567 0.389713 
1535168218299 0.240418 0.921083 -0.306278 -0.603123 -0.936564 0.303026 0.176132 -0.232656 0.255042 0.244504 0.935506 0.389749 
1535168218350 0.240849 0.920951 -0.306335 -0.603037 -0.936108 0.303775 0.177263 -0.23271 0.256308 0.244069 0.935274 0.389864 
1535168218375 0.240829 0.920833 -0.306706 -0.603048 -0.936005 0.303931 0.177539 -0.232708 0.256701 0.244321 0.9351 0.389865 
1535168218389 0.240739 0.920804 -0.306863 -0.60305 -0.936003 0.303901 0.177604 -0.232687 0.256794 0.244469 0.935036 0.38987 
1535168218991 0.240074 0.920645 -0.30786 -0.602971 -0.93612 0.303515 0.177649 -0.232719 0.256991 0.245544 0.9347 0.38997 
1535168219005 0.240108 0.920663 -0.30778 -0.602982 -0.936122 0.30352 0.177625 -0.232709 0.25695 0.24547 0.934731 0.389954 
1535168219020 0.240308 0.920687 -0.30755 -0.602986 -0.936091 0.303646 0.177576 -0.23272 0.256878 0.245222 0.934815 0.389942 
1535168219036 0.240494 0.920716 -0.307319 -0.602991 -0.93604 0.303781 0.177614 -0.23273 0.256889 0.244948 0.934884 0.389934 
1535168219053 0.240675 0.920742 -0.307099 -0.602997 -0.935988 0.303915 0.177657 -0.232742 0.256908 0.244683 0.934948 0.389922 
1535168219070 0.240821 0.920758 -0.306937 -0.603007 -0.935951 0.304021 0.17767 -0.232754 0.256906 0.244492 0.934999 0.3899 
1535168219116 0.240851 0.920766 -0.306889 -0.603045 -0.935874 0.304106 0.17793 -0.232736 0.257159 0.244355 0.934965 0.389855 
1535168219140 0.240696 0.920807 -0.306889 -0.603042 -0.935842 0.304028 0.178232 -0.232703 0.25742 0.2443 0.934908 0.389854 
1535168219166 0.240339 0.920838 -0.307073 -0.603044 -0.935819 0.303835 0.178683 -0.232695 0.257837 0.24442 0.934761 0.389834 
1535168219466 0.240017 0.920744 -0.307608 -0.602943 -0.935311 0.304192 0.180722 -0.232924 0.25997 0.244332 0.934193 0.389934 
1535168219490 0.239982 0.920781 -0.307523 -0.602956 -0.935364 0.3041 0.180604 -0.23289 0.259814 0.244304 0.934244 0.389948 
1535168219510 0.239966 0.920797 -0.307488 -0.602977 -0.935451 0.304001 0.180321 -0.232857 0.259516 0.244369 0.93431 0.389928 
1535168219527 0.239967 0.92082 -0.30742 -0.602995 -0.935588 0.303859 0.179847 -0.232842 0.259018 0.244461 0.934424 0.389893 
1535168219633 0.240307 0.92086 -0.307033 -0.603034 -0.93566 0.303955 0.17931 -0.232704 0.258444 0.244189 0.934654 0.389825 
1535168219648 0.240232 0.920875 -0.307048 -0.603027 -0.93556 0.303999 0.179755 -0.232685 0.258874 0.244079 0.934564 0.389827 
1535168219956 0.240162 0.920693 -0.307646 -0.602998 -0.935007 0.304587 0.181628 -0.23302 0.260929 0.244031 0.934005 0.38986 
1535168220066 0.240051 0.920748 -0.307569 -0.603011 -0.935126 0.304382 0.18136 -0.232929 0.260606 0.24408 0.934082 0.389846 
1535168220081 0.240024 0.920764 -0.307542 -0.603015 -0.935234 0.304255 0.181013 -0.232884 0.260242 0.244176 0.934159 0.389843 
1535168220100 0.240096 0.920764 -0.307487 -0.603021 -0.935354 0.304183 0.180513 -0.232836 0.259742 0.244269 0.934273 0.389836 
1535168220117 0.240157 0.920807 -0.307309 -0.603008 -0.935503 0.304051 0.179966 -0.232791 0.259151 0.244268 0.934438 0.389837 
1535168220135 0.240199 0.920845 -0.307164 -0.602997 -0.935603 0.303958 0.179601 -0.232759 0.258749 0.244244 0.934555 0.389847 
1535168220154 0.240242 0.920876 -0.307037 -0.60299 -0.935648 0.30392 0.179428 -0.232734 0.258546 0.244173 0.93463 0.389854 
1535168220170 0.240215 0.920891 -0.307011 -0.602997 -0.935672 0.303874 0.179382 -0.232711 0.258484 0.244172 0.934648 0.389851 
1535168220517 0.239859 0.920799 -0.307564 -0.603076 -0.93585 0.303563 0.178982 -0.232752 0.258172 0.244903 0.934542 0.389852 
1535168220534 0.23986 0.9208 -0.307564 -0.603076 -0.93585 0.303563 0.178982 -0.232752 0.258172 0.244903 0.934543 0.389853 
1535168220683 0.240538 0.920806 -0.307015 -0.602992 -0.935757 0.304022 0.17869 -0.232664 0.257878 0.244309 0.934779 0.389923 
1535168220801 0.240612 0.920714 -0.307232 -0.602959 -0.936173 0.30372 0.177016 -0.232565 0.256294 0.24503 0.935026 0.389855 
1535168220870 0.24092 0.920591 -0.307358 -0.602967 -0.936311 0.303828 0.176096 -0.232584 0.255496 0.245358 0.935158 0.389912 
1535168220887 0.241009 0.920563 -0.307374 -0.602967 -0.936334 0.303871 0.175902 -0.232588 0.255331 0.245411 0.93519 0.389922 
1535168220914 0.241106 0.920533 -0.307388 -0.602965 -0.936375 0.303902 0.17563 -0.232584 0.25509 0.245485 0.935236 0.38994 
1535168220932 0.241138 0.920524 -0.30739 -0.602956 -0.936415 0.303886 0.175442 -0.232561 0.25491 0.245539 0.935271 0.38995 
1535168221047 0.240906 0.920512 -0.307608 -0.602961 -0.936516 0.303668 0.175281 -0.232544 0.254759 0.245854 0.935229 0.389875 
1535168221063 0.240716 0.920573 -0.307572 -0.602965 -0.936508 0.303536 0.17555 -0.232548 0.254966 0.245786 0.935191 0.389879 
1535168221085 0.240434 0.920661 -0.307531 -0.602969 -0.93646 0.303378 0.176084 -0.232545 0.255411 0.245654 0.935104 0.389892 
1535168221438 0.239785 0.920664 -0.308028 -0.602949 -0.936295 0.303177 0.177301 -0.232709 0.256622 0.245891 0.93471 0.389943 
1535168221453 0.239807 0.920662 -0.308015 -0.602949 -0.936295 0.303189 0.177278 -0.232709 0.2566 0.24588 0.934719 0.389945 
1535168221477 0.239866 0.920663 -0.307967 -0.602947 -0.936308 0.303209 0.177179 -0.232712 0.2565 0.245852 0.934754 0.389951 
1535168221493 0.240078 0.920627 -0.307909 -0.602945 -0.936282 0.303372 0.177038 -0.232712 0.256397 0.245786 0.934799 0.389946 
1535168221511 0.240345 0.920568 -0.307878 -0.60295 -0.936245 0.303588 0.176862 -0.232705 0.256281 0.245741 0.934843 0.389926 
1535168221528 0.240548 0.920504 -0.307909 -0.602963 -0.936263 0.303719 0.17654 -0.232709 0.256023 0.245818 0.934893 0.389895 
1535168221550 0.240639 0.920495 -0.307867 -0.602973 -0.936342 0.303698 0.176156 -0.232704 0.25565 0.245879 0.93498 0.389862 
1535168221813 0.239963 0.920569 -0.308174 -0.603013 -0.936787 0.302854 0.175239 -0.23251 0.254651 0.246642 0.935051 0.389911 
1535168221831 0.239962 0.92057 -0.30817 -0.603013 -0.93679 0.302851 0.175233 -0.23251 0.254644 0.246641 0.935053 0.389913 
1535168221847 0.239964 0.92057 -0.308169 -0.603013 -0.93679 0.302851 0.175229 -0.232511 0.25464 0.246641 0.935055 0.389914 
1535168221898 0.239989 0.920562 -0.308175 -0.60301 -0.936767 0.302893 0.175283 -0.232523 0.254703 0.246622 0.935042 0.3899 
1535168221912 0.240036 0.920544 -0.30819 -0.603012 -0.936735 0.302959 0.175338 -0.232545 0.254776 0.246605 0.935027 0.389884 
1535168221928 0.240123 0.92053 -0.308165 -0.603005 -0.936663 0.303085 0.175505 -0.232581 0.254958 0.246504 0.935004 0.389863 
1535168221945 0.240213 0.920515 -0.308141 -0.602989 -0.936542 0.30326 0.175848 -0.232618 0.255317 0.246346 0.934947 0.389841 
1535168221962 0.240294 0.920501 -0.308118 -0.602977 -0.936419 0.303431 0.176207 -0.23265 0.255691 0.246186 0.934887 0.389842 
1535168221983 0.240317 0.920501 -0.308101 -0.602967 -0.936311 0.303548 0.176581 -0.232682 0.256066 0.246043 0.934822 0.389865 
1535168222022 0.240181 0.92052 -0.308149 -0.602944 -0.936226 0.303543 0.177038 -0.232745 0.256504 0.245975 0.93472 0.389938 
1535168222040 0.240144 0.920517 -0.308188 -0.60293 -0.936189 0.30356 0.177202 -0.232779 0.256671 0.245969 0.934676 0.389963 
1535168222057 0.240104 0.920478 -0.308336 -0.602933 -0.936148 0.303599 0.177351 -0.232807 0.256858 0.246065 0.934599 0.389975 
1535168222072 0.240043 0.920439 -0.308499 -0.602943 -0.936124 0.303611 0.17746 -0.232824 0.257005 0.246195 0.934525 0.389975 
1535168222088 0.239991 0.920409 -0.308628 -0.60295 -0.936112 0.303612 0.177522 -0.232833 0.257096 0.246307 0.93447 0.389961 
1535168222105 0.239989 0.920379 -0.308721 -0.602955 -0.936104 0.303636 0.177524 -0.23284 0.257128 0.246391 0.934439 0.389941 
1535168222160 0.240198 0.920331 -0.3087 -0.602938 -0.936177 0.303709 0.177014 -0.232867 0.256666 0.24648 0.934543 0.389894 
1535168222173 0.240264 0.920297 -0.308751 -0.602932 -0.936205 0.303737 0.176815 -0.232864 0.256501 0.246572 0.934564 0.389881 
1535168222207 0.240192 0.920207 -0.309073 -0.602914 -0.936339 0.30362 0.176307 -0.232797 0.25608 0.247049 0.934553 0.389862 
1535168222221 0.240114 0.920169 -0.309247 -0.602914 -0.936376 0.303562 0.176209 -0.232765 0.256018 0.247261 0.934514 0.38987 
1535168222715 0.239905 0.919969 -0.310006 -0.602883 -0.9364 0.303539 0.176121 -0.232724 0.256125 0.248037 0.934279 0.3901 
1535168222733 0.239958 0.919974 -0.309949 -0.602883 -0.936391 0.303574 0.176109 -0.232744 0.256108 0.247974 0.9343 0.390072 
1535168222748 0.240061 0.919981 -0.309849 -0.602885 -0.936344 0.303672 0.176193 -0.232778 0.256186 0.247828 0.934318 0.39003 
1535168222768 0.240247 0.920059 -0.309472 -0.602867 -0.936301 0.303771 0.176247 -0.23283 0.256166 0.247416 0.934432 0.389998 
1535168222838 0.240212 0.920171 -0.309166 -0.602915 -0.936392 0.3036 0.176058 -0.232756 0.255866 0.24721 0.934569 0.389938 
1535168222852 0.240141 0.920163 -0.309246 -0.602923 -0.936461 0.303499 0.175868 -0.232735 0.255683 0.247363 0.934579 0.389932 
1535168222869 0.240037 0.920103 -0.309504 -0.602936 -0.936532 0.303406 0.175646 -0.232706 0.255518 0.247699 0.934535 0.389918 
1535168222885 0.240038 0.920018 -0.309757 -0.602946 -0.93655 0.303439 0.175496 -0.232694 0.255452 0.247977 0.934479 0.389906 
1535168223028 0.240633 0.919755 -0.310075 -0.602815 -0.936581 0.303883 0.174558 -0.232813 0.254777 0.248406 0.93455 0.390087 
1535168223049 0.240609 0.919751 -0.310105 -0.602822 -0.936594 0.30386 0.174528 -0.232788 0.254751 0.24845 0.934545 0.39008 
1535168223065 0.240595 0.919748 -0.310125 -0.602827 -0.936603 0.303845 0.174508 -0.232774 0.254733 0.248478 0.934542 0.390074 
