1535118142951 0.246859 0.927292 -0.28141 -0.576315 -0.936133 0.303243 0.17804 -0.224225 0.25043 0.219486 0.942927 0.403341 
1535118147166 0.246858 0.927292 -0.281409 -0.576315 -0.936133 0.303242 0.17804 -0.224225 0.25043 0.219486 0.942927 0.403342 
1535118148034 0.248065 0.926794 -0.281986 -0.588903 -0.936649 0.303766 0.174399 -0.230014 0.247289 0.220859 0.943435 0.397201 
1535118148912 0.248782 0.926712 -0.281627 -0.601676 -0.937204 0.303713 0.171487 -0.235552 0.244453 0.221278 0.944076 0.391175 
1535118149595 0.248911 0.926755 -0.28137 -0.608123 -0.937475 0.303512 0.170357 -0.238207 0.243279 0.221373 0.944357 0.388155 
1535118150501 0.24957 0.926614 -0.281248 -0.620987 -0.938009 0.303469 0.167468 -0.243761 0.240529 0.222018 0.944909 0.382076 
1535118151425 0.25007 0.926558 -0.280991 -0.633814 -0.9386 0.303228 0.164567 -0.249214 0.237685 0.222585 0.945495 0.375981 
1535118151456 0.249494 0.926867 -0.280484 -0.633952 -0.938754 0.302586 0.16487 -0.249065 0.237683 0.222171 0.945593 0.376068 
1535118151629 0.24944 0.926745 -0.280934 -0.634128 -0.938756 0.302626 0.164787 -0.249179 0.237733 0.222624 0.945474 0.376006 
1535118151798 0.250216 0.926009 -0.282665 -0.634378 -0.938584 0.303643 0.163896 -0.249718 0.237598 0.224296 0.945113 0.375735 
1535118151949 0.24998 0.925678 -0.283953 -0.634846 -0.938702 0.303593 0.163308 -0.249991 0.237377 0.225724 0.944829 0.375541 
1535118152180 0.249766 0.924998 -0.28635 -0.635737 -0.938786 0.303785 0.16247 -0.250569 0.237273 0.228242 0.94425 0.375228 
1535118152351 0.249489 0.924695 -0.287567 -0.636184 -0.938892 0.303702 0.16201 -0.250841 0.237145 0.229575 0.943959 0.375083 
1535118152522 0.249526 0.924309 -0.288773 -0.636591 -0.938874 0.303957 0.161636 -0.251227 0.237176 0.230789 0.943655 0.374973 
1535118152709 0.249376 0.923939 -0.290085 -0.637084 -0.938954 0.304003 0.161082 -0.251546 0.237016 0.232207 0.943347 0.374756 
1535118152894 0.249205 0.923589 -0.291343 -0.637512 -0.939046 0.304013 0.160528 -0.251807 0.236834 0.23358 0.943054 0.374598 
1535118153806 0.249113 0.923423 -0.291945 -0.63778 -0.939061 0.304039 0.16039 -0.251982 0.23687 0.234199 0.942891 0.374574 
1535118154066 0.248617 0.923837 -0.291058 -0.637741 -0.939072 0.303531 0.161285 -0.251972 0.237346 0.233226 0.943012 0.374613 
1535118154274 0.248052 0.923931 -0.291241 -0.638197 -0.939035 0.303207 0.162109 -0.252283 0.238084 0.233274 0.942815 0.37451 
1535118154412 0.247606 0.924207 -0.290746 -0.638402 -0.938998 0.302845 0.162996 -0.252337 0.238693 0.232651 0.942814 0.374664 
1535118154620 0.2469 0.924389 -0.290767 -0.638836 -0.938994 0.302361 0.163916 -0.252667 0.239438 0.232557 0.942649 0.374614 
1535118154770 0.246172 0.924651 -0.290553 -0.639121 -0.938966 0.30184 0.165029 -0.252572 0.240295 0.232194 0.94252 0.374669 
1535118154884 0.246143 0.924661 -0.290545 -0.639277 -0.938911 0.301873 0.165287 -0.252879 0.240542 0.232112 0.942478 0.374603 
1535118155131 0.24562 0.924808 -0.290519 -0.639497 -0.938941 0.301472 0.165845 -0.252889 0.240958 0.232045 0.942388 0.374603 
1535118155355 0.245522 0.925014 -0.289944 -0.639401 -0.939075 0.301171 0.165632 -0.253078 0.240535 0.231613 0.942602 0.374538 
1535118155472 0.244789 0.92549 -0.289044 -0.639602 -0.939246 0.30033 0.166187 -0.252978 0.240613 0.230803 0.942781 0.37473 
1535118155659 0.243747 0.926158 -0.287783 -0.639847 -0.939585 0.299045 0.16659 -0.253283 0.240348 0.229791 0.943095 0.374665 
1535118155801 0.243322 0.926467 -0.287146 -0.640022 -0.939623 0.298593 0.167182 -0.253418 0.240629 0.22913 0.943185 0.37478 
1535118155954 0.242751 0.926722 -0.286808 -0.640213 -0.939719 0.298037 0.167638 -0.253407 0.240833 0.228825 0.943207 0.374669 
1535118156084 0.242301 0.927027 -0.286203 -0.640338 -0.939853 0.297481 0.167873 -0.253578 0.240763 0.228313 0.943348 0.374679 
1535118156244 0.241564 0.927467 -0.285399 -0.640512 -0.940032 0.296642 0.168353 -0.253548 0.240803 0.227617 0.943506 0.374784 
1535118156940 0.241257 0.927722 -0.284827 -0.640591 -0.940089 0.296266 0.168696 -0.253679 0.240887 0.227064 0.943618 0.37482 
1535118156957 0.241257 0.927723 -0.284826 -0.640591 -0.94009 0.296265 0.168696 -0.253679 0.240887 0.227063 0.943618 0.37482 
1535118157153 0.241173 0.927825 -0.284564 -0.640547 -0.940121 0.296128 0.16876 -0.253631 0.240847 0.226825 0.943686 0.374772 
1535118157194 0.240993 0.928004 -0.284133 -0.640529 -0.940161 0.295884 0.168968 -0.253764 0.240874 0.22641 0.943779 0.37466 
1535118157362 0.240465 0.928366 -0.283396 -0.640537 -0.940319 0.295224 0.169241 -0.254035 0.240783 0.225786 0.943951 0.374525 
1535118157433 0.240336 0.928553 -0.282893 -0.640584 -0.940324 0.295035 0.169543 -0.254165 0.240893 0.225264 0.944048 0.374442 
1535118157587 0.239647 0.929034 -0.281895 -0.640618 -0.940491 0.294203 0.17006 -0.254172 0.240926 0.224366 0.944254 0.374465 
1535118157934 0.239311 0.929277 -0.281378 -0.640666 -0.940521 0.29384 0.170524 -0.254307 0.241144 0.223834 0.944324 0.374386 
1535118157952 0.239271 0.929281 -0.281401 -0.640656 -0.940541 0.293796 0.170487 -0.254266 0.241105 0.223877 0.944324 0.374397 
1535118158135 0.240038 0.929096 -0.281358 -0.640504 -0.940291 0.294571 0.170529 -0.254275 0.241318 0.223625 0.944329 0.374412 
1535118158179 0.240223 0.929123 -0.28111 -0.640427 -0.940056 0.294876 0.171295 -0.254306 0.242047 0.22311 0.944264 0.374283 
1535118158305 0.240404 0.929128 -0.28094 -0.640384 -0.939881 0.295136 0.171808 -0.254408 0.242547 0.222747 0.944222 0.374277 
1535118158326 0.240497 0.929214 -0.280574 -0.640331 -0.939794 0.295215 0.172148 -0.254387 0.242792 0.222281 0.944269 0.374282 
1535118158358 0.240603 0.929256 -0.280344 -0.640273 -0.939675 0.295357 0.172554 -0.254391 0.243148 0.221916 0.944263 0.374244 
1535118159197 0.241214 0.929244 -0.279859 -0.640113 -0.93923 0.296113 0.173677 -0.254626 0.244258 0.220959 0.944201 0.37415 
1535118159358 0.240581 0.929284 -0.280272 -0.640229 -0.939721 0.295286 0.172423 -0.254304 0.242991 0.221896 0.944308 0.374319 
1535118159509 0.241443 0.929088 -0.280179 -0.639977 -0.939527 0.296067 0.172142 -0.254317 0.242886 0.221673 0.944387 0.374334 
1535118159632 0.242024 0.928995 -0.279986 -0.639786 -0.939458 0.296513 0.17175 -0.254128 0.242575 0.221468 0.944515 0.374333 
1535118159756 0.242955 0.928724 -0.28008 -0.639558 -0.939266 0.297376 0.171311 -0.254186 0.242389 0.221449 0.944568 0.374395 
1535118159921 0.243595 0.928633 -0.279827 -0.639307 -0.939216 0.297834 0.170785 -0.254033 0.241938 0.221215 0.944738 0.374451 
1535118160118 0.244706 0.928445 -0.279478 -0.638961 -0.939033 0.298736 0.170218 -0.253694 0.241528 0.220786 0.944943 0.374613 
1535118160267 0.24566 0.928171 -0.279551 -0.638684 -0.938902 0.299553 0.169505 -0.253794 0.24107 0.220831 0.94505 0.374623 
1535118160409 0.246126 0.928131 -0.279274 -0.638486 -0.938825 0.299906 0.169306 -0.253548 0.240895 0.220519 0.945167 0.374663 
1535118161129 0.246851 0.92795 -0.279239 -0.638297 -0.938703 0.30053 0.168877 -0.253564 0.240629 0.220435 0.945255 0.374738 
1535118161323 0.246323 0.92808 -0.27927 -0.638298 -0.938696 0.300164 0.169563 -0.253462 0.241195 0.220382 0.945123 0.37484 
1535118161652 0.246588 0.927797 -0.279975 -0.637134 -0.938396 0.300757 0.170173 -0.253088 0.24209 0.220765 0.944804 0.375289 
1535118161925 0.247086 0.927442 -0.280712 -0.636381 -0.938049 0.301564 0.170656 -0.252888 0.242927 0.221155 0.944498 0.375683 
1535118162304 0.247505 0.927054 -0.281624 -0.635241 -0.937703 0.302346 0.17117 -0.25253 0.243832 0.221714 0.944134 0.37614 
1535118162486 0.247891 0.926846 -0.28197 -0.635016 -0.937576 0.302802 0.171061 -0.252622 0.243928 0.221964 0.94405 0.37613 
1535118162762 0.247813 0.926953 -0.281687 -0.634614 -0.937519 0.302747 0.171474 -0.252386 0.244228 0.221593 0.94406 0.376417 
1535118163032 0.247847 0.926891 -0.281859 -0.633802 -0.937378 0.30293 0.171917 -0.252022 0.244732 0.221599 0.943928 0.376582 
1535118163353 0.24798 0.926785 -0.282092 -0.632645 -0.937066 0.303351 0.172875 -0.251395 0.245791 0.221469 0.943683 0.377018 
1535118163544 0.248157 0.926612 -0.282503 -0.632225 -0.936958 0.303651 0.172933 -0.251276 0.246024 0.221779 0.94355 0.376981 
1535118163750 0.248266 0.926588 -0.282487 -0.631859 -0.936835 0.303837 0.173274 -0.251011 0.246383 0.221625 0.943492 0.377164 
1535118164389 0.248398 0.926487 -0.282701 -0.631634 -0.936761 0.304038 0.173321 -0.251008 0.246532 0.221771 0.943419 0.37715 
1535118164674 0.247942 0.926681 -0.282467 -0.631198 -0.936947 0.303501 0.173257 -0.250598 0.246282 0.221699 0.943501 0.377375 
1535118164904 0.248076 0.926637 -0.282493 -0.630753 -0.936937 0.30361 0.173119 -0.250436 0.246187 0.221732 0.943519 0.377506 
1535118165229 0.248055 0.926696 -0.282318 -0.62982 -0.936995 0.303509 0.172979 -0.250012 0.245985 0.221622 0.943597 0.377804 
1535118165438 0.248061 0.92662 -0.282561 -0.629374 -0.937055 0.303505 0.172661 -0.249902 0.24575 0.221945 0.943582 0.377815 
1535118165652 0.24818 0.926623 -0.282448 -0.628927 -0.937055 0.303569 0.172551 -0.249716 0.245632 0.221846 0.943636 0.378017 
1535118165978 0.248112 0.926707 -0.282232 -0.627983 -0.937149 0.303396 0.172346 -0.249359 0.245342 0.221732 0.943738 0.378285 
1535118166452 0.248359 0.926565 -0.282479 -0.627757 -0.937138 0.303628 0.171994 -0.249399 0.245132 0.222006 0.943729 0.378324 
1535118166472 0.24836 0.926565 -0.28248 -0.627757 -0.937138 0.30363 0.171994 -0.249399 0.245133 0.222006 0.943728 0.378323 
1535118166657 0.248141 0.926675 -0.282312 -0.627687 -0.937125 0.303453 0.172373 -0.249252 0.245402 0.221789 0.943709 0.378351 
1535118166874 0.247712 0.926733 -0.282496 -0.627181 -0.937038 0.303259 0.173187 -0.248996 0.246168 0.221809 0.943505 0.378527 
1535118167089 0.24758 0.926688 -0.282759 -0.626672 -0.936963 0.303281 0.173555 -0.248822 0.246587 0.221966 0.943359 0.378642 
1535118167315 0.247454 0.926655 -0.28298 -0.626138 -0.936852 0.303332 0.174065 -0.248638 0.247135 0.222037 0.943199 0.378747 
1535118167482 0.247621 0.926534 -0.283227 -0.625834 -0.936724 0.303613 0.17426 -0.248675 0.24745 0.222155 0.943088 0.378824 
1535118167704 0.24762 0.926533 -0.283234 -0.625615 -0.936691 0.303644 0.174386 -0.248596 0.247577 0.222121 0.943063 0.378871 
1535118167937 0.247462 0.926492 -0.283505 -0.625511 -0.936694 0.303578 0.174482 -0.248389 0.247722 0.22238 0.942964 0.37896 
1535118168189 0.247444 0.926367 -0.283929 -0.624954 -0.936761 0.303585 0.174112 -0.248135 0.247488 0.22289 0.942905 0.379073 
1535118168372 0.247626 0.926248 -0.284157 -0.62463 -0.93675 0.303768 0.17385 -0.248108 0.247346 0.223135 0.942884 0.379136 
1535118168634 0.247428 0.926218 -0.28443 -0.624092 -0.936823 0.303612 0.173732 -0.247792 0.24727 0.223475 0.942824 0.379332 
1535118168892 0.247523 0.926072 -0.28482 -0.623497 -0.936845 0.303733 0.173401 -0.247565 0.247091 0.223911 0.942767 0.379411 
1535118168996 0.247702 0.925929 -0.285131 -0.623287 -0.936813 0.303948 0.173197 -0.247615 0.247033 0.224213 0.942711 0.379422 
1535118169077 0.247709 0.925935 -0.285103 -0.623277 -0.936817 0.303944 0.17318 -0.247596 0.247009 0.224191 0.942722 0.379435 
1535118169214 0.247608 0.926082 -0.284714 -0.623074 -0.936736 0.303872 0.173743 -0.247308 0.247417 0.223681 0.942736 0.379583 
1535118169567 0.247846 0.925912 -0.28506 -0.622655 -0.936472 0.304347 0.174339 -0.247115 0.24818 0.223742 0.942521 0.379648 
1535118169629 0.247824 0.926004 -0.284779 -0.622442 -0.936441 0.304306 0.174575 -0.246919 0.248317 0.223415 0.942563 0.379784 
1535118169774 0.248009 0.925902 -0.284952 -0.622217 -0.936326 0.304574 0.174724 -0.246876 0.248566 0.223475 0.942483 0.379838 
1535118169988 0.248224 0.925831 -0.284995 -0.621777 -0.936129 0.304912 0.175186 -0.24664 0.249091 0.223307 0.942384 0.379973 
1535118170018 0.24834 0.92582 -0.284928 -0.621654 -0.936069 0.305037 0.175293 -0.24659 0.249203 0.22318 0.942384 0.380035 
1535118170042 0.248374 0.925801 -0.28496 -0.621571 -0.936041 0.305092 0.175345 -0.246598 0.249274 0.223183 0.942365 0.380059 
1535118170059 0.248434 0.92577 -0.28501 -0.621539 -0.936016 0.305167 0.175348 -0.246636 0.249308 0.223211 0.942349 0.380059 
1535118170235 0.248209 0.925842 -0.284972 -0.621441 -0.936056 0.304962 0.175488 -0.246426 0.24938 0.223192 0.942335 0.380037 
1535118170451 0.248471 0.925726 -0.28512 -0.62099 -0.935895 0.305322 0.175723 -0.246339 0.249725 0.22318 0.942246 0.380192 
1535118170485 0.248427 0.925763 -0.285038 -0.620858 -0.935883 0.305286 0.17585 -0.246249 0.249814 0.223076 0.942247 0.380278 
1535118170619 0.248875 0.925591 -0.285207 -0.62066 -0.935714 0.30579 0.175876 -0.246359 0.250003 0.223101 0.942191 0.380323 
1535118170676 0.24865 0.925699 -0.285053 -0.620516 -0.935743 0.305574 0.176096 -0.24616 0.250116 0.22295 0.942197 0.380415 
1535118170693 0.248626 0.925706 -0.285051 -0.620484 -0.935736 0.305562 0.176153 -0.246131 0.250166 0.222936 0.942187 0.380425 
1535118170952 0.249282 0.92565 -0.284659 -0.619887 -0.935646 0.306039 0.175806 -0.245965 0.249851 0.222515 0.94237 0.380593 
1535118171101 0.249659 0.925516 -0.284763 -0.619621 -0.935615 0.306356 0.175418 -0.245998 0.249591 0.222633 0.942411 0.380521 
1535118171205 0.249683 0.925611 -0.284433 -0.619393 -0.9356 0.306323 0.175551 -0.245819 0.24962 0.222284 0.942486 0.380735 
1535118171363 0.249977 0.925622 -0.28414 -0.619042 -0.935537 0.306534 0.17552 -0.245626 0.249564 0.221948 0.94258 0.380853 
1535118171572 0.250228 0.925625 -0.283909 -0.618611 -0.93554 0.306668 0.175272 -0.245503 0.249301 0.22175 0.942696 0.38089 
1535118171734 0.250664 0.925496 -0.283944 -0.618351 -0.935437 0.307078 0.175101 -0.245526 0.249249 0.22172 0.942717 0.380939 
1535118171753 0.250612 0.925511 -0.283943 -0.61836 -0.935457 0.307023 0.175092 -0.245496 0.249227 0.221736 0.942719 0.380927 
1535118171966 0.250511 0.925579 -0.283809 -0.618109 -0.935451 0.306931 0.175285 -0.245336 0.24935 0.221578 0.942723 0.381117 
1535118172168 0.250593 0.925493 -0.284018 -0.617772 -0.935483 0.307 0.174991 -0.24525 0.249147 0.221843 0.942715 0.381173 
1535118172462 0.250501 0.92553 -0.283977 -0.616803 -0.935453 0.306953 0.175233 -0.24462 0.249351 0.221751 0.942683 0.381585 
1535118172714 0.251059 0.925292 -0.284259 -0.616078 -0.935306 0.307536 0.174996 -0.244451 0.249342 0.221935 0.942642 0.381801 
1535118172906 0.251419 0.925151 -0.284401 -0.615676 -0.935219 0.307899 0.174827 -0.2444 0.249309 0.222023 0.94263 0.381895 
1535118173053 0.251661 0.925024 -0.284601 -0.615465 -0.935158 0.308163 0.174683 -0.244459 0.24929 0.222186 0.942596 0.381973 
1535118173292 0.251619 0.925109 -0.284362 -0.615149 -0.935095 0.308144 0.175056 -0.244296 0.24957 0.221858 0.9426 0.382088 
1535118173560 0.251607 0.925026 -0.284642 -0.614489 -0.934863 0.308394 0.17585 -0.243851 0.250448 0.221856 0.942367 0.382279 
1535118173798 0.251641 0.924921 -0.284952 -0.613782 -0.934673 0.308646 0.176422 -0.243562 0.251126 0.221942 0.942166 0.382362 
1535118174117 0.251719 0.924819 -0.285214 -0.612685 -0.934341 0.309045 0.17748 -0.243099 0.25228 0.221812 0.941889 0.382668 
1535118174284 0.252136 0.924556 -0.285697 -0.612457 -0.934146 0.309608 0.177523 -0.243117 0.252584 0.222123 0.941734 0.382594 
1535118174507 0.251986 0.924731 -0.285264 -0.612346 -0.934197 0.309372 0.177667 -0.242874 0.252547 0.221723 0.941838 0.382738 
1535118174796 0.252212 0.924754 -0.28499 -0.611488 -0.934206 0.309474 0.177441 -0.242342 0.252286 0.221487 0.941964 0.383023 
1535118175120 0.253 0.924529 -0.285022 -0.610327 -0.934005 0.310221 0.177195 -0.241791 0.252242 0.221381 0.942 0.38333 
1535118175143 0.253184 0.924474 -0.285037 -0.610202 -0.933957 0.310397 0.177139 -0.241752 0.252235 0.221364 0.942006 0.383342 
1535118175160 0.253257 0.924421 -0.285142 -0.610144 -0.933947 0.310478 0.177048 -0.241796 0.252198 0.221469 0.941991 0.383321 
1535118175178 0.253367 0.924361 -0.285242 -0.61011 -0.933929 0.310592 0.176946 -0.241857 0.252155 0.221563 0.941981 0.383293 
1535118175286 0.253462 0.92434 -0.285225 -0.610091 -0.933914 0.310669 0.176886 -0.241878 0.252114 0.221542 0.941997 0.383284 
1535118175411 0.252777 0.924897 -0.284023 -0.609801 -0.93392 0.309943 0.178124 -0.24162 0.252778 0.220229 0.942127 0.383383 
1535118175469 0.252742 0.924997 -0.283729 -0.60961 -0.933867 0.309907 0.178466 -0.241599 0.25301 0.219859 0.942151 0.383427 
1535118175522 0.252697 0.92512 -0.283367 -0.609435 -0.933816 0.30985 0.178833 -0.241545 0.253243 0.219422 0.94219 0.383476 
1535118175610 0.252808 0.925198 -0.283013 -0.609213 -0.933692 0.309967 0.179274 -0.24157 0.253589 0.218925 0.942212 0.383503 
1535118175656 0.252777 0.925284 -0.282759 -0.609033 -0.933654 0.309929 0.179538 -0.241555 0.253759 0.218616 0.942239 0.383551 
1535118175793 0.252734 0.925473 -0.28218 -0.608763 -0.933559 0.309867 0.18014 -0.241465 0.254153 0.217904 0.942297 0.383551 
1535118176002 0.252866 0.925379 -0.282369 -0.608643 -0.933589 0.309973 0.179802 -0.241468 0.253912 0.218151 0.942305 0.383529 
1535118176089 0.252619 0.925547 -0.282039 -0.608439 -0.933713 0.309625 0.179756 -0.241226 0.253699 0.217934 0.942413 0.383584 
1535118176225 0.252579 0.92568 -0.28164 -0.608094 -0.933786 0.309455 0.179669 -0.241191 0.253471 0.217611 0.942549 0.383638 
1535118176393 0.252795 0.925732 -0.281275 -0.607758 -0.93372 0.309597 0.179767 -0.241146 0.253498 0.217188 0.942639 0.383624 
1535118176660 0.252619 0.926158 -0.280027 -0.606872 -0.933766 0.309188 0.180233 -0.240677 0.253505 0.21595 0.942922 0.383777 
1535118176811 0.252819 0.926155 -0.279856 -0.606516 -0.933778 0.309289 0.179997 -0.24072 0.253261 0.215817 0.943017 0.383667 
1535118177069 0.2528 0.926271 -0.279489 -0.606221 -0.933782 0.309201 0.180128 -0.240616 0.253265 0.215446 0.943101 0.383706 
1535118177092 0.252789 0.926274 -0.279488 -0.606224 -0.933784 0.309191 0.180134 -0.240608 0.253269 0.215445 0.9431 0.383704 
1535118177113 0.252786 0.926274 -0.27949 -0.606225 -0.933784 0.309189 0.180136 -0.240605 0.253271 0.215448 0.943099 0.383701 
1535118177341 0.253225 0.926603 -0.277999 -0.60594 -0.933997 0.309037 0.179292 -0.240317 0.252045 0.214249 0.943701 0.383676 
1535118177528 0.253684 0.92701 -0.27622 -0.605369 -0.934174 0.308876 0.178648 -0.240079 0.250926 0.212718 0.944345 0.383746 
1535118177581 0.253596 0.927214 -0.275615 -0.605174 -0.934321 0.308571 0.178405 -0.239853 0.250466 0.21227 0.944568 0.383713 
1535118177704 0.253968 0.927316 -0.274929 -0.604979 -0.934375 0.308663 0.177962 -0.23982 0.249887 0.21169 0.944851 0.383715 
1535118177895 0.254088 0.927314 -0.274824 -0.605064 -0.934373 0.308732 0.177855 -0.239859 0.249774 0.211598 0.944902 0.383633 
1535118178092 0.254344 0.927653 -0.273438 -0.605188 -0.93451 0.308537 0.177474 -0.239795 0.249 0.210391 0.945375 0.38357 
1535118178288 0.25498 0.927919 -0.271939 -0.605219 -0.934674 0.308574 0.176541 -0.239739 0.247729 0.20916 0.945982 0.383344 
1535118178483 0.255476 0.928264 -0.270291 -0.605208 -0.934842 0.30848 0.175813 -0.239627 0.24658 0.207763 0.94659 0.383267 
1535118178552 0.255604 0.928425 -0.269619 -0.605248 -0.934906 0.308391 0.175627 -0.239527 0.246205 0.207178 0.946816 0.383217 
1535118179108 0.255989 0.928573 -0.26874 -0.605268 -0.934976 0.308447 0.17516 -0.23951 0.245541 0.206426 0.947153 0.383125 
1535118180652 0.24573 0.927237 -0.282575 -0.576075 -0.936941 0.301938 0.176 -0.224371 0.248513 0.221508 0.942961 0.40331 
1535118182996 0.21266 0.919847 -0.329631 -0.473179 -0.943992 0.28051 0.173762 -0.172091 0.252299 0.274217 0.927982 0.473694 
