1535135647213 0.241924 0.927131 -0.286185 -0.558415 -0.941041 0.296071 0.163657 -0.2108 0.236462 0.229719 0.944095 0.413056 
1535135680018 0.241923 0.927131 -0.286183 -0.558414 -0.941042 0.296069 0.163657 -0.2108 0.236461 0.229718 0.944095 0.413057 
1535135681023 0.242881 0.927501 -0.284166 -0.573727 -0.941684 0.295764 0.160481 -0.217484 0.232893 0.228617 0.945249 0.40487 
1535135682133 0.243464 0.928047 -0.281876 -0.589244 -0.942266 0.295207 0.158077 -0.224048 0.229915 0.227116 0.946339 0.396589 
1535135683482 0.243862 0.929017 -0.278315 -0.612656 -0.943268 0.293891 0.154512 -0.233733 0.225339 0.224846 0.94798 0.384112 
1535135684538 0.244006 0.92974 -0.275762 -0.628248 -0.943856 0.292981 0.152633 -0.240024 0.222702 0.223036 0.94903 0.375826 
1535135684573 0.243494 0.929964 -0.275458 -0.628404 -0.943972 0.292458 0.152921 -0.239894 0.222771 0.22279 0.949072 0.375819 
1535135684857 0.2439 0.929814 -0.275607 -0.628844 -0.943841 0.292898 0.152891 -0.240199 0.222885 0.222839 0.949034 0.375528 
1535135685225 0.24428 0.929735 -0.275536 -0.630417 -0.943831 0.293161 0.152443 -0.241004 0.222508 0.22282 0.949127 0.37469 
1535135685591 0.244336 0.929819 -0.275204 -0.631996 -0.943889 0.293089 0.152227 -0.241689 0.222202 0.222567 0.949258 0.373878 
1535135685883 0.244048 0.930014 -0.274797 -0.632818 -0.944051 0.292659 0.152049 -0.241915 0.221829 0.222315 0.949404 0.373441 
1535135686249 0.243875 0.930095 -0.274678 -0.634447 -0.944126 0.292443 0.151999 -0.242492 0.221701 0.222262 0.949446 0.372566 
1535135686522 0.243733 0.930259 -0.274247 -0.635258 -0.944171 0.292228 0.152132 -0.242751 0.221664 0.221857 0.94955 0.372259 
1535135686696 0.243576 0.930395 -0.273928 -0.635451 -0.944224 0.292013 0.152218 -0.242751 0.221613 0.221572 0.949628 0.372186 
1535135686907 0.243198 0.93001 -0.275567 -0.635507 -0.944163 0.292076 0.152469 -0.242948 0.222284 0.2231 0.949113 0.372169 
1535135686991 0.242711 0.929851 -0.276528 -0.635505 -0.944146 0.291911 0.152892 -0.243128 0.222888 0.223975 0.948766 0.372284 
1535135687124 0.241858 0.929789 -0.277483 -0.635634 -0.944245 0.291371 0.153311 -0.24313 0.223397 0.224932 0.948419 0.372411 
1535135687385 0.240136 0.929199 -0.280934 -0.636031 -0.944241 0.290743 0.154525 -0.24359 0.225264 0.228162 0.947206 0.372384 
1535135687585 0.239165 0.928845 -0.282926 -0.636194 -0.944172 0.290466 0.155463 -0.24401 0.226582 0.22995 0.946459 0.37265 
1535135688043 0.238516 0.928666 -0.284059 -0.636344 -0.944221 0.290152 0.155751 -0.244136 0.227061 0.231066 0.946072 0.372617 
1535135688060 0.238607 0.928698 -0.283878 -0.636313 -0.944205 0.290202 0.155757 -0.244117 0.227033 0.230875 0.946125 0.372614 
1535135688269 0.237953 0.929173 -0.282872 -0.63622 -0.944516 0.28926 0.155624 -0.244254 0.226425 0.230145 0.946449 0.372709 
1535135688362 0.237545 0.92933 -0.282697 -0.636275 -0.944573 0.288887 0.155969 -0.244433 0.226614 0.229979 0.946444 0.372844 
1535135688545 0.236127 0.929666 -0.282782 -0.636347 -0.94496 0.287512 0.156163 -0.244605 0.226482 0.230343 0.946387 0.372846 
1535135688656 0.235657 0.929877 -0.282478 -0.636374 -0.945057 0.287033 0.15646 -0.244782 0.226569 0.230087 0.946428 0.373024 
1535135688863 0.234555 0.930163 -0.282454 -0.63642 -0.945325 0.285982 0.156766 -0.245054 0.226595 0.23024 0.946385 0.373141 
1535135689550 0.234013 0.930328 -0.282361 -0.636444 -0.945428 0.28548 0.157059 -0.245217 0.226724 0.230198 0.946364 0.373188 
1535135689752 0.234179 0.930407 -0.281961 -0.636408 -0.945477 0.285479 0.156762 -0.245136 0.226347 0.229877 0.946532 0.373086 
1535135689937 0.233674 0.930914 -0.280704 -0.63642 -0.945731 0.284654 0.156734 -0.245318 0.22581 0.228845 0.946911 0.373058 
1535135690009 0.233545 0.931142 -0.280057 -0.636425 -0.94581 0.284373 0.156763 -0.245488 0.225609 0.22827 0.947097 0.373062 
1535135690183 0.232908 0.931684 -0.278782 -0.636421 -0.946098 0.283417 0.156758 -0.245658 0.225061 0.227244 0.947474 0.373058 
1535135690255 0.232924 0.931846 -0.278226 -0.636439 -0.946131 0.283302 0.15677 -0.245886 0.224907 0.226722 0.947636 0.373013 
1535135690381 0.232508 0.932182 -0.277447 -0.636432 -0.946257 0.282749 0.157007 -0.24587 0.224807 0.226031 0.947825 0.373063 
1535135690705 0.232131 0.932482 -0.276755 -0.636495 -0.94641 0.282211 0.157054 -0.245954 0.224553 0.225466 0.948019 0.373037 
1535135690855 0.232258 0.932471 -0.276686 -0.636417 -0.946374 0.282325 0.157065 -0.245914 0.224574 0.225368 0.948038 0.373097 
1535135691012 0.233101 0.932099 -0.277228 -0.63631 -0.946146 0.283244 0.15678 -0.245921 0.224658 0.225753 0.947926 0.37303 
1535135691085 0.233817 0.932076 -0.276702 -0.636188 -0.946044 0.283767 0.156453 -0.245935 0.224345 0.225191 0.948134 0.373091 
1535135691166 0.234028 0.932113 -0.2764 -0.6361 -0.946049 0.28386 0.156251 -0.245866 0.224103 0.224921 0.948256 0.373093 
1535135691194 0.234311 0.932062 -0.27633 -0.63607 -0.945994 0.284105 0.15614 -0.245836 0.224039 0.224821 0.948294 0.373061 
1535135691238 0.234555 0.932026 -0.276244 -0.636026 -0.945969 0.284289 0.155959 -0.245799 0.223891 0.224738 0.948349 0.373002 
1535135691738 0.235496 0.931952 -0.275695 -0.635842 -0.945848 0.284985 0.155422 -0.245844 0.223414 0.224164 0.948597 0.372974 
1535135691972 0.235395 0.931861 -0.276087 -0.635788 -0.945703 0.285124 0.156043 -0.245554 0.224129 0.224364 0.948381 0.373126 
1535135692135 0.236399 0.931556 -0.276259 -0.635504 -0.945478 0.286089 0.155641 -0.245608 0.224023 0.224403 0.948397 0.373092 
1535135692386 0.23788 0.931299 -0.275854 -0.635022 -0.945141 0.287405 0.155263 -0.24533 0.223878 0.223787 0.948577 0.373263 
1535135692621 0.239286 0.930968 -0.275753 -0.634583 -0.94479 0.288731 0.154937 -0.245043 0.22386 0.223455 0.948659 0.373341 
1535135692757 0.24001 0.930767 -0.275805 -0.634395 -0.944596 0.289444 0.15479 -0.244907 0.223903 0.223373 0.948668 0.373371 
1535135692922 0.241007 0.930525 -0.275751 -0.634111 -0.944325 0.290408 0.154642 -0.244922 0.223978 0.223128 0.948708 0.3735 
1535135693503 0.241498 0.930427 -0.275653 -0.633944 -0.944225 0.290836 0.154444 -0.244776 0.223869 0.22298 0.948769 0.373498 
1535135693860 0.241325 0.9306 -0.275218 -0.632923 -0.944375 0.290493 0.154172 -0.244135 0.223421 0.222704 0.948939 0.373907 
1535135693891 0.241637 0.930492 -0.275312 -0.63275 -0.944328 0.290775 0.153931 -0.244248 0.223285 0.22279 0.948951 0.373901 
1535135694181 0.241337 0.930527 -0.275456 -0.632132 -0.944233 0.290682 0.154687 -0.243845 0.22401 0.222763 0.948787 0.374189 
1535135694524 0.241001 0.930504 -0.275828 -0.630613 -0.943985 0.290753 0.15606 -0.243276 0.225413 0.222767 0.948453 0.374675 
1535135694560 0.241051 0.930425 -0.276049 -0.630517 -0.943938 0.290872 0.156124 -0.243273 0.225557 0.222939 0.948379 0.374658 
1535135694920 0.240681 0.930546 -0.275964 -0.629146 -0.943929 0.290606 0.156673 -0.24267 0.225988 0.222782 0.948313 0.375191 
1535135695114 0.241102 0.930369 -0.276196 -0.628555 -0.94376 0.291108 0.156758 -0.242536 0.226246 0.222868 0.948231 0.375289 
1535135695332 0.240767 0.930408 -0.276354 -0.628042 -0.943777 0.290882 0.157076 -0.242197 0.226532 0.222998 0.948133 0.375507 
1535135695707 0.24053 0.930434 -0.276473 -0.626381 -0.94367 0.290839 0.157793 -0.241432 0.227225 0.222945 0.947979 0.376036 
1535135695929 0.240891 0.930182 -0.277007 -0.625784 -0.943502 0.29135 0.157859 -0.241396 0.227544 0.223329 0.947812 0.376134 
1535135696286 0.240992 0.930082 -0.277254 -0.625572 -0.943479 0.291486 0.157744 -0.241383 0.22753 0.223568 0.947759 0.376133 
1535135696625 0.240729 0.930209 -0.277058 -0.624947 -0.943477 0.291269 0.158157 -0.240963 0.227817 0.223325 0.947747 0.376437 
1535135696855 0.240868 0.930117 -0.277246 -0.624422 -0.943433 0.291442 0.158098 -0.240775 0.227851 0.223483 0.947702 0.376598 
1535135697084 0.241088 0.93 -0.277446 -0.623842 -0.943367 0.291697 0.158027 -0.240683 0.227895 0.223635 0.947656 0.376716 
1535135697395 0.241073 0.929927 -0.277703 -0.622776 -0.94329 0.291805 0.158286 -0.240257 0.228229 0.223796 0.947537 0.377012 
1535135697732 0.241502 0.929703 -0.278081 -0.621647 -0.943055 0.292403 0.158581 -0.239932 0.228745 0.223948 0.947377 0.377335 
1535135697944 0.241505 0.929607 -0.278401 -0.621138 -0.943092 0.292423 0.158322 -0.23977 0.228588 0.224322 0.947326 0.37737 
1535135698044 0.241834 0.929463 -0.278596 -0.620889 -0.942961 0.292817 0.158374 -0.239798 0.228781 0.224405 0.94726 0.377441 
1535135698065 0.241814 0.929461 -0.278617 -0.620894 -0.942969 0.292799 0.158362 -0.239789 0.22877 0.224433 0.947256 0.377424 
1535135698284 0.241581 0.929575 -0.27844 -0.62076 -0.942994 0.29258 0.158618 -0.239512 0.228914 0.224248 0.947265 0.377526 
1535135698376 0.241811 0.929427 -0.278734 -0.620558 -0.942808 0.292975 0.158996 -0.239469 0.229437 0.224345 0.947116 0.37762 
1535135698508 0.241924 0.929398 -0.278733 -0.620332 -0.942693 0.293166 0.15932 -0.2394 0.229786 0.224217 0.947061 0.377722 
1535135698818 0.242231 0.92922 -0.279058 -0.619529 -0.942328 0.293794 0.160319 -0.238964 0.230957 0.22413 0.946797 0.378049 
1535135699346 0.242607 0.928974 -0.279552 -0.619307 -0.94211 0.294357 0.16057 -0.238944 0.231454 0.224413 0.946609 0.378002 
1535135699363 0.24264 0.928958 -0.279576 -0.619337 -0.942103 0.294392 0.160548 -0.238971 0.231447 0.224434 0.946605 0.377995 
1535135699606 0.242375 0.929044 -0.279521 -0.619177 -0.942183 0.294117 0.16058 -0.238756 0.231397 0.22444 0.946616 0.378265 
1535135699772 0.242555 0.928895 -0.279859 -0.618846 -0.942146 0.294339 0.160394 -0.238717 0.231363 0.224763 0.946548 0.378293 
1535135700026 0.242708 0.928683 -0.28043 -0.618293 -0.941944 0.294741 0.160839 -0.23834 0.232023 0.225113 0.946303 0.378598 
1535135700214 0.242991 0.928437 -0.281 -0.61799 -0.941772 0.295206 0.160991 -0.23831 0.232422 0.225518 0.946109 0.378679 
1535135700455 0.243041 0.928267 -0.281515 -0.617413 -0.941672 0.295429 0.161168 -0.23799 0.232775 0.225925 0.945925 0.378905 
1535135700630 0.243282 0.928039 -0.282058 -0.617115 -0.941573 0.295789 0.161086 -0.237941 0.232924 0.226389 0.945777 0.378918 
1535135700669 0.243163 0.928046 -0.282139 -0.61705 -0.941573 0.295719 0.161215 -0.237803 0.233049 0.226453 0.945731 0.378976 
1535135700688 0.243145 0.928034 -0.282194 -0.61701 -0.941563 0.295726 0.161261 -0.237764 0.233108 0.226494 0.945707 0.379 
1535135700945 0.243462 0.928032 -0.281928 -0.61648 -0.94179 0.295681 0.160012 -0.237415 0.231857 0.22656 0.945998 0.379184 
1535135701108 0.244049 0.927843 -0.282041 -0.61616 -0.941789 0.296115 0.159217 -0.237547 0.231245 0.226767 0.946099 0.379253 
1535135701130 0.244017 0.927844 -0.282068 -0.616145 -0.941794 0.296092 0.159229 -0.237484 0.231257 0.226795 0.946089 0.379272 
1535135701346 0.243668 0.927899 -0.282188 -0.615816 -0.941873 0.29579 0.159322 -0.237256 0.231303 0.226964 0.946037 0.379362 
1535135701410 0.243406 0.927962 -0.282204 -0.615612 -0.941885 0.295597 0.159607 -0.237105 0.231528 0.226955 0.945984 0.379469 
1535135701657 0.243525 0.927909 -0.282279 -0.614852 -0.941837 0.295741 0.159628 -0.236836 0.231602 0.226987 0.945958 0.37973 
1535135701765 0.24383 0.927693 -0.282724 -0.614699 -0.941771 0.296096 0.159356 -0.236893 0.231547 0.227405 0.945871 0.37965 
1535135702175 0.243837 0.927657 -0.282834 -0.614492 -0.94173 0.29616 0.15948 -0.236795 0.231707 0.227466 0.945818 0.379786 
1535135702196 0.243837 0.927656 -0.282838 -0.614493 -0.94173 0.296161 0.15948 -0.236795 0.231708 0.22747 0.945817 0.379786 
1535135702412 0.243865 0.927761 -0.28247 -0.614186 -0.941765 0.296082 0.159416 -0.236719 0.231535 0.227144 0.945937 0.379831 
1535135702595 0.243958 0.927774 -0.282347 -0.61381 -0.9417 0.296191 0.159601 -0.236536 0.231702 0.22695 0.945943 0.379859 
1535135702856 0.243911 0.928006 -0.281625 -0.61299 -0.94169 0.296043 0.159935 -0.236298 0.231793 0.226194 0.946102 0.380199 
1535135703111 0.244183 0.927994 -0.281429 -0.612218 -0.941594 0.296294 0.160032 -0.236087 0.231895 0.225915 0.946143 0.380341 
1535135703323 0.244096 0.928034 -0.281372 -0.611853 -0.941614 0.296204 0.160084 -0.235935 0.231907 0.225868 0.946152 0.380375 
1535135703526 0.244426 0.928005 -0.281181 -0.611374 -0.941503 0.296511 0.160166 -0.235974 0.232008 0.225584 0.946195 0.380517 
1535135703697 0.244545 0.928002 -0.281088 -0.611143 -0.941462 0.296619 0.160211 -0.235891 0.232052 0.225455 0.946215 0.380566 
1535135703713 0.244545 0.928001 -0.281091 -0.611144 -0.941462 0.296619 0.160208 -0.235892 0.23205 0.225458 0.946214 0.380565 
1535135703977 0.244477 0.927967 -0.281263 -0.610638 -0.941213 0.296842 0.161254 -0.235558 0.23313 0.225306 0.945985 0.380717 
1535135704139 0.244807 0.927776 -0.281606 -0.610265 -0.940931 0.297406 0.161856 -0.235543 0.233918 0.225349 0.94578 0.380765 
1535135704320 0.245163 0.927646 -0.281722 -0.609891 -0.940698 0.297902 0.162299 -0.235511 0.234481 0.225226 0.94567 0.380916 
1535135704569 0.245003 0.927704 -0.281671 -0.609235 -0.94053 0.297941 0.163199 -0.235135 0.235322 0.224936 0.94553 0.381159 
1535135704810 0.245449 0.927555 -0.281773 -0.608554 -0.940155 0.298632 0.164095 -0.234898 0.236354 0.224634 0.945345 0.381346 
1535135705316 0.245744 0.927333 -0.282248 -0.608309 -0.939941 0.299128 0.164417 -0.234917 0.236898 0.224892 0.945147 0.381273 
1535135705333 0.245742 0.927333 -0.282248 -0.60831 -0.939942 0.299126 0.164417 -0.234915 0.236897 0.224893 0.945147 0.381273 
1535135705651 0.246005 0.927794 -0.280499 -0.607609 -0.940242 0.298718 0.16344 -0.234206 0.235428 0.22353 0.945837 0.381508 
1535135705820 0.246835 0.927685 -0.280129 -0.607277 -0.940138 0.299339 0.162902 -0.234181 0.234975 0.22315 0.94604 0.381503 
1535135706048 0.247455 0.92777 -0.279301 -0.606675 -0.940143 0.299628 0.162342 -0.233831 0.234302 0.22241 0.946381 0.381662 
1535135706193 0.247709 0.927828 -0.278881 -0.606375 -0.940186 0.299693 0.161971 -0.233663 0.233859 0.222078 0.946568 0.381718 
1535135706345 0.248077 0.927839 -0.278517 -0.606079 -0.940142 0.299931 0.161786 -0.23347 0.233647 0.22171 0.946707 0.381744 
1535135706675 0.248388 0.927842 -0.27823 -0.605819 -0.940134 0.300108 0.161504 -0.233372 0.23335 0.221458 0.946839 0.381784 
1535135706945 0.248195 0.928024 -0.277796 -0.605512 -0.940205 0.299829 0.161607 -0.23318 0.233266 0.221075 0.946949 0.381908 
1535135707191 0.248308 0.928164 -0.277225 -0.604726 -0.940302 0.299718 0.16125 -0.232801 0.232756 0.220636 0.947177 0.382041 
1535135707337 0.248843 0.928083 -0.277018 -0.604381 -0.940269 0.300091 0.160745 -0.23288 0.232315 0.220471 0.947324 0.382004 
1535135707545 0.249065 0.928215 -0.276376 -0.603809 -0.940283 0.300124 0.160605 -0.232662 0.232023 0.21987 0.947535 0.382197 
1535135707698 0.249203 0.928214 -0.276254 -0.603566 -0.940334 0.300151 0.160253 -0.232546 0.231667 0.219835 0.94763 0.382152 
1535135707715 0.249207 0.928219 -0.276233 -0.603562 -0.940331 0.300153 0.160266 -0.232541 0.231674 0.219811 0.947634 0.382166 
1535135707733 0.2492 0.928224 -0.276223 -0.603559 -0.940333 0.300144 0.160271 -0.232538 0.231674 0.219802 0.947636 0.382172 
1535135707933 0.249055 0.928423 -0.275686 -0.6033 -0.940386 0.299899 0.160419 -0.23233 0.231615 0.219299 0.947767 0.382347 
1535135707987 0.24913 0.928471 -0.275456 -0.603097 -0.940414 0.299887 0.160281 -0.232243 0.231422 0.219112 0.947858 0.382337 
1535135708167 0.248966 0.928729 -0.274733 -0.602604 -0.940566 0.299502 0.160109 -0.231916 0.230981 0.218543 0.948096 0.38241 
1535135708263 0.249605 0.928587 -0.274635 -0.60227 -0.94053 0.29997 0.159439 -0.232068 0.230435 0.218506 0.948238 0.382269 
1535135708395 0.249238 0.928798 -0.274251 -0.602106 -0.940665 0.299517 0.159493 -0.231739 0.23028 0.218227 0.94834 0.38241 
1535135708486 0.24926 0.928845 -0.274073 -0.601837 -0.940745 0.299426 0.159194 -0.231671 0.229931 0.218153 0.948441 0.382341 
1535135708827 0.249572 0.928837 -0.273815 -0.601542 -0.940714 0.299633 0.15899 -0.23164 0.229719 0.217902 0.94855 0.382373 
1535135709029 0.249413 0.92901 -0.273374 -0.601741 -0.940764 0.299397 0.159136 -0.231503 0.229687 0.21749 0.948653 0.382364 
1535135709291 0.251002 0.929622 -0.269817 -0.601102 -0.940875 0.29981 0.157694 -0.231103 0.227489 0.214283 0.949911 0.382224 
1535135709338 0.251308 0.929713 -0.269218 -0.600997 -0.940881 0.29992 0.15745 -0.231002 0.227127 0.213733 0.950122 0.382173 
1535135709495 0.251441 0.929813 -0.268749 -0.600999 -0.940862 0.299952 0.157502 -0.230944 0.227059 0.213253 0.950246 0.382161 
1535135709687 0.250962 0.929886 -0.268943 -0.601215 -0.940753 0.299748 0.158539 -0.23107 0.228038 0.213222 0.950019 0.382114 
1535135709873 0.250834 0.930243 -0.267824 -0.601359 -0.940662 0.29955 0.15945 -0.23106 0.228554 0.211937 0.950182 0.382088 
1535135710076 0.251192 0.930421 -0.26687 -0.601477 -0.940396 0.299887 0.160382 -0.231217 0.229254 0.210677 0.950294 0.381963 
1535135710129 0.251406 0.930517 -0.266334 -0.601516 -0.940298 0.300037 0.160675 -0.231324 0.229421 0.210039 0.950395 0.38188 
1535135710275 0.251171 0.930763 -0.265695 -0.601631 -0.940285 0.299772 0.161251 -0.231191 0.229734 0.209327 0.950476 0.381862 
1535135710543 0.251193 0.930894 -0.265213 -0.601725 -0.940136 0.299839 0.161993 -0.231259 0.230319 0.208645 0.950484 0.381786 
1535135711559 0.24622 0.930179 -0.272291 -0.587554 -0.940904 0.296806 0.163112 -0.224295 0.232541 0.216038 0.948289 0.391923 
1535135713908 0.216512 0.921593 -0.322162 -0.487125 -0.944013 0.281766 0.171601 -0.177832 0.248921 0.266972 0.931002 0.46349 
1535135716272 0.247779 0.929587 -0.272899 -0.587058 -0.940765 0.298154 0.161446 -0.224828 0.231444 0.216731 0.948399 0.392268 
