1535374551341 0.217432 0.920857 -0.323645 -0.487324 -0.942702 0.284082 0.174961 -0.17771 0.253055 0.267058 0.929862 0.463671 
1535374560095 0.217433 0.920857 -0.323644 -0.487324 -0.942701 0.284083 0.174962 -0.17771 0.253056 0.267057 0.929862 0.463672 
1535374561825 0.346128 0.886816 -0.306189 -0.444313 -0.904809 0.401815 0.140944 -0.162266 0.248023 0.228258 0.941479 0.416958 
