1530556071644 -0.0156816 -0.153188 0.988073 0.371412 -0.99465 0.103298 0.000229098 -0.491509 -0.102101 -0.982783 -0.153988 0.440901 
1530556078885 -0.0156836 -0.153189 0.988072 0.371412 -0.99465 0.1033 0.000227396 -0.491509 -0.102102 -0.982783 -0.153989 0.4409 
1530556078901 -0.0156833 -0.153189 0.988073 0.371412 -0.99465 0.103299 0.00022758 -0.491509 -0.102102 -0.982783 -0.153989 0.4409 
1530556079036 -0.0156791 -0.152969 0.988107 0.371618 -0.994638 0.103422 0.00022798 -0.491517 -0.102227 -0.982804 -0.15377 0.440957 
1530556079119 -0.0157947 -0.153027 0.988096 0.372987 -0.994626 0.103532 0.000134912 -0.491542 -0.10232 -0.982784 -0.15384 0.441017 
1530556079178 -0.0163082 -0.153161 0.988067 0.37419 -0.99464 0.1034 -0.000388567 -0.491717 -0.102107 -0.982777 -0.154026 0.441057 
1530556079248 -0.016404 -0.153078 0.988078 0.375703 -0.994612 0.103669 -0.000451661 -0.4918 -0.102364 -0.982761 -0.153953 0.441084 
1530556079307 -0.0163526 -0.153324 0.988041 0.377147 -0.994589 0.103884 -0.00034018 -0.491813 -0.10259 -0.9827 -0.154193 0.440991 
1530556079374 -0.0162245 -0.153151 0.98807 0.378767 -0.994557 0.104197 -0.000180405 -0.491757 -0.102927 -0.982694 -0.154008 0.441 
1530556079440 -0.0163801 -0.152945 0.988099 0.380108 -0.994526 0.104492 -0.0003125 -0.491815 -0.103201 -0.982695 -0.15382 0.441101 
1530556079491 -0.0165023 -0.153266 0.988047 0.381253 -0.994499 0.104748 -0.0003614 -0.491837 -0.103441 -0.982618 -0.154152 0.440953 
1530556079504 -0.0165684 -0.15325 0.988049 0.381526 -0.99449 0.104833 -0.000416414 -0.491855 -0.103517 -0.982611 -0.154142 0.440942 
1530556079525 -0.0166901 -0.153199 0.988054 0.381953 -0.994473 0.10499 -0.000519701 -0.49188 -0.103656 -0.982602 -0.154105 0.440933 
1530556079541 -0.0166877 -0.153084 0.988072 0.382342 -0.994459 0.105121 -0.000508876 -0.49186 -0.10379 -0.982606 -0.15399 0.440929 
1530556079558 -0.0165833 -0.153002 0.988087 0.382723 -0.994446 0.105247 -0.000392954 -0.491824 -0.103933 -0.982605 -0.153897 0.440916 
1530556079575 -0.0164105 -0.153038 0.988084 0.383212 -0.994431 0.105394 -0.000192174 -0.491769 -0.104109 -0.982584 -0.153915 0.440857 
1530556079591 -0.0163001 -0.153066 0.988081 0.383604 -0.994411 0.105581 -4.86975e-05 -0.491715 -0.104315 -0.98256 -0.153932 0.440812 
1530556079608 -0.0161443 -0.15305 0.988087 0.383966 -0.994384 0.105831 0.000145564 -0.491639 -0.104593 -0.982535 -0.153899 0.440764 
1530556079631 -0.0158355 -0.152906 0.988114 0.384362 -0.994357 0.10608 0.000479842 -0.49154 -0.104893 -0.982531 -0.153723 0.440752 
1530556079648 -0.0156746 -0.152789 0.988135 0.384613 -0.994343 0.106211 0.00064969 -0.491474 -0.10505 -0.982535 -0.15359 0.440726 
1530556079680 -0.0156537 -0.152739 0.988143 0.384727 -0.994332 0.106317 0.000681871 -0.491444 -0.105161 -0.982531 -0.153538 0.440691 
1530556079686 -0.0156292 -0.152756 0.98814 0.384789 -0.994322 0.106406 0.000722327 -0.491428 -0.105255 -0.982519 -0.153552 0.440652 
1530556079703 -0.0156257 -0.152786 0.988136 0.384811 -0.994318 0.106444 0.000734936 -0.491424 -0.105293 -0.98251 -0.153581 0.440634 
1530556079720 -0.0156107 -0.152806 0.988133 0.384834 -0.994316 0.106471 0.000756419 -0.49142 -0.105323 -0.982504 -0.153599 0.44062 
1530556079736 -0.0155944 -0.152829 0.98813 0.384856 -0.994312 0.106501 0.000779934 -0.491413 -0.105356 -0.982497 -0.15362 0.440605 
1530556079753 -0.0156059 -0.152847 0.988127 0.384863 -0.99431 0.106526 0.000774282 -0.491417 -0.105379 -0.982492 -0.15364 0.440592 
1530556079770 -0.0156199 -0.152849 0.988126 0.384866 -0.994309 0.106533 0.000761576 -0.491421 -0.105385 -0.982491 -0.153644 0.440591 
1530556079786 -0.0156345 -0.152847 0.988126 0.384866 -0.994308 0.10654 0.000747637 -0.491424 -0.105389 -0.98249 -0.153642 0.440595 
1530556079803 -0.015644 -0.152842 0.988127 0.384869 -0.994308 0.106546 0.000738578 -0.491427 -0.105394 -0.98249 -0.153639 0.440599 
1530556079820 -0.0156511 -0.152841 0.988127 0.384871 -0.994306 0.106556 0.000732845 -0.491428 -0.105403 -0.982489 -0.153639 0.4406 
1530556079836 -0.0156577 -0.152839 0.988127 0.384871 -0.994306 0.106565 0.000727328 -0.491429 -0.105411 -0.982489 -0.153637 0.440601 
1530556079853 -0.015663 -0.152836 0.988127 0.384872 -0.994305 0.10657 0.000722531 -0.491431 -0.105415 -0.982489 -0.153635 0.440603 
1530556079873 -0.0156676 -0.152836 0.988127 0.384873 -0.994304 0.106577 0.000719019 -0.491431 -0.105422 -0.982488 -0.153635 0.440603 
1530556079886 -0.0156705 -0.152835 0.988127 0.384874 -0.994304 0.106582 0.000716763 -0.491431 -0.105427 -0.982488 -0.153634 0.440603 
1530556079903 -0.0156748 -0.152832 0.988128 0.384874 -0.994304 0.106583 0.000712273 -0.491433 -0.105427 -0.982488 -0.153632 0.440605 
1530556079923 -0.0156789 -0.152832 0.988128 0.384874 -0.994303 0.106585 0.000708455 -0.491434 -0.105428 -0.982488 -0.153632 0.440605 
1530556079940 -0.0156807 -0.152831 0.988128 0.384875 -0.994303 0.106588 0.000707044 -0.491434 -0.105431 -0.982487 -0.153632 0.440605 
1530556079957 -0.0156819 -0.152829 0.988128 0.384876 -0.994303 0.106588 0.000705704 -0.491434 -0.105431 -0.982488 -0.15363 0.440606 
1530556079973 -0.0156843 -0.152829 0.988128 0.384876 -0.994303 0.106589 0.000703231 -0.491435 -0.105431 -0.982488 -0.15363 0.440607 
1530556079990 -0.0156858 -0.152828 0.988128 0.384876 -0.994303 0.106591 0.000701956 -0.491435 -0.105432 -0.982488 -0.153629 0.440607 
1530556080007 -0.0156868 -0.152827 0.988128 0.384876 -0.994303 0.106591 0.000700867 -0.491435 -0.105432 -0.982488 -0.153629 0.440607 
1530556080023 -0.0156884 -0.152826 0.988129 0.384876 -0.994303 0.106591 0.000699272 -0.491436 -0.105433 -0.982488 -0.153628 0.440607 
1530556080040 -0.0156893 -0.152826 0.988129 0.384876 -0.994303 0.106593 0.000698494 -0.491436 -0.105434 -0.982488 -0.153628 0.440607 
1530556080057 -0.0156904 -0.152825 0.988129 0.384876 -0.994302 0.106593 0.000697468 -0.491436 -0.105435 -0.982488 -0.153627 0.440608 
1530556080073 -0.0156915 -0.152825 0.988129 0.384876 -0.994303 0.106593 0.000696195 -0.491436 -0.105434 -0.982488 -0.153627 0.440608 
1530556080090 -0.0156922 -0.152824 0.988129 0.384876 -0.994303 0.106593 0.00069545 -0.491436 -0.105433 -0.982488 -0.153626 0.440608 
1530556080110 -0.0156928 -0.152824 0.988129 0.384877 -0.994303 0.106593 0.000694746 -0.491436 -0.105433 -0.982488 -0.153626 0.440608 
1530556080127 -0.0156941 -0.152823 0.988129 0.384877 -0.994303 0.106593 0.000693347 -0.491437 -0.105433 -0.982488 -0.153625 0.440608 
1530556080143 -0.0156946 -0.152823 0.988129 0.384877 -0.994303 0.106592 0.000692786 -0.491437 -0.105433 -0.982488 -0.153625 0.440608 
1530556080160 -0.0156949 -0.152823 0.988129 0.384877 -0.994303 0.106592 0.000692319 -0.491437 -0.105432 -0.982488 -0.153625 0.440608 
1530556080178 -0.015696 -0.152822 0.988129 0.384877 -0.994303 0.106591 0.000691175 -0.491437 -0.105432 -0.982489 -0.153625 0.440609 
1530556080193 -0.015697 -0.152822 0.988129 0.384877 -0.994303 0.106591 0.000690119 -0.491437 -0.105432 -0.982488 -0.153625 0.440609 
1530556080211 -0.0156968 -0.152822 0.988129 0.384877 -0.994303 0.106591 0.000690271 -0.491437 -0.105431 -0.982489 -0.153624 0.440609 
1530556080227 -0.0156972 -0.152821 0.988129 0.384877 -0.994303 0.10659 0.000689716 -0.491438 -0.10543 -0.982489 -0.153624 0.440609 
1530556080247 -0.0156983 -0.152821 0.988129 0.384877 -0.994303 0.106591 0.000688647 -0.491438 -0.105431 -0.982489 -0.153624 0.440609 
1530556080267 -0.0156982 -0.152821 0.988129 0.384878 -0.994303 0.10659 0.000688715 -0.491438 -0.10543 -0.982489 -0.153624 0.440609 
1530556080280 -0.0156987 -0.152821 0.988129 0.384878 -0.994303 0.10659 0.00068813 -0.491438 -0.10543 -0.982489 -0.153623 0.440609 
1530556080297 -0.0156996 -0.152821 0.988129 0.384878 -0.994303 0.10659 0.000687144 -0.491438 -0.10543 -0.982489 -0.153623 0.440609 
1530556080314 -0.0157003 -0.152821 0.988129 0.384878 -0.994303 0.10659 0.000686497 -0.491438 -0.10543 -0.982489 -0.153624 0.440609 
1530556080331 -0.0157002 -0.15282 0.988129 0.384878 -0.994303 0.10659 0.000686529 -0.491438 -0.10543 -0.982489 -0.153623 0.440609 
1530556080347 -0.0157006 -0.15282 0.988129 0.384878 -0.994303 0.10659 0.000686062 -0.491438 -0.10543 -0.982489 -0.153623 0.440609 
1530556080364 -0.0157016 -0.15282 0.988129 0.384878 -0.994303 0.10659 0.000685025 -0.491438 -0.105429 -0.982489 -0.153623 0.44061 
1530556080380 -0.0157021 -0.15282 0.988129 0.384878 -0.994303 0.10659 0.000684522 -0.491438 -0.105429 -0.982489 -0.153623 0.44061 
1530556080397 -0.0157019 -0.15282 0.988129 0.384878 -0.994303 0.10659 0.000684719 -0.491438 -0.105429 -0.982489 -0.153623 0.44061 
1530556080414 -0.0157027 -0.15282 0.988129 0.384878 -0.994303 0.10659 0.000683875 -0.491438 -0.105429 -0.982489 -0.153623 0.44061 
1530556080430 -0.0157033 -0.152819 0.988129 0.384878 -0.994303 0.10659 0.000683294 -0.491439 -0.105429 -0.982489 -0.153623 0.44061 
1530556080447 -0.0157035 -0.152819 0.988129 0.384878 -0.994303 0.106589 0.00068301 -0.491439 -0.105428 -0.982489 -0.153623 0.44061 
1530556080464 -0.0157036 -0.152819 0.988129 0.384878 -0.994303 0.106589 0.000682835 -0.491439 -0.105428 -0.982489 -0.153622 0.44061 
1530556080480 -0.0157043 -0.152819 0.988129 0.384878 -0.994303 0.106589 0.000682135 -0.491439 -0.105428 -0.982489 -0.153623 0.44061 
1530556080497 -0.0157047 -0.152819 0.988129 0.384878 -0.994303 0.106589 0.000681774 -0.491439 -0.105428 -0.982489 -0.153623 0.44061 
1530556080514 -0.0157048 -0.152819 0.988129 0.384878 -0.994303 0.106589 0.00068159 -0.491439 -0.105428 -0.982489 -0.153623 0.44061 
1530556080530 -0.0157053 -0.152819 0.988129 0.384878 -0.994303 0.106589 0.000681087 -0.491439 -0.105428 -0.982489 -0.153623 0.44061 
1530556080547 -0.0157061 -0.152819 0.988129 0.384878 -0.994303 0.106589 0.000680319 -0.491439 -0.105428 -0.982489 -0.153622 0.44061 
1530556080564 -0.0157062 -0.152819 0.988129 0.384878 -0.994303 0.106589 0.000680195 -0.491439 -0.105428 -0.982489 -0.153622 0.44061 
1530556080584 -0.0157065 -0.152819 0.988129 0.384878 -0.994303 0.106589 0.000679771 -0.491439 -0.105427 -0.982489 -0.153622 0.44061 
1530556080597 -0.0157069 -0.152819 0.988129 0.384878 -0.994303 0.106589 0.000679351 -0.491439 -0.105427 -0.982489 -0.153622 0.44061 
1530556080614 -0.0157074 -0.152819 0.988129 0.384878 -0.994303 0.106589 0.000678895 -0.491439 -0.105428 -0.982489 -0.153622 0.44061 
1530556080630 -0.0157077 -0.152819 0.988129 0.384878 -0.994303 0.106589 0.000678543 -0.491439 -0.105427 -0.982489 -0.153622 0.44061 
1530556080647 -0.0157081 -0.152819 0.988129 0.384878 -0.994303 0.106589 0.000678204 -0.49144 -0.105427 -0.982489 -0.153622 0.44061 
1530556080664 -0.0157084 -0.152819 0.988129 0.384878 -0.994303 0.106588 0.000677839 -0.49144 -0.105427 -0.982489 -0.153622 0.44061 
1530556080680 -0.0157083 -0.152818 0.988129 0.384878 -0.994303 0.106589 0.000677923 -0.49144 -0.105427 -0.982489 -0.153622 0.44061 
1530556080700 -0.0157084 -0.152818 0.988129 0.384878 -0.994303 0.106589 0.00067783 -0.49144 -0.105427 -0.982489 -0.153622 0.44061 
1530556080714 -0.0157082 -0.152818 0.98813 0.384878 -0.994303 0.106588 0.000677879 -0.49144 -0.105427 -0.98249 -0.153622 0.440611 
1530556080730 -0.0157081 -0.152818 0.98813 0.384879 -0.994303 0.106588 0.000678041 -0.49144 -0.105427 -0.98249 -0.153621 0.440611 
1530556080747 -0.0157083 -0.152818 0.98813 0.384879 -0.994303 0.106588 0.000677845 -0.49144 -0.105427 -0.98249 -0.153621 0.440611 
1530556080764 -0.0157084 -0.152817 0.98813 0.384878 -0.994303 0.106588 0.000677643 -0.49144 -0.105427 -0.98249 -0.153621 0.440611 
1530556080780 -0.0157083 -0.152817 0.98813 0.384879 -0.994303 0.106588 0.000677754 -0.49144 -0.105426 -0.98249 -0.153621 0.440611 
1530556080797 -0.0157084 -0.152817 0.98813 0.384879 -0.994303 0.106588 0.000677602 -0.49144 -0.105426 -0.98249 -0.153621 0.440611 
1530556080817 -0.0157085 -0.152817 0.98813 0.384879 -0.994303 0.106588 0.000677523 -0.49144 -0.105427 -0.98249 -0.153621 0.440611 
1530556080830 -0.0157085 -0.152817 0.98813 0.384879 -0.994303 0.106588 0.000677477 -0.49144 -0.105426 -0.98249 -0.153621 0.440611 
1530556080847 -0.0157084 -0.152817 0.98813 0.384879 -0.994303 0.106588 0.000677553 -0.49144 -0.105426 -0.98249 -0.153621 0.440611 
1530556080864 -0.0157087 -0.152817 0.98813 0.384879 -0.994303 0.106588 0.00067723 -0.49144 -0.105426 -0.98249 -0.153621 0.440611 
1530556080884 -0.0157089 -0.152816 0.98813 0.384879 -0.994303 0.106588 0.000677016 -0.49144 -0.105426 -0.98249 -0.15362 0.440611 
1530556080901 -0.0157085 -0.152816 0.98813 0.384879 -0.994303 0.106588 0.000677399 -0.49144 -0.105426 -0.98249 -0.15362 0.440611 
1530556080917 -0.0157082 -0.152816 0.98813 0.384879 -0.994303 0.106588 0.000677608 -0.49144 -0.105426 -0.98249 -0.15362 0.440611 
1530556080934 -0.0157086 -0.152816 0.98813 0.384879 -0.994303 0.106587 0.00067716 -0.49144 -0.105426 -0.98249 -0.15362 0.440611 
1530556080951 -0.0157086 -0.152816 0.98813 0.384879 -0.994303 0.106588 0.00067723 -0.49144 -0.105426 -0.98249 -0.153619 0.440611 
1530556080967 -0.0157086 -0.152816 0.98813 0.384879 -0.994303 0.106588 0.000677205 -0.49144 -0.105426 -0.98249 -0.15362 0.440611 
1530556080984 -0.0157089 -0.152816 0.98813 0.384879 -0.994303 0.106588 0.000676883 -0.49144 -0.105426 -0.98249 -0.15362 0.440611 
1530556081001 -0.015709 -0.152815 0.98813 0.384879 -0.994303 0.106587 0.000676656 -0.49144 -0.105426 -0.98249 -0.153619 0.440611 
1530556081019 -0.0157087 -0.152815 0.98813 0.384879 -0.994303 0.106587 0.000677024 -0.49144 -0.105426 -0.98249 -0.153619 0.440611 
1530556081034 -0.0157087 -0.152815 0.98813 0.384879 -0.994303 0.106587 0.000676971 -0.49144 -0.105426 -0.98249 -0.153619 0.440611 
1530556081051 -0.0157092 -0.152815 0.98813 0.384879 -0.994303 0.106587 0.000676517 -0.49144 -0.105426 -0.98249 -0.153619 0.440611 
1530556081067 -0.0157089 -0.152815 0.98813 0.384879 -0.994303 0.106587 0.000676774 -0.49144 -0.105425 -0.98249 -0.153619 0.440611 
1530556081087 -0.0157086 -0.152815 0.98813 0.384879 -0.994303 0.106587 0.000677018 -0.49144 -0.105426 -0.98249 -0.153619 0.440611 
1530556081104 -0.0157092 -0.152815 0.98813 0.384879 -0.994303 0.106587 0.000676498 -0.49144 -0.105426 -0.98249 -0.153619 0.440611 
1530556081121 -0.0157088 -0.152815 0.98813 0.384879 -0.994303 0.106587 0.000676801 -0.49144 -0.105425 -0.98249 -0.153619 0.440611 
1530556081137 -0.0157085 -0.152815 0.98813 0.384879 -0.994303 0.106587 0.000677181 -0.49144 -0.105426 -0.98249 -0.153619 0.440611 
1530556081154 -0.0157087 -0.152815 0.98813 0.384879 -0.994303 0.106587 0.000676961 -0.49144 -0.105425 -0.98249 -0.153619 0.440611 
1530556081171 -0.015709 -0.152815 0.98813 0.384879 -0.994303 0.106587 0.000676624 -0.49144 -0.105425 -0.98249 -0.153619 0.440611 
1530556081187 -0.0157087 -0.152815 0.98813 0.384879 -0.994303 0.106587 0.000676945 -0.49144 -0.105426 -0.98249 -0.153619 0.440611 
1530556081204 -0.0157084 -0.152815 0.98813 0.384879 -0.994303 0.106587 0.000677169 -0.49144 -0.105425 -0.98249 -0.153619 0.440611 
1530556081221 -0.0157085 -0.152815 0.98813 0.384879 -0.994303 0.106587 0.00067704 -0.49144 -0.105425 -0.98249 -0.153619 0.440611 
1530556081237 -0.0157088 -0.152815 0.98813 0.384879 -0.994303 0.106587 0.00067678 -0.49144 -0.105425 -0.98249 -0.153619 0.440611 
1530556081254 -0.0157085 -0.152815 0.98813 0.384879 -0.994303 0.106587 0.000677085 -0.49144 -0.105425 -0.98249 -0.153619 0.440611 
1530556081275 -0.0157083 -0.152815 0.98813 0.384879 -0.994303 0.106587 0.000677262 -0.49144 -0.105425 -0.98249 -0.153619 0.440611 
1530556081292 -0.0157087 -0.152815 0.98813 0.384879 -0.994303 0.106587 0.000676887 -0.49144 -0.105425 -0.98249 -0.153619 0.440611 
1530556081320 -0.0157084 -0.152815 0.98813 0.384879 -0.994303 0.106587 0.000677143 -0.49144 -0.105425 -0.98249 -0.153619 0.440611 
1530556081337 -0.0157083 -0.152815 0.98813 0.384879 -0.994303 0.106587 0.000677221 -0.49144 -0.105425 -0.98249 -0.153618 0.440611 
1530556081353 -0.0157082 -0.152815 0.98813 0.384879 -0.994303 0.106587 0.000677386 -0.49144 -0.105425 -0.98249 -0.153618 0.440611 
1530556081370 -0.0157082 -0.152815 0.98813 0.384879 -0.994303 0.106587 0.000677278 -0.49144 -0.105425 -0.98249 -0.153618 0.440611 
1530556081387 -0.0157083 -0.152815 0.98813 0.384879 -0.994303 0.106587 0.000677261 -0.49144 -0.105425 -0.98249 -0.153619 0.440611 
1530556081403 -0.0157082 -0.152815 0.98813 0.384879 -0.994303 0.106586 0.000677362 -0.49144 -0.105425 -0.98249 -0.153619 0.440611 
1530556081420 -0.0157082 -0.152815 0.98813 0.384879 -0.994303 0.106586 0.000677268 -0.49144 -0.105425 -0.98249 -0.153618 0.440612 
1530556081437 -0.0157081 -0.152815 0.98813 0.384879 -0.994303 0.106586 0.000677332 -0.49144 -0.105425 -0.98249 -0.153619 0.440612 
1530556081453 -0.0157081 -0.152815 0.98813 0.384879 -0.994303 0.106587 0.000677474 -0.49144 -0.105425 -0.98249 -0.153618 0.440612 
1530556081470 -0.0157085 -0.152815 0.98813 0.384879 -0.994303 0.106586 0.000676954 -0.49144 -0.105425 -0.98249 -0.153618 0.440612 
1530556081487 -0.0157083 -0.152815 0.98813 0.384879 -0.994303 0.106586 0.000677148 -0.49144 -0.105424 -0.98249 -0.153618 0.440612 
1530556081503 -0.0157077 -0.152815 0.98813 0.384879 -0.994303 0.106586 0.000677733 -0.49144 -0.105424 -0.98249 -0.153618 0.440612 
1530556081524 -0.0157079 -0.152815 0.98813 0.384879 -0.994303 0.106586 0.000677482 -0.49144 -0.105424 -0.98249 -0.153618 0.440612 
1530556081541 -0.015708 -0.152815 0.98813 0.384879 -0.994303 0.106586 0.000677458 -0.49144 -0.105425 -0.98249 -0.153618 0.440612 
1530556081557 -0.0157079 -0.152814 0.98813 0.384879 -0.994303 0.106586 0.00067757 -0.49144 -0.105424 -0.98249 -0.153618 0.440612 
1530556081575 -0.0157079 -0.152815 0.98813 0.384879 -0.994303 0.106586 0.000677461 -0.49144 -0.105424 -0.98249 -0.153618 0.440612 
1530556081591 -0.0157078 -0.152815 0.98813 0.384879 -0.994303 0.106586 0.000677619 -0.49144 -0.105424 -0.98249 -0.153618 0.440612 
1530556081607 -0.0157081 -0.152815 0.98813 0.384879 -0.994303 0.106586 0.000677315 -0.49144 -0.105424 -0.98249 -0.153618 0.440612 
1530556081624 -0.0157078 -0.152814 0.98813 0.384879 -0.994303 0.106586 0.000677543 -0.49144 -0.105424 -0.98249 -0.153618 0.440612 
1530556081641 -0.0157079 -0.152815 0.98813 0.384879 -0.994303 0.106586 0.000677475 -0.49144 -0.105424 -0.98249 -0.153618 0.440612 
1530556081657 -0.0157078 -0.152814 0.98813 0.384879 -0.994303 0.106586 0.000677638 -0.49144 -0.105424 -0.98249 -0.153618 0.440612 
1530556081674 -0.0157079 -0.152815 0.98813 0.384879 -0.994303 0.106586 0.000677462 -0.49144 -0.105424 -0.98249 -0.153618 0.440612 
1530556081698 -0.015708 -0.152815 0.98813 0.384879 -0.994303 0.106586 0.000677448 -0.49144 -0.105424 -0.98249 -0.153618 0.440612 
1530556081714 -0.0157078 -0.152815 0.98813 0.384879 -0.994303 0.106586 0.000677564 -0.49144 -0.105424 -0.98249 -0.153618 0.440612 
1530556081731 -0.0157077 -0.152814 0.98813 0.384879 -0.994303 0.106585 0.000677636 -0.49144 -0.105424 -0.98249 -0.153618 0.440612 
1530556081748 -0.0157075 -0.152814 0.98813 0.384879 -0.994303 0.106585 0.00067782 -0.49144 -0.105424 -0.98249 -0.153618 0.440612 
1530556081764 -0.0157076 -0.152815 0.98813 0.38488 -0.994303 0.106586 0.000677755 -0.49144 -0.105424 -0.98249 -0.153618 0.440612 
1530556081784 -0.0157078 -0.152814 0.98813 0.384879 -0.994303 0.106586 0.000677553 -0.49144 -0.105424 -0.98249 -0.153618 0.440612 
1530556081801 -0.0157077 -0.152814 0.98813 0.384879 -0.994303 0.106586 0.000677612 -0.49144 -0.105424 -0.98249 -0.153618 0.440612 
1530556081819 -0.0157076 -0.152814 0.98813 0.384879 -0.994303 0.106586 0.000677759 -0.49144 -0.105424 -0.98249 -0.153618 0.440612 
1530556081834 -0.0157074 -0.152815 0.98813 0.384879 -0.994303 0.106585 0.000677881 -0.49144 -0.105424 -0.98249 -0.153618 0.440612 
1530556081851 -0.0157075 -0.152815 0.98813 0.384879 -0.994303 0.106586 0.000677863 -0.49144 -0.105424 -0.98249 -0.153618 0.440612 
1530556081868 -0.0157076 -0.152814 0.98813 0.384879 -0.994303 0.106585 0.00067769 -0.49144 -0.105424 -0.98249 -0.153618 0.440612 
1530556081884 -0.0157076 -0.152814 0.98813 0.38488 -0.994303 0.106585 0.000677757 -0.49144 -0.105424 -0.98249 -0.153618 0.440612 
1530556081901 -0.0157075 -0.152815 0.98813 0.38488 -0.994303 0.106586 0.000677901 -0.49144 -0.105424 -0.98249 -0.153618 0.440612 
1530556081918 -0.0157078 -0.152814 0.98813 0.384879 -0.994303 0.106586 0.000677558 -0.49144 -0.105424 -0.98249 -0.153618 0.440612 
1530556081934 -0.0157073 -0.152814 0.98813 0.384879 -0.994303 0.106585 0.000678 -0.49144 -0.105424 -0.98249 -0.153618 0.440612 
1530556081951 -0.0157074 -0.152814 0.98813 0.38488 -0.994303 0.106585 0.000677904 -0.49144 -0.105424 -0.98249 -0.153618 0.440612 
1530556081968 -0.0157071 -0.152814 0.98813 0.38488 -0.994303 0.106585 0.000678175 -0.49144 -0.105423 -0.98249 -0.153618 0.440612 
1530556081984 -0.0157074 -0.152814 0.98813 0.384879 -0.994303 0.106585 0.000677875 -0.49144 -0.105424 -0.98249 -0.153618 0.440612 
1530556082011 -0.0157071 -0.152814 0.98813 0.38488 -0.994303 0.106585 0.000678159 -0.49144 -0.105424 -0.98249 -0.153618 0.440612 
1530556082028 -0.0157076 -0.152814 0.98813 0.38488 -0.994303 0.106585 0.000677679 -0.49144 -0.105424 -0.98249 -0.153618 0.440612 
1530556082044 -0.0157075 -0.152814 0.98813 0.38488 -0.994303 0.106585 0.000677791 -0.49144 -0.105424 -0.98249 -0.153618 0.440612 
1530556082061 -0.0157074 -0.152814 0.98813 0.38488 -0.994303 0.106585 0.000677874 -0.49144 -0.105423 -0.98249 -0.153618 0.440612 
1530556082078 -0.0157072 -0.152814 0.98813 0.38488 -0.994303 0.106585 0.000678088 -0.49144 -0.105424 -0.98249 -0.153618 0.440612 
1530556082094 -0.0157071 -0.152814 0.98813 0.38488 -0.994303 0.106585 0.000678123 -0.49144 -0.105424 -0.98249 -0.153618 0.440612 
1530556082111 -0.0157073 -0.152814 0.98813 0.38488 -0.994303 0.106585 0.000677938 -0.49144 -0.105424 -0.98249 -0.153618 0.440612 
1530556082134 -0.0157074 -0.152814 0.98813 0.38488 -0.994303 0.106585 0.000677885 -0.49144 -0.105424 -0.98249 -0.153618 0.440612 
1530556082151 -0.0157072 -0.152814 0.98813 0.38488 -0.994303 0.106585 0.000678026 -0.49144 -0.105423 -0.98249 -0.153618 0.440612 
1530556082168 -0.0157071 -0.152814 0.98813 0.38488 -0.994303 0.106585 0.000678137 -0.49144 -0.105423 -0.98249 -0.153618 0.440612 
1530556082185 -0.0157073 -0.152814 0.98813 0.38488 -0.994303 0.106585 0.000678012 -0.49144 -0.105424 -0.98249 -0.153618 0.440612 
1530556082201 -0.0157073 -0.152814 0.98813 0.38488 -0.994303 0.106585 0.000677987 -0.49144 -0.105424 -0.98249 -0.153618 0.440612 
1530556082218 -0.0157071 -0.152814 0.98813 0.38488 -0.994303 0.106585 0.000678083 -0.49144 -0.105423 -0.98249 -0.153618 0.440612 
1530556082234 -0.015707 -0.152814 0.98813 0.38488 -0.994303 0.106585 0.000678166 -0.49144 -0.105423 -0.98249 -0.153618 0.440612 
1530556082251 -0.015707 -0.152814 0.98813 0.38488 -0.994303 0.106585 0.000678221 -0.49144 -0.105423 -0.98249 -0.153618 0.440612 
1530556082268 -0.0157073 -0.152814 0.98813 0.38488 -0.994303 0.106585 0.000677918 -0.49144 -0.105423 -0.98249 -0.153618 0.440612 
1530556082284 -0.0157072 -0.152814 0.98813 0.38488 -0.994303 0.106585 0.000678014 -0.49144 -0.105423 -0.98249 -0.153618 0.440612 
1530556082301 -0.0157071 -0.152814 0.98813 0.38488 -0.994303 0.106585 0.000678068 -0.49144 -0.105423 -0.98249 -0.153618 0.440612 
1530556082318 -0.0157071 -0.152814 0.98813 0.38488 -0.994303 0.106585 0.000678122 -0.49144 -0.105423 -0.98249 -0.153618 0.440612 
1530556082335 -0.0157072 -0.152814 0.98813 0.38488 -0.994303 0.106585 0.000678035 -0.49144 -0.105423 -0.98249 -0.153618 0.440612 
1530556082351 -0.0157073 -0.152814 0.98813 0.38488 -0.994303 0.106585 0.000677931 -0.49144 -0.105423 -0.98249 -0.153618 0.440612 
1530556082368 -0.015707 -0.152814 0.98813 0.38488 -0.994303 0.106585 0.000678161 -0.49144 -0.105423 -0.98249 -0.153618 0.440612 
1530556082385 -0.0157072 -0.152814 0.98813 0.38488 -0.994303 0.106585 0.000678024 -0.49144 -0.105423 -0.98249 -0.153618 0.440612 
1530556082401 -0.015707 -0.152814 0.98813 0.38488 -0.994303 0.106585 0.000678181 -0.49144 -0.105423 -0.98249 -0.153618 0.440612 
1530556082421 -0.0157071 -0.152814 0.98813 0.38488 -0.994303 0.106585 0.000678084 -0.49144 -0.105423 -0.98249 -0.153618 0.440612 
1530556082435 -0.0157071 -0.152814 0.98813 0.38488 -0.994303 0.106585 0.000678068 -0.49144 -0.105423 -0.98249 -0.153618 0.440612 
1530556082451 -0.0157071 -0.152814 0.98813 0.38488 -0.994303 0.106585 0.000678074 -0.49144 -0.105423 -0.98249 -0.153618 0.440612 
1530556082468 -0.0157073 -0.152814 0.98813 0.38488 -0.994303 0.106585 0.000677918 -0.49144 -0.105423 -0.98249 -0.153618 0.440612 
1530556082488 -0.0157072 -0.152814 0.98813 0.38488 -0.994303 0.106585 0.000678035 -0.49144 -0.105423 -0.98249 -0.153618 0.440612 
1530556082505 -0.0157068 -0.152814 0.98813 0.38488 -0.994303 0.106584 0.000678355 -0.49144 -0.105423 -0.982491 -0.153618 0.440612 
1530556082521 -0.0157071 -0.152814 0.98813 0.38488 -0.994303 0.106585 0.000678013 -0.49144 -0.105423 -0.98249 -0.153618 0.440612 
1530556082538 -0.0157072 -0.152814 0.98813 0.38488 -0.994303 0.106585 0.000677985 -0.49144 -0.105423 -0.98249 -0.153618 0.440612 
1530556082555 -0.0157072 -0.152814 0.98813 0.38488 -0.994303 0.106585 0.000677962 -0.49144 -0.105423 -0.98249 -0.153618 0.440612 
1530556082571 -0.0157069 -0.152814 0.98813 0.38488 -0.994303 0.106585 0.000678323 -0.49144 -0.105423 -0.98249 -0.153618 0.440612 
1530556082588 -0.0157069 -0.152814 0.98813 0.38488 -0.994303 0.106585 0.000678199 -0.49144 -0.105423 -0.982491 -0.153618 0.440612 
1530556082605 -0.0157071 -0.152814 0.98813 0.38488 -0.994303 0.106585 0.000678059 -0.49144 -0.105423 -0.98249 -0.153618 0.440612 
1530556082621 -0.0157071 -0.152814 0.98813 0.38488 -0.994303 0.106584 0.000678063 -0.49144 -0.105423 -0.98249 -0.153618 0.440612 
1530556082638 -0.0157071 -0.152814 0.98813 0.38488 -0.994303 0.106585 0.000678087 -0.49144 -0.105423 -0.98249 -0.153618 0.440612 
1530556082655 -0.015707 -0.152814 0.98813 0.38488 -0.994303 0.106585 0.000678149 -0.49144 -0.105423 -0.982491 -0.153618 0.440612 
1530556082671 -0.0157072 -0.152814 0.98813 0.38488 -0.994303 0.106585 0.000677957 -0.49144 -0.105423 -0.98249 -0.153618 0.440612 
1530556082688 -0.015707 -0.152814 0.98813 0.38488 -0.994303 0.106585 0.000678215 -0.49144 -0.105423 -0.98249 -0.153618 0.440612 
1530556082705 -0.0157069 -0.152814 0.98813 0.38488 -0.994303 0.106584 0.000678237 -0.49144 -0.105423 -0.982491 -0.153618 0.440612 
1530556082721 -0.0157069 -0.152814 0.98813 0.38488 -0.994303 0.106584 0.000678202 -0.49144 -0.105423 -0.982491 -0.153618 0.440612 
1530556082738 -0.0157069 -0.152814 0.98813 0.38488 -0.994303 0.106585 0.000678277 -0.49144 -0.105423 -0.98249 -0.153618 0.440612 
1530556082755 -0.0157068 -0.152814 0.98813 0.38488 -0.994303 0.106585 0.000678392 -0.49144 -0.105423 -0.98249 -0.153618 0.440612 
1530556082771 -0.0157068 -0.152814 0.98813 0.38488 -0.994303 0.106584 0.00067832 -0.49144 -0.105423 -0.982491 -0.153617 0.440612 
1530556082788 -0.015707 -0.152814 0.98813 0.38488 -0.994303 0.106584 0.000678115 -0.49144 -0.105423 -0.982491 -0.153618 0.440612 
1530556082805 -0.015707 -0.152814 0.98813 0.38488 -0.994303 0.106585 0.00067817 -0.49144 -0.105423 -0.98249 -0.153618 0.440612 
1530556082821 -0.0157069 -0.152814 0.98813 0.38488 -0.994303 0.106584 0.000678224 -0.49144 -0.105423 -0.98249 -0.153618 0.440612 
1530556082838 -0.0157068 -0.152814 0.98813 0.38488 -0.994303 0.106584 0.00067831 -0.49144 -0.105423 -0.982491 -0.153618 0.440612 
1530556082855 -0.0157068 -0.152814 0.98813 0.38488 -0.994303 0.106584 0.000678349 -0.49144 -0.105423 -0.982491 -0.153618 0.440612 
1530556082871 -0.0157066 -0.152814 0.98813 0.38488 -0.994303 0.106584 0.000678522 -0.49144 -0.105423 -0.982491 -0.153618 0.440612 
1530556082888 -0.0157069 -0.152814 0.98813 0.38488 -0.994303 0.106584 0.000678247 -0.49144 -0.105423 -0.982491 -0.153618 0.440612 
1530556082905 -0.0157069 -0.152814 0.98813 0.38488 -0.994303 0.106584 0.000678163 -0.49144 -0.105423 -0.982491 -0.153618 0.440612 
1530556082921 -0.0157068 -0.152814 0.98813 0.38488 -0.994303 0.106584 0.000678295 -0.49144 -0.105423 -0.982491 -0.153617 0.440612 
1530556082938 -0.0157068 -0.152814 0.98813 0.38488 -0.994303 0.106584 0.000678365 -0.49144 -0.105423 -0.982491 -0.153618 0.440612 
1530556082955 -0.0157069 -0.152814 0.98813 0.38488 -0.994303 0.106584 0.000678236 -0.49144 -0.105423 -0.982491 -0.153617 0.440612 
1530556082971 -0.0157069 -0.152814 0.98813 0.38488 -0.994303 0.106584 0.000678153 -0.49144 -0.105423 -0.982491 -0.153617 0.440612 
1530556082988 -0.0157065 -0.152814 0.98813 0.38488 -0.994303 0.106584 0.000678558 -0.49144 -0.105423 -0.982491 -0.153617 0.440612 
1530556083005 -0.0157066 -0.152814 0.98813 0.38488 -0.994303 0.106584 0.000678511 -0.49144 -0.105423 -0.982491 -0.153617 0.440612 
1530556083021 -0.0157066 -0.152814 0.98813 0.38488 -0.994303 0.106584 0.000678462 -0.49144 -0.105423 -0.982491 -0.153618 0.440612 
1530556083038 -0.0157068 -0.152814 0.98813 0.38488 -0.994303 0.106584 0.000678364 -0.49144 -0.105423 -0.982491 -0.153618 0.440612 
1530556083055 -0.0157065 -0.152814 0.98813 0.38488 -0.994303 0.106584 0.000678506 -0.49144 -0.105423 -0.982491 -0.153617 0.440612 
1530556083076 -0.0157066 -0.152814 0.98813 0.38488 -0.994303 0.106584 0.000678446 -0.49144 -0.105422 -0.982491 -0.153617 0.440612 
1530556083093 -0.0157068 -0.152814 0.98813 0.38488 -0.994303 0.106584 0.000678286 -0.49144 -0.105423 -0.982491 -0.153618 0.440612 
1530556083110 -0.0157067 -0.152814 0.98813 0.38488 -0.994303 0.106584 0.000678393 -0.49144 -0.105423 -0.982491 -0.153618 0.440612 
1530556083126 -0.0157064 -0.152814 0.98813 0.38488 -0.994303 0.106584 0.000678605 -0.49144 -0.105422 -0.982491 -0.153617 0.440612 
1530556083143 -0.0157067 -0.152814 0.98813 0.38488 -0.994303 0.106584 0.000678392 -0.49144 -0.105423 -0.982491 -0.153618 0.440612 
1530556083159 -0.0157068 -0.152814 0.98813 0.38488 -0.994303 0.106584 0.000678295 -0.49144 -0.105423 -0.982491 -0.153617 0.440612 
1530556083176 -0.0157065 -0.152814 0.98813 0.38488 -0.994303 0.106584 0.000678601 -0.49144 -0.105423 -0.982491 -0.153617 0.440612 
1530556083196 -0.0157065 -0.152814 0.98813 0.38488 -0.994303 0.106584 0.000678537 -0.49144 -0.105423 -0.982491 -0.153618 0.440612 
1530556083214 -0.0157065 -0.152814 0.98813 0.38488 -0.994303 0.106584 0.00067855 -0.49144 -0.105422 -0.982491 -0.153617 0.440613 
1530556083230 -0.0157062 -0.152814 0.98813 0.38488 -0.994303 0.106584 0.000678803 -0.49144 -0.105422 -0.982491 -0.153617 0.440612 
1530556083255 -0.0157061 -0.152814 0.98813 0.38488 -0.994304 0.106584 0.000678824 -0.49144 -0.105422 -0.982491 -0.153617 0.440613 
1530556083272 -0.0157064 -0.152814 0.98813 0.38488 -0.994303 0.106584 0.000678578 -0.49144 -0.105422 -0.982491 -0.153617 0.440613 
1530556083295 -0.0157064 -0.152814 0.98813 0.38488 -0.994303 0.106584 0.000678586 -0.49144 -0.105422 -0.982491 -0.153617 0.440613 
1530556083312 -0.0157066 -0.152814 0.98813 0.38488 -0.994303 0.106584 0.0006785 -0.49144 -0.105423 -0.982491 -0.153617 0.440612 
1530556083329 -0.0157068 -0.152814 0.98813 0.38488 -0.994303 0.106584 0.000678279 -0.49144 -0.105423 -0.982491 -0.153617 0.440612 
1530556083345 -0.0157063 -0.152814 0.98813 0.38488 -0.994304 0.106584 0.000678696 -0.49144 -0.105422 -0.982491 -0.153617 0.440613 
1530556083362 -0.0157063 -0.152814 0.98813 0.38488 -0.994304 0.106584 0.000678665 -0.49144 -0.105422 -0.982491 -0.153617 0.440613 
1530556083379 -0.0157064 -0.152814 0.98813 0.38488 -0.994303 0.106584 0.000678588 -0.49144 -0.105423 -0.982491 -0.153617 0.440612 
1530556083395 -0.0157066 -0.152814 0.98813 0.38488 -0.994303 0.106584 0.000678505 -0.49144 -0.105423 -0.982491 -0.153618 0.440612 
1530556083412 -0.0157065 -0.152814 0.98813 0.38488 -0.994303 0.106584 0.000678533 -0.49144 -0.105422 -0.982491 -0.153617 0.440612 
1530556083429 -0.0157064 -0.152814 0.98813 0.38488 -0.994304 0.106584 0.000678583 -0.49144 -0.105422 -0.982491 -0.153617 0.440613 
1530556083445 -0.0157065 -0.152814 0.98813 0.38488 -0.994304 0.106584 0.000678524 -0.49144 -0.105422 -0.982491 -0.153617 0.440613 
1530556083462 -0.0157066 -0.152814 0.98813 0.38488 -0.994303 0.106584 0.0006785 -0.49144 -0.105423 -0.982491 -0.153618 0.440612 
1530556083479 -0.0157063 -0.152814 0.98813 0.38488 -0.994303 0.106584 0.000678724 -0.49144 -0.105422 -0.982491 -0.153617 0.440613 
1530556083495 -0.0157062 -0.152814 0.98813 0.38488 -0.994304 0.106583 0.000678782 -0.49144 -0.105422 -0.982491 -0.153617 0.440613 
1530556083512 -0.0157065 -0.152814 0.98813 0.38488 -0.994303 0.106584 0.000678569 -0.49144 -0.105423 -0.982491 -0.153618 0.440612 
1530556083529 -0.0157065 -0.152814 0.98813 0.38488 -0.994303 0.106584 0.000678499 -0.49144 -0.105422 -0.982491 -0.153617 0.440612 
1530556083545 -0.0157065 -0.152814 0.98813 0.38488 -0.994303 0.106584 0.000678539 -0.49144 -0.105422 -0.982491 -0.153617 0.440613 
1530556083562 -0.0157063 -0.152814 0.98813 0.38488 -0.994304 0.106584 0.000678625 -0.49144 -0.105422 -0.982491 -0.153617 0.440613 
1530556083579 -0.0157066 -0.152814 0.98813 0.38488 -0.994303 0.106584 0.00067848 -0.49144 -0.105422 -0.982491 -0.153618 0.440612 
1530556083595 -0.0157064 -0.152814 0.98813 0.38488 -0.994303 0.106584 0.000678587 -0.49144 -0.105422 -0.982491 -0.153617 0.440613 
1530556083612 -0.0157061 -0.152814 0.98813 0.38488 -0.994304 0.106584 0.0006789 -0.49144 -0.105422 -0.982491 -0.153617 0.440613 
1530556083629 -0.0157064 -0.152814 0.98813 0.38488 -0.994303 0.106584 0.00067864 -0.49144 -0.105422 -0.982491 -0.153617 0.440613 
1530556083645 -0.0157064 -0.152814 0.98813 0.38488 -0.994303 0.106584 0.000678616 -0.49144 -0.105422 -0.982491 -0.153617 0.440613 
1530556083662 -0.0157065 -0.152814 0.98813 0.38488 -0.994303 0.106584 0.000678547 -0.49144 -0.105423 -0.982491 -0.153617 0.440613 
1530556083679 -0.0157062 -0.152814 0.98813 0.38488 -0.994304 0.106584 0.000678808 -0.49144 -0.105422 -0.982491 -0.153617 0.440613 
1530556083695 -0.0157064 -0.152814 0.98813 0.38488 -0.994304 0.106583 0.000678492 -0.49144 -0.105422 -0.982491 -0.153617 0.440613 
1530556083713 -0.0157064 -0.152814 0.98813 0.38488 -0.994303 0.106584 0.00067865 -0.49144 -0.105422 -0.982491 -0.153617 0.440612 
1530556083729 -0.0157064 -0.152814 0.98813 0.38488 -0.994304 0.106584 0.000678578 -0.49144 -0.105422 -0.982491 -0.153617 0.440613 
1530556083745 -0.0157064 -0.152814 0.98813 0.38488 -0.994304 0.106584 0.000678591 -0.49144 -0.105422 -0.982491 -0.153617 0.440613 
1530556083762 -0.0157062 -0.152814 0.98813 0.38488 -0.994304 0.106583 0.000678717 -0.49144 -0.105422 -0.982491 -0.153617 0.440613 
1530556083779 -0.0157064 -0.152814 0.98813 0.38488 -0.994304 0.106584 0.000678597 -0.49144 -0.105422 -0.982491 -0.153617 0.440613 
1530556083799 -0.0157062 -0.152814 0.98813 0.38488 -0.994304 0.106584 0.000678773 -0.49144 -0.105422 -0.982491 -0.153617 0.440613 
1530556083819 -0.0157062 -0.152814 0.98813 0.38488 -0.994304 0.106584 0.000678763 -0.49144 -0.105422 -0.982491 -0.153617 0.440613 
1530556083835 -0.0157065 -0.152814 0.98813 0.38488 -0.994303 0.106584 0.000678479 -0.49144 -0.105422 -0.982491 -0.153617 0.440613 
1530556083854 -0.0157061 -0.152814 0.98813 0.38488 -0.994304 0.106583 0.000678842 -0.49144 -0.105422 -0.982491 -0.153617 0.440613 
1530556083869 -0.0157064 -0.152814 0.98813 0.38488 -0.994304 0.106584 0.00067863 -0.49144 -0.105422 -0.982491 -0.153617 0.440613 
1530556083885 -0.0157063 -0.152814 0.98813 0.38488 -0.994303 0.106584 0.000678714 -0.49144 -0.105422 -0.982491 -0.153617 0.440613 
1530556083902 -0.0157062 -0.152814 0.98813 0.38488 -0.994304 0.106584 0.000678754 -0.49144 -0.105422 -0.982491 -0.153617 0.440613 
1530556083919 -0.0157061 -0.152814 0.98813 0.38488 -0.994304 0.106583 0.000678781 -0.49144 -0.105422 -0.982491 -0.153617 0.440613 
1530556083935 -0.0157061 -0.152814 0.98813 0.38488 -0.994304 0.106583 0.000678821 -0.49144 -0.105422 -0.982491 -0.153617 0.440613 
1530556083952 -0.0157065 -0.152814 0.98813 0.38488 -0.994303 0.106584 0.000678529 -0.49144 -0.105422 -0.982491 -0.153618 0.440612 
1530556083969 -0.0157063 -0.152814 0.98813 0.38488 -0.994304 0.106584 0.000678679 -0.49144 -0.105422 -0.982491 -0.153617 0.440613 
1530556083989 -0.0157059 -0.152814 0.98813 0.38488 -0.994304 0.106583 0.000678984 -0.49144 -0.105422 -0.982491 -0.153617 0.440613 
1530556084005 -0.0157061 -0.152814 0.98813 0.38488 -0.994304 0.106583 0.000678766 -0.49144 -0.105422 -0.982491 -0.153617 0.440613 
1530556084022 -0.0157062 -0.152814 0.98813 0.38488 -0.994304 0.106583 0.000678771 -0.49144 -0.105422 -0.982491 -0.153617 0.440613 
1530556084039 -0.0157064 -0.152814 0.98813 0.38488 -0.994304 0.106584 0.000678581 -0.49144 -0.105422 -0.982491 -0.153617 0.440613 
1530556084056 -0.0157059 -0.152814 0.98813 0.38488 -0.994304 0.106584 0.000679037 -0.49144 -0.105422 -0.982491 -0.153617 0.440613 
1530556084072 -0.0157061 -0.152814 0.98813 0.38488 -0.994304 0.106583 0.000678786 -0.49144 -0.105422 -0.982491 -0.153617 0.440613 
1530556084089 -0.0157062 -0.152814 0.98813 0.38488 -0.994304 0.106583 0.000678772 -0.49144 -0.105422 -0.982491 -0.153617 0.440613 
1530556084105 -0.0157063 -0.152814 0.98813 0.38488 -0.994304 0.106583 0.000678684 -0.49144 -0.105422 -0.982491 -0.153617 0.440613 
1530556084122 -0.0157061 -0.152814 0.98813 0.38488 -0.994304 0.106583 0.00067883 -0.49144 -0.105422 -0.982491 -0.153617 0.440613 
1530556084140 -0.0157061 -0.152814 0.98813 0.38488 -0.994304 0.106583 0.000678815 -0.49144 -0.105422 -0.982491 -0.153617 0.440613 
1530556084156 -0.0157061 -0.152814 0.98813 0.38488 -0.994304 0.106583 0.000678831 -0.49144 -0.105422 -0.982491 -0.153617 0.440613 
1530556084172 -0.0157063 -0.152814 0.98813 0.38488 -0.994304 0.106584 0.000678625 -0.49144 -0.105422 -0.982491 -0.153617 0.440613 
1530556084189 -0.015706 -0.152814 0.98813 0.38488 -0.994304 0.106583 0.000678947 -0.49144 -0.105422 -0.982491 -0.153617 0.440613 
1530556084207 -0.0157062 -0.152814 0.98813 0.38488 -0.994304 0.106583 0.000678763 -0.49144 -0.105422 -0.982491 -0.153617 0.440613 
1530556084222 -0.0157061 -0.152814 0.98813 0.38488 -0.994304 0.106583 0.000678826 -0.49144 -0.105422 -0.982491 -0.153617 0.440613 
1530556084239 -0.015706 -0.152814 0.98813 0.38488 -0.994303 0.106584 0.000679018 -0.49144 -0.105422 -0.982491 -0.153617 0.440613 
1530556084256 -0.0157061 -0.152814 0.98813 0.38488 -0.994304 0.106583 0.00067882 -0.49144 -0.105422 -0.982491 -0.153617 0.440613 
1530556084272 -0.0157062 -0.152814 0.98813 0.38488 -0.994304 0.106583 0.000678692 -0.491441 -0.105422 -0.982491 -0.153617 0.440613 
1530556084289 -0.015706 -0.152814 0.98813 0.38488 -0.994304 0.106583 0.000678919 -0.49144 -0.105422 -0.982491 -0.153617 0.440613 
1530556084305 -0.015706 -0.152814 0.98813 0.38488 -0.994304 0.106583 0.000678949 -0.49144 -0.105422 -0.982491 -0.153617 0.440613 
1530556084322 -0.0157062 -0.152814 0.98813 0.38488 -0.994304 0.106583 0.000678663 -0.49144 -0.105422 -0.982491 -0.153617 0.440613 
1530556084339 -0.015706 -0.152814 0.98813 0.38488 -0.994304 0.106583 0.000678924 -0.49144 -0.105422 -0.982491 -0.153617 0.440613 
1530556084355 -0.0157063 -0.152814 0.98813 0.38488 -0.994304 0.106583 0.000678684 -0.49144 -0.105422 -0.982491 -0.153617 0.440613 
1530556084372 -0.0157063 -0.152814 0.98813 0.38488 -0.994304 0.106583 0.000678663 -0.49144 -0.105422 -0.982491 -0.153617 0.440613 
1530556084389 -0.0157062 -0.152814 0.98813 0.38488 -0.994304 0.106583 0.000678721 -0.49144 -0.105422 -0.982491 -0.153617 0.440613 
1530556084406 -0.0157061 -0.152814 0.98813 0.38488 -0.994304 0.106583 0.000678771 -0.49144 -0.105422 -0.982491 -0.153617 0.440613 
1530556084422 -0.015706 -0.152814 0.98813 0.38488 -0.994304 0.106583 0.000678933 -0.49144 -0.105422 -0.982491 -0.153617 0.440613 
1530556084439 -0.0157061 -0.152814 0.98813 0.38488 -0.994304 0.106584 0.000678846 -0.49144 -0.105422 -0.982491 -0.153617 0.440613 
1530556084456 -0.0157064 -0.152814 0.98813 0.38488 -0.994304 0.106583 0.000678545 -0.491441 -0.105422 -0.982491 -0.153617 0.440613 
1530556084472 -0.0157058 -0.152814 0.98813 0.38488 -0.994304 0.106583 0.000679035 -0.49144 -0.105422 -0.982491 -0.153617 0.440613 
1530556084489 -0.0157058 -0.152814 0.98813 0.38488 -0.994304 0.106583 0.000679052 -0.49144 -0.105422 -0.982491 -0.153617 0.440613 
1530556084506 -0.015706 -0.152814 0.98813 0.38488 -0.994304 0.106584 0.000678946 -0.49144 -0.105422 -0.982491 -0.153617 0.440613 
