1530271997838 -0.0449198 -0.156058 0.986726 0.369774 -0.998824 0.0250789 -0.0415041 -0.502077 -0.0182689 -0.987429 -0.157001 0.447225 
1530272004648 -0.0449274 -0.156066 0.986724 0.36977 -0.998823 0.0250833 -0.041511 -0.502079 -0.0182719 -0.987428 -0.15701 0.447221 
1530272004821 -0.0443281 -0.156017 0.986759 0.370106 -0.998816 0.0267213 -0.0406448 -0.501722 -0.0200262 -0.987393 -0.157017 0.447133 
1530272004966 -0.0423146 -0.155559 0.98692 0.371208 -0.998714 0.0341902 -0.0374312 -0.500636 -0.0279202 -0.987235 -0.156805 0.446428 
1530272005110 -0.0398074 -0.155287 0.987067 0.372719 -0.998532 0.0424875 -0.0335856 -0.49918 -0.0367226 -0.986955 -0.156751 0.445457 
1530272005244 -0.0372254 -0.154981 0.987216 0.374204 -0.998307 0.049943 -0.0298032 -0.497721 -0.0446856 -0.986654 -0.156578 0.444623 
1530272005388 -0.034384 -0.154507 0.987393 0.375844 -0.997984 0.0580396 -0.0256708 -0.496204 -0.0533416 -0.986285 -0.156192 0.443707 
1530272005533 -0.0313771 -0.154272 0.98753 0.377528 -0.997552 0.066603 -0.0212908 -0.494512 -0.0624879 -0.985781 -0.155985 0.442674 
1530272005761 -0.0264792 -0.153806 0.987746 0.38021 -0.996612 0.081026 -0.0141 -0.491759 -0.0778644 -0.984773 -0.155431 0.440832 
1530272005896 -0.0232031 -0.153173 0.987927 0.381822 -0.99589 0.0900835 -0.00942316 -0.489775 -0.0875526 -0.984085 -0.154634 0.439403 
1530272006016 -0.0212259 -0.152711 0.988043 0.382611 -0.995347 0.0961303 -0.00652499 -0.487961 -0.0939844 -0.983584 -0.154041 0.437416 
1530272006033 -0.0209129 -0.152611 0.988065 0.382737 -0.995328 0.096348 -0.00618526 -0.487796 -0.0942541 -0.983579 -0.153913 0.437315 
1530272006211 -0.0205487 -0.152672 0.988063 0.382821 -0.995397 0.0956566 -0.00592071 -0.488055 -0.0936108 -0.983637 -0.153935 0.437733 
1530272006318 -0.0214797 -0.152754 0.988031 0.382681 -0.995482 0.0946934 -0.0070016 -0.489174 -0.0924905 -0.983717 -0.154098 0.439055 
1530272006372 -0.0215925 -0.153001 0.98799 0.382722 -0.995416 0.0953825 -0.00698378 -0.489397 -0.0931684 -0.983612 -0.154359 0.439304 
1530272006426 -0.021129 -0.153204 0.987969 0.383039 -0.995267 0.0969779 -0.00624672 -0.489279 -0.0948541 -0.983425 -0.154528 0.439298 
1530272006480 -0.0206316 -0.153256 0.987971 0.383387 -0.995163 0.0980833 -0.00556696 -0.489203 -0.0960503 -0.983307 -0.154538 0.439397 
1530272006513 -0.020232 -0.153303 0.987972 0.383639 -0.995092 0.0988296 -0.00504243 -0.489151 -0.0968678 -0.983225 -0.15455 0.439455 
1530272006527 -0.0200829 -0.15334 0.987969 0.383731 -0.995056 0.0991929 -0.00483157 -0.489122 -0.0972587 -0.983182 -0.154574 0.43945 
1530272006673 -0.0184224 -0.153604 0.987961 0.384631 -0.994745 0.102349 -0.00263606 -0.488674 -0.100712 -0.982818 -0.154683 0.439313 
1530272006690 -0.0182693 -0.153566 0.987969 0.384714 -0.994739 0.102416 -0.00247537 -0.488641 -0.100804 -0.982817 -0.154629 0.439317 
1530272006707 -0.0181266 -0.153546 0.987975 0.384787 -0.994732 0.102482 -0.0023234 -0.488606 -0.100893 -0.982813 -0.154595 0.439307 
1530272006723 -0.0180354 -0.153544 0.987977 0.384822 -0.994725 0.10255 -0.00222097 -0.488579 -0.100976 -0.982806 -0.154584 0.439287 
1530272006740 -0.0179862 -0.153541 0.987978 0.384835 -0.994719 0.102611 -0.00216221 -0.488566 -0.101045 -0.9828 -0.154576 0.439269 
1530272006757 -0.0179782 -0.15354 0.987979 0.384832 -0.994714 0.102665 -0.0021459 -0.48857 -0.101101 -0.982795 -0.154574 0.43925 
1530272006773 -0.0179782 -0.153539 0.987979 0.384825 -0.994709 0.102711 -0.00213865 -0.488576 -0.101148 -0.98279 -0.154573 0.439231 
1530272006871 -0.0179483 -0.15352 0.987982 0.384831 -0.994706 0.102741 -0.00210566 -0.488574 -0.101183 -0.98279 -0.154551 0.439253 
1530272006937 -0.0180701 -0.153596 0.987969 0.384816 -0.994692 0.102869 -0.00220041 -0.488811 -0.101293 -0.982765 -0.154639 0.439413 
1530272006951 -0.0180308 -0.153582 0.987971 0.384861 -0.994672 0.103071 -0.00213046 -0.488858 -0.101504 -0.982746 -0.154622 0.439484 
1530272007077 -0.0172977 -0.153756 0.987957 0.385264 -0.994513 0.104605 -0.0011327 -0.489111 -0.103172 -0.982556 -0.154722 0.439672 
1530272007094 -0.0172536 -0.153728 0.987963 0.3853 -0.994518 0.104561 -0.00109824 -0.489155 -0.103134 -0.982565 -0.154689 0.439709 
1530272007282 -0.0159748 -0.153459 0.988026 0.385109 -0.99479 0.101945 -0.000250141 -0.489237 -0.100686 -0.982882 -0.154288 0.439826 
1530272007325 -0.0153097 -0.153308 0.98806 0.385021 -0.994989 0.0999797 9.58635e-05 -0.489273 -0.0988006 -0.983108 -0.154071 0.439891 
1530272007379 -0.0142231 -0.152979 0.988127 0.384889 -0.995248 0.0973743 0.000749603 -0.489344 -0.0963329 -0.98342 -0.153637 0.440025 
1530272007443 -0.0123546 -0.152542 0.98822 0.384799 -0.995573 0.0939658 0.00205803 -0.489555 -0.0931728 -0.98382 -0.153027 0.440244 
1530272007497 -0.00978719 -0.15226 0.988292 0.384816 -0.99591 0.0902566 0.00404263 -0.489624 -0.0898154 -0.984211 -0.152521 0.440413 
1530272007550 -0.00730505 -0.151674 0.988404 0.384867 -0.996252 0.0862952 0.00587921 -0.489845 -0.0861863 -0.984656 -0.151735 0.440758 
1530272007594 -0.0053666 -0.151121 0.988501 0.384903 -0.996517 0.0830679 0.00728922 -0.490072 -0.0832142 -0.985019 -0.15104 0.441041 
1530272007658 -0.00261153 -0.150642 0.988585 0.384907 -0.996842 0.0788514 0.00938211 -0.490263 -0.0793647 -0.985439 -0.150372 0.441172 
1530272007775 0.000824368 -0.149824 0.988712 0.385187 -0.997331 0.0720569 0.0117507 -0.490112 -0.0730041 -0.986083 -0.149365 0.44202 
1530272007792 0.00121123 -0.149742 0.988724 0.385259 -0.997378 0.0713562 0.0120287 -0.490041 -0.0723528 -0.986147 -0.149263 0.442154 
1530272007808 0.00149891 -0.149673 0.988734 0.38532 -0.997404 0.0709522 0.0122527 -0.489986 -0.0719868 -0.986186 -0.149178 0.442258 
1530272007986 0.00264588 -0.150106 0.988666 0.385215 -0.997542 0.0688329 0.0131203 -0.490289 -0.0700222 -0.986271 -0.149554 0.442187 
1530272008060 0.00410154 -0.15127 0.988484 0.385016 -0.997683 0.066506 0.0143173 -0.490524 -0.0679058 -0.986253 -0.150647 0.441949 
1530272008134 0.00583229 -0.15221 0.988331 0.384825 -0.997938 0.062297 0.0154832 -0.49089 -0.0639268 -0.986383 -0.151533 0.442052 
1530272008208 0.00789209 -0.152695 0.988242 0.384783 -0.99818 0.0578841 0.0169152 -0.49116 -0.0597863 -0.986577 -0.15196 0.442234 
1530272008282 0.01039 -0.153225 0.988137 0.384736 -0.998405 0.0532536 0.0187557 -0.491334 -0.0554956 -0.986755 -0.152428 0.442305 
1530272008335 0.0122884 -0.153524 0.988068 0.384757 -0.998568 0.0495766 0.0201221 -0.491482 -0.0520743 -0.9869 -0.152695 0.442462 
1530272008419 0.0151455 -0.153908 0.987969 0.384799 -0.998803 0.043633 0.0221089 -0.49164 -0.0465108 -0.987121 -0.153063 0.442725 
1530272008533 0.0181016 -0.154195 0.987875 0.38501 -0.999028 0.0369373 0.0240714 -0.491279 -0.0402011 -0.98735 -0.153377 0.443281 
1530272008690 0.018772 -0.154558 0.987805 0.385149 -0.999047 0.0360465 0.0246257 -0.491162 -0.0394131 -0.987326 -0.153734 0.443526 
1530272008714 0.0183826 -0.154899 0.987759 0.385078 -0.999031 0.0366735 0.0243434 -0.491256 -0.0399953 -0.987249 -0.154075 0.443426 
1530272008898 0.0183361 -0.158304 0.98722 0.384762 -0.999013 0.037049 0.0244961 -0.491488 -0.0404533 -0.986695 -0.157468 0.443365 
1530272008982 0.0194291 -0.160743 0.986805 0.38471 -0.999093 0.0342903 0.0252566 -0.491526 -0.0378977 -0.9864 -0.159931 0.44339 
1530272009076 0.0207422 -0.163345 0.986351 0.384709 -0.999169 0.0312418 0.0261856 -0.491522 -0.0350927 -0.986074 -0.162561 0.443488 
1530272009170 0.0223355 -0.165962 0.985879 0.384763 -0.999239 0.0278334 0.0273236 -0.491438 -0.031975 -0.985739 -0.165214 0.443657 
1530272009264 0.0238349 -0.168564 0.985403 0.384774 -0.999304 0.0242779 0.0283241 -0.49139 -0.028698 -0.985392 -0.167868 0.443863 
1530272009338 0.0251202 -0.17052 0.985034 0.384894 -0.999345 0.0214036 0.0291904 -0.491285 -0.0260608 -0.985122 -0.16987 0.444145 
1530272009352 0.0253477 -0.170913 0.98496 0.384891 -0.999348 0.0210258 0.0293664 -0.49126 -0.0257287 -0.985062 -0.170268 0.444129 
1530272009475 0.0269378 -0.174194 0.984343 0.38487 -0.999397 0.016904 0.0303412 -0.491064 -0.0219246 -0.984566 -0.173633 0.444277 
1530272009492 0.0270151 -0.174335 0.984316 0.384903 -0.999402 0.0165498 0.0303603 -0.491042 -0.0215831 -0.984547 -0.173784 0.444371 
1530272009508 0.0271236 -0.174426 0.984297 0.384952 -0.999404 0.0162989 0.0304282 -0.49101 -0.0213504 -0.984535 -0.17388 0.44444 
1530272009525 0.0272076 -0.174476 0.984285 0.385005 -0.999404 0.0161872 0.0304949 -0.490982 -0.0212535 -0.984528 -0.173932 0.44447 
1530272009703 0.0269061 -0.174085 0.984363 0.384963 -0.999375 0.0179171 0.030485 -0.491184 -0.0229439 -0.984568 -0.173494 0.444501 
1530272009746 0.0267011 -0.173761 0.984426 0.384984 -0.999342 0.0195284 0.0305526 -0.491269 -0.0245332 -0.984594 -0.173125 0.444593 
1530272009780 0.0264862 -0.173624 0.984456 0.384991 -0.999317 0.0207934 0.0305533 -0.491342 -0.025775 -0.984593 -0.172954 0.444602 
1530272009824 0.0262033 -0.173457 0.984493 0.385002 -0.999284 0.022341 0.0305332 -0.491454 -0.0272907 -0.984588 -0.172747 0.444611 
1530272009857 0.0261064 -0.173433 0.9845 0.385012 -0.999263 0.0232107 0.0305867 -0.491519 -0.0281557 -0.984572 -0.172699 0.444688 
1530272009871 0.0261164 -0.173474 0.984492 0.385016 -0.999259 0.0233411 0.030621 -0.491527 -0.028291 -0.984562 -0.172735 0.444704 
1530272009998 0.0268204 -0.174918 0.984218 0.385229 -0.999206 0.0243167 0.0315505 -0.491574 -0.0294516 -0.984283 -0.174127 0.444943 
1530272010014 0.0268231 -0.174956 0.984211 0.385246 -0.999209 0.0242345 0.0315398 -0.491596 -0.0293699 -0.984278 -0.174167 0.444982 
1530272010031 0.0268243 -0.175001 0.984203 0.385257 -0.999209 0.0242078 0.0315377 -0.491601 -0.0293445 -0.984271 -0.174213 0.445 
1530272010048 0.026838 -0.175043 0.984195 0.385264 -0.999209 0.024204 0.0315522 -0.491596 -0.0293445 -0.984263 -0.174255 0.445001 
1530272010064 0.0268734 -0.175088 0.984186 0.385277 -0.999208 0.0242065 0.0315899 -0.49158 -0.0293547 -0.984255 -0.174298 0.444994 
1530272010081 0.0269515 -0.1751 0.984182 0.385307 -0.999206 0.0241941 0.0316674 -0.49155 -0.0293563 -0.984253 -0.174309 0.444998 
1530272010098 0.0269989 -0.175107 0.984179 0.385324 -0.999204 0.0241797 0.0317132 -0.491533 -0.0293503 -0.984253 -0.174314 0.445003 
1530272010114 0.0270116 -0.175112 0.984178 0.385325 -0.999204 0.024168 0.0317242 -0.491529 -0.0293409 -0.984252 -0.17432 0.445006 
1530272010131 0.0270002 -0.17512 0.984177 0.385315 -0.999205 0.0241621 0.0317118 -0.491535 -0.0293332 -0.984251 -0.174328 0.445008 
1530272010258 0.0267165 -0.174636 0.984271 0.385304 -0.999203 0.0245458 0.0314769 -0.491673 -0.0296567 -0.984327 -0.173841 0.444994 
1530272010375 0.0244264 -0.171379 0.984902 0.385354 -0.999232 0.0260212 0.0293096 -0.492528 -0.0306514 -0.984862 -0.170611 0.445384 
1530272010392 0.0240945 -0.170846 0.985003 0.38538 -0.999235 0.0262507 0.0289957 -0.492646 -0.0308108 -0.984948 -0.170083 0.445481 
1530272010559 0.0235636 -0.169564 0.985237 0.385281 -0.999166 0.0288711 0.0288656 -0.492811 -0.0333395 -0.985096 -0.168742 0.445374 
1530272010623 0.0235585 -0.169643 0.985224 0.385209 -0.99906 0.0318777 0.0293783 -0.492614 -0.0363905 -0.98499 -0.168732 0.445083 
1530272010717 0.023297 -0.168379 0.985447 0.385292 -0.998871 0.0368963 0.0299186 -0.492405 -0.041397 -0.985032 -0.167329 0.44483 
1530272010801 0.0220455 -0.165944 0.985889 0.385303 -0.998662 0.0424761 0.0294807 -0.492552 -0.0467689 -0.98522 -0.164786 0.444624 
1530272010875 0.020939 -0.163593 0.986306 0.385353 -0.998426 0.0479094 0.0291428 -0.492706 -0.0520209 -0.985364 -0.162332 0.444299 
1530272010951 0.0198431 -0.161086 0.986741 0.385497 -0.998162 0.0533251 0.0287781 -0.492804 -0.0572538 -0.985499 -0.159731 0.444089 
1530272011024 0.0184934 -0.158337 0.987212 0.385451 -0.997867 0.0588995 0.0281398 -0.493028 -0.0626018 -0.985627 -0.15691 0.443993 
1530272011099 0.0173728 -0.155864 0.987626 0.3855 -0.997524 0.0646191 0.0277449 -0.493228 -0.068144 -0.985663 -0.154355 0.4436 
1530272011223 0.0158326 -0.151858 0.988276 0.385515 -0.996956 0.0730722 0.0271999 -0.493543 -0.076346 -0.985698 -0.150239 0.443179 
1530272011390 0.0162716 -0.152355 0.988192 0.385486 -0.997068 0.0714315 0.0274308 -0.493552 -0.0747673 -0.985741 -0.150746 0.443335 
1530272011434 0.0167697 -0.153671 0.98798 0.385512 -0.997221 0.069167 0.0276848 -0.493468 -0.07259 -0.985698 -0.152084 0.44343 
1530272011468 0.0173959 -0.154731 0.987803 0.385487 -0.997335 0.0673247 0.0281096 -0.493385 -0.070853 -0.98566 -0.153148 0.443499 
1530272011491 0.0177681 -0.155443 0.987685 0.385444 -0.997429 0.065833 0.0283043 -0.493372 -0.069422 -0.985649 -0.153874 0.443621 
1530272011536 0.0181374 -0.156424 0.987523 0.385368 -0.997577 0.0635157 0.028383 -0.493452 -0.0671631 -0.985646 -0.154893 0.443839 
1530272011569 0.0186137 -0.157371 0.987364 0.385339 -0.997689 0.0616153 0.0286289 -0.493506 -0.0653421 -0.985616 -0.15586 0.443952 
1530272011603 0.0191286 -0.158149 0.98723 0.385383 -0.997768 0.0601699 0.0289716 -0.493514 -0.0639834 -0.98558 -0.156645 0.444021 
1530272011627 0.019498 -0.158637 0.987144 0.385433 -0.997829 0.0590402 0.029197 -0.493536 -0.0629129 -0.98557 -0.157142 0.444126 
1530272011640 0.0197011 -0.15892 0.987095 0.385456 -0.997864 0.058375 0.0293143 -0.493554 -0.0622802 -0.985564 -0.15743 0.444194 
1530272011784 0.0210732 -0.161485 0.98665 0.385608 -0.998182 0.0523421 0.0298864 -0.493816 -0.0564695 -0.985486 -0.160088 0.444752 
1530272011803 0.0211263 -0.161595 0.986631 0.38562 -0.9982 0.0520014 0.0298911 -0.493813 -0.0561364 -0.985486 -0.160205 0.444802 
1530272011817 0.0211751 -0.161631 0.986624 0.385637 -0.998205 0.0518783 0.0299224 -0.493801 -0.0560208 -0.985487 -0.160242 0.44483 
1530272011834 0.0212631 -0.161684 0.986613 0.385668 -0.998211 0.0517159 0.0299881 -0.493774 -0.0558722 -0.985487 -0.160295 0.444865 
1530272011850 0.0213188 -0.161715 0.986607 0.385688 -0.998215 0.0516216 0.0300309 -0.493756 -0.0557866 -0.985486 -0.160325 0.444885 
1530272011998 0.0212053 -0.161756 0.986603 0.385626 -0.998274 0.050634 0.0297578 -0.493846 -0.0547691 -0.985531 -0.160403 0.444953 
1530272012041 0.0210225 -0.161828 0.986595 0.385571 -0.998353 0.0492944 0.0293586 -0.493964 -0.0533846 -0.985587 -0.160525 0.444968 
1530272012085 0.021084 -0.161882 0.986585 0.385536 -0.998446 0.0475029 0.0291319 -0.494044 -0.0515816 -0.985666 -0.160628 0.444978 
1530272012109 0.0212414 -0.161975 0.986566 0.38552 -0.998507 0.0462332 0.0290891 -0.494089 -0.0503238 -0.985711 -0.160751 0.444995 
1530272012133 0.0213487 -0.162057 0.98655 0.385507 -0.998562 0.0450784 0.0290135 -0.494153 -0.0491739 -0.985751 -0.160861 0.445029 
1530272012283 0.0219651 -0.164014 0.986213 0.385383 -0.998925 0.0366757 0.0283476 -0.494504 -0.0408195 -0.985776 -0.163032 0.445733 
1530272012299 0.0219911 -0.164092 0.9862 0.385385 -0.998936 0.0363811 0.0283284 -0.494509 -0.0405275 -0.985774 -0.163117 0.445781 
1530272012316 0.022082 -0.164305 0.986162 0.385399 -0.998969 0.0355011 0.0282836 -0.494539 -0.039657 -0.985771 -0.163351 0.445893 
1530272012454 0.0217462 -0.164053 0.986212 0.385392 -0.998935 0.0365888 0.0281132 -0.494589 -0.0406963 -0.985773 -0.163083 0.445758 
1530272012487 0.0213429 -0.163384 0.986332 0.385409 -0.998874 0.0383288 0.0279634 -0.494593 -0.0423737 -0.985818 -0.162382 0.445668 
1530272012511 0.0211298 -0.163018 0.986397 0.385424 -0.99884 0.0392667 0.0278858 -0.494585 -0.0432784 -0.985841 -0.161999 0.445605 
1530272012534 0.02063 -0.162337 0.98652 0.385449 -0.998785 0.0408247 0.0276044 -0.494605 -0.0447556 -0.985891 -0.161297 0.445511 
1530272012558 0.0201468 -0.161735 0.986628 0.385469 -0.998736 0.0421868 0.0273096 -0.494635 -0.0460396 -0.985932 -0.160681 0.44544 
1530272012571 0.0199038 -0.161441 0.986682 0.385473 -0.998714 0.0428191 0.0271526 -0.494652 -0.0466324 -0.985953 -0.160381 0.445413 
1530272012588 0.0196422 -0.161109 0.986741 0.38548 -0.998693 0.0434189 0.0269693 -0.494668 -0.0471882 -0.985981 -0.160046 0.445396 
1530272012708 0.017404 -0.159543 0.987038 0.38561 -0.998658 0.0453861 0.024945 -0.494953 -0.0487776 -0.986147 -0.158539 0.445333 
1530272012725 0.0174109 -0.159427 0.987056 0.385635 -0.99865 0.0455512 0.0249727 -0.494947 -0.048943 -0.986158 -0.158419 0.445306 
1530272012935 0.017508 -0.160585 0.986867 0.385433 -0.998564 0.0471776 0.0253924 -0.494863 -0.0506357 -0.985894 -0.159528 0.445267 
1530272013009 0.0178619 -0.161329 0.986739 0.385459 -0.99844 0.049332 0.0261394 -0.494605 -0.0528948 -0.985667 -0.160196 0.445296 
1530272013157 0.0168924 -0.162883 0.986501 0.38541 -0.998164 0.0546535 0.0261161 -0.494303 -0.0581696 -0.985131 -0.16166 0.445267 
1530272013221 0.0164139 -0.163389 0.986425 0.385478 -0.998006 0.0574518 0.0261228 -0.494167 -0.0609401 -0.984888 -0.16212 0.445178 
1530272013305 0.0159211 -0.164133 0.98631 0.385557 -0.997811 0.0607211 0.0262114 -0.493908 -0.064192 -0.984568 -0.162807 0.445042 
1530272013358 0.0156039 -0.164575 0.986241 0.385618 -0.997666 0.0630159 0.0263002 -0.493716 -0.0664772 -0.98435 -0.163208 0.444981 
1530272013372 0.015454 -0.164723 0.986219 0.385636 -0.99763 0.0635941 0.0262546 -0.493674 -0.0670425 -0.984288 -0.16335 0.444956 
1530272013502 0.0140623 -0.165761 0.986066 0.385717 -0.997349 0.0680843 0.0256684 -0.49341 -0.0713904 -0.983813 -0.164364 0.444708 
1530272013710 0.0150994 -0.164814 0.986209 0.385641 -0.997502 0.0655871 0.0262331 -0.493606 -0.0690061 -0.984142 -0.163412 0.444843 
1530272013873 0.0168856 -0.162712 0.986529 0.385478 -0.997917 0.0586941 0.0267611 -0.494207 -0.0622578 -0.984926 -0.161382 0.44503 
1530272013957 0.0178177 -0.161396 0.986729 0.385503 -0.998093 0.0554647 0.0270951 -0.494539 -0.0591016 -0.98533 -0.1601 0.445027 
1530272014051 0.019156 -0.159595 0.986997 0.385581 -0.998263 0.051953 0.0277754 -0.494841 -0.0557103 -0.985815 -0.158322 0.445207 
1530272014135 0.0198635 -0.158357 0.987182 0.385602 -0.998386 0.0493993 0.0280133 -0.495206 -0.0532022 -0.986145 -0.15712 0.445052 
1530272014229 0.0211913 -0.156564 0.98744 0.385627 -0.998535 0.0458638 0.0287013 -0.495451 -0.0497814 -0.986602 -0.155363 0.44519 
1530272014303 0.0217322 -0.155416 0.98761 0.385637 -0.998635 0.0435478 0.0288277 -0.495767 -0.0474885 -0.986889 -0.154257 0.445204 
1530272014316 0.0218884 -0.155165 0.987646 0.385645 -0.998653 0.0430888 0.0289019 -0.495821 -0.047041 -0.986948 -0.154013 0.445232 
1530272014467 0.0233424 -0.152678 0.988 0.385704 -0.998792 0.0391935 0.0296541 -0.49632 -0.0432508 -0.987498 -0.151579 0.445535 
1530272014634 0.0230834 -0.153157 0.987932 0.385614 -0.998743 0.0404462 0.0296063 -0.496192 -0.0444925 -0.987374 -0.152031 0.445467 
1530272014688 0.0225633 -0.154013 0.987811 0.385556 -0.998682 0.0420791 0.0293723 -0.496073 -0.0460899 -0.987172 -0.15286 0.44534 
1530272014721 0.0221673 -0.154473 0.987748 0.385517 -0.998616 0.0437124 0.0292473 -0.496009 -0.0476948 -0.98703 -0.15329 0.445272 
1530272014775 0.0219003 -0.154833 0.987698 0.385508 -0.998536 0.04548 0.0292701 -0.495896 -0.0494525 -0.986893 -0.153611 0.445252 
1530272014809 0.0216914 -0.155071 0.987665 0.385502 -0.998471 0.0468714 0.029288 -0.49582 -0.050835 -0.986791 -0.153817 0.445214 
1530272014853 0.0214177 -0.155397 0.98762 0.38549 -0.998381 0.0487321 0.0293188 -0.495725 -0.0526848 -0.986649 -0.154102 0.445115 
1530272014906 0.0211315 -0.155753 0.98757 0.385502 -0.99828 0.0507505 0.0293647 -0.49562 -0.0546933 -0.986491 -0.154412 0.444987 
1530272014930 0.0210065 -0.155897 0.98755 0.385523 -0.998221 0.0518551 0.0294195 -0.495562 -0.0557959 -0.986411 -0.15453 0.444926 
1530272014944 0.0209434 -0.15597 0.98754 0.385533 -0.99819 0.0524327 0.0294504 -0.495531 -0.0563727 -0.986369 -0.154589 0.444893 
1530272015064 0.0205402 -0.156477 0.987468 0.385679 -0.997939 0.0568469 0.0297661 -0.49524 -0.0607922 -0.986044 -0.154987 0.44455 
1530272015080 0.0205049 -0.156564 0.987455 0.385688 -0.997909 0.0573474 0.0298147 -0.49519 -0.0612959 -0.986001 -0.155061 0.444475 
1530272015098 0.020466 -0.156611 0.987448 0.385685 -0.997894 0.0575998 0.0298179 -0.495165 -0.0615466 -0.985979 -0.155102 0.44443 
1530272015114 0.0204352 -0.156649 0.987443 0.38568 -0.997886 0.0577537 0.0298134 -0.495149 -0.0616987 -0.985964 -0.155137 0.444399 
1530272015130 0.020413 -0.156684 0.987438 0.385675 -0.997878 0.0578892 0.0298145 -0.495132 -0.0618334 -0.985951 -0.15517 0.444369 
1530272015258 0.0202856 -0.156532 0.987464 0.385682 -0.9979 0.057597 0.0296302 -0.49517 -0.0615131 -0.985992 -0.155035 0.444411 
1530272015281 0.0201979 -0.156423 0.987484 0.385649 -0.99794 0.0570054 0.0294417 -0.495235 -0.0608972 -0.986044 -0.154949 0.444453 
1530272015305 0.0200719 -0.156242 0.987515 0.385616 -0.997977 0.0564683 0.0292188 -0.495301 -0.0603285 -0.986103 -0.154793 0.444505 
1530272015318 0.0200054 -0.156116 0.987536 0.385597 -0.998003 0.0560752 0.0290821 -0.49534 -0.0599164 -0.986146 -0.154682 0.44454 
1530272015335 0.0198946 -0.156004 0.987556 0.385575 -0.998038 0.0555443 0.0288801 -0.495387 -0.0593586 -0.986193 -0.154593 0.444573 
1530272015458 0.0187149 -0.155181 0.987709 0.385621 -0.998193 0.0535188 0.027322 -0.495624 -0.0571009 -0.986435 -0.153899 0.444741 
1530272015475 0.0186353 -0.15516 0.987714 0.38563 -0.998197 0.0534903 0.0272359 -0.495635 -0.057059 -0.98644 -0.153884 0.444735 
1530272015683 0.0203069 -0.156565 0.987459 0.385537 -0.99835 0.0498868 0.0284406 -0.495652 -0.053714 -0.986407 -0.155293 0.444884 
1530272015747 0.0216701 -0.158058 0.987192 0.385542 -0.998469 0.0468475 0.0294183 -0.495606 -0.0508973 -0.986318 -0.156801 0.445027 
1530272015887 0.0244149 -0.161209 0.986618 0.385411 -0.998799 0.0379916 0.030924 -0.4957 -0.0424684 -0.986189 -0.160088 0.44524 
1530272015951 0.026208 -0.162733 0.986322 0.385504 -0.998983 0.0319382 0.0318139 -0.495712 -0.0366785 -0.986153 -0.16173 0.445496 
1530272016025 0.0278432 -0.164306 0.986016 0.385569 -0.999138 0.0258131 0.0325151 -0.49576 -0.0307945 -0.986072 -0.163446 0.445831 
1530272016080 0.0291534 -0.165696 0.985746 0.385545 -0.999228 0.0211524 0.0331077 -0.495761 -0.0263367 -0.98595 -0.164951 0.445969 
1530272016144 0.030458 -0.167084 0.985472 0.385505 -0.999313 0.0157568 0.0335573 -0.495903 -0.0211348 -0.985817 -0.166489 0.446191 
1530272016264 0.0329744 -0.169575 0.984965 0.385719 -0.999388 0.00591877 0.0344762 -0.495584 -0.0116761 -0.985499 -0.169276 0.447238 
1530272016412 0.0325743 -0.169335 0.98502 0.385615 -0.999393 0.0066641 0.0341952 -0.495735 -0.0123547 -0.985536 -0.169016 0.447166 
1530272016465 0.0316341 -0.168147 0.985254 0.385532 -0.999371 0.0104995 0.0338792 -0.495826 -0.0160414 -0.985706 -0.167709 0.446893 
1530272016499 0.0307976 -0.167219 0.985439 0.385483 -0.999356 0.013003 0.0334391 -0.495925 -0.0184053 -0.985834 -0.166711 0.446741 
1530272016533 0.0300826 -0.166358 0.985606 0.385452 -0.999331 0.0154981 0.0331174 -0.496018 -0.0207844 -0.985944 -0.16578 0.446501 
1530272016577 0.0295724 -0.165148 0.985825 0.385458 -0.999287 0.0182649 0.033036 -0.496065 -0.0234618 -0.9861 -0.16449 0.446236 
1530272016614 0.0290658 -0.163929 0.986044 0.385499 -0.99925 0.0204873 0.0328611 -0.49611 -0.0255883 -0.986259 -0.16321 0.446158 
1530272016657 0.0284692 -0.162589 0.986283 0.385564 -0.99921 0.0227547 0.0325935 -0.496161 -0.0277419 -0.986431 -0.161813 0.446032 
1530272016691 0.0278954 -0.16148 0.986482 0.385595 -0.999171 0.0247735 0.0323095 -0.49622 -0.0296559 -0.986565 -0.160655 0.445891 
1530272016715 0.0275622 -0.16078 0.986605 0.385598 -0.999141 0.0261257 0.0321699 -0.49627 -0.030948 -0.986644 -0.159922 0.445781 
1530272016812 0.026568 -0.15796 0.987088 0.385688 -0.998987 0.0316777 0.0319575 -0.496403 -0.0363167 -0.986937 -0.156958 0.445423 
1530272016828 0.026463 -0.157553 0.987156 0.385721 -0.998961 0.0324821 0.0319637 -0.496423 -0.0371009 -0.986976 -0.156529 0.445395 
1530272016845 0.0263471 -0.157139 0.987225 0.385756 -0.998937 0.0332314 0.0319492 -0.49645 -0.0378273 -0.987017 -0.156097 0.44538 
1530272017012 0.0258668 -0.155722 0.987462 0.385706 -0.998935 0.0337211 0.0314851 -0.496686 -0.0382013 -0.987225 -0.154684 0.445425 
1530272017046 0.0257495 -0.155682 0.987472 0.385682 -0.998977 0.0327314 0.0312098 -0.496722 -0.0371801 -0.987265 -0.15468 0.445482 
1530272017130 0.0255716 -0.155047 0.987576 0.38563 -0.999064 0.0305192 0.0306605 -0.496817 -0.0348938 -0.987436 -0.154122 0.445552 
1530272017214 0.0244531 -0.15288 0.987942 0.385676 -0.999055 0.0317775 0.0296456 -0.497033 -0.0359266 -0.987734 -0.151958 0.445413 
1530272017258 0.0236585 -0.151398 0.98819 0.385731 -0.999034 0.0330417 0.0289804 -0.497156 -0.037039 -0.98792 -0.15047 0.445353 
1530272017322 0.0230609 -0.149525 0.988489 0.385806 -0.99901 0.0341651 0.0284744 -0.497267 -0.0380294 -0.988168 -0.148589 0.445294 
1530272017335 0.0229274 -0.149122 0.988553 0.385831 -0.999002 0.0344841 0.0283717 -0.497287 -0.0383202 -0.988217 -0.148183 0.445276 
1530272017448 0.0216583 -0.145505 0.98912 0.385918 -0.998942 0.0369923 0.0273151 -0.497676 -0.0405644 -0.988666 -0.14455 0.445096 
1530272017636 0.0222668 -0.146705 0.98893 0.385886 -0.99899 0.0353426 0.0277363 -0.497581 -0.0390205 -0.988549 -0.14577 0.445323 
1530272017690 0.0228322 -0.148511 0.988647 0.385813 -0.999037 0.0336701 0.02813 -0.497466 -0.0374655 -0.988337 -0.147599 0.445345 
1530272017744 0.0236051 -0.150304 0.988358 0.385684 -0.999082 0.0317947 0.0286964 -0.497377 -0.0357377 -0.988128 -0.149415 0.445352 
1530272017798 0.0243286 -0.151994 0.988082 0.385624 -0.999135 0.0296561 0.0291627 -0.49726 -0.0337353 -0.987936 -0.151141 0.445446 
1530272017861 0.0254654 -0.154082 0.98773 0.385729 -0.999203 0.026472 0.0298907 -0.496996 -0.0307528 -0.987703 -0.153285 0.445622 
1530272017915 0.0263874 -0.155914 0.987418 0.385819 -0.999263 0.0234193 0.0304018 -0.496785 -0.0278648 -0.987493 -0.155181 0.445805 
1530272017969 0.0269741 -0.157961 0.987077 0.385793 -0.999319 0.0206079 0.0306065 -0.496725 -0.0251762 -0.98723 -0.157298 0.445855 
1530272018023 0.0276566 -0.159671 0.986783 0.385773 -0.999359 0.0180395 0.030928 -0.496643 -0.0227394 -0.987005 -0.159069 0.445873 
1530272018057 0.0281853 -0.160743 0.986594 0.385815 -0.999383 0.0161396 0.0311802 -0.496534 -0.0209353 -0.986864 -0.160189 0.445982 
1530272018177 0.0294849 -0.164346 0.985962 0.38593 -0.999462 0.00930561 0.0314398 -0.496179 -0.014342 -0.986359 -0.163984 0.446256 
1530272018354 0.0296512 -0.164323 0.985961 0.38595 -0.999444 0.0101745 0.0317524 -0.495965 -0.0152493 -0.986354 -0.163929 0.446114 
1530272018408 0.0287236 -0.162912 0.986222 0.385819 -0.999404 0.0142236 0.031457 -0.496175 -0.0191523 -0.986538 -0.162407 0.445964 
1530272018472 0.0278563 -0.161747 0.986439 0.385738 -0.999351 0.0180434 0.0311795 -0.496305 -0.0228419 -0.986667 -0.161139 0.445924 
1530272018516 0.0272434 -0.161086 0.986564 0.385694 -0.999304 0.0207789 0.0309879 -0.496358 -0.0254914 -0.986722 -0.160408 0.445917 
1530272018633 0.0261855 -0.159848 0.986794 0.385722 -0.999117 0.0282594 0.0310902 -0.496125 -0.0328559 -0.986737 -0.158967 0.445574 
1530272018677 0.0257401 -0.159532 0.986857 0.38572 -0.999031 0.0311557 0.0310942 -0.496043 -0.0357068 -0.986701 -0.158576 0.445443 
1530272018721 0.0253066 -0.159215 0.98692 0.385709 -0.998938 0.0339995 0.0310998 -0.49593 -0.0385063 -0.986658 -0.158185 0.445225 
1530272018734 0.0251686 -0.159116 0.986939 0.385707 -0.998908 0.0348656 0.0310949 -0.495896 -0.0393579 -0.986644 -0.158064 0.445156 
1530272018861 0.0242081 -0.158245 0.987103 0.385818 -0.998644 0.041693 0.031175 -0.495576 -0.0460885 -0.986519 -0.157021 0.444684 
1530272018878 0.0240917 -0.158056 0.987136 0.38584 -0.998618 0.0423383 0.0311509 -0.495544 -0.0467172 -0.986522 -0.156817 0.444631 
1530272019025 0.0242498 -0.158146 0.987118 0.385807 -0.998644 0.0416738 0.0312095 -0.495609 -0.0460726 -0.986536 -0.156921 0.444575 
1530272019059 0.0246824 -0.158146 0.987107 0.385789 -0.99871 0.0399196 0.0313682 -0.49565 -0.0443657 -0.986608 -0.156957 0.444716 
1530272019083 0.0249672 -0.158095 0.987108 0.385761 -0.998759 0.0386282 0.0314485 -0.495697 -0.0431021 -0.986668 -0.156935 0.444807 
1530272019106 0.0251338 -0.158037 0.987113 0.385738 -0.998797 0.0376082 0.0314524 -0.495749 -0.0420942 -0.986717 -0.156901 0.444879 
1530272019130 0.0252139 -0.157961 0.987123 0.385709 -0.998843 0.0364777 0.0313504 -0.495844 -0.0409601 -0.986771 -0.156858 0.44496 
1530272019154 0.0252622 -0.157809 0.987146 0.385677 -0.998882 0.0354764 0.0312339 -0.495963 -0.0399494 -0.986832 -0.156736 0.445029 
1530272019177 0.0253547 -0.157564 0.987183 0.385662 -0.998918 0.0345199 0.0311658 -0.496074 -0.0389881 -0.986905 -0.156518 0.445073 
1530272019191 0.0254381 -0.1574 0.987207 0.385666 -0.998931 0.0341179 0.0311799 -0.496117 -0.0385892 -0.986945 -0.156364 0.445089 
1530272019311 0.0261019 -0.155421 0.987503 0.385803 -0.998985 0.032216 0.0314758 -0.49633 -0.0367054 -0.987323 -0.154422 0.444959 
1530272019327 0.0261128 -0.155208 0.987537 0.385821 -0.998982 0.0323111 0.0314937 -0.496363 -0.0367964 -0.987353 -0.154206 0.444924 
1530272019344 0.0261249 -0.15508 0.987556 0.385826 -0.998982 0.0323059 0.0315002 -0.496393 -0.0367889 -0.987374 -0.154078 0.444912 
1530272019361 0.026118 -0.155033 0.987564 0.38581 -0.998984 0.0322444 0.0314819 -0.496416 -0.0367241 -0.987383 -0.154033 0.444909 
1530272019498 0.0256858 -0.154496 0.98766 0.38573 -0.99896 0.0332657 0.0311834 -0.496487 -0.0376728 -0.987433 -0.153481 0.445012 
1530272019572 0.0244615 -0.153142 0.987901 0.3857 -0.998814 0.0378607 0.0306008 -0.496462 -0.0420889 -0.987479 -0.152034 0.444826 
1530272019606 0.0236369 -0.152304 0.988051 0.385654 -0.998734 0.0403098 0.030106 -0.496514 -0.0444134 -0.987511 -0.151158 0.444726 
1530272019651 0.0227498 -0.151205 0.988241 0.385615 -0.998634 0.0430633 0.029578 -0.496553 -0.0470292 -0.987564 -0.150019 0.444623 
1530272019694 0.0220108 -0.149901 0.988456 0.385643 -0.998542 0.0454429 0.0291268 -0.496617 -0.0492844 -0.987656 -0.148682 0.444537 
1530272019718 0.0217528 -0.149338 0.988547 0.385656 -0.998495 0.046551 0.0290041 -0.496637 -0.0503492 -0.98769 -0.1481 0.444451 
1530272019845 0.0200688 -0.145768 0.989115 0.385588 -0.998189 0.0531985 0.0280929 -0.497006 -0.0567145 -0.987887 -0.144437 0.444123 
1530272019862 0.020006 -0.145419 0.989168 0.385606 -0.998137 0.0541249 0.0281444 -0.497043 -0.0576314 -0.987889 -0.144065 0.444056 
1530272019878 0.0199575 -0.145122 0.989213 0.385618 -0.998102 0.0547588 0.0281702 -0.497077 -0.0582561 -0.987897 -0.143753 0.444007 
1530272020016 0.0197725 -0.145538 0.989155 0.385558 -0.998047 0.0557588 0.0281543 -0.497005 -0.0592516 -0.98778 -0.144152 0.443971 
1530272020100 0.0191708 -0.148913 0.988664 0.385673 -0.998072 0.0555257 0.0277165 -0.496399 -0.0590236 -0.98729 -0.147561 0.444343 
1530272020163 0.0182402 -0.150829 0.988392 0.385603 -0.998021 0.0567448 0.0270772 -0.496104 -0.0601701 -0.98693 -0.149496 0.444599 
1530272020237 0.01691 -0.152539 0.988153 0.385534 -0.997913 0.0590297 0.0261893 -0.495914 -0.0623253 -0.986533 -0.151222 0.444564 
1530272020301 0.0160487 -0.153791 0.987973 0.385646 -0.997776 0.0614638 0.0257757 -0.49559 -0.0646887 -0.98619 -0.152463 0.444492 
1530272020355 0.0154504 -0.154708 0.987839 0.385711 -0.997643 0.0636678 0.0255749 -0.495311 -0.0668502 -0.985907 -0.15336 0.444356 
1530272020368 0.0152751 -0.154891 0.987813 0.385729 -0.99762 0.0640711 0.0254733 -0.495271 -0.0672359 -0.985852 -0.153544 0.444347 
1530272020492 0.0131843 -0.156755 0.987549 0.385812 -0.997364 0.068409 0.024174 -0.494868 -0.0713467 -0.985265 -0.15544 0.444156 
1530272020508 0.0130236 -0.156992 0.987514 0.385823 -0.997355 0.0685895 0.0240576 -0.494801 -0.07151 -0.985215 -0.155684 0.444141 
1530272020800 0.0114693 -0.160634 0.986947 0.385679 -0.997031 0.0733187 0.0235197 -0.494249 -0.0761398 -0.984287 -0.159317 0.444362 
1530272020924 0.0104136 -0.162739 0.986614 0.385664 -0.996797 0.0765551 0.0231486 -0.49395 -0.0792975 -0.983695 -0.161421 0.444575 
1530272021049 0.0089707 -0.165311 0.986201 0.385761 -0.996493 0.0805784 0.0225712 -0.49345 -0.0831978 -0.982944 -0.164009 0.444553 
1530272021173 0.00740279 -0.167937 0.98577 0.385707 -0.996196 0.0843523 0.0218514 -0.493036 -0.0868216 -0.982182 -0.166673 0.444564 
1530272021298 0.0061205 -0.170593 0.985323 0.385866 -0.995902 0.0878701 0.0213995 -0.492414 -0.090231 -0.981416 -0.169356 0.444659 
1530272021392 0.00476893 -0.172598 0.984981 0.385873 -0.995628 0.0910697 0.0207786 -0.492103 -0.0932883 -0.980773 -0.171409 0.44451 
1530272021476 0.00322613 -0.174614 0.984632 0.385839 -0.995355 0.0941811 0.0199633 -0.49179 -0.0962196 -0.980122 -0.173499 0.444258 
1530272021596 0.00211062 -0.176417 0.984313 0.38586 -0.995019 0.0977319 0.0196499 -0.491181 -0.0996654 -0.979452 -0.175332 0.443203 
1530272021612 0.00201456 -0.176542 0.984291 0.385864 -0.994992 0.0980134 0.0196161 -0.491119 -0.0999368 -0.979401 -0.175461 0.443045 
1530272021629 0.00195475 -0.176684 0.984266 0.38587 -0.994991 0.0980317 0.0195736 -0.491049 -0.0999476 -0.979373 -0.175608 0.442902 
1530272021646 0.00191439 -0.176846 0.984237 0.385881 -0.995002 0.0979242 0.0195302 -0.490966 -0.0998345 -0.979355 -0.175775 0.442761 
1530272021874 0.00268261 -0.178012 0.984025 0.38584 -0.995284 0.0949437 0.0198888 -0.4909 -0.0969674 -0.979437 -0.176918 0.442947 
1530272021897 0.00291189 -0.178013 0.984024 0.385843 -0.995396 0.0937569 0.0199065 -0.491099 -0.0958027 -0.979551 -0.17692 0.443354 
1530272021921 0.00310943 -0.177973 0.98403 0.385853 -0.995512 0.0925217 0.0198793 -0.491354 -0.0945822 -0.979676 -0.176887 0.443827 
1530272021945 0.00332713 -0.177961 0.984032 0.385858 -0.995626 0.0912845 0.019875 -0.491592 -0.0933638 -0.979794 -0.176879 0.444312 
1530272021968 0.00356009 -0.17796 0.984031 0.385864 -0.995724 0.0902043 0.0199157 -0.491761 -0.0923081 -0.979895 -0.176878 0.444685 
1530272021982 0.00372591 -0.178032 0.984018 0.385864 -0.995768 0.0897005 0.0199993 -0.491808 -0.0918274 -0.979928 -0.176944 0.444825 
1530272022112 0.00508076 -0.180162 0.983624 0.385968 -0.996145 0.0852312 0.0207565 -0.491924 -0.087575 -0.979937 -0.179034 0.445847 
1530272022129 0.00505414 -0.180294 0.9836 0.385982 -0.99618 0.0848474 0.0206713 -0.491944 -0.0871828 -0.979946 -0.179176 0.445965 
1530272022357 0.00606278 -0.177601 0.984084 0.385853 -0.996285 0.0834639 0.021201 -0.492394 -0.0859008 -0.980557 -0.176435 0.445759 
1530272022450 0.0071901 -0.175642 0.984428 0.385737 -0.996439 0.0814458 0.0218094 -0.49272 -0.0840082 -0.981079 -0.174431 0.44544 
1530272022535 0.00881959 -0.173743 0.984752 0.38575 -0.99664 0.0786707 0.0228062 -0.492976 -0.0814335 -0.981644 -0.172465 0.445491 
1530272022629 0.0103819 -0.171779 0.985081 0.38577 -0.996889 0.0751934 0.0236186 -0.493461 -0.0781287 -0.982262 -0.170464 0.445597 
1530272022713 0.0119313 -0.169939 0.985382 0.385708 -0.997151 0.0713772 0.0243835 -0.494011 -0.0744775 -0.982866 -0.168603 0.445743 
1530272022817 0.0139227 -0.167849 0.985714 0.385706 -0.99742 0.0671047 0.0255147 -0.494486 -0.0704287 -0.983526 -0.166482 0.445937 
1530272022882 0.0154153 -0.16635 0.985946 0.385763 -0.997589 0.0641668 0.0264236 -0.494794 -0.0676606 -0.983977 -0.16496 0.446134 
1530272022895 0.0156294 -0.166033 0.985996 0.385773 -0.997619 0.0636564 0.0265328 -0.494899 -0.0671703 -0.984064 -0.164642 0.446151 
1530272023019 0.0180906 -0.163599 0.986361 0.38582 -0.997851 0.0591793 0.0281169 -0.49532 -0.062972 -0.98475 -0.162177 0.446588 
1530272023035 0.018264 -0.163331 0.986402 0.385821 -0.997874 0.0587486 0.0282042 -0.495392 -0.0625564 -0.984821 -0.161911 0.446675 
1530272023052 0.018338 -0.16318 0.986426 0.385815 -0.997882 0.058591 0.0282434 -0.495443 -0.0624044 -0.984855 -0.16176 0.446709 
1530272023210 0.0185843 -0.16297 0.986456 0.385706 -0.997947 0.0574533 0.0282925 -0.495602 -0.061286 -0.984957 -0.161568 0.446535 
1530272023377 0.0198737 -0.162126 0.98657 0.385718 -0.998351 0.0499425 0.0283182 -0.496021 -0.0538629 -0.985505 -0.160866 0.446522 
1530272023471 0.021152 -0.161219 0.986692 0.385772 -0.998518 0.0460913 0.0289366 -0.496254 -0.050143 -0.985842 -0.160005 0.446475 
1530272023555 0.0219988 -0.160179 0.986843 0.385733 -0.998641 0.0431315 0.0292627 -0.496592 -0.0472513 -0.986145 -0.159012 0.446421 
1530272023639 0.0227564 -0.159265 0.986973 0.385752 -0.998773 0.0398119 0.0294528 -0.496897 -0.0439841 -0.986433 -0.158164 0.446531 
1530272023653 0.0230952 -0.159044 0.987001 0.385774 -0.9988 0.0389793 0.0296523 -0.496917 -0.0431886 -0.986502 -0.157953 0.446535 
1530272023773 0.0246907 -0.157521 0.987207 0.385901 -0.998924 0.0348969 0.030552 -0.497217 -0.0392631 -0.986899 -0.15649 0.446797 
1530272023790 0.0247756 -0.157407 0.987223 0.38591 -0.99893 0.0346898 0.0306004 -0.497262 -0.0390633 -0.986924 -0.156379 0.446799 
1530272023806 0.0248394 -0.15736 0.987229 0.385911 -0.998929 0.0346427 0.0306557 -0.497273 -0.0390243 -0.986934 -0.156331 0.446792 
1530272023823 0.0249142 -0.157335 0.987231 0.385908 -0.998929 0.034587 0.0307216 -0.497267 -0.038979 -0.986939 -0.156305 0.446791 
1530272023839 0.0249655 -0.15731 0.987234 0.385909 -0.99893 0.0345269 0.0307629 -0.497262 -0.0389254 -0.986946 -0.15628 0.446801 
1530272023957 0.0248511 -0.157616 0.987188 0.385799 -0.99894 0.0343487 0.0306311 -0.49731 -0.0387366 -0.986903 -0.156595 0.446811 
1530272024010 0.0250655 -0.159088 0.986946 0.385759 -0.998934 0.0343047 0.0308996 -0.497123 -0.0387727 -0.986668 -0.158059 0.446774 
1530272024044 0.0255188 -0.160194 0.986756 0.385823 -0.998938 0.0338021 0.0313214 -0.49694 -0.0383719 -0.986507 -0.159162 0.446704 
1530272024068 0.025915 -0.161099 0.986598 0.38585 -0.998942 0.0333421 0.0316836 -0.496808 -0.0379995 -0.986375 -0.160065 0.44664 
1530272024081 0.0261015 -0.161611 0.986509 0.385851 -0.998943 0.0331321 0.0318582 -0.496748 -0.0378337 -0.986298 -0.160575 0.446599 
1530272024225 0.0276613 -0.165248 0.985864 0.385801 -0.998992 0.0303113 0.0331103 -0.496373 -0.0353542 -0.985786 -0.164243 0.446439 
1530272024241 0.027758 -0.165445 0.985828 0.385841 -0.998993 0.0301953 0.0331961 -0.496324 -0.0352595 -0.985757 -0.16444 0.446427 
1530272024258 0.0277996 -0.16558 0.985804 0.385858 -0.998991 0.0301861 0.0332417 -0.496299 -0.0352617 -0.985734 -0.164574 0.446389 
1530272024275 0.0278271 -0.165665 0.985789 0.385864 -0.998989 0.0302149 0.0332775 -0.496281 -0.0352985 -0.985719 -0.164657 0.44635 
1530272024291 0.0278085 -0.165686 0.985786 0.385862 -0.998989 0.0302325 0.0332622 -0.496283 -0.0353139 -0.985715 -0.164678 0.446341 
1530272024308 0.0277792 -0.165693 0.985786 0.385855 -0.99899 0.0302282 0.0332321 -0.496294 -0.0353048 -0.985714 -0.164686 0.446343 
1530272024355 0.0277143 -0.165726 0.985782 0.385844 -0.998993 0.0302215 0.0331664 -0.496311 -0.0352884 -0.985709 -0.164722 0.446343 
1530272024470 0.0264323 -0.16585 0.985797 0.385861 -0.998993 0.0313855 0.0320664 -0.496229 -0.0362579 -0.985651 -0.164854 0.446351 
1530272024493 0.0254931 -0.166124 0.985775 0.385861 -0.999008 0.0317915 0.0311928 -0.496224 -0.0365212 -0.985592 -0.165149 0.446383 
1530272024517 0.0246701 -0.166431 0.985744 0.385854 -0.999021 0.0321174 0.030425 -0.496236 -0.0367232 -0.98553 -0.165476 0.446381 
1530272024631 0.0211016 -0.16805 0.985553 0.385878 -0.999056 0.0338861 0.0271688 -0.496105 -0.0379623 -0.985196 -0.167177 0.446352 
1530272024647 0.0209302 -0.168225 0.985526 0.385892 -0.999056 0.0340026 0.0270216 -0.496072 -0.0380562 -0.985162 -0.167355 0.446348 
1530272024795 0.0211956 -0.168381 0.985494 0.385801 -0.999082 0.0331387 0.0271499 -0.496214 -0.0372295 -0.985165 -0.167524 0.44622 
1530272024862 0.0233565 -0.167393 0.985614 0.385726 -0.999088 0.0313453 0.0289994 -0.496313 -0.0357486 -0.985392 -0.166508 0.446295 
1530272024926 0.0253345 -0.166219 0.985763 0.385751 -0.99912 0.0287708 0.0305291 -0.496415 -0.0334357 -0.985669 -0.165343 0.446521 
1530272024970 0.0263865 -0.1659 0.98579 0.385786 -0.999156 0.0266769 0.0312337 -0.496428 -0.0314795 -0.985782 -0.165056 0.4466 
1530272025013 0.0273652 -0.165707 0.985795 0.38582 -0.999194 0.0244225 0.0318424 -0.496502 -0.0293521 -0.985873 -0.164905 0.446611 
1530272025047 0.027823 -0.165666 0.985789 0.38583 -0.999223 0.0229409 0.0320574 -0.496603 -0.0279257 -0.985915 -0.164899 0.446568 
1530272025061 0.028017 -0.165603 0.985794 0.385836 -0.999238 0.0221817 0.0321253 -0.49666 -0.0271866 -0.985943 -0.164855 0.446566 
