1531922565026 0.275657 0.633204 -0.723233 -0.604483 -0.8825 0.464965 0.0707247 -0.181741 0.381061 0.618757 0.686973 0.426588 
1531922565031 0 0 0 0 0 0 0 0 0 0 0 0 
1531922565039 -0.186319 0.845148 -0.501008 -0.595444 -0.975422 -0.098067 0.19732 -0.251671 0.117632 0.525459 0.842648 0.409373 
1531922565048 -0.187231 0.845419 -0.500212 -0.597087 -0.97521 -0.098835 0.197982 -0.254964 0.11794 0.52488 0.842966 0.40735 
1531922565062 -0.187247 0.845429 -0.500188 -0.597265 -0.975206 -0.0988475 0.197997 -0.255093 0.11795 0.524861 0.842976 0.40726 
1531922565068 -0.18725 0.845429 -0.500187 -0.597275 -0.975206 -0.0988521 0.197995 -0.255107 0.117946 0.52486 0.842977 0.407257 
1531922565078 -0.187251 0.845429 -0.500187 -0.597273 -0.975206 -0.0988555 0.197993 -0.255114 0.117943 0.52486 0.842978 0.407258 
1531922565089 -0.187253 0.845429 -0.500187 -0.597271 -0.975206 -0.0988578 0.197991 -0.255119 0.11794 0.524859 0.842978 0.407259 
1531922565098 -0.187253 0.845429 -0.500186 -0.597269 -0.975206 -0.0988592 0.19799 -0.255122 0.117939 0.524859 0.842979 0.40726 
1531922565113 -0.187254 0.845429 -0.500186 -0.597268 -0.975206 -0.09886 0.19799 -0.255123 0.117938 0.524859 0.842979 0.407261 
1531922565113 0 0 0 0 0 0 0 0 0 0 0 0 
1531922565115 0 0 0 0 0 0 0 0 0 0 0 0 
1531922565118 0 0 0 0 0 0 0 0 0 0 0 0 
1531922565129 -0.187253 0.845429 -0.500186 -0.59726 -0.975206 -0.0988593 0.19799 -0.255118 0.117938 0.524859 0.842979 0.407261 
1531922652881 -0.187255 0.845429 -0.500189 -0.597268 -0.975202 -0.0988634 0.197988 -0.255126 0.117931 0.524856 0.842977 0.407261 
