1535116807361 0.165179 0.899607 -0.404256 -0.511832 -0.952036 0.252482 0.172857 -0.198505 0.257571 0.356315 0.898163 0.45137 
1535116814402 0.165177 0.899607 -0.404256 -0.511832 -0.952037 0.252481 0.172857 -0.198504 0.257571 0.356315 0.898163 0.45137 
1535116815300 0.17418 0.903388 -0.391856 -0.524415 -0.950984 0.257581 0.171119 -0.204152 0.255521 0.342843 0.903973 0.443771 
1535116816880 0.198792 0.913978 -0.35373 -0.563376 -0.947546 0.271418 0.168788 -0.220255 0.250277 0.301622 0.919992 0.420165 
1535116818516 0.223151 0.922467 -0.315052 -0.602332 -0.943735 0.285371 0.167113 -0.236321 0.244063 0.260034 0.934246 0.396439 
1535116819960 0.239156 0.926966 -0.289031 -0.628327 -0.94097 0.294692 0.166526 -0.247067 0.239539 0.232143 0.942725 0.380633 
1535116819998 0.238698 0.927241 -0.288527 -0.628471 -0.940976 0.294272 0.167236 -0.246833 0.239973 0.231578 0.942754 0.38069 
1535116820401 0.239917 0.927075 -0.288047 -0.629443 -0.940778 0.29524 0.166646 -0.247587 0.239536 0.231007 0.943005 0.37991 
1535116820912 0.241833 0.927359 -0.285521 -0.63207 -0.940446 0.296461 0.166347 -0.248715 0.238909 0.228289 0.943826 0.378291 
1535116821526 0.244134 0.92806 -0.281253 -0.635989 -0.939977 0.297775 0.166655 -0.25033 0.238416 0.223685 0.945052 0.376009 
1535116822132 0.246026 0.928825 -0.277048 -0.640017 -0.939641 0.298682 0.166928 -0.251675 0.237796 0.219257 0.946245 0.373565 
1535116822163 0.24586 0.928965 -0.276725 -0.640121 -0.939701 0.298449 0.167002 -0.251627 0.237727 0.21898 0.946326 0.373541 
1535116822179 0.245803 0.928989 -0.276696 -0.640172 -0.939712 0.298393 0.167043 -0.251624 0.237746 0.218955 0.946328 0.373524 
1535116822344 0.245743 0.928937 -0.276922 -0.640223 -0.939631 0.298465 0.167368 -0.251739 0.238126 0.219075 0.946204 0.37367 
1535116822546 0.245191 0.92857 -0.278638 -0.640392 -0.93958 0.298427 0.167724 -0.252072 0.238897 0.220678 0.945637 0.373662 
1535116822581 0.244918 0.928531 -0.279008 -0.640503 -0.939602 0.298278 0.167862 -0.252192 0.239087 0.221044 0.945504 0.373667 
1535116822721 0.244481 0.928484 -0.279547 -0.640681 -0.939569 0.298094 0.168376 -0.252252 0.239666 0.221488 0.945253 0.373785 
1535116822763 0.244188 0.928376 -0.280161 -0.640812 -0.93959 0.297977 0.168467 -0.252411 0.239882 0.222099 0.945055 0.373733 
1535116822899 0.243966 0.928304 -0.280593 -0.640948 -0.939484 0.297995 0.169025 -0.252584 0.240522 0.222376 0.944827 0.373927 
1535116822953 0.2437 0.928236 -0.281049 -0.641054 -0.939512 0.297861 0.169104 -0.25277 0.240682 0.222838 0.944677 0.373892 
1535116823061 0.243644 0.928028 -0.281783 -0.641218 -0.939395 0.298063 0.169398 -0.252983 0.241195 0.223432 0.944406 0.37394 
1535116823077 0.243558 0.928032 -0.281844 -0.641233 -0.939404 0.298004 0.169448 -0.253 0.241244 0.223495 0.944379 0.373956 
1535116823269 0.243114 0.928294 -0.281364 -0.641199 -0.939539 0.297474 0.169633 -0.253047 0.241168 0.223113 0.944489 0.374012 
1535116823428 0.242265 0.928664 -0.280876 -0.641181 -0.939604 0.296717 0.170598 -0.25301 0.241769 0.222582 0.94446 0.374085 
1535116823583 0.241522 0.928839 -0.280938 -0.641247 -0.939706 0.2961 0.171106 -0.253131 0.242115 0.222673 0.94435 0.374088 
1535116823747 0.240988 0.928968 -0.280968 -0.641315 -0.939689 0.295738 0.171827 -0.253307 0.242714 0.222614 0.94421 0.374209 
1535116823910 0.240446 0.929109 -0.280968 -0.641377 -0.939692 0.295344 0.172483 -0.253509 0.243238 0.22255 0.94409 0.374343 
1535116824090 0.239721 0.929312 -0.280913 -0.641409 -0.939761 0.294749 0.173125 -0.253627 0.243686 0.22249 0.943989 0.37442 
1535116824323 0.238449 0.92962 -0.280977 -0.641506 -0.939879 0.293735 0.174207 -0.253944 0.244479 0.222544 0.943771 0.374485 
1535116824584 0.238127 0.929739 -0.280856 -0.641542 -0.939812 0.293539 0.174894 -0.254126 0.245048 0.222305 0.94368 0.374584 
1535116824607 0.238121 0.929739 -0.280863 -0.641543 -0.939812 0.293535 0.174899 -0.254124 0.245054 0.222311 0.943677 0.37458 
1535116824799 0.237711 0.930015 -0.280296 -0.641513 -0.940065 0.292903 0.174602 -0.254066 0.244482 0.221991 0.943901 0.374515 
1535116824991 0.23711 0.930454 -0.279346 -0.641537 -0.940348 0.292031 0.174535 -0.254257 0.243975 0.221299 0.944195 0.374391 
1535116825229 0.236133 0.931086 -0.278065 -0.641539 -0.940699 0.290764 0.174764 -0.254652 0.243571 0.220307 0.94453 0.374432 
1535116825293 0.235872 0.931331 -0.277464 -0.64153 -0.94082 0.290351 0.174797 -0.254762 0.243356 0.219814 0.944701 0.374415 
1535116825767 0.235448 0.931608 -0.276895 -0.641602 -0.940919 0.289845 0.175104 -0.254856 0.243385 0.219308 0.944811 0.37443 
1535116825932 0.235495 0.931596 -0.276897 -0.641557 -0.940911 0.289888 0.175079 -0.25479 0.243371 0.219305 0.944815 0.374456 
1535116825949 0.235739 0.931483 -0.277068 -0.641557 -0.940838 0.290163 0.175009 -0.254764 0.243413 0.21942 0.944778 0.374439 
1535116825976 0.235987 0.931336 -0.277351 -0.64156 -0.940773 0.290456 0.174876 -0.254734 0.243427 0.219656 0.944719 0.374384 
1535116826022 0.235978 0.931331 -0.277373 -0.64152 -0.940834 0.290399 0.174644 -0.254711 0.2432 0.21975 0.944756 0.374336 
1535116826113 0.236343 0.931297 -0.277178 -0.641461 -0.940815 0.290645 0.174335 -0.254769 0.242917 0.21957 0.94487 0.374303 
1535116826135 0.236692 0.931328 -0.276777 -0.641402 -0.940778 0.290857 0.17418 -0.254807 0.242721 0.219159 0.945016 0.374324 
1535116826163 0.236992 0.931338 -0.276486 -0.641356 -0.940747 0.29105 0.174027 -0.254841 0.242549 0.21886 0.94513 0.374331 
1535116826185 0.237212 0.931332 -0.276319 -0.641324 -0.940736 0.291188 0.173853 -0.254871 0.242376 0.218703 0.94521 0.374304 
1535116826529 0.238206 0.931305 -0.275552 -0.641153 -0.940663 0.291834 0.173162 -0.254898 0.241682 0.217954 0.945561 0.374163 
1535116826545 0.238166 0.9313 -0.275603 -0.641166 -0.940649 0.291828 0.173251 -0.254896 0.241777 0.217983 0.94553 0.374169 
1535116826821 0.238836 0.931161 -0.275495 -0.640883 -0.940673 0.292272 0.172368 -0.254521 0.241021 0.217983 0.945723 0.374371 
1535116826997 0.239617 0.931043 -0.275212 -0.640652 -0.940702 0.292762 0.171379 -0.254494 0.240133 0.217827 0.945985 0.374358 
1535116827174 0.240358 0.930941 -0.274912 -0.640462 -0.940695 0.293249 0.170578 -0.254349 0.239416 0.217608 0.946217 0.374363 
1535116827435 0.241761 0.930769 -0.274263 -0.640071 -0.940622 0.294212 0.169318 -0.254059 0.238288 0.217044 0.946631 0.374455 
1535116827620 0.242496 0.930708 -0.273823 -0.639832 -0.940662 0.294627 0.168375 -0.25395 0.237384 0.216744 0.946927 0.374489 
1535116827801 0.243323 0.930599 -0.273459 -0.639605 -0.940626 0.29519 0.167585 -0.253878 0.236677 0.216446 0.947172 0.374481 
1535116827961 0.243922 0.930521 -0.273191 -0.639422 -0.940578 0.295618 0.167103 -0.253804 0.236253 0.216198 0.947335 0.374522 
1535116828231 0.243578 0.930525 -0.273484 -0.639107 -0.940523 0.295473 0.167665 -0.253698 0.236824 0.216379 0.947151 0.374619 
1535116828435 0.24358 0.930585 -0.273278 -0.638771 -0.940378 0.295569 0.168309 -0.253459 0.237398 0.215988 0.947096 0.374785 
1535116828635 0.243719 0.930469 -0.273547 -0.638457 -0.940305 0.295784 0.168337 -0.253355 0.237543 0.216191 0.947014 0.374764 
1535116828900 0.244077 0.930435 -0.273344 -0.637758 -0.940081 0.29621 0.168843 -0.253058 0.238065 0.215755 0.946982 0.375105 
1535116829103 0.244161 0.930423 -0.273311 -0.637386 -0.940025 0.296315 0.168969 -0.252937 0.238199 0.215664 0.946969 0.375111 
1535116829316 0.244446 0.93036 -0.27327 -0.637 -0.939863 0.29666 0.169263 -0.252811 0.238543 0.215461 0.946929 0.375275 
1535116829503 0.244652 0.930281 -0.273353 -0.636647 -0.939801 0.29688 0.169224 -0.252797 0.238579 0.215496 0.946911 0.375292 
1535116829925 0.244682 0.930281 -0.273328 -0.636394 -0.939746 0.296946 0.169412 -0.252647 0.238764 0.215407 0.946885 0.375416 
1535116830299 0.244573 0.930279 -0.273433 -0.635498 -0.939668 0.296957 0.169822 -0.25216 0.23918 0.215402 0.946781 0.375728 
1535116830617 0.244731 0.930121 -0.273827 -0.634591 -0.939501 0.297293 0.170159 -0.251774 0.239676 0.215618 0.946607 0.376041 
1535116830920 0.245063 0.929903 -0.274271 -0.633662 -0.939275 0.297818 0.17049 -0.251442 0.240222 0.215835 0.946419 0.376282 
1535116831144 0.245244 0.929843 -0.274313 -0.633208 -0.939163 0.298057 0.170689 -0.251221 0.240475 0.215764 0.946371 0.376475 
1535116831364 0.245787 0.929575 -0.274734 -0.6327 -0.938951 0.298716 0.170702 -0.251213 0.240748 0.216005 0.946246 0.376562 
1535116831394 0.245719 0.929601 -0.274706 -0.632586 -0.938967 0.298648 0.170735 -0.251123 0.240756 0.215987 0.946248 0.376613 
1535116831579 0.245706 0.929536 -0.274939 -0.632483 -0.938944 0.298702 0.170765 -0.251106 0.240857 0.216194 0.946175 0.376598 
1535116831922 0.245444 0.929149 -0.276478 -0.631156 -0.938293 0.299379 0.173141 -0.250759 0.243646 0.216921 0.945295 0.377042 
1535116832226 0.245109 0.928995 -0.27729 -0.630302 -0.938002 0.299548 0.174424 -0.250435 0.2451 0.217346 0.944821 0.377391 
1535116832459 0.244936 0.928877 -0.277836 -0.629915 -0.937826 0.299681 0.175138 -0.250221 0.245944 0.217665 0.944528 0.377552 
1535116832742 0.244643 0.928675 -0.278769 -0.629034 -0.937468 0.299961 0.176568 -0.249924 0.247594 0.218141 0.943987 0.377818 
1535116832786 0.24479 0.928589 -0.278928 -0.628825 -0.937345 0.300206 0.176805 -0.249958 0.247915 0.218172 0.943896 0.377873 
1535116832801 0.24491 0.928541 -0.278982 -0.628797 -0.937293 0.30035 0.176837 -0.24999 0.247993 0.218179 0.943874 0.377868 
1535116833065 0.24418 0.928708 -0.279066 -0.628357 -0.937313 0.299819 0.177631 -0.249521 0.248637 0.218199 0.9437 0.378155 
1535116833345 0.244079 0.928508 -0.279819 -0.627735 -0.937071 0.300102 0.17843 -0.249409 0.249648 0.21866 0.943326 0.378359 
1535116833505 0.244397 0.928293 -0.280253 -0.627369 -0.936801 0.300652 0.178917 -0.249481 0.250346 0.218815 0.943105 0.378397 
1535116833744 0.243806 0.928309 -0.280716 -0.626818 -0.936706 0.300395 0.179844 -0.249066 0.251276 0.219101 0.942791 0.378619 
1535116833916 0.243881 0.928218 -0.28095 -0.626434 -0.936554 0.300629 0.180249 -0.24907 0.251772 0.219165 0.942644 0.378751 
1535116833962 0.243651 0.92831 -0.280846 -0.626337 -0.936591 0.300408 0.180421 -0.248933 0.251855 0.219078 0.942642 0.378825 
1535116833994 0.243608 0.928314 -0.280869 -0.626297 -0.936585 0.300387 0.180489 -0.248903 0.25192 0.219089 0.942622 0.378843 
1535116834226 0.243959 0.928172 -0.281034 -0.626131 -0.936584 0.300675 0.180015 -0.248889 0.251585 0.219296 0.942663 0.378807 
1535116834410 0.24411 0.928154 -0.280965 -0.625823 -0.936601 0.300756 0.179789 -0.248831 0.251374 0.219264 0.942727 0.378913 
1535116834745 0.243887 0.928281 -0.280738 -0.624865 -0.936828 0.300352 0.17928 -0.248062 0.250742 0.21928 0.942892 0.379274 
1535116835025 0.244391 0.928131 -0.280797 -0.624281 -0.936837 0.300721 0.178614 -0.247963 0.250218 0.219409 0.943001 0.37943 
1535116835164 0.244619 0.928008 -0.281002 -0.624072 -0.936845 0.300919 0.178239 -0.24795 0.249966 0.219655 0.94301 0.379387 
1535116835191 0.244627 0.928003 -0.281014 -0.624069 -0.936851 0.300922 0.178204 -0.247959 0.249937 0.219675 0.943013 0.379376 
1535116835427 0.244258 0.928289 -0.280389 -0.623792 -0.936826 0.300557 0.17895 -0.247637 0.25039 0.218966 0.943058 0.379553 
1535116835463 0.244428 0.928332 -0.280097 -0.623602 -0.936742 0.300696 0.179155 -0.247572 0.250539 0.218588 0.943106 0.37965 
1535116835656 0.244351 0.928509 -0.279579 -0.623204 -0.93675 0.300534 0.179384 -0.247347 0.250582 0.218063 0.943216 0.379715 
1535116835848 0.24458 0.928437 -0.279617 -0.622807 -0.936628 0.300813 0.179551 -0.247317 0.250815 0.217982 0.943173 0.379688 
1535116835899 0.244472 0.928554 -0.279322 -0.622641 -0.936655 0.300655 0.17968 -0.24717 0.250822 0.217702 0.943236 0.37976 
1535116835915 0.244481 0.928567 -0.279269 -0.622592 -0.93665 0.300656 0.179704 -0.247156 0.250832 0.217643 0.943247 0.379766 
1535116836126 0.244408 0.928446 -0.279736 -0.622388 -0.936462 0.300856 0.180348 -0.247044 0.251604 0.217883 0.942986 0.379842 
1535116836249 0.244691 0.928195 -0.280322 -0.62212 -0.936136 0.301458 0.181034 -0.24717 0.25254 0.218122 0.94268 0.379892 
1535116836485 0.244439 0.928138 -0.280729 -0.621711 -0.93594 0.301523 0.181933 -0.246927 0.253505 0.218274 0.942386 0.380019 
1535116836545 0.244416 0.928148 -0.280718 -0.621458 -0.935847 0.301583 0.182311 -0.246888 0.253871 0.21815 0.942316 0.380108 
1535116836697 0.244308 0.92813 -0.280869 -0.621269 -0.93573 0.301636 0.182827 -0.246718 0.254407 0.218152 0.942171 0.380174 
1535116836808 0.244615 0.927941 -0.281228 -0.620994 -0.935494 0.302132 0.183215 -0.246807 0.254981 0.21827 0.941989 0.380239 
1535116837092 0.244447 0.92789 -0.28154 -0.620788 -0.935352 0.302193 0.183838 -0.246679 0.255661 0.218401 0.941774 0.380253 
1535116837310 0.244523 0.927967 -0.281224 -0.620797 -0.935544 0.302021 0.183142 -0.24665 0.254886 0.218314 0.942004 0.380386 
1535116837628 0.245165 0.927794 -0.281235 -0.619938 -0.935347 0.30266 0.18309 -0.246179 0.254988 0.218165 0.942011 0.380649 
1535116837896 0.245713 0.927579 -0.281463 -0.619286 -0.935256 0.303183 0.182694 -0.24588 0.254798 0.21835 0.94202 0.380753 
1535116838125 0.246244 0.927516 -0.281208 -0.618813 -0.93539 0.303404 0.181636 -0.245768 0.25379 0.218313 0.942301 0.380935 
1535116838438 0.246681 0.927643 -0.280404 -0.617992 -0.935795 0.303216 0.179857 -0.245311 0.251866 0.218033 0.942881 0.38116 
1535116838601 0.247011 0.927588 -0.280295 -0.617764 -0.935874 0.303365 0.179193 -0.24525 0.251249 0.218059 0.94304 0.381226 
1535116838959 0.247137 0.927539 -0.280349 -0.617555 -0.935938 0.303411 0.178778 -0.245162 0.250885 0.218206 0.943103 0.381227 
1535116839225 0.247293 0.927629 -0.279911 -0.617263 -0.935823 0.303539 0.179162 -0.244979 0.251159 0.217642 0.94316 0.381401 
1535116839625 0.247976 0.927855 -0.278554 -0.615577 -0.935854 0.303746 0.178648 -0.244263 0.250369 0.216385 0.943659 0.381642 
1535116839960 0.248525 0.927926 -0.277829 -0.614462 -0.935803 0.304049 0.178398 -0.243738 0.250014 0.215657 0.94392 0.381864 
1535116839999 0.248554 0.927966 -0.277669 -0.614332 -0.935822 0.304023 0.178344 -0.243593 0.249915 0.21552 0.943978 0.381865 
1535116840173 0.249014 0.927804 -0.277798 -0.614184 -0.935676 0.304507 0.178285 -0.243748 0.250005 0.215534 0.943951 0.381889 
1535116840273 0.248442 0.927897 -0.277999 -0.614022 -0.93556 0.304231 0.179362 -0.243446 0.251006 0.215524 0.943687 0.381966 
1535116840408 0.248909 0.92772 -0.278172 -0.613723 -0.935285 0.30484 0.179764 -0.243517 0.251569 0.215425 0.94356 0.382088 
1535116840622 0.248835 0.927724 -0.278226 -0.613255 -0.935021 0.305022 0.180826 -0.243228 0.252621 0.215152 0.943341 0.382238 
1535116840831 0.248914 0.927627 -0.278479 -0.6128 -0.934751 0.305358 0.18165 -0.243026 0.253539 0.215093 0.943108 0.382385 
1535116840937 0.249215 0.927499 -0.278635 -0.612519 -0.934546 0.305782 0.181994 -0.243077 0.254 0.215041 0.942996 0.382431 
1535116841442 0.249273 0.927466 -0.278694 -0.612286 -0.934361 0.305992 0.18259 -0.242938 0.254624 0.214886 0.942863 0.38249 
1535116841747 0.249058 0.927554 -0.278591 -0.611618 -0.93452 0.30568 0.182294 -0.242744 0.254247 0.214947 0.942951 0.382763 
1535116842008 0.249154 0.927482 -0.278746 -0.610932 -0.934392 0.30589 0.182601 -0.242503 0.254625 0.214962 0.942846 0.382917 
1535116842183 0.249188 0.927403 -0.278978 -0.610606 -0.934343 0.306002 0.182665 -0.242345 0.254772 0.215143 0.942764 0.382891 
1535116842461 0.249381 0.927347 -0.278993 -0.60983 -0.934176 0.306286 0.183041 -0.242161 0.255194 0.214982 0.942687 0.383172 
1535116842655 0.249372 0.927286 -0.279201 -0.609499 -0.934152 0.30634 0.183071 -0.242033 0.255289 0.215164 0.94262 0.3832 
1535116842948 0.249343 0.92723 -0.279415 -0.609304 -0.934112 0.306396 0.183186 -0.241902 0.255467 0.215328 0.942534 0.383199 
1535116842973 0.249318 0.927238 -0.279411 -0.609311 -0.934118 0.306371 0.183194 -0.241885 0.255468 0.215329 0.942534 0.383198 
1535116843196 0.249506 0.927445 -0.278553 -0.609005 -0.934219 0.306254 0.182877 -0.241754 0.254916 0.214601 0.942849 0.383247 
1535116843416 0.249485 0.927757 -0.277531 -0.608546 -0.934457 0.305837 0.182356 -0.241428 0.254061 0.213846 0.943251 0.38342 
1535116843620 0.249722 0.927863 -0.276963 -0.608053 -0.934587 0.305789 0.18177 -0.241187 0.25335 0.213454 0.943531 0.383335 
1535116843674 0.249649 0.927988 -0.276611 -0.60783 -0.934662 0.305603 0.181696 -0.241021 0.253145 0.213178 0.943649 0.38338 
1535116843827 0.249807 0.928074 -0.276178 -0.607535 -0.934675 0.305623 0.181594 -0.24095 0.252939 0.212774 0.943795 0.38349 
1535116843958 0.250019 0.928091 -0.275931 -0.607296 -0.93474 0.305675 0.181175 -0.240835 0.252492 0.212627 0.943948 0.383404 
1535116844106 0.250053 0.928093 -0.275894 -0.607318 -0.934712 0.305716 0.181248 -0.240869 0.25256 0.212559 0.943945 0.383461 
1535116844162 0.249976 0.928276 -0.275346 -0.607322 -0.934715 0.30555 0.181512 -0.240762 0.252625 0.211996 0.944054 0.383469 
1535116844361 0.25048 0.928501 -0.274128 -0.607138 -0.934818 0.305594 0.180905 -0.240728 0.251743 0.210947 0.944525 0.383365 
1535116844481 0.250661 0.928718 -0.273227 -0.606956 -0.934905 0.305479 0.180654 -0.240505 0.251242 0.210158 0.944834 0.38323 
1535116844545 0.250832 0.928853 -0.272609 -0.606862 -0.934964 0.305435 0.180423 -0.24048 0.250851 0.209623 0.945057 0.383219 
1535116844618 0.250763 0.929049 -0.272003 -0.606741 -0.935064 0.305182 0.18033 -0.240331 0.250546 0.20912 0.945249 0.38323 
1535116844686 0.251078 0.92917 -0.271298 -0.606615 -0.935068 0.305274 0.180156 -0.240223 0.250216 0.208449 0.945485 0.383199 
1535116844703 0.251171 0.929201 -0.271108 -0.606579 -0.935076 0.305298 0.180073 -0.240198 0.250092 0.208277 0.945555 0.38317 
1535116844719 0.251171 0.929244 -0.270958 -0.60655 -0.935108 0.305242 0.18 -0.240174 0.249972 0.208164 0.945612 0.383137 
1535116844739 0.251136 0.929263 -0.270926 -0.606537 -0.935138 0.305185 0.179941 -0.240148 0.249896 0.208164 0.945632 0.383098 
1535116844925 0.251102 0.929298 -0.270837 -0.606699 -0.935169 0.305118 0.179895 -0.240166 0.249813 0.208106 0.945667 0.383101 
1535116844950 0.251218 0.929397 -0.270389 -0.606659 -0.935216 0.305077 0.179721 -0.240189 0.249521 0.207723 0.945828 0.38309 
1535116845051 0.251582 0.92939 -0.270076 -0.606655 -0.935248 0.305257 0.179249 -0.24027 0.249035 0.207492 0.946007 0.382959 
1535116845201 0.252015 0.929559 -0.269087 -0.606655 -0.935355 0.305294 0.178622 -0.240185 0.24819 0.206677 0.946407 0.382862 
1535116845213 0.252072 0.929582 -0.268956 -0.606653 -0.935373 0.305296 0.178528 -0.240177 0.248067 0.206572 0.946462 0.382846 
