1533677982274 -0.187255 0.845429 -0.500189 -0.597268 -0.975202 -0.0988634 0.197988 -0.255126 0.117931 0.524856 0.842977 0.407261 
1533677982284 -0.167295 0.798955 -0.577654 -0.608129 -0.976884 -0.0552433 0.20651 -0.256016 0.13308 0.598848 0.789728 0.415076 
1533677982287 0 0 0 0 0 0 0 0 0 0 0 0 
1533677982290 0 0 0 0 0 0 0 0 0 0 0 0 
1533677982294 0 0 0 0 0 0 0 0 0 0 0 0 
1533677982304 -0.148695 0.7449 -0.650395 -0.618996 -0.97745 -0.0109899 0.210881 -0.256909 0.149937 0.667086 0.729736 0.42289 
1533677982314 -0.13163 0.683779 -0.717718 -0.629862 -0.9769 0.0334794 0.21106 -0.257802 0.168347 0.728921 0.663577 0.430704 
1533677982324 -0.116261 0.616176 -0.77898 -0.640727 -0.975238 0.0777397 0.207045 -0.258694 0.188134 0.783762 0.59188 0.438518 
1533677982334 -0.102737 0.542736 -0.833596 -0.651591 -0.972481 0.121369 0.198874 -0.259585 0.209109 0.831088 0.515331 0.446331 
1533677982344 -0.0911847 0.464159 -0.881046 -0.662452 -0.968654 0.163951 0.186626 -0.260474 0.231073 0.870446 0.43466 0.454144 
1533677982354 -0.0817142 0.381195 -0.920876 -0.673308 -0.963795 0.205081 0.170415 -0.261359 0.253815 0.901461 0.350636 0.461955 
1533677982364 -0.0744116 0.294637 -0.952708 -0.684149 -0.957949 0.244366 0.150394 -0.262232 0.277121 0.923837 0.264063 0.469759 
1533677982374 -0.0684915 0.205608 -0.976235 -0.692685 -0.951189 0.281688 0.126062 -0.261157 0.300913 0.937218 0.176279 0.476596 
1533677982401 0 0 0 0 0 0 0 0 0 0 0 0 
1533677982401 0 0 0 0 0 0 0 0 0 0 0 0 
1533677982405 0 0 0 0 0 0 0 0 0 0 0 0 
1533677982415 -0.0684915 0.205608 -0.976235 -0.692685 -0.951189 0.281688 0.126062 -0.261157 0.300913 0.937218 0.176279 0.476596 
1533677982425 -0.0666124 0.114051 -0.991239 -0.705937 -0.94353 0.315913 0.0997549 -0.264054 0.324522 0.941908 0.0865667 0.4854 
1533677982435 -0.0666106 0.114052 -0.991239 -0.705937 -0.943529 0.315914 0.0997535 -0.264054 0.324524 0.941908 0.0865678 0.4854 
1533677982438 0 0 0 0 0 0 0 0 0 0 0 0 
1533677982442 0 0 0 0 0 0 0 0 0 0 0 0 
1533677982445 0 0 0 0 0 0 0 0 0 0 0 0 
1533677982455 -0.0666087 0.114052 -0.991239 -0.705937 -0.943529 0.315916 0.099752 -0.264054 0.324525 0.941907 0.086569 0.4854 
1533677982465 -0.0666068 0.114053 -0.991239 -0.705937 -0.943529 0.315917 0.0997506 -0.264054 0.324526 0.941907 0.0865701 0.4854 
1533677982475 -0.0666049 0.114054 -0.991239 -0.705937 -0.943528 0.315919 0.0997492 -0.264054 0.324528 0.941906 0.0865712 0.4854 
1533677982485 -0.0666031 0.114054 -0.991239 -0.705937 -0.943528 0.31592 0.0997478 -0.264054 0.324529 0.941906 0.0865724 0.4854 
1533677982495 -0.0666012 0.114055 -0.991239 -0.705937 -0.943528 0.315921 0.0997464 -0.264054 0.32453 0.941905 0.0865735 0.4854 
1533677982505 -0.0665993 0.114056 -0.99124 -0.705937 -0.943527 0.315923 0.099745 -0.264054 0.324532 0.941904 0.0865746 0.485401 
1533677982515 -0.066494 0.114099 -0.991242 -0.705712 -0.943527 0.31595 0.0996612 -0.263846 0.324555 0.94189 0.0866463 0.485272 
1533677982539 -0.066494 0.114099 -0.991242 -0.705712 -0.943527 0.31595 0.0996612 -0.263846 0.324555 0.94189 0.0866463 0.485272 
1533677982542 0 0 0 0 0 0 0 0 0 0 0 0 
1533677982553 -0.0665953 0.114058 -0.99124 -0.705939 -0.943526 0.315926 0.099742 -0.264056 0.324535 0.941903 0.0865772 0.485402 
1533677982563 -0.0665943 0.114058 -0.99124 -0.705939 -0.943526 0.315927 0.0997413 -0.264056 0.324536 0.941903 0.086578 0.485402 
1533677982573 -0.0665932 0.114059 -0.99124 -0.705939 -0.943526 0.315928 0.0997406 -0.264056 0.324536 0.941902 0.0865788 0.485402 
1533677982583 -0.0665922 0.114059 -0.99124 -0.705939 -0.943526 0.315929 0.0997399 -0.264056 0.324537 0.941902 0.0865796 0.485402 
1533677982593 -0.0665912 0.11406 -0.99124 -0.705939 -0.943526 0.315929 0.0997392 -0.264056 0.324538 0.941902 0.0865805 0.485402 
1533677982603 -0.0665902 0.114061 -0.99124 -0.705939 -0.943525 0.31593 0.0997385 -0.264056 0.324539 0.941901 0.0865813 0.485402 
1533677982613 -0.0665891 0.114061 -0.99124 -0.705939 -0.943525 0.315931 0.0997378 -0.264056 0.324539 0.941901 0.0865821 0.485402 
1533677982623 -0.0665881 0.114062 -0.99124 -0.705939 -0.943525 0.315932 0.0997371 -0.264056 0.32454 0.941901 0.0865829 0.485402 
1533677982633 -0.0665871 0.114062 -0.99124 -0.705939 -0.943525 0.315932 0.0997364 -0.264056 0.324541 0.9419 0.0865837 0.485402 
1533677982659 -0.0665871 0.114062 -0.99124 -0.705939 -0.943525 0.315932 0.0997364 -0.264056 0.324541 0.9419 0.0865837 0.485402 
1533677982662 0 0 0 0 0 0 0 0 0 0 0 0 
1533677982672 -0.0666513 0.113967 -0.991246 -0.705896 -0.943533 0.315899 0.0997632 -0.264051 0.324503 0.941923 0.0864768 0.485304 
1533677982682 -0.0667121 0.113873 -0.991253 -0.705841 -0.943542 0.315865 0.0997871 -0.264037 0.324466 0.941946 0.0863723 0.4852 
1533677982692 -0.0667725 0.11378 -0.99126 -0.705786 -0.943551 0.315832 0.0998108 -0.264022 0.324428 0.941968 0.0862679 0.485095 
1533677982702 -0.0668331 0.113686 -0.991266 -0.705731 -0.943559 0.315799 0.0998347 -0.264007 0.32439 0.941991 0.0861634 0.484992 
1533677982712 -0.0668936 0.113592 -0.991273 -0.705677 -0.943568 0.315765 0.0998585 -0.263993 0.324353 0.942013 0.0860589 0.484887 
1533677982722 -0.0669546 0.113498 -0.99128 -0.705623 -0.943577 0.315732 0.0998827 -0.263979 0.324315 0.942036 0.0859542 0.484784 
1533677982732 -0.0670148 0.113404 -0.991286 -0.705568 -0.943585 0.315699 0.0999063 -0.263964 0.324278 0.942058 0.0858499 0.484679 
1533677982742 -0.0670751 0.11331 -0.991293 -0.705512 -0.943594 0.315665 0.0999299 -0.263949 0.32424 0.942081 0.0857456 0.484575 
1533677982752 -0.0671358 0.113216 -0.9913 -0.705458 -0.943602 0.315632 0.0999539 -0.263935 0.324202 0.942103 0.085641 0.484471 
1533677982780 -0.0671358 0.113216 -0.9913 -0.705458 -0.943602 0.315632 0.0999539 -0.263935 0.324202 0.942103 0.085641 0.484471 
1533677982783 0 0 0 0 0 0 0 0 0 0 0 0 
1533677982793 -0.0671686 0.11339 -0.991277 -0.705375 -0.94354 0.315787 0.100056 -0.263882 0.324378 0.942031 0.0857772 0.484443 
1533677982803 -0.0671414 0.113658 -0.991249 -0.705347 -0.943469 0.315974 0.100135 -0.263845 0.32459 0.941935 0.0860174 0.484519 
1533677982813 -0.0671132 0.113925 -0.99122 -0.705318 -0.943397 0.316162 0.100213 -0.263806 0.324803 0.94184 0.0862583 0.484595 
1533677982823 -0.0670854 0.114193 -0.991191 -0.705289 -0.943326 0.31635 0.100292 -0.263768 0.325016 0.941744 0.0864988 0.48467 
1533677982833 -0.067058 0.11446 -0.991162 -0.705261 -0.943255 0.316538 0.100371 -0.26373 0.325228 0.941649 0.0867389 0.484747 
1533677982843 -0.0670299 0.114728 -0.991133 -0.705232 -0.943183 0.316725 0.100449 -0.263692 0.325441 0.941553 0.0869795 0.484822 
1533677982853 -0.0670023 0.114995 -0.991104 -0.705205 -0.943112 0.316913 0.100529 -0.263655 0.325654 0.941458 0.0872196 0.484899 
1533677982863 -0.066974 0.115263 -0.991075 -0.705175 -0.943041 0.3171 0.100607 -0.263616 0.325867 0.941362 0.0874602 0.484974 
1533677982873 -0.0669462 0.11553 -0.991045 -0.705148 -0.942969 0.317288 0.100686 -0.263579 0.326079 0.941266 0.0877004 0.485051 
1533677982900 0 0 0 0 0 0 0 0 0 0 0 0 
1533677982900 0 0 0 0 0 0 0 0 0 0 0 0 
1533677982904 0 0 0 0 0 0 0 0 0 0 0 0 
1533677982914 -0.0669462 0.11553 -0.991045 -0.705148 -0.942969 0.317288 0.100686 -0.263579 0.326079 0.941266 0.0877004 0.485051 
1533677982924 -0.0671132 0.115657 -0.991019 -0.705151 -0.943014 0.317096 0.100869 -0.263497 0.325915 0.941315 0.0877846 0.485284 
1533677982934 -0.0673148 0.115513 -0.991022 -0.705197 -0.94313 0.316716 0.100978 -0.263466 0.325537 0.941461 0.087624 0.48545 
1533677982944 -0.0675157 0.115369 -0.991026 -0.705241 -0.943246 0.316335 0.101086 -0.263434 0.325158 0.941606 0.087464 0.485615 
1533677982954 -0.0677162 0.115226 -0.991029 -0.705285 -0.943362 0.315955 0.101195 -0.263402 0.32478 0.941751 0.0873042 0.48578 
1533677982964 -0.0679169 0.115082 -0.991032 -0.70533 -0.943478 0.315574 0.101303 -0.26337 0.324402 0.941897 0.0871442 0.485945 
1533677982974 -0.0681177 0.114938 -0.991034 -0.705375 -0.943594 0.315193 0.101412 -0.263338 0.324023 0.942042 0.0869843 0.48611 
1533677982984 -0.0683185 0.114794 -0.991037 -0.705419 -0.943709 0.314812 0.101521 -0.263306 0.323645 0.942187 0.0868243 0.486275 
1533677982994 -0.0685187 0.11465 -0.99104 -0.705463 -0.943824 0.314432 0.10163 -0.263274 0.323266 0.942331 0.0866647 0.48644 
1533677983004 -0.0687195 0.114505 -0.991043 -0.705508 -0.943939 0.314051 0.101739 -0.263242 0.322887 0.942476 0.0865047 0.486605 
1533677983029 0 0 0 0 0 0 0 0 0 0 0 0 
1533677983029 0 0 0 0 0 0 0 0 0 0 0 0 
1533677983033 0 0 0 0 0 0 0 0 0 0 0 0 
1533677983043 -0.0687195 0.114505 -0.991043 -0.705508 -0.943939 0.314051 0.101739 -0.263242 0.322887 0.942476 0.0865047 0.486605 
1533677983053 -0.0694895 0.114326 -0.99101 -0.705415 -0.94413 0.31328 0.102343 -0.263438 0.322164 0.942754 0.086169 0.486745 
1533677983063 -0.0700586 0.114291 -0.990974 -0.705275 -0.944205 0.31289 0.102839 -0.263664 0.32182 0.942888 0.0859935 0.486719 
1533677983073 -0.0706286 0.114255 -0.990938 -0.705138 -0.94428 0.3125 0.103335 -0.263892 0.321475 0.943021 0.0858176 0.486695 
1533677983083 -0.0711982 0.11422 -0.990901 -0.705 -0.944355 0.31211 0.10383 -0.26412 0.32113 0.943155 0.0856421 0.48667 
1533677983093 -0.0717671 0.114184 -0.990864 -0.70486 -0.944429 0.311721 0.104326 -0.264346 0.320785 0.943288 0.0854672 0.486644 
1533677983103 -0.0723368 0.114147 -0.990827 -0.704723 -0.944503 0.311331 0.104821 -0.264574 0.32044 0.943421 0.085292 0.486619 
1533677983113 -0.0729065 0.114111 -0.990789 -0.704585 -0.944576 0.310941 0.105317 -0.264801 0.320094 0.943554 0.0851169 0.486594 
1533677983123 -0.0734756 0.114074 -0.990751 -0.704446 -0.944649 0.310551 0.105813 -0.265028 0.319749 0.943687 0.0849424 0.486569 
1533677983133 -0.0740446 0.114038 -0.990713 -0.704307 -0.944722 0.310161 0.106309 -0.265255 0.319403 0.94382 0.084768 0.486543 
1533677983161 -0.0740446 0.114038 -0.990713 -0.704307 -0.944722 0.310161 0.106309 -0.265255 0.319403 0.94382 0.084768 0.486543 
1533677983164 0 0 0 0 0 0 0 0 0 0 0 0 
1533677983174 -0.0745642 0.113715 -0.990711 -0.704124 -0.944869 0.309594 0.10665 -0.265352 0.318846 0.944045 0.0843614 0.486375 
1533677983184 -0.0745169 0.113429 -0.990748 -0.704088 -0.944944 0.309418 0.106497 -0.265229 0.318635 0.944137 0.0841271 0.486235 
1533677983194 -0.0744699 0.113143 -0.990784 -0.704044 -0.945019 0.309241 0.106344 -0.265102 0.318423 0.944229 0.0838932 0.486095 
1533677983204 -0.0744204 0.112858 -0.99082 -0.703999 -0.945094 0.309064 0.106189 -0.264972 0.318211 0.944321 0.0836606 0.485952 
1533677983214 -0.0743702 0.112573 -0.990856 -0.703953 -0.945169 0.308888 0.106034 -0.264842 0.318 0.944413 0.0834284 0.485808 
1533677983224 -0.0743203 0.112288 -0.990892 -0.703908 -0.945244 0.308711 0.10588 -0.264712 0.317789 0.944504 0.0831959 0.485665 
1533677983234 -0.0742702 0.112003 -0.990929 -0.703862 -0.945319 0.308535 0.105725 -0.264581 0.317578 0.944596 0.0829634 0.485521 
1533677983244 -0.0742206 0.111718 -0.990964 -0.703818 -0.945394 0.308358 0.105571 -0.264452 0.317366 0.944687 0.0827306 0.485378 
1533677983254 -0.0741702 0.111433 -0.991 -0.703772 -0.945469 0.308182 0.105416 -0.264321 0.317155 0.944779 0.0824982 0.485235 
1533677983274 0 0 0 0 0 0 0 0 0 0 0 0 
1533677983274 0 0 0 0 0 0 0 0 0 0 0 0 
1533677983284 -0.0741702 0.111433 -0.991 -0.703772 -0.945469 0.308182 0.105416 -0.264321 0.317155 0.944779 0.0824982 0.485235 
1533677983294 -0.0749511 0.11212 -0.990864 -0.703574 -0.945541 0.307645 0.106334 -0.264068 0.316757 0.944872 0.0829554 0.485166 
1533677983304 -0.0757828 0.113091 -0.99069 -0.703422 -0.945537 0.307285 0.107407 -0.263946 0.316571 0.944874 0.0836452 0.485242 
1533677983314 -0.0766146 0.114063 -0.990515 -0.703271 -0.945532 0.306923 0.108479 -0.263824 0.316385 0.944875 0.084335 0.485318 
1533677983324 -0.0774465 0.115033 -0.990338 -0.703119 -0.945526 0.30656 0.109551 -0.263702 0.3162 0.944875 0.0850251 0.485394 
1533677983334 -0.0782782 0.116004 -0.990159 -0.702966 -0.945519 0.306196 0.110622 -0.26358 0.316015 0.944874 0.0857155 0.485469 
1533677983344 -0.0791104 0.116974 -0.989979 -0.702814 -0.945512 0.305831 0.111693 -0.263458 0.315831 0.944873 0.0864059 0.485545 
1533677983354 -0.0799427 0.117944 -0.989797 -0.702663 -0.945503 0.305465 0.112764 -0.263336 0.315648 0.944871 0.0870963 0.485621 
1533677983364 -0.0807751 0.118913 -0.989614 -0.702511 -0.945493 0.305097 0.113835 -0.263214 0.315465 0.944868 0.0877869 0.485697 
1533677983374 -0.0816077 0.119882 -0.989428 -0.702359 -0.945482 0.304729 0.114905 -0.263092 0.315283 0.944864 0.0884777 0.485773 
1533677983400 0 0 0 0 0 0 0 0 0 0 0 0 
1533677983400 0 0 0 0 0 0 0 0 0 0 0 0 
1533677983404 0 0 0 0 0 0 0 0 0 0 0 0 
1533677983414 -0.0816077 0.119882 -0.989428 -0.702359 -0.945482 0.304729 0.114905 -0.263092 0.315283 0.944864 0.0884777 0.485773 
1533677983424 -0.0817923 0.121077 -0.989268 -0.702124 -0.945421 0.304711 0.115461 -0.262974 0.31542 0.944718 0.0895455 0.485647 
1533677983434 -0.0811434 0.121304 -0.989293 -0.70204 -0.94537 0.305063 0.114946 -0.262976 0.31574 0.944575 0.0899231 0.485444 
1533677983444 -0.0804949 0.12153 -0.989318 -0.701958 -0.945319 0.305414 0.114433 -0.26298 0.316059 0.944432 0.0903006 0.485242 
1533677983454 -0.079846 0.121757 -0.989343 -0.701875 -0.945267 0.305766 0.113919 -0.262983 0.316378 0.944289 0.0906783 0.48504 
1533677983464 -0.0791969 0.121983 -0.989368 -0.701791 -0.945215 0.306118 0.113405 -0.262986 0.316696 0.944146 0.0910564 0.484838 
1533677983474 -0.0785475 0.122209 -0.989391 -0.701708 -0.945162 0.306469 0.112891 -0.262988 0.317015 0.944003 0.0914347 0.484635 
1533677983484 -0.0778986 0.122434 -0.989415 -0.701625 -0.945109 0.306821 0.112378 -0.262992 0.317332 0.943859 0.0918127 0.484433 
1533677983494 -0.0772489 0.12266 -0.989438 -0.701541 -0.945056 0.307173 0.111864 -0.262994 0.31765 0.943716 0.0921914 0.484231 
1533677983504 -0.0765998 0.122885 -0.98946 -0.701458 -0.945002 0.307525 0.111351 -0.262998 0.317968 0.943572 0.0925699 0.484029 
1533677983530 0 0 0 0 0 0 0 0 0 0 0 0 
1533677983530 0 0 0 0 0 0 0 0 0 0 0 0 
1533677983533 0 0 0 0 0 0 0 0 0 0 0 0 
1533677983543 -0.0765998 0.122885 -0.98946 -0.701458 -0.945002 0.307525 0.111351 -0.262998 0.317968 0.943572 0.0925699 0.484029 
1533677983553 -0.0761402 0.124843 -0.989251 -0.701236 -0.94487 0.30785 0.111575 -0.262959 0.31847 0.943209 0.0945209 0.483766 
1533677983563 -0.0763303 0.126576 -0.989016 -0.701098 -0.944792 0.30782 0.112313 -0.262919 0.318655 0.942987 0.0960923 0.483707 
1533677983573 -0.0765199 0.128309 -0.988778 -0.70096 -0.944714 0.307789 0.11305 -0.262878 0.318841 0.942763 0.0976635 0.483647 
1533677983583 -0.0767089 0.130042 -0.988537 -0.700821 -0.944636 0.307757 0.113788 -0.262837 0.319026 0.942536 0.0992343 0.483587 
1533677983593 -0.0768975 0.131774 -0.988293 -0.700683 -0.944558 0.307724 0.114525 -0.262795 0.319213 0.942307 0.100805 0.483527 
1533677983603 -0.0770863 0.133505 -0.988046 -0.700545 -0.94448 0.307689 0.115263 -0.262755 0.319399 0.942074 0.102374 0.483468 
1533677983613 -0.0772741 0.135237 -0.987795 -0.700406 -0.944401 0.307653 0.116 -0.262713 0.319586 0.941839 0.103944 0.483408 
1533677983623 -0.0774621 0.136967 -0.987542 -0.700268 -0.944322 0.307616 0.116737 -0.262673 0.319773 0.941601 0.105513 0.483348 
1533677983633 -0.0776491 0.138698 -0.987286 -0.700129 -0.944244 0.307578 0.117474 -0.262631 0.319961 0.94136 0.107082 0.483288 
1533677983663 0 0 0 0 0 0 0 0 0 0 0 0 
1533677983663 0 0 0 0 0 0 0 0 0 0 0 0 
1533677983673 -0.0776491 0.138698 -0.987286 -0.700129 -0.944244 0.307578 0.117474 -0.262631 0.319961 0.94136 0.107082 0.483288 
1533677983683 -0.0793267 0.138901 -0.987124 -0.699872 -0.944396 0.306512 0.119023 -0.262776 0.319098 0.941678 0.106863 0.483673 
1533677983693 -0.08082 0.137371 -0.987217 -0.699765 -0.944625 0.305486 0.119841 -0.262972 0.318044 0.942235 0.105074 0.484124 
1533677983703 -0.0823112 0.135838 -0.987306 -0.699656 -0.944852 0.304461 0.120661 -0.263167 0.316986 0.942789 0.103286 0.484574 
1533677983713 -0.0838004 0.134304 -0.987391 -0.699548 -0.945076 0.303437 0.121482 -0.263362 0.315926 0.943339 0.101499 0.485024 
1533677983723 -0.0852879 0.132767 -0.987471 -0.699439 -0.945298 0.302413 0.122305 -0.263557 0.314863 0.943885 0.0997123 0.485474 
1533677983733 -0.0867737 0.131229 -0.987547 -0.699331 -0.945517 0.301391 0.12313 -0.263753 0.313796 0.944427 0.097926 0.485925 
1533677983743 -0.0882571 0.129688 -0.987619 -0.699222 -0.945734 0.30037 0.123957 -0.263947 0.312726 0.944965 0.0961408 0.486374 
1533677983753 -0.0897392 0.128146 -0.987687 -0.699114 -0.945949 0.299349 0.124785 -0.264143 0.311654 0.945499 0.0943558 0.486825 
1533677983763 -0.0912196 0.126601 -0.987751 -0.699007 -0.946161 0.298329 0.125616 -0.264338 0.310578 0.94603 0.0925714 0.487275 
1533677983791 0 0 0 0 0 0 0 0 0 0 0 0 
1533677983791 0 0 0 0 0 0 0 0 0 0 0 0 
1533677983795 0 0 0 0 0 0 0 0 0 0 0 0 
1533677983805 -0.0912196 0.126601 -0.987751 -0.699007 -0.946161 0.298329 0.125616 -0.264338 0.310578 0.94603 0.0925714 0.487275 
1533677983815 -0.0931294 0.12591 -0.987661 -0.698749 -0.946856 0.295541 0.126958 -0.264563 0.30788 0.946996 0.0916948 0.488206 
1533677983825 -0.093563 0.126764 -0.98751 -0.698601 -0.947339 0.293771 0.127467 -0.264594 0.30626 0.947433 0.0926022 0.488688 
1533677983835 -0.0939975 0.127617 -0.987359 -0.698452 -0.947818 0.291999 0.127974 -0.264624 0.304639 0.947866 0.0935108 0.489169 
1533677983845 -0.0944341 0.12847 -0.987207 -0.698304 -0.948294 0.290225 0.12848 -0.264655 0.303018 0.948296 0.0944198 0.48965 
1533677983855 -0.0948716 0.129321 -0.987054 -0.698155 -0.948767 0.288451 0.128984 -0.264685 0.301397 0.948721 0.0953299 0.490131 
1533677983865 -0.0953112 0.130172 -0.9869 -0.698007 -0.949237 0.286675 0.129486 -0.264716 0.299775 0.949143 0.0962404 0.490613 
1533677983875 -0.0957516 0.131021 -0.986745 -0.697858 -0.949704 0.284897 0.129986 -0.264746 0.298152 0.949561 0.097152 0.491094 
1533677983885 -0.0961934 0.13187 -0.986589 -0.697709 -0.950167 0.283119 0.130485 -0.264776 0.296529 0.949976 0.0980645 0.491575 
1533677983895 -0.0966373 0.132718 -0.986432 -0.697562 -0.950627 0.281339 0.130982 -0.264807 0.294905 0.950387 0.0989772 0.492057 
1533677983921 0 0 0 0 0 0 0 0 0 0 0 0 
1533677983921 0 0 0 0 0 0 0 0 0 0 0 0 
1533677983924 0 0 0 0 0 0 0 0 0 0 0 0 
1533677983935 -0.0966373 0.132718 -0.986432 -0.697562 -0.950627 0.281339 0.130982 -0.264807 0.294905 0.950387 0.0989772 0.492057 
1533677983945 -0.0980105 0.133444 -0.986198 -0.697346 -0.951176 0.278873 0.132265 -0.264689 0.292674 0.951011 0.0995958 0.49297 
1533677983955 -0.0989392 0.133322 -0.986122 -0.69728 -0.951266 0.278189 0.133053 -0.26454 0.292067 0.951229 0.0993007 0.493402 
1533677983965 -0.099868 0.133199 -0.986045 -0.697215 -0.951356 0.277505 0.133841 -0.264393 0.29146 0.951446 0.0990058 0.493835 
1533677983975 -0.100796 0.133076 -0.985967 -0.697148 -0.951444 0.276821 0.134629 -0.264245 0.290852 0.951662 0.0987116 0.494267 
1533677983985 -0.101724 0.132952 -0.985888 -0.697081 -0.951531 0.276137 0.135417 -0.264096 0.290244 0.951878 0.0984184 0.494699 
1533677983995 -0.102652 0.132828 -0.985809 -0.697015 -0.951616 0.275452 0.136206 -0.263948 0.289635 0.952094 0.0981251 0.495131 
1533677984005 -0.10358 0.132702 -0.985729 -0.69695 -0.951701 0.274768 0.136995 -0.2638 0.289026 0.952309 0.0978324 0.495564 
1533677984015 -0.104508 0.132577 -0.985648 -0.696883 -0.951785 0.274084 0.137783 -0.263651 0.288417 0.952524 0.0975405 0.495995 
1533677984025 -0.105435 0.13245 -0.985566 -0.696816 -0.951867 0.2734 0.138572 -0.263503 0.287807 0.952738 0.0972491 0.496427 
