1530709936819 0.212137 0.721959 -0.658615 -0.604601 -0.952405 0.303712 0.0261565 -0.220637 0.218913 0.621719 0.752026 0.446033 
1530709941533 0.212136 0.721959 -0.658615 -0.604602 -0.952405 0.303711 0.0261571 -0.220637 0.218913 0.621719 0.752026 0.446033 
1530709941753 0.213508 0.72256 -0.657511 -0.604834 -0.952004 0.304977 0.0260126 -0.220505 0.219322 0.620399 0.752996 0.446167 
1530709941980 0.214658 0.723177 -0.656457 -0.605103 -0.951659 0.306056 0.025974 -0.220256 0.219696 0.619148 0.753916 0.446335 
1530709942200 0.215975 0.723548 -0.655616 -0.605348 -0.951278 0.30726 0.0257231 -0.220127 0.220056 0.618118 0.754656 0.446342 
1530709942425 0.217147 0.724197 -0.654512 -0.605611 -0.950916 0.308377 0.0257248 -0.219839 0.220466 0.6168 0.755614 0.446519 
1530709942647 0.218393 0.724732 -0.653505 -0.605858 -0.950556 0.309497 0.0255669 -0.219698 0.220787 0.615609 0.756491 0.446557 
1530709942885 0.219764 0.725234 -0.652487 -0.60608 -0.950142 0.310782 0.0254141 -0.219527 0.221212 0.61437 0.757374 0.446718 
1530709943138 0.220977 0.725893 -0.651344 -0.606337 -0.949763 0.311935 0.0254175 -0.219328 0.221627 0.613006 0.758357 0.446875 
1530709943410 0.222281 0.72634 -0.650401 -0.60659 -0.949377 0.313125 0.0252256 -0.21913 0.221979 0.611868 0.759172 0.446884 
1530709943651 0.223369 0.726978 -0.649314 -0.606847 -0.949033 0.314162 0.0252645 -0.218866 0.222357 0.610577 0.760101 0.447082 
1530709943665 0.223385 0.726964 -0.649324 -0.606857 -0.94903 0.314174 0.0252491 -0.218845 0.222356 0.610588 0.760092 0.447064 
1530709943915 0.223365 0.726919 -0.649382 -0.606885 -0.949053 0.314108 0.0251706 -0.218796 0.222273 0.610676 0.760046 0.446978 
1530709944059 0.223442 0.726983 -0.649283 -0.606912 -0.949018 0.314211 0.0252215 -0.218797 0.222348 0.610546 0.760128 0.447022 
1530709944186 0.223621 0.727104 -0.649086 -0.60695 -0.948955 0.314397 0.0252555 -0.218806 0.222434 0.610306 0.760296 0.447097 
1530709944291 0.22386 0.72714 -0.648963 -0.60694 -0.948904 0.314562 0.0251302 -0.218822 0.222412 0.610178 0.760405 0.447111 
1530709944473 0.224213 0.727198 -0.648778 -0.606967 -0.948801 0.31488 0.0250417 -0.218775 0.222497 0.609946 0.760566 0.447115 
1530709944584 0.22419 0.727222 -0.648757 -0.607017 -0.948793 0.3149 0.0251127 -0.218708 0.222556 0.609906 0.760581 0.447084 
1530709944801 0.224187 0.727234 -0.648746 -0.607084 -0.948764 0.314977 0.0252205 -0.218635 0.222681 0.609853 0.760587 0.447029 
1530709944932 0.224294 0.727229 -0.648714 -0.607095 -0.948742 0.315048 0.0251498 -0.218638 0.222666 0.609821 0.760617 0.447017 
1530709944993 0.2244 0.727222 -0.648685 -0.607098 -0.948721 0.315118 0.0250777 -0.218644 0.22265 0.609794 0.760644 0.447013 
1530709945318 0.222741 0.727447 -0.649005 -0.607057 -0.949406 0.313049 0.0250471 -0.21904 0.221391 0.61059 0.760372 0.447069 
1530709945588 0.221347 0.727695 -0.649203 -0.606984 -0.949995 0.311262 0.0249926 -0.21944 0.22026 0.611208 0.760204 0.44718 
1530709945871 0.219863 0.728042 -0.649319 -0.606907 -0.950585 0.309448 0.0250907 -0.219837 0.219197 0.611717 0.760102 0.447354 
1530709946125 0.21843 0.728369 -0.649436 -0.60683 -0.951196 0.307571 0.0250301 -0.220287 0.217979 0.612274 0.760004 0.447509 
1530709946410 0.21675 0.728797 -0.649518 -0.606837 -0.951845 0.305543 0.0251976 -0.220599 0.21682 0.612779 0.759929 0.447654 
1530709946686 0.215312 0.729035 -0.64973 -0.606731 -0.952449 0.303662 0.0250975 -0.221029 0.215595 0.613431 0.759751 0.447704 
1530709946965 0.213796 0.729293 -0.649941 -0.606659 -0.953052 0.301763 0.0251028 -0.22148 0.214436 0.614061 0.75957 0.447804 
1530709947277 0.212249 0.729569 -0.650138 -0.606602 -0.953675 0.299792 0.0250761 -0.22187 0.213201 0.614698 0.759402 0.448 
1530709947557 0.210779 0.729903 -0.650242 -0.606569 -0.954273 0.297886 0.0250488 -0.222193 0.211981 0.615228 0.759315 0.448108 
1530709947587 0.210767 0.729888 -0.650262 -0.606567 -0.954277 0.297874 0.0250433 -0.222218 0.211975 0.615251 0.759297 0.448112 
1530709947827 0.209879 0.729882 -0.650556 -0.606574 -0.954572 0.296916 0.0251612 -0.22239 0.211525 0.615722 0.759041 0.448171 
1530709948059 0.209133 0.729967 -0.650701 -0.606532 -0.954862 0.295983 0.0251478 -0.222632 0.210953 0.616071 0.758917 0.448338 
1530709948301 0.208404 0.729943 -0.650962 -0.606481 -0.955151 0.295055 0.0250654 -0.222938 0.210366 0.616543 0.758697 0.448397 
1530709948567 0.207214 0.729905 -0.651384 -0.606516 -0.955537 0.293789 0.0252339 -0.223077 0.209787 0.617192 0.758329 0.448436 
1530709948805 0.206249 0.730113 -0.651457 -0.606502 -0.955868 0.292697 0.0254116 -0.223229 0.209233 0.617465 0.75826 0.448622 
1530709949047 0.205372 0.730133 -0.651712 -0.606506 -0.956164 0.29172 0.0255106 -0.223457 0.208744 0.617904 0.758037 0.448706 
1530709949278 0.204681 0.730119 -0.651944 -0.606478 -0.956424 0.290868 0.0254729 -0.22374 0.208228 0.618321 0.757839 0.448825 
1530709949514 0.203717 0.730203 -0.652152 -0.60648 -0.956773 0.289715 0.0255164 -0.22392 0.207571 0.618764 0.757658 0.448989 
1530709949747 0.203112 0.730157 -0.652392 -0.606419 -0.957 0.288968 0.0254662 -0.224257 0.207115 0.619167 0.757453 0.4491 
1530709949760 0.203103 0.730142 -0.652413 -0.606414 -0.957005 0.288953 0.0254542 -0.224278 0.207102 0.619192 0.757436 0.449103 
1530709949977 0.202682 0.730341 -0.652321 -0.606435 -0.95711 0.288581 0.0257135 -0.224279 0.207027 0.619131 0.757507 0.449214 
1530709950149 0.202322 0.730306 -0.652471 -0.606416 -0.957236 0.288163 0.0257131 -0.224382 0.206796 0.619367 0.757377 0.449214 
1530709950319 0.202088 0.730223 -0.652637 -0.606385 -0.957301 0.287943 0.0257478 -0.224506 0.206724 0.619567 0.757233 0.4492 
1530709950482 0.201546 0.730235 -0.652791 -0.606398 -0.957453 0.287424 0.0259134 -0.224524 0.20655 0.619794 0.757095 0.449192 
1530709950647 0.20106 0.730213 -0.652966 -0.606408 -0.957568 0.28702 0.0261218 -0.224554 0.206489 0.620007 0.756937 0.449183 
1530709950807 0.200644 0.730241 -0.653062 -0.606406 -0.957677 0.286644 0.0262861 -0.224625 0.206391 0.620148 0.756848 0.449195 
1530709951003 0.200303 0.730261 -0.653144 -0.606414 -0.957797 0.286241 0.0263041 -0.224716 0.206165 0.620311 0.756776 0.449226 
1530709951185 0.199866 0.730307 -0.653227 -0.606407 -0.957904 0.285862 0.0265059 -0.224766 0.20609 0.620431 0.756698 0.449259 
1530709951328 0.199443 0.730353 -0.653305 -0.606394 -0.958014 0.285479 0.0266813 -0.224828 0.205991 0.620554 0.756624 0.449287 
1530709951342 0.199392 0.730354 -0.653319 -0.606393 -0.958026 0.285436 0.0267049 -0.224836 0.205984 0.620572 0.756612 0.449289 
1530709951585 0.199425 0.730351 -0.653312 -0.606373 -0.958016 0.285468 0.026694 -0.224903 0.205996 0.62056 0.756618 0.449307 
1530709951835 0.199451 0.730483 -0.653156 -0.606355 -0.958002 0.285509 0.0267696 -0.224927 0.206037 0.620386 0.75675 0.449333 
1530709952022 0.199459 0.730501 -0.653135 -0.606357 -0.957998 0.285522 0.0267825 -0.22495 0.206049 0.62036 0.756768 0.449319 
1530709952219 0.199336 0.730568 -0.653097 -0.606357 -0.958044 0.285365 0.0268046 -0.224978 0.205954 0.620353 0.756799 0.449294 
1530709952321 0.199282 0.730597 -0.653081 -0.606357 -0.958051 0.285337 0.0268643 -0.224988 0.205975 0.620331 0.756811 0.449286 
1530709952411 0.199105 0.730641 -0.653086 -0.60636 -0.958065 0.285269 0.0270619 -0.224986 0.206078 0.620311 0.7568 0.449283 
1530709952547 0.199064 0.730717 -0.653014 -0.606354 -0.958083 0.285206 0.0270832 -0.225033 0.206034 0.62025 0.756862 0.449284 
1530709952645 0.199038 0.730755 -0.652979 -0.606348 -0.958092 0.285175 0.0271008 -0.225058 0.206018 0.62022 0.756891 0.449264 
1530709952779 0.198993 0.730859 -0.652875 -0.606336 -0.958107 0.285119 0.0271495 -0.225091 0.20599 0.620122 0.756979 0.449267 
1530709952793 0.198989 0.730869 -0.652866 -0.606335 -0.958109 0.285114 0.027154 -0.225093 0.205987 0.620113 0.756987 0.449267 
1530709952871 0.198981 0.730892 -0.652842 -0.606331 -0.958113 0.285101 0.0271607 -0.225105 0.205977 0.620092 0.757007 0.449269 
1530709953065 0.198981 0.730972 -0.652753 -0.606314 -0.958114 0.285095 0.0271922 -0.225126 0.205973 0.620001 0.757083 0.449265 
1530709953216 0.198971 0.731067 -0.65265 -0.606306 -0.958117 0.28508 0.0272352 -0.225135 0.205968 0.619896 0.75717 0.449215 
1530709953368 0.198979 0.731118 -0.65259 -0.606306 -0.958117 0.285078 0.027247 -0.225148 0.20596 0.619836 0.757221 0.449154 
1530709953525 0.199053 0.731235 -0.652436 -0.606305 -0.958111 0.285101 0.0272215 -0.225167 0.205915 0.619688 0.757354 0.449138 
1530709953722 0.19909 0.731359 -0.652286 -0.606339 -0.958108 0.285109 0.0272394 -0.225194 0.205895 0.619538 0.757483 0.449123 
1530709953876 0.199266 0.731481 -0.652096 -0.606327 -0.958083 0.285202 0.0271538 -0.225265 0.205842 0.619351 0.75765 0.449154 
1530709954033 0.199272 0.731593 -0.651968 -0.606318 -0.958096 0.285158 0.0271461 -0.225254 0.205774 0.619238 0.757761 0.449163 
1530709954047 0.199268 0.731603 -0.651958 -0.606318 -0.958098 0.28515 0.0271461 -0.225251 0.205766 0.619231 0.757769 0.449164 
1530709954064 0.199266 0.731613 -0.651948 -0.606318 -0.9581 0.285143 0.027146 -0.225248 0.205759 0.619222 0.757778 0.449164 
1530709954080 0.199265 0.73162 -0.65194 -0.606318 -0.958102 0.285138 0.0271442 -0.225246 0.205752 0.619216 0.757785 0.449164 
1530709954097 0.199266 0.731626 -0.651933 -0.606318 -0.958103 0.285135 0.0271425 -0.225245 0.205747 0.61921 0.757791 0.449165 
1530709954116 0.199268 0.731629 -0.651929 -0.606318 -0.958104 0.285133 0.0271391 -0.225245 0.205742 0.619207 0.757795 0.449165 
1530709954130 0.199271 0.731631 -0.651926 -0.606318 -0.958104 0.285134 0.0271355 -0.225245 0.205739 0.619205 0.757797 0.449166 
1530709954147 0.199276 0.731633 -0.651922 -0.606317 -0.958103 0.285135 0.0271313 -0.225246 0.205736 0.619202 0.757801 0.449167 
1530709954189 0.199282 0.731643 -0.651908 -0.606318 -0.958103 0.285138 0.0271297 -0.225247 0.205733 0.619189 0.757812 0.44917 
1530709954306 0.199271 0.731706 -0.651842 -0.606319 -0.958101 0.285139 0.0271785 -0.225244 0.205752 0.619114 0.757868 0.449186 
1530709954474 0.199265 0.731739 -0.651807 -0.606322 -0.958099 0.285143 0.0272091 -0.225243 0.205768 0.619073 0.757897 0.449197 
1530709954488 0.199264 0.73174 -0.651805 -0.606322 -0.958099 0.285143 0.0272102 -0.225243 0.205768 0.619071 0.757898 0.449197 
1530709954654 0.19923 0.731748 -0.651807 -0.606324 -0.9581 0.285135 0.0272535 -0.225238 0.205795 0.619067 0.757895 0.449199 
1530709954796 0.199155 0.73173 -0.65185 -0.606321 -0.958086 0.285168 0.0273958 -0.225243 0.205933 0.619072 0.757853 0.449199 
1530709954941 0.199041 0.731712 -0.651905 -0.606315 -0.958065 0.285217 0.027615 -0.22525 0.206141 0.61907 0.757798 0.449202 
1530709955108 0.198999 0.731756 -0.651869 -0.606304 -0.958049 0.285257 0.0277471 -0.225257 0.206254 0.619001 0.757824 0.449213 
1530709955324 0.198979 0.731761 -0.65187 -0.606289 -0.958013 0.285363 0.0279089 -0.225283 0.206442 0.618946 0.757817 0.449226 
1530709955509 0.198745 0.731696 -0.652013 -0.606292 -0.957977 0.285443 0.0283181 -0.225276 0.206833 0.618986 0.757679 0.449182 
1530709955752 0.198816 0.731632 -0.652064 -0.606289 -0.957941 0.285564 0.028332 -0.225324 0.206935 0.619006 0.757635 0.449132 
1530709955895 0.198774 0.731664 -0.65204 -0.606289 -0.957923 0.28561 0.0284654 -0.225321 0.207056 0.618946 0.75765 0.449136 
1530709955909 0.198752 0.73167 -0.652041 -0.606289 -0.957922 0.285611 0.0285004 -0.225318 0.207083 0.61894 0.757648 0.449136 
1530709955927 0.198731 0.731675 -0.652041 -0.606289 -0.957921 0.285611 0.028535 -0.225315 0.207108 0.618933 0.757646 0.449136 
1530709955942 0.198703 0.731685 -0.652039 -0.606289 -0.957919 0.285611 0.0285815 -0.225311 0.207142 0.618921 0.757647 0.449136 
1530709956048 0.198626 0.731714 -0.65203 -0.606291 -0.957918 0.285603 0.0286986 -0.225302 0.20722 0.618891 0.75765 0.449127 
1530709956162 0.198525 0.731808 -0.651955 -0.606289 -0.957913 0.2856 0.028889 -0.225291 0.20734 0.618781 0.757707 0.44913 
1530709956299 0.198467 0.731862 -0.651912 -0.606287 -0.957902 0.285625 0.0290324 -0.225293 0.20745 0.618705 0.757739 0.449136 
1530709956478 0.198385 0.731912 -0.651881 -0.606289 -0.957895 0.285631 0.0291852 -0.225294 0.207559 0.618643 0.75776 0.449141 
1530709956683 0.198311 0.731935 -0.651878 -0.606298 -0.957896 0.285618 0.0292887 -0.225294 0.207625 0.618623 0.757758 0.449106 
1530709956874 0.198294 0.731933 -0.651884 -0.606294 -0.957876 0.285675 0.0293826 -0.225318 0.207733 0.618598 0.757749 0.449098 
1530709957009 0.198229 0.731953 -0.651881 -0.606301 -0.957872 0.285677 0.02949 -0.22532 0.207813 0.618573 0.757747 0.449103 
1530709957022 0.198224 0.731962 -0.651873 -0.606303 -0.957871 0.285679 0.0295038 -0.225321 0.207822 0.618562 0.757754 0.449107 
1530709957039 0.19822 0.731971 -0.651864 -0.606306 -0.95787 0.285682 0.0295179 -0.225321 0.207832 0.61855 0.757761 0.449111 
1530709957206 0.198255 0.731996 -0.651825 -0.606308 -0.957867 0.285693 0.0294924 -0.225327 0.20781 0.618515 0.757795 0.449121 
1530709957361 0.19837 0.732025 -0.651758 -0.606306 -0.957881 0.285667 0.0293071 -0.225334 0.207639 0.618493 0.75786 0.449125 
1530709957499 0.198367 0.73205 -0.651731 -0.606311 -0.957902 0.285602 0.0292434 -0.225323 0.207543 0.618493 0.757887 0.449124 
1530709957728 0.198278 0.732076 -0.651729 -0.606319 -0.957942 0.28547 0.0292257 -0.225307 0.207445 0.618524 0.757888 0.44912 
1530709957952 0.198182 0.732112 -0.651718 -0.606338 -0.957992 0.285306 0.0291819 -0.22526 0.207303 0.618557 0.7579 0.449108 
1530709958164 0.198164 0.732113 -0.651722 -0.606343 -0.958011 0.285246 0.0291361 -0.225248 0.207232 0.618583 0.757898 0.449102 
1530709958305 0.19824 0.732104 -0.651708 -0.606337 -0.958016 0.285243 0.0290159 -0.225264 0.207138 0.618595 0.757914 0.449098 
1530709958551 0.198344 0.732071 -0.651715 -0.606332 -0.958029 0.285219 0.0288176 -0.225297 0.206978 0.618646 0.757916 0.449094 
1530709958565 0.198346 0.732069 -0.651716 -0.606331 -0.958029 0.285218 0.0288135 -0.225299 0.206975 0.618648 0.757916 0.449093 
1530709958582 0.198349 0.732068 -0.651716 -0.606331 -0.95803 0.285218 0.0288084 -0.225301 0.206971 0.618649 0.757916 0.449093 
1530709958884 0.198396 0.731937 -0.651849 -0.606347 -0.958029 0.285232 0.0286914 -0.225317 0.206928 0.618798 0.757806 0.449079 
1530709959093 0.198444 0.731885 -0.651892 -0.606352 -0.958015 0.285281 0.0286554 -0.225322 0.206945 0.618836 0.75777 0.449074 
1530709959250 0.198528 0.731843 -0.651914 -0.606355 -0.957988 0.285377 0.0286281 -0.225325 0.206992 0.618842 0.757752 0.449089 
1530709959405 0.198542 0.731819 -0.651937 -0.606362 -0.957986 0.285384 0.0286052 -0.225319 0.206986 0.618868 0.757733 0.449115 
1530709959593 0.19861 0.731711 -0.652038 -0.606351 -0.957965 0.28546 0.028546 -0.225309 0.207018 0.61896 0.757649 0.44909 
1530709959726 0.198627 0.731695 -0.652051 -0.606361 -0.957955 0.285495 0.0285557 -0.225274 0.207051 0.618963 0.757637 0.449119 
1530709959896 0.198611 0.731648 -0.652108 -0.60639 -0.957953 0.285499 0.0285616 -0.22522 0.207073 0.619016 0.757588 0.449151 
1530709959910 0.198607 0.731637 -0.652122 -0.606394 -0.957954 0.285498 0.0285591 -0.225216 0.207074 0.61903 0.757576 0.44915 
1530709959927 0.198602 0.731628 -0.652133 -0.606397 -0.957955 0.285495 0.0285586 -0.225211 0.207075 0.619042 0.757567 0.449149 
1530709960102 0.198542 0.731614 -0.652167 -0.606436 -0.957963 0.285463 0.0286018 -0.225156 0.207095 0.619073 0.757536 0.449157 
1530709960270 0.198569 0.731628 -0.652143 -0.606453 -0.95795 0.285503 0.0286176 -0.225159 0.207126 0.619038 0.757555 0.449177 
1530709960414 0.1986 0.731635 -0.652125 -0.606472 -0.957937 0.285548 0.0286306 -0.225162 0.207161 0.619009 0.75757 0.449198 
1530709960698 0.198696 0.731654 -0.652075 -0.60654 -0.957892 0.285693 0.0286763 -0.225186 0.207274 0.618919 0.757612 0.449272 
1530709960903 0.198777 0.731617 -0.652092 -0.606554 -0.957857 0.285811 0.0286828 -0.225208 0.20736 0.61891 0.757597 0.449283 
1530709961014 0.198803 0.731592 -0.652112 -0.606565 -0.957846 0.285849 0.0286786 -0.225213 0.207386 0.618922 0.75758 0.44928 
1530709961161 0.198812 0.731579 -0.652125 -0.606584 -0.957836 0.28588 0.0286978 -0.225217 0.207424 0.618923 0.757568 0.449281 
1530709961177 0.198813 0.731579 -0.652124 -0.606586 -0.957835 0.285882 0.0286988 -0.225217 0.207426 0.618922 0.757569 0.449281 
1530709961451 0.198954 0.731666 -0.651983 -0.606644 -0.95784 0.285882 0.0285349 -0.225236 0.207268 0.618818 0.757697 0.449293 
1530709961579 0.198878 0.73171 -0.651957 -0.606667 -0.957869 0.285782 0.0285452 -0.225223 0.207204 0.618812 0.757719 0.449296 
1530709961746 0.198737 0.731725 -0.651984 -0.606734 -0.957925 0.285596 0.0285318 -0.225188 0.207082 0.618881 0.757696 0.449228 
1530709961953 0.198649 0.731653 -0.652091 -0.606794 -0.95797 0.285454 0.028452 -0.225206 0.206959 0.619031 0.757607 0.449148 
1530709962118 0.198775 0.731783 -0.651907 -0.606829 -0.957994 0.285393 0.0282565 -0.225239 0.206727 0.618906 0.757773 0.449212 
1530709962264 0.198933 0.731886 -0.651743 -0.606844 -0.957991 0.285418 0.0281057 -0.225337 0.20659 0.618773 0.757919 0.449258 
1530709962332 0.198889 0.73187 -0.651774 -0.60687 -0.958008 0.285362 0.0280937 -0.225326 0.206552 0.618817 0.757893 0.449207 
1530709962346 0.198883 0.731869 -0.651777 -0.606873 -0.95801 0.285354 0.0280915 -0.225325 0.206546 0.618822 0.75789 0.4492 
1530709962535 0.19882 0.731875 -0.651789 -0.606932 -0.958036 0.285268 0.028082 -0.225311 0.206487 0.618854 0.75788 0.449165 
1530709962587 0.19883 0.731785 -0.651888 -0.60695 -0.958038 0.285268 0.0280227 -0.225318 0.206469 0.618962 0.757797 0.449158 
1530709962717 0.198839 0.731746 -0.651928 -0.606998 -0.958038 0.285272 0.027997 -0.225327 0.206464 0.619005 0.757764 0.44919 
1530709962848 0.198844 0.731756 -0.651916 -0.60704 -0.958036 0.285278 0.028001 -0.225333 0.206467 0.618992 0.757774 0.449228 
1530709962997 0.198848 0.731758 -0.651912 -0.607082 -0.958034 0.285283 0.0280017 -0.22534 0.20647 0.618986 0.757777 0.449262 
1530709963171 0.198869 0.731747 -0.651918 -0.607224 -0.958022 0.285322 0.0280134 -0.225369 0.206505 0.618981 0.757772 0.449367 
1530709963237 0.198864 0.731676 -0.652 -0.607227 -0.958027 0.285311 0.027973 -0.225371 0.20649 0.619071 0.757703 0.44933 
1530709963378 0.19886 0.731615 -0.652069 -0.607268 -0.958029 0.285307 0.0279448 -0.22538 0.206485 0.619144 0.757644 0.449321 
1530709963392 0.198862 0.731615 -0.652068 -0.607281 -0.958027 0.285311 0.0279467 -0.225383 0.206489 0.619142 0.757645 0.449331 
1530709963415 0.198863 0.73162 -0.652063 -0.607298 -0.958026 0.285316 0.0279529 -0.225386 0.206495 0.619134 0.75765 0.449344 
1530709963591 0.19887 0.731485 -0.652212 -0.607354 -0.958026 0.285321 0.027882 -0.2254 0.206485 0.619291 0.757524 0.449333 
1530709963877 0.198872 0.731446 -0.652255 -0.607457 -0.958015 0.285358 0.0279066 -0.225419 0.206538 0.61932 0.757486 0.449353 
1530709964055 0.198802 0.7314 -0.652328 -0.607483 -0.958019 0.285337 0.0279611 -0.225385 0.206584 0.619384 0.757421 0.449298 
1530709964233 0.198725 0.731276 -0.65249 -0.607586 -0.95802 0.285331 0.0280051 -0.225359 0.206655 0.619533 0.757279 0.449292 
1530709964374 0.198617 0.73135 -0.65244 -0.607642 -0.958013 0.285335 0.0282053 -0.225323 0.206792 0.619444 0.757315 0.449315 
1530709964493 0.198586 0.731269 -0.65254 -0.6077 -0.958008 0.28535 0.0282295 -0.225297 0.206846 0.619533 0.757228 0.449299 
1530709964660 0.198568 0.731175 -0.652651 -0.607782 -0.957993 0.285394 0.0282639 -0.225268 0.206929 0.619623 0.757131 0.449281 
1530709964804 0.198565 0.731125 -0.652708 -0.607827 -0.957984 0.285424 0.0282797 -0.225263 0.206974 0.619668 0.757082 0.449272 
1530709964818 0.198566 0.73112 -0.652714 -0.60783 -0.957983 0.285426 0.0282795 -0.225262 0.206977 0.619673 0.757077 0.449271 
1530709965010 0.198541 0.731155 -0.652682 -0.60789 -0.957977 0.285439 0.0283481 -0.225245 0.207028 0.619627 0.757101 0.449272 
1530709965293 0.198732 0.731184 -0.652592 -0.607998 -0.957951 0.285541 0.0282063 -0.225272 0.206966 0.619546 0.757184 0.449189 
1530709965471 0.1987 0.731255 -0.652521 -0.608024 -0.957964 0.285495 0.0282322 -0.225241 0.206937 0.619482 0.757245 0.449219 
1530709965733 0.198628 0.731363 -0.652422 -0.60816 -0.957971 0.285461 0.0283506 -0.225212 0.206976 0.61937 0.757325 0.449166 
1530709965915 0.198711 0.731325 -0.652439 -0.60819 -0.95798 0.285448 0.0281919 -0.22521 0.206855 0.619421 0.757316 0.44909 
1530709966051 0.198721 0.731427 -0.652323 -0.608265 -0.957971 0.285471 0.0282571 -0.225206 0.206887 0.619291 0.757414 0.449104 
1530709966183 0.198891 0.731482 -0.652209 -0.608321 -0.95796 0.285524 0.0280989 -0.225221 0.206775 0.619201 0.757519 0.449087 
1530709966340 0.198907 0.7315 -0.652183 -0.608398 -0.957949 0.285557 0.0281238 -0.225211 0.206808 0.619164 0.757539 0.449026 
1530709966561 0.198915 0.731666 -0.651995 -0.608507 -0.957931 0.285604 0.028252 -0.225193 0.206884 0.618947 0.757697 0.449067 
1530709966575 0.198917 0.731674 -0.651985 -0.608511 -0.95793 0.285609 0.028258 -0.225193 0.206888 0.618935 0.757705 0.449071 
1530709966745 0.198965 0.731702 -0.65194 -0.608546 -0.957932 0.285607 0.0281993 -0.225175 0.206832 0.618903 0.757746 0.449069 
1530709966934 0.199136 0.731723 -0.651863 -0.608665 -0.95794 0.285604 0.0279553 -0.22518 0.20663 0.618879 0.757821 0.449116 
1530709967125 0.199081 0.731648 -0.651964 -0.608708 -0.957961 0.285536 0.0279153 -0.225153 0.206583 0.618999 0.757736 0.44899 
1530709967285 0.199237 0.7317 -0.651858 -0.608795 -0.957954 0.285577 0.0277611 -0.225165 0.206468 0.618919 0.757832 0.448961 
1530709967479 0.199393 0.7317 -0.651811 -0.60892 -0.957958 0.285584 0.0275413 -0.225169 0.206299 0.618916 0.757881 0.449024 
1530709967672 0.199469 0.73166 -0.651833 -0.609026 -0.957966 0.285572 0.0273948 -0.225157 0.206189 0.618969 0.757868 0.448962 
1530709967831 0.199506 0.731651 -0.651832 -0.609075 -0.957963 0.285584 0.0273517 -0.225148 0.206165 0.618974 0.75787 0.4489 
1530709968028 0.199605 0.731664 -0.651786 -0.609129 -0.957976 0.285557 0.0271794 -0.225153 0.206008 0.618971 0.757916 0.448853 
1530709968041 0.199606 0.731666 -0.651784 -0.609129 -0.957976 0.285557 0.0271775 -0.225153 0.206006 0.618969 0.757917 0.448854 
1530709968230 0.199595 0.731798 -0.651639 -0.609198 -0.957983 0.285531 0.0272274 -0.225142 0.205988 0.618824 0.758041 0.448892 
1530709968392 0.19956 0.731925 -0.651507 -0.609293 -0.957985 0.285514 0.0273195 -0.22514 0.20601 0.618682 0.758151 0.448898 
1530709968596 0.199585 0.731931 -0.651492 -0.609374 -0.957992 0.285497 0.0272652 -0.22515 0.205955 0.618683 0.758165 0.448806 
1530709968773 0.199579 0.731892 -0.651539 -0.609436 -0.957989 0.285506 0.027266 -0.225152 0.205974 0.618725 0.758125 0.448706 
1530709968935 0.199607 0.732099 -0.651297 -0.609513 -0.957973 0.28555 0.0273801 -0.225153 0.206023 0.61846 0.758328 0.448812 
1530709969091 0.199678 0.732162 -0.651205 -0.60958 -0.957956 0.285606 0.0273762 -0.225158 0.206032 0.618359 0.758408 0.448801 
1530709969251 0.199709 0.732188 -0.651166 -0.609662 -0.957943 0.285648 0.0273947 -0.225156 0.206062 0.618309 0.758441 0.448741 
1530709969405 0.199685 0.732253 -0.6511 -0.609764 -0.957945 0.285637 0.027448 -0.225158 0.206077 0.618237 0.758496 0.448686 
1530709969532 0.199789 0.732366 -0.650941 -0.609811 -0.957931 0.285687 0.0274121 -0.225167 0.206041 0.61808 0.758633 0.448736 
1530709969550 0.199798 0.732388 -0.650913 -0.609818 -0.957928 0.285695 0.0274192 -0.225167 0.206044 0.61805 0.758657 0.448748 
1530709969825 0.199774 0.73247 -0.650829 -0.609908 -0.95792 0.285713 0.0275173 -0.225171 0.206106 0.617945 0.758725 0.448729 
1530709970098 0.199487 0.732464 -0.650923 -0.610022 -0.957938 0.285623 0.0278259 -0.225155 0.2063 0.617993 0.758634 0.448676 
1530709970326 0.199462 0.732534 -0.650853 -0.610067 -0.957946 0.285592 0.027859 -0.225163 0.206286 0.617925 0.758693 0.44873 
1530709970485 0.199372 0.732579 -0.650829 -0.610151 -0.957962 0.285531 0.0279396 -0.225173 0.2063 0.617899 0.75871 0.448688 
1530709970663 0.199241 0.732665 -0.650773 -0.610236 -0.957989 0.28543 0.02805 -0.22519 0.206301 0.617844 0.758754 0.448694 
1530709970832 0.199081 0.732723 -0.650756 -0.610321 -0.957994 0.285392 0.0282667 -0.225194 0.206432 0.617793 0.758761 0.448686 
1530709970992 0.199039 0.732766 -0.650721 -0.610405 -0.95799 0.285398 0.0283573 -0.225219 0.206493 0.61774 0.758787 0.448674 
1530709971161 0.198896 0.732964 -0.650541 -0.610519 -0.95801 0.28531 0.0285567 -0.225237 0.206537 0.617545 0.758934 0.44874 
1530709971335 0.198665 0.732906 -0.650678 -0.610576 -0.958059 0.285135 0.0286544 -0.225241 0.206532 0.617695 0.758813 0.448648 
1530709971348 0.198666 0.732907 -0.650676 -0.610583 -0.958057 0.285142 0.0286612 -0.225243 0.206541 0.61769 0.758815 0.448649 
1530709971674 0.198651 0.732921 -0.650664 -0.610664 -0.958052 0.285155 0.028706 -0.225256 0.206579 0.617667 0.758823 0.448651 
1530709971881 0.198864 0.732995 -0.650516 -0.610709 -0.958042 0.285208 0.0284941 -0.225291 0.206418 0.617556 0.758957 0.448692 
1530709972027 0.198806 0.733041 -0.650482 -0.610792 -0.958051 0.285171 0.0285567 -0.225284 0.206432 0.617517 0.758985 0.448685 
1530709972161 0.198682 0.733059 -0.650499 -0.610914 -0.958088 0.285043 0.0285905 -0.225251 0.206379 0.617555 0.758969 0.448619 
1530709972289 0.198726 0.733139 -0.650396 -0.611003 -0.958088 0.285045 0.0285685 -0.225249 0.206337 0.61746 0.759058 0.448661 
1530709972459 0.198766 0.73313 -0.650394 -0.611083 -0.958097 0.285023 0.0284782 -0.225245 0.206256 0.61748 0.759063 0.448631 
1530709972634 0.198916 0.733197 -0.650273 -0.61126 -0.958096 0.285044 0.0283154 -0.225266 0.206117 0.617392 0.759173 0.448667 
1530709972778 0.198956 0.733153 -0.650311 -0.611355 -0.958102 0.285034 0.0282223 -0.225266 0.206052 0.617449 0.759144 0.448592 
1530709972796 0.198957 0.733168 -0.650293 -0.611361 -0.958102 0.285033 0.0282264 -0.225265 0.20605 0.617431 0.759159 0.448597 
1530709972966 0.199013 0.7332 -0.650239 -0.611422 -0.958101 0.285041 0.0281704 -0.225276 0.206 0.617389 0.759207 0.4486 
1530709973145 0.199049 0.733143 -0.650293 -0.611514 -0.958114 0.285009 0.02805 -0.225279 0.205904 0.617471 0.759166 0.448614 
1530709973316 0.199058 0.733219 -0.650205 -0.611691 -0.958124 0.284979 0.0280379 -0.225288 0.205853 0.617395 0.759242 0.448629 
1530709973494 0.199048 0.733139 -0.650298 -0.611803 -0.958155 0.284888 0.0279001 -0.22528 0.205716 0.617532 0.759167 0.44851 
1530709973647 0.199086 0.733211 -0.650205 -0.61189 -0.958156 0.284886 0.027878 -0.225282 0.205675 0.617447 0.759247 0.448598 
1530709973817 0.199144 0.733238 -0.650157 -0.611987 -0.958156 0.284892 0.0278136 -0.225293 0.205619 0.617412 0.759291 0.448638 
1530709974032 0.199392 0.733345 -0.64996 -0.612149 -0.958148 0.284942 0.027562 -0.22533 0.205413 0.617262 0.759469 0.448654 
1530709974045 0.199388 0.733355 -0.649951 -0.612159 -0.958146 0.284947 0.0275785 -0.225329 0.205426 0.617249 0.759476 0.448658 
1530709974230 0.199358 0.733351 -0.649963 -0.612215 -0.958146 0.284944 0.0276162 -0.225325 0.205455 0.617254 0.759464 0.44861 
1530709974390 0.199346 0.733483 -0.649819 -0.612318 -0.958142 0.28495 0.027707 -0.225332 0.205489 0.617095 0.759584 0.448624 
1530709974535 0.199383 0.733507 -0.64978 -0.612393 -0.958142 0.284952 0.0276661 -0.225345 0.20545 0.617066 0.759618 0.448587 
1530709974659 0.199469 0.733574 -0.649678 -0.612463 -0.958132 0.284991 0.0276205 -0.225354 0.205414 0.616967 0.759708 0.448631 
1530709974814 0.199615 0.733665 -0.64953 -0.612559 -0.958102 0.285097 0.0275806 -0.225359 0.205414 0.616811 0.759835 0.448653 
1530709974943 0.199569 0.733574 -0.649647 -0.612643 -0.958108 0.285076 0.0275772 -0.22536 0.205429 0.616928 0.759736 0.44853 
1530709975151 0.199554 0.733708 -0.6495 -0.612831 -0.958098 0.2851 0.0276948 -0.225354 0.205492 0.616758 0.759857 0.448585 
1530709975299 0.199554 0.733779 -0.64942 -0.612919 -0.958094 0.285109 0.0277401 -0.225349 0.20551 0.61667 0.759923 0.448575 
1530709975313 0.199569 0.733789 -0.649404 -0.612925 -0.958094 0.285111 0.0277254 -0.22535 0.205497 0.616657 0.759938 0.448577 
1530709975504 0.199606 0.73392 -0.649245 -0.612996 -0.958098 0.285097 0.0277182 -0.22535 0.20544 0.616508 0.760074 0.448607 
1530709975675 0.199561 0.733907 -0.649273 -0.613085 -0.958107 0.285065 0.0277388 -0.225349 0.205442 0.616537 0.76005 0.448585 
1530709975879 0.199464 0.733847 -0.649371 -0.61323 -0.958132 0.284979 0.0277476 -0.225341 0.205419 0.616648 0.759965 0.44847 
1530709976033 0.199553 0.733971 -0.649203 -0.61329 -0.958136 0.284972 0.027668 -0.225343 0.205312 0.616504 0.760112 0.448543 
1530709976179 0.199606 0.734099 -0.649042 -0.61339 -0.958138 0.284968 0.0276477 -0.225353 0.205253 0.616353 0.76025 0.448567 
1530709976346 0.199583 0.734091 -0.649058 -0.613487 -0.958153 0.284922 0.027622 -0.225354 0.205208 0.616384 0.760237 0.44848 
1530709976557 0.199605 0.734127 -0.649011 -0.613586 -0.958165 0.284885 0.0275602 -0.225355 0.205126 0.616359 0.76028 0.448451 
1530709976715 0.199617 0.734152 -0.648979 -0.61368 -0.958166 0.284884 0.0275537 -0.225365 0.205112 0.616329 0.760308 0.448453 
1530709976891 0.199643 0.734143 -0.648982 -0.613775 -0.958171 0.284871 0.0274955 -0.225377 0.205062 0.616346 0.760307 0.44842 
1530709976905 0.199646 0.734155 -0.648966 -0.613784 -0.958171 0.284873 0.0275002 -0.225378 0.205063 0.61633 0.76032 0.448425 
1530709977118 0.199673 0.734066 -0.649059 -0.613853 -0.958172 0.284877 0.0274215 -0.225398 0.205032 0.616435 0.760243 0.448348 
1530709977331 0.199664 0.734191 -0.648921 -0.613976 -0.958157 0.284915 0.027542 -0.225414 0.205108 0.616269 0.760357 0.448434 
1530709977529 0.199646 0.734267 -0.648841 -0.614031 -0.95815 0.284929 0.0276237 -0.225418 0.205157 0.616172 0.760423 0.448454 
1530709977705 0.199607 0.734281 -0.648837 -0.614117 -0.958146 0.284937 0.027697 -0.225428 0.205215 0.616152 0.760423 0.448412 
1530709977853 0.199621 0.734294 -0.648818 -0.614207 -0.958121 0.285013 0.0277778 -0.225438 0.205319 0.616101 0.760437 0.448388 
1530709978041 0.199599 0.734298 -0.64882 -0.61433 -0.958106 0.285056 0.0278651 -0.225453 0.205411 0.616076 0.760432 0.44834 
1530709978195 0.199603 0.734452 -0.648644 -0.614411 -0.958089 0.285099 0.0279882 -0.225459 0.205484 0.615873 0.760577 0.448448 
1530709978413 0.199566 0.734356 -0.648764 -0.614516 -0.958086 0.285109 0.0280072 -0.225471 0.205536 0.615983 0.760474 0.448363 
1530709978604 0.199552 0.734346 -0.648779 -0.614584 -0.958075 0.28514 0.0280612 -0.22547 0.205599 0.61598 0.760459 0.448377 
1530709978618 0.199551 0.734351 -0.648774 -0.614588 -0.958074 0.285142 0.0280674 -0.22547 0.205604 0.615973 0.760464 0.448382 
1530709978824 0.199712 0.734352 -0.648724 -0.614657 -0.958056 0.285217 0.0279232 -0.225504 0.205532 0.615937 0.760512 0.448339 
1530709979050 0.199809 0.734439 -0.648595 -0.614806 -0.957974 0.285473 0.0281385 -0.225507 0.205822 0.615715 0.760613 0.448288 
1530709979259 0.199926 0.734619 -0.648356 -0.614876 -0.957972 0.285484 0.0280685 -0.225496 0.205715 0.615495 0.76082 0.448343 
1530709979446 0.199914 0.734656 -0.648317 -0.61496 -0.95798 0.285459 0.0280734 -0.225495 0.205692 0.615462 0.760853 0.44823 
1530709979662 0.200059 0.734813 -0.648095 -0.615066 -0.957918 0.285655 0.0281794 -0.225494 0.205838 0.615184 0.761038 0.448274 
1530709979855 0.200153 0.734859 -0.648013 -0.61517 -0.957896 0.285732 0.0281577 -0.225492 0.20585 0.615093 0.761109 0.4482 
1530709980046 0.20022 0.734878 -0.647971 -0.615272 -0.957873 0.285809 0.0281636 -0.225469 0.205893 0.615034 0.761144 0.448108 
1530709980370 0.200395 0.735126 -0.647636 -0.615357 -0.957841 0.285915 0.0281592 -0.225456 0.205869 0.614689 0.76143 0.448164 
1530709980541 0.200463 0.735262 -0.64746 -0.615454 -0.957821 0.285977 0.0282027 -0.225444 0.205895 0.614498 0.761577 0.448144 
1530709980560 0.200469 0.73529 -0.647426 -0.615472 -0.957818 0.285985 0.0282184 -0.225442 0.205903 0.61446 0.761606 0.448149 
1530709980759 0.200507 0.735291 -0.647413 -0.615529 -0.957833 0.285946 0.0281136 -0.22542 0.205797 0.614477 0.761621 0.448062 
1530709980979 0.200501 0.735516 -0.647159 -0.615661 -0.957857 0.285864 0.028132 -0.225399 0.205691 0.614245 0.761836 0.448185 
1530709981193 0.200539 0.735483 -0.647185 -0.61571 -0.957871 0.28583 0.0280179 -0.225407 0.205591 0.614301 0.761818 0.448135 
1530709981420 0.200526 0.735523 -0.647144 -0.615797 -0.957889 0.285771 0.0279829 -0.225405 0.205517 0.614281 0.761854 0.448099 
1530709981569 0.200484 0.735652 -0.647011 -0.61588 -0.957909 0.2857 0.0280214 -0.225401 0.205465 0.61416 0.761966 0.448133 
1530709981757 0.20054 0.735667 -0.646976 -0.615976 -0.957937 0.285622 0.0278498 -0.225405 0.205279 0.614178 0.762001 0.44806 
1530709981918 0.200608 0.735721 -0.646894 -0.616065 -0.957945 0.285607 0.0277561 -0.225413 0.205178 0.61412 0.762075 0.448113 
1530709982087 0.200585 0.735956 -0.646633 -0.61618 -0.957965 0.285534 0.0278163 -0.225391 0.205107 0.613872 0.762294 0.448183 
1530709982276 0.200548 0.735962 -0.646638 -0.616246 -0.958014 0.285381 0.0276848 -0.225355 0.204913 0.613936 0.762295 0.448079 
1530709982289 0.200554 0.735974 -0.646623 -0.616252 -0.958016 0.285377 0.0276769 -0.225355 0.204901 0.613924 0.762308 0.448081 
1530709982479 0.200315 0.73598 -0.64669 -0.616319 -0.95802 0.285333 0.02798 -0.22533 0.205115 0.613937 0.76224 0.448065 
1530709982725 0.200245 0.735976 -0.646716 -0.616515 -0.957919 0.285627 0.0284461 -0.225426 0.205655 0.613805 0.762201 0.448121 
1530709982900 0.200246 0.735858 -0.64685 -0.616574 -0.957889 0.285722 0.0285026 -0.225446 0.205793 0.613903 0.762085 0.448093 
1530709983082 0.200076 0.735929 -0.646822 -0.616688 -0.957874 0.28574 0.0288129 -0.2254 0.206027 0.613809 0.762097 0.448148 
1530709983235 0.199883 0.7359 -0.646914 -0.616785 -0.957847 0.285797 0.0291546 -0.225372 0.206341 0.613817 0.762005 0.448115 
1530709983392 0.199793 0.735869 -0.646977 -0.616898 -0.957814 0.285883 0.0293791 -0.225376 0.206579 0.613814 0.761943 0.448103 
1530709983571 0.199764 0.735714 -0.647163 -0.616989 -0.957774 0.286005 0.0294969 -0.225399 0.206793 0.613943 0.761781 0.448068 
1530709983751 0.199685 0.73567 -0.647237 -0.617076 -0.95772 0.286157 0.0297812 -0.225409 0.207121 0.613925 0.761707 0.448079 
1530709983764 0.199675 0.735672 -0.647238 -0.617083 -0.957716 0.286167 0.0298088 -0.225409 0.207148 0.613918 0.761705 0.448081 
1530709983986 0.199849 0.735666 -0.647191 -0.617185 -0.957695 0.286253 0.0296546 -0.225432 0.207076 0.613885 0.761751 0.448061 
1530709984143 0.199762 0.735763 -0.647108 -0.617329 -0.957719 0.286166 0.0297239 -0.225405 0.20705 0.61381 0.761819 0.44804 
1530709984325 0.19973 0.735806 -0.647068 -0.6175 -0.957772 0.286002 0.0295896 -0.225361 0.206835 0.613834 0.761858 0.448007 
1530709984525 0.199794 0.735976 -0.646855 -0.617625 -0.957777 0.285989 0.0295626 -0.225361 0.206751 0.613636 0.76204 0.448034 
1530709984687 0.199766 0.735994 -0.646843 -0.617763 -0.957787 0.285955 0.0295711 -0.225364 0.206732 0.61363 0.76205 0.447953 
1530709984898 0.199826 0.7362 -0.646591 -0.617923 -0.957786 0.285955 0.029585 -0.225369 0.206676 0.613384 0.762263 0.448045 
1530709985081 0.199946 0.736083 -0.646686 -0.618037 -0.957796 0.285948 0.0293394 -0.225395 0.206515 0.613527 0.762192 0.447948 
1530709985300 0.199922 0.7362 -0.64656 -0.618201 -0.957807 0.285907 0.029384 -0.225385 0.206489 0.613405 0.762297 0.44798 
1530709985486 0.200009 0.736239 -0.646489 -0.618304 -0.957824 0.285865 0.0292219 -0.225385 0.206323 0.613379 0.762363 0.447929 
1530709985500 0.200031 0.736259 -0.64646 -0.618315 -0.957824 0.285869 0.0292045 -0.225388 0.206305 0.613353 0.762389 0.447936 
1530709985708 0.2 0.736337 -0.64638 -0.618429 -0.957824 0.285861 0.0292786 -0.225373 0.206334 0.613263 0.762453 0.447934 
1530709985927 0.199916 0.736369 -0.64637 -0.618627 -0.95783 0.285831 0.0293818 -0.225356 0.206388 0.613239 0.762458 0.447887 
1530709986115 0.200023 0.736507 -0.646179 -0.618745 -0.957825 0.285853 0.0293194 -0.225352 0.206306 0.613062 0.762622 0.44791 
1530709986322 0.200045 0.736534 -0.646142 -0.618922 -0.957812 0.285892 0.0293495 -0.225353 0.206344 0.613011 0.762653 0.447924 
1530709986513 0.200074 0.736649 -0.646002 -0.61905 -0.957773 0.286008 0.0295081 -0.225343 0.206499 0.61282 0.762765 0.447908 
1530709986701 0.200223 0.736673 -0.645929 -0.619201 -0.957743 0.286115 0.0294316 -0.225356 0.206491 0.612741 0.76283 0.447885 
1530709986887 0.200281 0.73666 -0.645925 -0.619364 -0.957727 0.286172 0.0294103 -0.225359 0.206511 0.612729 0.762834 0.447776 
1530709987100 0.200306 0.736912 -0.64563 -0.619511 -0.957722 0.286179 0.0295073 -0.225362 0.20651 0.612424 0.76308 0.447898 
1530709987292 0.200275 0.736864 -0.645695 -0.619649 -0.957733 0.286143 0.029485 -0.225372 0.206488 0.612498 0.763026 0.447797 
1530709987306 0.200272 0.736865 -0.645694 -0.619661 -0.957733 0.286142 0.0294886 -0.225373 0.206489 0.612497 0.763027 0.447794 
1530709987537 0.200324 0.736967 -0.645562 -0.619788 -0.957741 0.286122 0.0294389 -0.225377 0.206405 0.612383 0.763141 0.447851 
1530709987754 0.200311 0.73698 -0.645551 -0.61994 -0.957757 0.286073 0.0294025 -0.225381 0.206344 0.612391 0.763151 0.447805 
1530709987981 0.200335 0.737061 -0.645451 -0.620133 -0.95776 0.286064 0.0293954 -0.225398 0.206306 0.612298 0.763235 0.447837 
1530709988176 0.200296 0.736949 -0.645591 -0.620276 -0.957808 0.28592 0.0292195 -0.225376 0.206121 0.612499 0.763124 0.447735 
1530709988371 0.200224 0.737123 -0.645414 -0.620445 -0.957855 0.285763 0.0292165 -0.225331 0.205971 0.612364 0.763274 0.447767 
1530709988588 0.200275 0.737053 -0.645479 -0.620618 -0.957848 0.285792 0.0291432 -0.22537 0.205953 0.612434 0.763222 0.447751 
1530709988862 0.200381 0.737129 -0.64536 -0.62079 -0.957852 0.285792 0.0290236 -0.225399 0.205833 0.612343 0.763327 0.447723 
1530709989092 0.20035 0.737282 -0.645194 -0.620943 -0.957873 0.285719 0.029055 -0.225374 0.205766 0.612193 0.763466 0.447811 
1530709989284 0.200326 0.737145 -0.645358 -0.621079 -0.957901 0.285638 0.0289202 -0.22537 0.205657 0.612396 0.763332 0.447662 
1530709989297 0.200329 0.737155 -0.645346 -0.621087 -0.957901 0.285637 0.0289201 -0.22537 0.205653 0.612384 0.763343 0.447672 
1530709989508 0.200272 0.73728 -0.645221 -0.621245 -0.957905 0.285613 0.0290369 -0.225371 0.205692 0.612245 0.763444 0.447689 
1530709989705 0.200247 0.737446 -0.645039 -0.621419 -0.957879 0.28568 0.0292399 -0.225383 0.205837 0.612014 0.76359 0.447696 
1530709989905 0.200328 0.737526 -0.644922 -0.621581 -0.957814 0.285879 0.029408 -0.225396 0.206059 0.611824 0.763683 0.447672 
1530709990090 0.200263 0.737647 -0.644803 -0.621751 -0.957803 0.285897 0.0295887 -0.22541 0.206173 0.611669 0.763776 0.447633 
1530709990318 0.200216 0.737874 -0.644559 -0.62196 -0.957784 0.285939 0.0298241 -0.225428 0.206311 0.611377 0.763973 0.447706 
1530709990517 0.200153 0.737769 -0.644698 -0.622116 -0.957777 0.285955 0.0298846 -0.225446 0.206403 0.611496 0.763853 0.44753 
1530709990731 0.200151 0.738068 -0.644356 -0.622304 -0.957743 0.286041 0.0301459 -0.22546 0.206562 0.611094 0.764131 0.447672 
1530709990919 0.200115 0.738115 -0.644314 -0.62246 -0.957727 0.28608 0.0302714 -0.225475 0.206669 0.61102 0.764161 0.447625 
1530709991115 0.200067 0.738065 -0.644386 -0.62263 -0.957714 0.286117 0.0303628 -0.225493 0.206779 0.611062 0.764098 0.4475 
1530709991129 0.200069 0.738077 -0.644372 -0.622639 -0.957712 0.286122 0.0303726 -0.225494 0.206786 0.611046 0.764109 0.447509 
1530709991379 0.200321 0.73815 -0.64421 -0.622816 -0.95771 0.286159 0.0300809 -0.225523 0.206551 0.61094 0.764257 0.447544 
1530709991604 0.200503 0.738322 -0.643956 -0.622986 -0.957697 0.286214 0.0299675 -0.225524 0.206435 0.610706 0.764476 0.447521 
1530709991816 0.200584 0.738344 -0.643906 -0.623187 -0.957729 0.286129 0.0297497 -0.225487 0.206206 0.61072 0.764526 0.447437 
1530709992030 0.200854 0.738395 -0.643763 -0.623376 -0.957715 0.286204 0.0294687 -0.225459 0.206007 0.610623 0.764657 0.447483 
1530709992249 0.201149 0.73851 -0.643538 -0.623528 -0.95766 0.286403 0.0293368 -0.225487 0.205977 0.61039 0.764852 0.447483 
1530709992442 0.201219 0.738447 -0.643589 -0.623695 -0.957681 0.286352 0.0291372 -0.225477 0.205809 0.61049 0.764817 0.447349 
1530709992662 0.201459 0.738613 -0.643324 -0.623911 -0.957688 0.286356 0.0288676 -0.225464 0.205542 0.610288 0.76505 0.447439 
