1535375727720 0.253432 0.926978 -0.276559 -0.602512 -0.933653 0.309197 0.1808 -0.229328 0.253109 0.21239 0.943836 0.38414 
1535375733498 0.253434 0.926977 -0.27656 -0.602512 -0.933653 0.3092 0.180799 -0.229329 0.253109 0.21239 0.943836 0.38414 
1535375733976 0.253699 0.92673 -0.277144 -0.605708 -0.933861 0.30933 0.179493 -0.230703 0.252071 0.213277 0.943914 0.383206 
1535375734496 0.253278 0.926689 -0.277666 -0.609215 -0.934426 0.308645 0.177728 -0.23207 0.250398 0.214443 0.944095 0.382056 
1535375734965 0.252499 0.926767 -0.278115 -0.612756 -0.934988 0.307684 0.176432 -0.233225 0.249083 0.215485 0.944205 0.381049 
1535375735459 0.251967 0.926747 -0.27866 -0.616271 -0.935503 0.306957 0.174962 -0.23447 0.247682 0.216603 0.944318 0.379943 
1535375735963 0.251529 0.926735 -0.279097 -0.619785 -0.93602 0.306269 0.173398 -0.235734 0.246172 0.217626 0.944478 0.378864 
1535375736430 0.251529 0.926735 -0.279097 -0.619785 -0.93602 0.306269 0.173398 -0.235734 0.246172 0.217626 0.944478 0.378864 
1535375736915 0.250197 0.927061 -0.27921 -0.62336 -0.936856 0.304592 0.17183 -0.236719 0.244342 0.218589 0.944731 0.377765 
1535375737531 0.250135 0.926937 -0.27968 -0.626811 -0.937223 0.304303 0.17033 -0.238141 0.242993 0.219517 0.944863 0.376691 
1535375738020 0.249255 0.92706 -0.280057 -0.630438 -0.937821 0.303201 0.168998 -0.239234 0.241585 0.22052 0.944991 0.37566 
1535375738084 0.248975 0.926939 -0.280707 -0.633876 -0.938284 0.302694 0.167328 -0.240555 0.240071 0.221722 0.945095 0.374487 
1535375738365 0.248758 0.926999 -0.2807 -0.634038 -0.93837 0.30246 0.167272 -0.240587 0.239961 0.22179 0.945107 0.374439 
1535375738668 0.248144 0.926761 -0.282025 -0.634281 -0.938278 0.302348 0.167989 -0.240828 0.240955 0.222932 0.944586 0.37448 
1535375738993 0.24741 0.926689 -0.282905 -0.634603 -0.938327 0.301941 0.168447 -0.240941 0.241519 0.223782 0.94424 0.374481 
1535375739301 0.246674 0.926555 -0.283985 -0.634952 -0.938334 0.301608 0.169001 -0.241121 0.242241 0.224785 0.943817 0.37447 
1535375739614 0.245949 0.926451 -0.284951 -0.635315 -0.93837 0.301236 0.169465 -0.241243 0.242838 0.22571 0.943443 0.37447 
1535375739895 0.245304 0.92631 -0.285964 -0.635637 -0.938363 0.30097 0.169976 -0.241498 0.243517 0.226642 0.943045 0.3745 
1535375740184 0.244648 0.926143 -0.287066 -0.635978 -0.93836 0.300709 0.170456 -0.241666 0.24419 0.227669 0.942623 0.374465 
1535375740470 0.243831 0.926031 -0.288121 -0.636341 -0.938409 0.300278 0.170946 -0.241902 0.244818 0.228693 0.942212 0.374458 
1535375740741 0.243283 0.925911 -0.288966 -0.636652 -0.938371 0.30008 0.171498 -0.242017 0.245504 0.229435 0.941853 0.374462 
1535375740772 0.243283 0.925911 -0.288966 -0.636652 -0.938371 0.30008 0.171498 -0.242017 0.245504 0.229435 0.941853 0.374462 
1535375741179 0.242778 0.925818 -0.289689 -0.636912 -0.938356 0.299869 0.171951 -0.242139 0.246064 0.230085 0.941548 0.374485 
1535375741483 0.243045 0.925892 -0.289227 -0.636724 -0.938436 0.299898 0.171462 -0.242132 0.245494 0.229748 0.941779 0.374498 
1535375741764 0.242773 0.92592 -0.289367 -0.636754 -0.938542 0.299632 0.171347 -0.242202 0.245357 0.229985 0.941757 0.374533 
1535375742053 0.242537 0.925921 -0.289564 -0.636826 -0.938624 0.299423 0.171261 -0.242279 0.245276 0.230255 0.941713 0.374612 
1535375742345 0.242159 0.925924 -0.289869 -0.636921 -0.938708 0.299133 0.171311 -0.242277 0.24533 0.230618 0.94161 0.374636 
1535375742638 0.241973 0.925947 -0.289951 -0.636989 -0.938777 0.298951 0.171251 -0.242336 0.245251 0.230761 0.941595 0.374674 
1535375742919 0.241563 0.925945 -0.2903 -0.637079 -0.93892 0.29859 0.171097 -0.24237 0.245107 0.231238 0.941516 0.374692 
1535375743192 0.241293 0.925972 -0.290435 -0.637128 -0.938943 0.298401 0.171296 -0.242429 0.245281 0.23137 0.941438 0.374797 
1535375743476 0.241197 0.925893 -0.290769 -0.637209 -0.938995 0.298346 0.171109 -0.242586 0.245179 0.231759 0.941369 0.374825 
1535375743518 0.241197 0.925893 -0.290769 -0.637209 -0.938995 0.298346 0.171109 -0.242586 0.245179 0.231759 0.941369 0.374825 
1535375743725 0.240882 0.925951 -0.290844 -0.637239 -0.939083 0.298052 0.171137 -0.242591 0.245152 0.231903 0.94134 0.374846 
1535375743916 0.241029 0.926039 -0.290443 -0.63723 -0.939087 0.298079 0.171068 -0.242678 0.244991 0.231519 0.941477 0.37487 
1535375744123 0.240483 0.926363 -0.289862 -0.637262 -0.939252 0.297428 0.171294 -0.24265 0.244894 0.23106 0.941615 0.374907 
1535375744320 0.240297 0.926575 -0.289336 -0.637259 -0.939369 0.297088 0.171242 -0.242869 0.244627 0.230645 0.941786 0.374925 
1535375744528 0.240009 0.926746 -0.289029 -0.637291 -0.939452 0.296748 0.171378 -0.242924 0.244593 0.230396 0.941856 0.374935 
1535375744720 0.239673 0.926979 -0.288558 -0.637336 -0.939587 0.296295 0.171421 -0.242985 0.244402 0.230041 0.941992 0.374949 
1535375744918 0.23923 0.927258 -0.288031 -0.637367 -0.939729 0.295747 0.171587 -0.243033 0.244289 0.229623 0.942123 0.374967 
1535375745127 0.238994 0.927442 -0.287634 -0.637369 -0.93982 0.29542 0.171654 -0.243158 0.244172 0.2293 0.942232 0.374987 
1535375745403 0.238641 0.927679 -0.287162 -0.637399 -0.939946 0.294962 0.171751 -0.243256 0.244032 0.22893 0.942359 0.375002 
1535375745427 0.238641 0.927679 -0.287162 -0.637399 -0.939946 0.294962 0.171751 -0.243256 0.244032 0.22893 0.942359 0.375002 
1535375745630 0.23831 0.927901 -0.286719 -0.637449 -0.940071 0.294526 0.171814 -0.24334 0.243873 0.228591 0.942482 0.375012 
1535375745832 0.238289 0.927925 -0.28666 -0.637433 -0.940064 0.294507 0.171887 -0.243301 0.243921 0.22852 0.942487 0.375021 
1535375746042 0.23829 0.928036 -0.286299 -0.637424 -0.940116 0.294392 0.1718 -0.243474 0.243721 0.228216 0.942612 0.375028 
1535375746262 0.238007 0.928197 -0.286013 -0.637426 -0.940202 0.294056 0.171905 -0.2436 0.243666 0.227996 0.94268 0.374984 
1535375746471 0.237818 0.92837 -0.285606 -0.637449 -0.940297 0.293756 0.171896 -0.243672 0.243482 0.227675 0.942805 0.374967 
1535375746667 0.237664 0.928501 -0.285309 -0.637475 -0.940353 0.293538 0.171962 -0.243791 0.243416 0.227422 0.942883 0.374944 
1535375746869 0.23735 0.928656 -0.285066 -0.637519 -0.940484 0.293146 0.171919 -0.243872 0.24322 0.227294 0.942964 0.374913 
1535375747083 0.237157 0.928869 -0.284534 -0.637543 -0.940562 0.292836 0.172019 -0.243961 0.243105 0.226827 0.943106 0.374866 
1535375747289 0.236764 0.929069 -0.284207 -0.637582 -0.940741 0.292326 0.171908 -0.244005 0.242796 0.226664 0.943225 0.374841 
1535375747314 0.236649 0.929197 -0.283883 -0.637578 -0.940782 0.292145 0.17199 -0.244159 0.242748 0.22637 0.943308 0.374821 
1535375747333 0.236649 0.929197 -0.283883 -0.637578 -0.940782 0.292145 0.17199 -0.244159 0.242748 0.22637 0.943308 0.374821 
1535375747529 0.236993 0.929075 -0.283996 -0.63757 -0.940672 0.292516 0.171964 -0.244053 0.242841 0.226393 0.943279 0.374828 
1535375747651 0.237207 0.928998 -0.284069 -0.637565 -0.940672 0.292683 0.171678 -0.244018 0.242631 0.226492 0.943309 0.374843 
1535375747714 0.237525 0.928932 -0.28402 -0.637534 -0.940676 0.292898 0.171285 -0.243962 0.242301 0.226486 0.943395 0.374743 
1535375747850 0.237864 0.92896 -0.283645 -0.637483 -0.940661 0.293087 0.171045 -0.243979 0.242026 0.226129 0.943551 0.374713 
1535375747897 0.238446 0.928814 -0.283633 -0.637473 -0.940558 0.293598 0.170735 -0.243973 0.241855 0.226062 0.943611 0.374643 
1535375748021 0.238593 0.928809 -0.283526 -0.637456 -0.940571 0.293672 0.170536 -0.243976 0.241659 0.225987 0.943679 0.374619 
1535375748068 0.239079 0.928766 -0.283259 -0.637424 -0.940488 0.29405 0.170346 -0.243968 0.241504 0.225676 0.943794 0.374679 
1535375748214 0.239431 0.928699 -0.28318 -0.637408 -0.940434 0.294338 0.170145 -0.243963 0.241364 0.225574 0.943853 0.374656 
1535375748250 0.239431 0.928699 -0.28318 -0.637408 -0.940434 0.294338 0.170145 -0.243963 0.241364 0.225574 0.943853 0.37456 
1535375748257 0.240156 0.928633 -0.282782 -0.637342 -0.940401 0.294814 0.1695 -0.243951 0.240771 0.225222 0.944089 0.37456 
1535375748387 0.240157 0.928644 -0.282743 -0.637336 -0.940418 0.294793 0.169444 -0.24395 0.240704 0.225204 0.944111 0.374554 
1535375748451 0.240114 0.928566 -0.283036 -0.637223 -0.940395 0.294837 0.169495 -0.243735 0.240837 0.225467 0.944014 0.374673 
1535375748607 0.240862 0.928341 -0.28314 -0.636986 -0.940269 0.295508 0.169025 -0.243742 0.240583 0.225516 0.944067 0.37478 
1535375748759 0.241638 0.92818 -0.283007 -0.636766 -0.940227 0.296077 0.168261 -0.243705 0.239969 0.225432 0.944243 0.374862 
1535375748926 0.242069 0.928114 -0.282855 -0.636542 -0.940216 0.296368 0.167811 -0.243482 0.239577 0.225322 0.944369 0.374907 
1535375749083 0.242946 0.927883 -0.28286 -0.636334 -0.940069 0.297131 0.167282 -0.243529 0.239265 0.225267 0.944461 0.374959 
1535375749240 0.243409 0.92781 -0.282703 -0.636155 -0.940067 0.297434 0.166755 -0.243308 0.238803 0.22517 0.944601 0.374999 
1535375749407 0.243938 0.927685 -0.282657 -0.635965 -0.940045 0.297823 0.166182 -0.243155 0.238346 0.225172 0.944716 0.375039 
1535375749588 0.244739 0.927455 -0.282718 -0.63573 -0.939956 0.298486 0.165496 -0.243113 0.237877 0.22524 0.944818 0.374974 
1535375749603 0.244739 0.927455 -0.282718 -0.63573 -0.939956 0.298486 0.165496 -0.243113 0.237877 0.22524 0.944818 0.374974 
1535375749780 0.245319 0.927321 -0.282655 -0.635612 -0.939831 0.299004 0.165268 -0.243122 0.237772 0.225105 0.944877 0.375042 
1535375749970 0.24461 0.927495 -0.2827 -0.635329 -0.940021 0.29833 0.165409 -0.242828 0.237754 0.225283 0.944839 0.375114 
1535375750155 0.244921 0.927389 -0.282779 -0.634942 -0.939803 0.29877 0.165849 -0.242779 0.238292 0.225137 0.944738 0.375308 
1535375750359 0.245172 0.927241 -0.283044 -0.634549 -0.939687 0.299106 0.165906 -0.242752 0.238495 0.225298 0.944649 0.375347 
1535375750528 0.24553 0.927172 -0.28296 -0.634179 -0.939518 0.299503 0.166141 -0.242659 0.238789 0.225053 0.944633 0.375533 
1535375750755 0.245431 0.927172 -0.283049 -0.633853 -0.939497 0.299469 0.166322 -0.242463 0.238974 0.225103 0.944574 0.375639 
1535375750934 0.245549 0.927099 -0.283185 -0.63352 -0.939419 0.299651 0.166437 -0.242347 0.23916 0.22516 0.944513 0.375751 
1535375751127 0.245652 0.927071 -0.283186 -0.633185 -0.939338 0.299801 0.166625 -0.242201 0.239372 0.225076 0.94448 0.375943 
1535375751222 0.246 0.926989 -0.283154 -0.632822 -0.9392 0.300171 0.166735 -0.242165 0.239556 0.224921 0.94447 0.376097 
1535375751411 0.24586 0.927001 -0.283236 -0.632618 -0.939205 0.300081 0.166868 -0.242003 0.239681 0.22499 0.944422 0.376167 
1535375751617 0.24586 0.927001 -0.283236 -0.632618 -0.939205 0.300081 0.166868 -0.242003 0.239681 0.22499 0.944422 0.376167 
1535375751839 0.245693 0.927083 -0.283111 -0.632111 -0.939076 0.300061 0.167627 -0.241811 0.240355 0.224678 0.944325 0.376353 
1535375752054 0.245656 0.92705 -0.28325 -0.631629 -0.93896 0.300169 0.168087 -0.241676 0.240848 0.224669 0.944201 0.376493 
1535375752277 0.245411 0.927117 -0.283246 -0.631136 -0.938901 0.300048 0.168628 -0.241389 0.241326 0.224557 0.944106 0.376584 
1535375752506 0.245279 0.927091 -0.283446 -0.6302 -0.938654 0.30022 0.169695 -0.24109 0.242419 0.224435 0.943855 0.376815 
1535375752700 0.245279 0.927091 -0.283446 -0.6302 -0.938654 0.30022 0.169695 -0.24109 0.242419 0.224435 0.943855 0.376815 
1535375752937 0.245121 0.927087 -0.283593 -0.629229 -0.938412 0.300358 0.170788 -0.240742 0.243515 0.224263 0.943614 0.377115 
1535375753145 0.245121 0.927087 -0.283593 -0.629229 -0.938412 0.300358 0.170788 -0.240742 0.243515 0.224263 0.943614 0.377115 
1535375753189 0.244941 0.927131 -0.283607 -0.62865 -0.938306 0.30033 0.171416 -0.240472 0.244101 0.224123 0.943496 0.377282 
1535375753392 0.245058 0.927086 -0.283652 -0.628545 -0.938232 0.300489 0.171543 -0.24049 0.244269 0.224093 0.943459 0.377325 
1535375753612 0.245058 0.927086 -0.283652 -0.628545 -0.938232 0.300489 0.171543 -0.24049 0.244269 0.224093 0.943459 0.377325 
1535375753827 0.24477 0.927006 -0.284161 -0.628158 -0.938262 0.300351 0.171623 -0.240273 0.244444 0.224609 0.943291 0.377397 
1535375754007 0.244687 0.926949 -0.284418 -0.627798 -0.938148 0.300443 0.172082 -0.240081 0.244962 0.22472 0.94313 0.377569 
1535375754244 0.244791 0.926881 -0.28455 -0.627335 -0.938005 0.300673 0.172458 -0.240016 0.245405 0.224694 0.943021 0.377758 
1535375754453 0.244573 0.926833 -0.284894 -0.626951 -0.937961 0.300622 0.172786 -0.239797 0.245789 0.224961 0.942857 0.377845 
1535375754671 0.244776 0.926666 -0.285261 -0.626506 -0.937841 0.300945 0.172874 -0.239749 0.246044 0.225214 0.94273 0.37798 
1535375754890 0.244452 0.926685 -0.285479 -0.626059 -0.937814 0.300779 0.173314 -0.239474 0.246473 0.225359 0.942584 0.378161 
1535375755107 0.244546 0.926569 -0.285776 -0.625672 -0.937689 0.301016 0.173578 -0.239378 0.246855 0.225521 0.942445 0.378246 
1535375755177 0.244528 0.926462 -0.286136 -0.625296 -0.937557 0.301192 0.173986 -0.239263 0.247373 0.225724 0.942261 0.378426 
1535375755193 0.244471 0.926463 -0.286182 -0.62521 -0.937556 0.301159 0.174044 -0.239215 0.247432 0.225763 0.942236 0.378462 
1535375755269 0.244471 0.926456 -0.286204 -0.625161 -0.937548 0.301172 0.174067 -0.239208 0.247461 0.225775 0.942225 0.378481 
1535375755418 0.244302 0.926356 -0.286671 -0.624929 -0.937547 0.30114 0.17413 -0.238959 0.247634 0.226227 0.942071 0.378525 
1535375755601 0.2447 0.926078 -0.287232 -0.624565 -0.937408 0.301656 0.173982 -0.239052 0.247766 0.22668 0.941928 0.378626 
1535375755785 0.244812 0.925898 -0.287715 -0.624313 -0.937326 0.301902 0.173996 -0.23887 0.247965 0.227087 0.941778 0.37876 
1535375755975 0.244812 0.925771 -0.288123 -0.623992 -0.93728 0.302021 0.174041 -0.238782 0.248141 0.227444 0.941645 0.378893 
1535375756157 0.245076 0.925552 -0.288602 -0.623651 -0.93716 0.302409 0.174009 -0.238781 0.248331 0.227821 0.941504 0.378986 
1535375756343 0.244786 0.925458 -0.28915 -0.623417 -0.937208 0.302262 0.17401 -0.238524 0.248438 0.228399 0.941335 0.379058 
1535375756540 0.244852 0.925347 -0.289448 -0.62309 -0.93715 0.302417 0.174049 -0.238419 0.24859 0.22864 0.941237 0.379192 
1535375756741 0.244941 0.925156 -0.289983 -0.622728 -0.93705 0.302674 0.174143 -0.238271 0.24888 0.229074 0.941055 0.379297 
1535375756956 0.244893 0.925156 -0.290023 -0.622696 -0.937061 0.302636 0.174147 -0.238232 0.248885 0.229122 0.941042 0.379309 
1535375757157 0.245082 0.925118 -0.289986 -0.62252 -0.937012 0.30281 0.174112 -0.238185 0.248884 0.229049 0.94106 0.379361 
1535375757357 0.245483 0.924991 -0.290052 -0.622236 -0.936885 0.303224 0.174073 -0.23817 0.248967 0.229013 0.941046 0.379421 
1535375757559 0.24575 0.924915 -0.290067 -0.621974 -0.936829 0.303469 0.17395 -0.238103 0.248915 0.228995 0.941065 0.379486 
1535375757755 0.246009 0.92481 -0.290183 -0.621719 -0.936759 0.303739 0.173855 -0.238025 0.248923 0.229062 0.941046 0.379525 
1535375757972 0.246024 0.924845 -0.29006 -0.62151 -0.936767 0.303718 0.173845 -0.237813 0.248876 0.228948 0.941086 0.379643 
1535375758182 0.246265 0.924789 -0.290033 -0.621241 -0.936714 0.303934 0.173757 -0.237735 0.248839 0.228888 0.941111 0.379725 
1535375758397 0.246474 0.924695 -0.290154 -0.620984 -0.936612 0.304199 0.173842 -0.237674 0.249015 0.228914 0.941058 0.379827 
1535375758605 0.246474 0.924695 -0.290154 -0.620984 -0.936612 0.304199 0.173842 -0.237674 0.249015 0.228914 0.941058 0.379827 
1535375758633 0.246598 0.924718 -0.289977 -0.620713 -0.936615 0.304251 0.173733 -0.237468 0.24888 0.228755 0.941132 0.379949 
1535375758796 0.246579 0.924708 -0.290026 -0.620679 -0.936605 0.304256 0.173781 -0.2374 0.248939 0.228789 0.941109 0.379959 
1535375758895 0.246705 0.92471 -0.289909 -0.620555 -0.936567 0.304359 0.173805 -0.237404 0.248956 0.228641 0.94114 0.380017 
1535375759003 0.246558 0.924777 -0.289821 -0.620381 -0.936504 0.304295 0.174254 -0.237421 0.249337 0.228454 0.941084 0.380063 
1535375759125 0.246472 0.924825 -0.28974 -0.620174 -0.936493 0.304228 0.174429 -0.237356 0.249463 0.228348 0.941077 0.380113 
1535375759228 0.246468 0.924855 -0.28965 -0.619976 -0.936384 0.304308 0.174875 -0.237259 0.249877 0.228123 0.941021 0.380144 
1535375759337 0.246423 0.924889 -0.289578 -0.619763 -0.936337 0.304306 0.175133 -0.237204 0.250099 0.227985 0.940996 0.380215 
1535375759453 0.246423 0.924889 -0.289578 -0.619763 -0.936337 0.304306 0.175133 -0.237204 0.250099 0.227985 0.940996 0.380215 
1535375759566 0.24612 0.925011 -0.289446 -0.619358 -0.93628 0.304117 0.175763 -0.237029 0.250608 0.227743 0.940919 0.380284 
1535375759667 0.246124 0.92503 -0.289382 -0.619151 -0.936179 0.304199 0.176157 -0.236971 0.25098 0.227557 0.940865 0.380322 
1535375759694 0.246097 0.925048 -0.289348 -0.619102 -0.936165 0.304186 0.176256 -0.236921 0.251061 0.227501 0.940857 0.380339 
1535375759715 0.246103 0.925052 -0.289332 -0.619074 -0.936151 0.304199 0.176305 -0.236906 0.251106 0.227469 0.940853 0.380348 
1535375759885 0.246145 0.925058 -0.289277 -0.618934 -0.936085 0.304279 0.176519 -0.236893 0.251311 0.227339 0.940829 0.380383 
1535375760045 0.24614 0.925024 -0.28939 -0.618809 -0.936128 0.304259 0.176329 -0.236694 0.251158 0.227504 0.94083 0.380412 
1535375760196 0.246397 0.924926 -0.289484 -0.618583 -0.936026 0.304551 0.17636 -0.23667 0.251283 0.22751 0.940795 0.38044 
1535375760335 0.246205 0.925006 -0.28939 -0.61838 -0.936087 0.304342 0.176401 -0.236523 0.251245 0.227464 0.940817 0.380473 
1535375760500 0.24648 0.924935 -0.289383 -0.618172 -0.93599 0.304625 0.176428 -0.236442 0.251338 0.227373 0.940814 0.380502 
1535375760668 0.246651 0.924848 -0.289515 -0.61795 -0.935912 0.304842 0.176463 -0.236408 0.251458 0.227435 0.940767 0.380525 
1535375760813 0.246528 0.924882 -0.289512 -0.617874 -0.935935 0.304733 0.176532 -0.236263 0.251495 0.227444 0.940755 0.38054 
1535375760964 0.246808 0.924815 -0.289486 -0.617546 -0.93583 0.305024 0.176589 -0.236201 0.251612 0.227326 0.940752 0.38061 
1535375760990 0.24672 0.92487 -0.289386 -0.617435 -0.93585 0.304922 0.176653 -0.236106 0.251622 0.227238 0.940771 0.380654 
1535375761007 0.246731 0.924874 -0.289365 -0.617404 -0.935846 0.30493 0.176663 -0.236088 0.251627 0.227212 0.940775 0.380663 
1535375761165 0.246747 0.92487 -0.289363 -0.617325 -0.935833 0.304954 0.176693 -0.236048 0.251661 0.227197 0.94077 0.380686 
1535375761219 0.246747 0.92487 -0.289363 -0.617325 -0.935833 0.304954 0.176693 -0.236048 0.251661 0.227197 0.94077 0.380686 
1535375761338 0.24658 0.924818 -0.289673 -0.617136 -0.935896 0.304837 0.176561 -0.235944 0.25159 0.227567 0.9407 0.380732 
1535375761462 0.246722 0.924722 -0.289857 -0.616902 -0.935827 0.305035 0.176582 -0.235914 0.251706 0.22769 0.940639 0.380785 
1535375761598 0.24681 0.924645 -0.290029 -0.61666 -0.935753 0.305198 0.176693 -0.235891 0.251894 0.227786 0.940565 0.380874 
1535375761701 0.246753 0.924638 -0.290098 -0.616475 -0.9358 0.305128 0.176564 -0.235734 0.251774 0.227906 0.940568 0.380936 
1535375761862 0.246713 0.924651 -0.29009 -0.616225 -0.935795 0.305102 0.176637 -0.235689 0.251835 0.227887 0.940557 0.381034 
1535375761920 0.246602 0.924672 -0.290118 -0.61604 -0.935786 0.305037 0.176798 -0.235525 0.251977 0.22789 0.940518 0.381189 
1535375762020 0.246948 0.92449 -0.290405 -0.615779 -0.935647 0.305464 0.176795 -0.235566 0.252154 0.228057 0.94043 0.381256 
1535375762208 0.246711 0.924587 -0.290297 -0.615715 -0.935734 0.305195 0.176797 -0.235397 0.252062 0.228023 0.940463 0.381303 
1535375762380 0.246711 0.924587 -0.290297 -0.615715 -0.935734 0.305195 0.176797 -0.235397 0.252062 0.228023 0.940463 0.381303 
1535375762565 0.24691 0.924509 -0.290379 -0.615334 -0.935658 0.305422 0.176811 -0.235354 0.252151 0.228039 0.940435 0.381414 
1535375762750 0.24724 0.92446 -0.290252 -0.614952 -0.935583 0.3057 0.176722 -0.235305 0.252103 0.227862 0.940491 0.381548 
1535375762986 0.247029 0.924515 -0.290256 -0.614673 -0.935659 0.305483 0.1767 -0.235019 0.25203 0.22793 0.940494 0.381673 
1535375763161 0.24733 0.924468 -0.290148 -0.614288 -0.935613 0.305718 0.176536 -0.234947 0.251906 0.227804 0.940558 0.381781 
1535375763377 0.247461 0.924464 -0.290052 -0.613615 -0.93564 0.305769 0.176307 -0.234682 0.251678 0.227756 0.94063 0.381991 
1535375763561 0.247461 0.924464 -0.290052 -0.613615 -0.93564 0.305769 0.176307 -0.234682 0.251678 0.227756 0.94063 0.381991 
1535375763723 0.247557 0.92445 -0.290012 -0.613276 -0.935638 0.305831 0.176205 -0.234505 0.251587 0.227725 0.940662 0.382093 
1535375763778 0.247697 0.924414 -0.290008 -0.612919 -0.935626 0.305941 0.17608 -0.234427 0.251497 0.227724 0.940687 0.382204 
1535375763787 0.247604 0.924462 -0.289936 -0.612833 -0.935658 0.305832 0.176099 -0.234302 0.251469 0.227678 0.940705 0.382234 
1535375763973 0.24756 0.924481 -0.289913 -0.612796 -0.935675 0.305781 0.176099 -0.234258 0.25145 0.227669 0.940712 0.382247 
1535375764036 0.247939 0.924388 -0.289886 -0.612514 -0.935539 0.306169 0.176147 -0.234115 0.251582 0.227526 0.940712 0.382352 
1535375764229 0.248332 0.924259 -0.289959 -0.612142 -0.935377 0.306609 0.176241 -0.234122 0.251796 0.227455 0.940671 0.382445 
1535375764402 0.248579 0.9242 -0.289937 -0.611792 -0.935276 0.306872 0.176317 -0.233935 0.251926 0.227343 0.940664 0.382496 
1535375764599 0.24872 0.924181 -0.289876 -0.611493 -0.935212 0.307019 0.176404 -0.233731 0.252026 0.22722 0.940667 0.382547 
1535375764805 0.249209 0.924062 -0.289835 -0.611125 -0.935038 0.307516 0.176459 -0.233616 0.252188 0.227031 0.940669 0.38261 
1535375764995 0.249257 0.924028 -0.289902 -0.610796 -0.934963 0.30763 0.176658 -0.233485 0.25242 0.227015 0.940611 0.38272 
1535375765164 0.249466 0.923992 -0.289836 -0.610487 -0.934868 0.307852 0.176773 -0.233265 0.252564 0.226859 0.94061 0.382784 
1535375765375 0.249757 0.923926 -0.289798 -0.610122 -0.934758 0.308151 0.176835 -0.233153 0.252684 0.226725 0.940609 0.382851 
1535375765561 0.249625 0.923989 -0.289712 -0.610012 -0.934787 0.308014 0.176919 -0.232962 0.252706 0.226655 0.940621 0.38288 
1535375765709 0.249625 0.923989 -0.289712 -0.610012 -0.934787 0.308014 0.176919 -0.232962 0.252706 0.226655 0.940621 0.38288 
1535375765887 0.249891 0.923917 -0.289709 -0.609755 -0.934692 0.308289 0.176945 -0.232914 0.252796 0.226572 0.940616 0.382929 
1535375766055 0.250128 0.923847 -0.289728 -0.609423 -0.934665 0.308485 0.176744 -0.232882 0.252661 0.22659 0.940648 0.38299 
1535375766266 0.250307 0.923789 -0.289757 -0.609153 -0.934583 0.308692 0.176815 -0.232657 0.252786 0.226544 0.940626 0.383056 
1535375766434 0.250369 0.923779 -0.289737 -0.608855 -0.934545 0.308766 0.176886 -0.232516 0.252865 0.226486 0.940619 0.38314 
1535375766614 0.250638 0.923768 -0.28954 -0.608502 -0.934472 0.308985 0.176891 -0.232416 0.25287 0.226232 0.940679 0.383237 
1535375766775 0.250593 0.923764 -0.28959 -0.608257 -0.934444 0.308988 0.177035 -0.232162 0.253018 0.226242 0.940636 0.383316 
1535375766999 0.250857 0.923734 -0.289457 -0.607909 -0.934402 0.309188 0.176904 -0.232096 0.252909 0.226092 0.940702 0.38342 
1535375767036 0.250902 0.923722 -0.289457 -0.60757 -0.934352 0.309264 0.177035 -0.231808 0.25305 0.226037 0.940677 0.383524 
1535375767057 0.250868 0.923741 -0.289427 -0.607513 -0.934361 0.309227 0.177054 -0.231744 0.253051 0.226012 0.940683 0.383539 
1535375767072 0.250868 0.923741 -0.289427 -0.607513 -0.934361 0.309227 0.177054 -0.231744 0.253051 0.226012 0.940683 0.383539 
1535375767274 0.250785 0.923786 -0.289356 -0.607304 -0.934392 0.309126 0.177065 -0.231636 0.253017 0.225966 0.940703 0.383593 
1535375767430 0.2512 0.923737 -0.289153 -0.60694 -0.934227 0.309531 0.177231 -0.231677 0.253217 0.225614 0.940734 0.383648 
1535375767596 0.251091 0.923836 -0.288928 -0.606642 -0.934246 0.309393 0.17737 -0.231497 0.253254 0.225394 0.940776 0.383716 
1535375767762 0.251156 0.923875 -0.288747 -0.606339 -0.934232 0.309417 0.177403 -0.231377 0.253241 0.225201 0.940826 0.383785 
1535375767928 0.251217 0.923915 -0.288568 -0.606029 -0.934221 0.309436 0.17743 -0.231264 0.253223 0.225013 0.940876 0.383853 
1535375768088 0.251385 0.923918 -0.288412 -0.605685 -0.934182 0.30956 0.177415 -0.231234 0.253198 0.224829 0.940927 0.383922 
1535375768257 0.251714 0.923884 -0.288234 -0.605337 -0.934078 0.309853 0.177453 -0.231216 0.253256 0.224566 0.940974 0.384008 
