1533580246225 -0.054184 0.975487 -0.213282 -0.494027 -0.996068 -0.0378093 0.0801219 -0.221792 0.0700938 0.216784 0.9737 0.337689 
1533580248803 -0.0541832 0.975487 -0.213282 -0.494027 -0.996068 -0.0378084 0.080122 -0.221792 0.0700941 0.216784 0.9737 0.337689 
1533580250019 -0.0295412 0.974566 -0.222147 -0.505941 -0.995786 -0.00938921 0.0912295 -0.224568 0.0868234 0.223905 0.970736 0.34235 
1533580250660 -0.00476153 0.97283 -0.23147 -0.517937 -0.994669 0.0192362 0.101308 -0.227322 0.103008 0.230719 0.967553 0.346425 
1533580251301 0.0204484 0.970276 -0.241137 -0.530019 -0.992554 0.048668 0.11166 -0.229985 0.120076 0.237058 0.964046 0.350696 
1533580251951 0.0455171 0.966928 -0.250954 -0.542034 -0.98947 0.0781897 0.121799 -0.232728 0.137393 0.242768 0.960306 0.355021 
1533580252611 0.0701364 0.962792 -0.260984 -0.554126 -0.985438 0.107497 0.131742 -0.235305 0.154896 0.247944 0.956311 0.359355 
1533580253283 0.0944108 0.957818 -0.271426 -0.566172 -0.980553 0.136588 0.140927 -0.238015 0.172056 0.252842 0.952086 0.363513 
1533580253961 0.118434 0.952083 -0.281976 -0.578239 -0.974694 0.165689 0.15006 -0.240718 0.18959 0.257069 0.947614 0.36781 
1533580254651 0.142365 0.945514 -0.292805 -0.590346 -0.967838 0.194963 0.158996 -0.243399 0.207419 0.260753 0.94286 0.372128 
1533580255309 0.166059 0.938141 -0.303834 -0.601464 -0.960089 0.224132 0.167316 -0.245679 0.225065 0.263923 0.937918 0.376618 
1533580255332 0.166509 0.93809 -0.303747 -0.601632 -0.95989 0.224684 0.167717 -0.245612 0.225581 0.263637 0.937875 0.376906 
1533580255568 0.168234 0.937435 -0.304818 -0.602491 -0.959339 0.226799 0.168021 -0.246 0.226641 0.264157 0.937473 0.377008 
1533580255806 0.170479 0.936649 -0.305984 -0.603787 -0.958575 0.229559 0.168632 -0.246413 0.22819 0.26456 0.936983 0.377327 
1533580256044 0.172977 0.935903 -0.306864 -0.605113 -0.957682 0.232593 0.169545 -0.24672 0.230052 0.264551 0.93653 0.377826 
1533580256388 0.177722 0.934276 -0.3091 -0.607816 -0.955877 0.238551 0.171442 -0.247298 0.23391 0.264993 0.935449 0.378743 
1533580256632 0.18037 0.93342 -0.310151 -0.609119 -0.954961 0.241719 0.172107 -0.247733 0.235617 0.265139 0.934979 0.37926 
1533580256877 0.182714 0.932533 -0.311445 -0.610529 -0.954005 0.244743 0.173132 -0.247956 0.237675 0.265487 0.934359 0.379657 
1533580257127 0.184946 0.931746 -0.312482 -0.611868 -0.953155 0.24751 0.173879 -0.248247 0.239354 0.265686 0.933874 0.380152 
1533580257376 0.187397 0.930926 -0.313462 -0.613198 -0.952207 0.250524 0.174753 -0.24857 0.241212 0.265733 0.933382 0.380681 
1533580257399 0.187636 0.930859 -0.313519 -0.613331 -0.952114 0.250811 0.17485 -0.248599 0.241395 0.265697 0.933345 0.380746 
1533580257416 0.187731 0.930831 -0.313545 -0.613423 -0.952059 0.250945 0.174956 -0.248576 0.241537 0.265669 0.933317 0.380808 
1533580257538 0.187964 0.930869 -0.313292 -0.613443 -0.951911 0.251229 0.175354 -0.248547 0.24194 0.265266 0.933327 0.380799 
1533580257576 0.188018 0.931023 -0.312803 -0.613392 -0.951926 0.251161 0.175372 -0.248602 0.241839 0.264792 0.933488 0.380688 
1533580257668 0.188421 0.930988 -0.312665 -0.613437 -0.951748 0.251622 0.175674 -0.24879 0.242224 0.264478 0.933477 0.380501 
1533580257724 0.188923 0.930998 -0.312332 -0.613531 -0.951537 0.252155 0.176057 -0.248905 0.242664 0.263934 0.933516 0.380491 
1533580257801 0.189193 0.931098 -0.31187 -0.613663 -0.951362 0.252453 0.176572 -0.248873 0.243138 0.263295 0.933573 0.380522 
1533580257868 0.189474 0.931143 -0.311564 -0.613799 -0.951203 0.252772 0.176973 -0.248865 0.243542 0.262829 0.9336 0.380462 
1533580257941 0.189785 0.931209 -0.311179 -0.613909 -0.951061 0.253078 0.177299 -0.2489 0.243855 0.262302 0.933666 0.380406 
1533580258004 0.190286 0.931217 -0.310848 -0.61397 -0.950864 0.253592 0.177621 -0.249046 0.244232 0.261775 0.933715 0.380355 
1533580258024 0.190429 0.931203 -0.310801 -0.613998 -0.950803 0.253752 0.177716 -0.249089 0.244356 0.261669 0.933713 0.380337 
1533580258040 0.190542 0.93119 -0.310771 -0.614021 -0.950747 0.253889 0.177821 -0.249117 0.244487 0.261582 0.933703 0.380323 
1533580258077 0.190694 0.931204 -0.310635 -0.614081 -0.950648 0.254079 0.178076 -0.249115 0.244752 0.261346 0.933699 0.380297 
1533580258179 0.190593 0.931444 -0.309977 -0.614095 -0.95067 0.253857 0.178279 -0.249052 0.244747 0.260707 0.933879 0.380305 
1533580258221 0.190682 0.931621 -0.309391 -0.614042 -0.950654 0.253827 0.178407 -0.249118 0.24474 0.260104 0.934049 0.380304 
1533580258319 0.191029 0.931688 -0.308973 -0.614088 -0.950519 0.254144 0.178674 -0.249292 0.244992 0.259553 0.934137 0.380224 
1533580258376 0.191145 0.931866 -0.308365 -0.614107 -0.950469 0.254164 0.17891 -0.249306 0.245095 0.258894 0.934292 0.380185 
1533580258460 0.191173 0.932006 -0.307926 -0.614148 -0.950408 0.254165 0.179234 -0.249346 0.245311 0.25839 0.934375 0.380127 
1533580258599 0.191615 0.932255 -0.306894 -0.614276 -0.950195 0.254513 0.179867 -0.249447 0.245791 0.257144 0.934593 0.380117 
1533580258615 0.191685 0.932324 -0.306641 -0.61428 -0.950171 0.254541 0.179954 -0.249452 0.245828 0.256867 0.934659 0.380123 
1533580258631 0.191731 0.932377 -0.306452 -0.61429 -0.95015 0.25456 0.180038 -0.249449 0.245873 0.256657 0.934705 0.380128 
1533580258649 0.191759 0.932448 -0.306216 -0.614304 -0.95013 0.254557 0.180151 -0.249432 0.245931 0.2564 0.934761 0.380134 
1533580258665 0.191772 0.932473 -0.306134 -0.614318 -0.950114 0.254567 0.18022 -0.249424 0.245982 0.256301 0.934774 0.380131 
1533580258681 0.191795 0.932463 -0.306149 -0.614328 -0.950095 0.254607 0.180265 -0.249432 0.246038 0.256297 0.934761 0.380119 
1533580258699 0.191797 0.932462 -0.306151 -0.614326 -0.950084 0.254619 0.180303 -0.249433 0.246078 0.256287 0.934753 0.380116 
1533580258715 0.191784 0.93246 -0.306165 -0.614313 -0.95008 0.254617 0.18033 -0.249432 0.246105 0.256297 0.934743 0.380121 
1533580258731 0.191755 0.932465 -0.30617 -0.614296 -0.950087 0.254589 0.180329 -0.249429 0.246097 0.256309 0.934741 0.380133 
1533580258751 0.191718 0.932409 -0.306363 -0.614309 -0.950085 0.254601 0.180321 -0.249433 0.246134 0.2565 0.93468 0.380131 
1533580258772 0.191701 0.932341 -0.30658 -0.614331 -0.950082 0.254634 0.180292 -0.249449 0.24616 0.256714 0.934614 0.380123 
1533580258792 0.191703 0.932322 -0.306635 -0.614335 -0.950092 0.254636 0.180238 -0.249467 0.24612 0.25678 0.934606 0.380123 
1533580258805 0.191725 0.932338 -0.306575 -0.614325 -0.950103 0.254629 0.18019 -0.249484 0.246061 0.256731 0.934635 0.380138 
1533580258825 0.191773 0.93237 -0.306447 -0.614312 -0.950102 0.254641 0.180179 -0.249506 0.246028 0.256602 0.93468 0.380177 
1533580258842 0.19189 0.932458 -0.306105 -0.614278 -0.950099 0.254663 0.180161 -0.249547 0.245946 0.256259 0.934795 0.380217 
1533580258905 0.192151 0.932601 -0.305506 -0.614206 -0.949959 0.254885 0.180588 -0.24963 0.246285 0.255518 0.934909 0.380307 
1533580258937 0.191822 0.932661 -0.30553 -0.614169 -0.949977 0.254629 0.180853 -0.249635 0.246471 0.255555 0.93485 0.380356 
1533580258954 0.191582 0.932666 -0.305663 -0.614151 -0.949973 0.254482 0.181081 -0.249616 0.246674 0.25568 0.934762 0.380359 
1533580258970 0.19138 0.932627 -0.305911 -0.614153 -0.949948 0.254407 0.181314 -0.249601 0.246924 0.2559 0.934636 0.380347 
1533580258987 0.191176 0.932596 -0.30613 -0.614149 -0.949918 0.254332 0.181581 -0.249591 0.247201 0.256085 0.934512 0.380335 
1533580259007 0.190955 0.932593 -0.30628 -0.614139 -0.949899 0.254218 0.18184 -0.249583 0.247445 0.256212 0.934412 0.380328 
1533580259048 0.190811 0.932641 -0.306222 -0.614078 -0.949864 0.254136 0.182133 -0.249633 0.247687 0.256116 0.934375 0.380407 
1533580259137 0.190499 0.932605 -0.306525 -0.614003 -0.950067 0.253755 0.181605 -0.249882 0.247148 0.256624 0.934378 0.380515 
1533580259163 0.19024 0.932502 -0.307 -0.613955 -0.950175 0.253545 0.181335 -0.250089 0.246934 0.257207 0.934274 0.380518 
1533580259199 0.190097 0.932386 -0.30744 -0.613886 -0.950223 0.253475 0.181182 -0.25031 0.24686 0.257695 0.934159 0.380525 
1533580259269 0.189878 0.932385 -0.307578 -0.613727 -0.950252 0.253311 0.181258 -0.250519 0.246915 0.25786 0.934099 0.380709 
1533580259304 0.189427 0.932364 -0.307919 -0.613693 -0.95032 0.252974 0.18137 -0.25057 0.246999 0.258265 0.933965 0.380771 
1533580259320 0.189239 0.932352 -0.308072 -0.613679 -0.950346 0.252839 0.181427 -0.250582 0.247046 0.258442 0.933904 0.380779 
1533580259337 0.189092 0.932327 -0.308238 -0.613675 -0.95036 0.252749 0.181479 -0.250587 0.247104 0.258621 0.933839 0.380783 
1533580259379 0.18878 0.93232 -0.30845 -0.613662 -0.950396 0.252523 0.181605 -0.250609 0.247205 0.258866 0.933744 0.380817 
1533580259465 0.188475 0.932333 -0.308596 -0.613551 -0.950443 0.252277 0.181697 -0.250902 0.247254 0.259058 0.933678 0.380879 
1533580259524 0.188099 0.932361 -0.308742 -0.613465 -0.950535 0.251933 0.181696 -0.251128 0.247189 0.259293 0.93363 0.380849 
1533580259616 0.187735 0.932373 -0.308928 -0.613356 -0.950563 0.251672 0.181913 -0.251375 0.247359 0.259504 0.933526 0.380827 
1533580259669 0.18727 0.932423 -0.30906 -0.61329 -0.950646 0.251267 0.182035 -0.251536 0.24739 0.259717 0.933459 0.380834 
1533580259763 0.186752 0.932356 -0.309573 -0.613254 -0.950658 0.250973 0.18238 -0.25173 0.247737 0.260238 0.933221 0.380884 
1533580259805 0.186243 0.932421 -0.309683 -0.613206 -0.95075 0.250523 0.182516 -0.251852 0.247765 0.260439 0.933158 0.380923 
1533580259905 0.186029 0.932373 -0.309957 -0.613069 -0.950738 0.250431 0.182706 -0.252211 0.247973 0.260699 0.93303 0.38098 
1533580259922 0.185858 0.932388 -0.310015 -0.613046 -0.950767 0.250286 0.182753 -0.252263 0.247989 0.260786 0.933002 0.380992 
1533580259939 0.185706 0.932394 -0.310088 -0.613019 -0.950793 0.250161 0.182788 -0.252324 0.248002 0.260885 0.932971 0.380996 
1533580259955 0.185573 0.932398 -0.310156 -0.612994 -0.950816 0.250053 0.18282 -0.252379 0.248016 0.260975 0.932942 0.380997 
1533580259972 0.185503 0.932394 -0.310209 -0.612974 -0.950825 0.250001 0.18284 -0.252425 0.248031 0.261037 0.93292 0.380993 
1533580259992 0.185521 0.932374 -0.310259 -0.612958 -0.950811 0.250039 0.182861 -0.252462 0.248072 0.261073 0.932899 0.380987 
1533580260009 0.185548 0.93236 -0.310286 -0.612959 -0.950798 0.250078 0.182878 -0.252464 0.248104 0.261087 0.932887 0.380982 
1533580260075 0.185853 0.932276 -0.310356 -0.612948 -0.950727 0.250391 0.182816 -0.252391 0.248145 0.261087 0.932876 0.380901 
1533580260114 0.185852 0.932261 -0.3104 -0.612853 -0.950746 0.250379 0.182734 -0.252417 0.248074 0.26115 0.932877 0.380857 
1533580260133 0.185875 0.932241 -0.310445 -0.612789 -0.950752 0.250399 0.182677 -0.252485 0.248034 0.261202 0.932873 0.380839 
1533580260151 0.185761 0.932243 -0.310507 -0.612726 -0.9508 0.250277 0.182595 -0.252573 0.247936 0.261311 0.932869 0.380815 
1533580260167 0.185686 0.932243 -0.310553 -0.612681 -0.950831 0.250198 0.182544 -0.252638 0.247875 0.261387 0.932864 0.380796 
1533580260184 0.185615 0.93223 -0.310636 -0.612614 -0.95088 0.250109 0.182405 -0.252744 0.247736 0.261521 0.932863 0.38077 
1533580260201 0.185572 0.932209 -0.310723 -0.612571 -0.950911 0.250062 0.182311 -0.252816 0.247652 0.261638 0.932853 0.380748 
1533580260217 0.185547 0.932191 -0.310794 -0.612535 -0.950928 0.25004 0.182251 -0.252878 0.247604 0.261727 0.93284 0.380728 
1533580260298 0.185658 0.932169 -0.310792 -0.612485 -0.950827 0.250228 0.182521 -0.252763 0.247909 0.261623 0.932789 0.380632 
1533580260351 0.185529 0.932347 -0.310335 -0.612274 -0.950767 0.250106 0.183 -0.25261 0.248236 0.261105 0.932847 0.380603 
1533580260412 0.185488 0.932423 -0.31013 -0.611987 -0.950795 0.250007 0.182991 -0.252805 0.248159 0.260927 0.932917 0.380519 
1533580260455 0.185476 0.932378 -0.310274 -0.611872 -0.950799 0.250022 0.182951 -0.252955 0.248155 0.261075 0.932877 0.380411 
1533580260475 0.18547 0.932365 -0.310317 -0.611821 -0.950796 0.250029 0.182956 -0.252997 0.248171 0.261115 0.932861 0.380367 
1533580260495 0.185422 0.932367 -0.310339 -0.611753 -0.950797 0.249997 0.182994 -0.253016 0.248202 0.261138 0.932847 0.380324 
1533580260520 0.185308 0.932395 -0.310322 -0.611651 -0.950806 0.2499 0.183079 -0.253005 0.248252 0.26113 0.932836 0.380276 
1533580260609 0.184991 0.932528 -0.310113 -0.611427 -0.950819 0.249611 0.183406 -0.253035 0.248439 0.260933 0.932841 0.380197 
1533580260655 0.18461 0.932656 -0.309955 -0.611235 -0.950841 0.249275 0.183746 -0.253172 0.248636 0.260796 0.932827 0.380172 
1533580260702 0.184369 0.932757 -0.309793 -0.611047 -0.950825 0.249083 0.184094 -0.253239 0.248879 0.260617 0.932812 0.380134 
1533580260808 0.183616 0.933052 -0.309353 -0.610622 -0.950828 0.248434 0.184951 -0.253254 0.249423 0.260182 0.932788 0.380036 
1533580260840 0.183502 0.933107 -0.309256 -0.610431 -0.950804 0.248355 0.185178 -0.253355 0.249596 0.260061 0.932775 0.380018 
1533580260860 0.183476 0.93313 -0.309201 -0.610314 -0.950784 0.248346 0.185295 -0.253426 0.249693 0.259986 0.93277 0.380006 
1533580260880 0.183397 0.933163 -0.309148 -0.610241 -0.950774 0.248288 0.185425 -0.253439 0.249789 0.259924 0.932762 0.379987 
1533580260897 0.183317 0.933187 -0.309123 -0.610208 -0.950772 0.248225 0.185518 -0.253426 0.249855 0.259897 0.932752 0.379973 
1533580260965 0.183059 0.933277 -0.309005 -0.610101 -0.950783 0.247999 0.185764 -0.253381 0.250003 0.259791 0.932742 0.379957 
1533580261020 0.182849 0.933407 -0.308736 -0.609941 -0.950847 0.247723 0.185804 -0.253365 0.249912 0.259587 0.932823 0.380028 
1533580261056 0.182704 0.933497 -0.308548 -0.609753 -0.950897 0.247525 0.18581 -0.253424 0.249826 0.259449 0.932884 0.380062 
1533580261091 0.182639 0.933538 -0.308463 -0.609571 -0.950908 0.247449 0.185859 -0.253524 0.249835 0.259375 0.932903 0.380062 
1533580261157 0.182333 0.93361 -0.308428 -0.609379 -0.950945 0.247176 0.186031 -0.253573 0.249916 0.259378 0.93288 0.379975 
1533580261190 0.181934 0.933745 -0.308253 -0.609263 -0.951015 0.246772 0.18621 -0.253469 0.249941 0.259276 0.932902 0.379972 
1533580261210 0.18174 0.93382 -0.308141 -0.609184 -0.951049 0.246569 0.186306 -0.253429 0.249954 0.259198 0.93292 0.379975 
1533580261230 0.181606 0.933876 -0.308051 -0.60911 -0.951069 0.246431 0.186384 -0.253413 0.249973 0.25913 0.932934 0.379975 
1533580261248 0.181569 0.933899 -0.308002 -0.609052 -0.951071 0.246391 0.186427 -0.253439 0.249992 0.259082 0.932942 0.379965 
1533580261369 0.18134 0.933922 -0.308067 -0.608721 -0.95104 0.246266 0.18675 -0.253694 0.250276 0.259119 0.932855 0.379906 
1533580261400 0.180741 0.93396 -0.308304 -0.608591 -0.951091 0.245814 0.187085 -0.25372 0.250515 0.259412 0.93271 0.379909 
1533580261508 0.179895 0.934044 -0.308544 -0.6083 -0.951068 0.245255 0.187934 -0.253743 0.25121 0.259638 0.93246 0.379962 
1533580261543 0.179701 0.934075 -0.308564 -0.608127 -0.951077 0.245105 0.188086 -0.25384 0.251317 0.259669 0.932423 0.379944 
1533580261560 0.17965 0.934079 -0.308581 -0.608044 -0.951071 0.245076 0.188155 -0.253899 0.251378 0.25968 0.932403 0.379934 
1533580261576 0.179612 0.934081 -0.308597 -0.607969 -0.951059 0.245063 0.188229 -0.25395 0.251447 0.259686 0.932383 0.379924 
1533580261593 0.179535 0.934094 -0.308602 -0.607923 -0.951057 0.245009 0.188312 -0.253959 0.251511 0.25969 0.932364 0.379916 
1533580261610 0.179412 0.934121 -0.308593 -0.607893 -0.951067 0.244905 0.188397 -0.253934 0.251562 0.259692 0.93235 0.37991 
1533580261626 0.179265 0.934158 -0.308567 -0.60787 -0.951085 0.244771 0.188481 -0.25389 0.251599 0.259685 0.932342 0.379909 
1533580261719 0.179058 0.934199 -0.308563 -0.607803 -0.951164 0.244534 0.188389 -0.253849 0.251447 0.259761 0.932362 0.379919 
1533580261748 0.178862 0.934247 -0.308531 -0.607702 -0.951285 0.244255 0.188137 -0.253825 0.251127 0.25985 0.932423 0.379915 
1533580261831 0.178796 0.934255 -0.308545 -0.607434 -0.9514 0.24409 0.187771 -0.253933 0.250739 0.259977 0.932492 0.379853 
1533580261874 0.178781 0.934264 -0.308527 -0.607288 -0.951418 0.244056 0.187722 -0.253985 0.25068 0.259977 0.932508 0.379851 
1533580261894 0.178681 0.93429 -0.308506 -0.607216 -0.951437 0.243958 0.187757 -0.253962 0.250682 0.259976 0.932508 0.379847 
1533580261911 0.178595 0.934311 -0.308492 -0.607177 -0.951452 0.243876 0.187789 -0.253934 0.250687 0.259977 0.932506 0.379843 
1533580261927 0.17847 0.934339 -0.308479 -0.607129 -0.951474 0.243757 0.18783 -0.253893 0.250691 0.259988 0.932502 0.379841 
1533580261944 0.178333 0.934369 -0.308467 -0.607084 -0.951499 0.243625 0.187871 -0.253858 0.250691 0.260003 0.932498 0.379843 
1533580261964 0.178251 0.934379 -0.308483 -0.607051 -0.951517 0.243549 0.187883 -0.25386 0.250685 0.260037 0.93249 0.379835 
1533580261981 0.178274 0.934361 -0.308524 -0.607044 -0.951514 0.243578 0.18786 -0.253894 0.250679 0.260074 0.932481 0.379819 
1533580262104 0.178156 0.934327 -0.308697 -0.606913 -0.951602 0.243433 0.187602 -0.253987 0.250429 0.260334 0.932476 0.379605 
1533580262127 0.178011 0.934368 -0.308656 -0.606797 -0.951662 0.243254 0.18753 -0.253977 0.250304 0.260353 0.932504 0.379554 
1533580262146 0.177931 0.93439 -0.308636 -0.606708 -0.951698 0.243153 0.187479 -0.253989 0.250224 0.26037 0.932521 0.379515 
1533580262160 0.1779 0.934398 -0.308628 -0.606658 -0.951715 0.24311 0.187447 -0.254004 0.250181 0.260379 0.93253 0.379492 
1533580262178 0.177842 0.934417 -0.308606 -0.606584 -0.951747 0.243029 0.187391 -0.254022 0.250101 0.260389 0.932549 0.379452 
1533580262194 0.177799 0.934426 -0.308602 -0.606552 -0.951765 0.242977 0.187363 -0.254023 0.25006 0.260404 0.932555 0.379427 
1533580262210 0.177737 0.934438 -0.308603 -0.606521 -0.951783 0.242912 0.187356 -0.254015 0.250036 0.260423 0.932556 0.379401 
1533580262227 0.177678 0.934461 -0.308566 -0.606494 -0.9518 0.242843 0.187361 -0.253997 0.250015 0.260403 0.932568 0.379406 
1533580262244 0.177608 0.934494 -0.308506 -0.606463 -0.951816 0.242762 0.187384 -0.253974 0.250003 0.26036 0.932583 0.379425 
1533580262260 0.177548 0.934522 -0.308455 -0.606434 -0.95183 0.242692 0.187403 -0.253959 0.249992 0.260324 0.932596 0.379442 
1533580262309 0.177506 0.934534 -0.308446 -0.606365 -0.951774 0.242717 0.187657 -0.254017 0.250236 0.26026 0.932548 0.379415 
1533580262343 0.177272 0.934581 -0.308438 -0.606286 -0.951755 0.24256 0.187956 -0.254058 0.250474 0.260238 0.932491 0.379323 
1533580262369 0.177029 0.934635 -0.308413 -0.606196 -0.951762 0.242365 0.188169 -0.254069 0.250618 0.260224 0.932456 0.379255 
1533580262389 0.1769 0.934667 -0.308389 -0.606118 -0.951758 0.242269 0.188318 -0.254066 0.250727 0.260198 0.932434 0.379218 
1533580262406 0.176795 0.934694 -0.308366 -0.606055 -0.951757 0.242186 0.188427 -0.254066 0.250804 0.260177 0.932419 0.379193 
1533580262422 0.176692 0.934715 -0.308364 -0.605995 -0.951757 0.242108 0.188524 -0.254071 0.250874 0.260177 0.9324 0.37916 
1533580262439 0.176638 0.934722 -0.308371 -0.605956 -0.951759 0.242067 0.188568 -0.25408 0.250905 0.260187 0.932389 0.379132 
1533580262456 0.176582 0.934722 -0.308406 -0.605887 -0.951757 0.242034 0.188621 -0.254108 0.250953 0.260221 0.932367 0.379078 
1533580262472 0.176599 0.934723 -0.308393 -0.605846 -0.951759 0.242042 0.188599 -0.254143 0.250932 0.26021 0.932375 0.37907 
1533580262489 0.176615 0.93473 -0.30836 -0.605834 -0.951772 0.242035 0.188546 -0.254164 0.250874 0.260188 0.932397 0.379081 
1533580262505 0.176636 0.934738 -0.308326 -0.605847 -0.951784 0.242031 0.188488 -0.254176 0.250811 0.260166 0.93242 0.379099 
1533580262592 0.176161 0.93488 -0.308165 -0.605818 -0.951882 0.24154 0.188622 -0.254055 0.250773 0.260109 0.932446 0.379178 
1533580262616 0.17595 0.934973 -0.308003 -0.605686 -0.951926 0.241304 0.188702 -0.254047 0.250754 0.259994 0.932483 0.379248 
1533580262637 0.175817 0.935021 -0.307935 -0.605575 -0.951934 0.241182 0.18882 -0.254066 0.250819 0.259936 0.932482 0.379273 
1533580262652 0.175777 0.935033 -0.30792 -0.605512 -0.951914 0.24117 0.188935 -0.254089 0.250922 0.259903 0.932464 0.379272 
1533580262669 0.175782 0.935021 -0.307957 -0.605462 -0.951881 0.241215 0.189043 -0.25414 0.251043 0.259908 0.93243 0.379252 
1533580262686 0.175816 0.934997 -0.308008 -0.605421 -0.951854 0.241279 0.189101 -0.254205 0.251125 0.259932 0.932401 0.37923 
1533580262703 0.175844 0.934978 -0.308051 -0.605386 -0.951834 0.241329 0.189134 -0.254261 0.251177 0.259955 0.93238 0.379213 
1533580262719 0.175828 0.934973 -0.308074 -0.605371 -0.951831 0.241325 0.189157 -0.254283 0.251203 0.259975 0.932368 0.379203 
1533580262736 0.17577 0.934978 -0.308093 -0.605375 -0.951838 0.241278 0.189179 -0.254271 0.251214 0.260003 0.932357 0.379194 
1533580262752 0.175695 0.934988 -0.308105 -0.60539 -0.951849 0.241213 0.189207 -0.254233 0.251226 0.260027 0.932348 0.379184 
1533580262837 0.175158 0.93506 -0.308193 -0.605398 -0.951867 0.240809 0.189633 -0.254024 0.251534 0.260143 0.932232 0.379281 
1533580262856 0.174936 0.935097 -0.308205 -0.605316 -0.951865 0.240646 0.189847 -0.254038 0.251694 0.260158 0.932185 0.379324 
1533580262874 0.174807 0.935107 -0.308251 -0.605246 -0.951819 0.240606 0.190129 -0.254058 0.251958 0.260163 0.932112 0.379335 
1533580262890 0.174744 0.935102 -0.308299 -0.605186 -0.951775 0.240614 0.190342 -0.254087 0.25217 0.260171 0.932052 0.379334 
1533580262907 0.17475 0.935085 -0.308349 -0.605135 -0.951721 0.240685 0.190522 -0.254107 0.252369 0.260168 0.931999 0.379328 
1533580262981 0.174905 0.935021 -0.308455 -0.605058 -0.951696 0.240848 0.190441 -0.254228 0.252357 0.260246 0.931981 0.379339 
1533580263003 0.174873 0.935012 -0.308499 -0.605081 -0.951815 0.24071 0.190018 -0.254227 0.251928 0.260405 0.932052 0.379337 
1533580263054 0.175106 0.93489 -0.308738 -0.605122 -0.951932 0.240812 0.189299 -0.254071 0.251321 0.260751 0.932119 0.379299 
1533580263088 0.17482 0.934909 -0.308842 -0.605109 -0.952076 0.24047 0.189014 -0.253923 0.250978 0.260997 0.932143 0.379285 
1533580263125 0.174697 0.934924 -0.308866 -0.605042 -0.952159 0.240295 0.188814 -0.253862 0.250746 0.261105 0.932175 0.379317 
1533580263167 0.174805 0.934887 -0.308916 -0.604924 -0.952188 0.240356 0.18859 -0.253917 0.250561 0.26118 0.932204 0.379383 
1533580263208 0.174836 0.934824 -0.30909 -0.60483 -0.952221 0.240381 0.188396 -0.253947 0.250417 0.261383 0.932186 0.379389 
1533580263221 0.174864 0.934804 -0.309136 -0.604803 -0.952224 0.240407 0.188343 -0.253945 0.250382 0.261432 0.932181 0.379392 
1533580263238 0.174922 0.93478 -0.309174 -0.604765 -0.952228 0.240455 0.188265 -0.25394 0.250329 0.261472 0.932184 0.379396 
1533580263255 0.174956 0.93476 -0.309215 -0.604725 -0.952243 0.240472 0.188164 -0.25394 0.250246 0.261528 0.932191 0.379398 
1533580263384 0.174923 0.93481 -0.309084 -0.604658 -0.952225 0.240439 0.188297 -0.253968 0.250338 0.26138 0.932208 0.379255 
1533580263397 0.174849 0.934899 -0.308855 -0.604642 -0.952242 0.240321 0.188366 -0.253985 0.250328 0.261169 0.93227 0.379239 
1533580263414 0.174778 0.934975 -0.308664 -0.60463 -0.952263 0.240207 0.188403 -0.254001 0.250296 0.261001 0.932325 0.379212 
1533580263432 0.174704 0.935041 -0.308508 -0.604624 -0.95229 0.240092 0.188414 -0.254021 0.250245 0.260872 0.932375 0.379175 
1533580263503 0.174633 0.935081 -0.308426 -0.604623 -0.952281 0.240032 0.188537 -0.254002 0.250329 0.260784 0.932377 0.379093 
1533580263528 0.174562 0.935188 -0.308141 -0.60458 -0.952302 0.239899 0.188599 -0.253972 0.250298 0.260521 0.932459 0.379072 
1533580263544 0.17454 0.935276 -0.307887 -0.604534 -0.952306 0.239827 0.188668 -0.253966 0.250296 0.260273 0.932529 0.37905 
1533580263558 0.174505 0.935335 -0.307729 -0.604495 -0.952316 0.239759 0.188707 -0.253974 0.250285 0.260125 0.932573 0.379024 
1533580263582 0.174479 0.935354 -0.307685 -0.604458 -0.952319 0.239726 0.18873 -0.254007 0.250289 0.260085 0.932583 0.378975 
1533580263591 0.174473 0.935351 -0.307698 -0.604432 -0.95232 0.239724 0.18873 -0.254045 0.250292 0.260098 0.932579 0.378929 
1533580263608 0.174467 0.935352 -0.307697 -0.604394 -0.952325 0.239714 0.188718 -0.254101 0.250277 0.260102 0.932582 0.378872 
1533580263624 0.174483 0.935354 -0.307681 -0.604362 -0.952328 0.23972 0.188695 -0.254151 0.250254 0.26009 0.932591 0.378835 
1533580263641 0.174553 0.935356 -0.307636 -0.604335 -0.95232 0.239772 0.188669 -0.254187 0.250236 0.260035 0.932611 0.378803 
1533580263659 0.174578 0.935377 -0.307558 -0.604322 -0.952325 0.239769 0.188649 -0.254189 0.250201 0.259961 0.932641 0.378781 
1533580263674 0.174561 0.935396 -0.307509 -0.604317 -0.952332 0.239739 0.188648 -0.254173 0.250183 0.25992 0.932657 0.378761 
1533580263691 0.174554 0.935409 -0.307474 -0.604323 -0.952327 0.239733 0.188684 -0.254141 0.250208 0.25988 0.932662 0.37875 
1533580263708 0.17454 0.935411 -0.307478 -0.604336 -0.952314 0.239736 0.188744 -0.254103 0.250267 0.259873 0.932648 0.378743 
1533580263725 0.174472 0.935427 -0.307466 -0.604337 -0.952311 0.239686 0.188825 -0.254055 0.250327 0.259859 0.932636 0.378741 
1533580263741 0.174415 0.935442 -0.307453 -0.604333 -0.952305 0.239646 0.188902 -0.254018 0.250387 0.259842 0.932625 0.378735 
1533580263758 0.174379 0.935456 -0.307431 -0.604327 -0.952298 0.239622 0.188971 -0.253992 0.250441 0.259813 0.932618 0.378727 
1533580263774 0.17439 0.935534 -0.307189 -0.604281 -0.952278 0.239602 0.189098 -0.253969 0.250511 0.259552 0.932672 0.378719 
1533580263805 0.174514 0.935627 -0.306833 -0.604191 -0.952209 0.239695 0.189326 -0.253986 0.250685 0.259129 0.932743 0.378712 
1533580263852 0.174637 0.935646 -0.306706 -0.604107 -0.952163 0.23981 0.189413 -0.254075 0.250775 0.258956 0.932767 0.378702 
1533580263885 0.17442 0.935624 -0.306896 -0.604053 -0.952196 0.23965 0.189446 -0.254174 0.250798 0.259182 0.932698 0.378677 
1533580263904 0.174249 0.93554 -0.307249 -0.604033 -0.95218 0.239609 0.189579 -0.254241 0.250978 0.259523 0.932554 0.378646 
1533580263925 0.174153 0.935464 -0.307535 -0.604005 -0.952123 0.239654 0.18981 -0.254301 0.251263 0.259755 0.932413 0.378625 
1533580263941 0.174077 0.935442 -0.307645 -0.603975 -0.952066 0.239678 0.190064 -0.254308 0.25153 0.259812 0.932325 0.378622 
1533580263962 0.17394 0.935459 -0.307672 -0.603916 -0.952009 0.23964 0.1904 -0.254296 0.251842 0.259788 0.932248 0.378631 
1533580263979 0.173834 0.935477 -0.307677 -0.603866 -0.951973 0.239598 0.190631 -0.25429 0.25205 0.259762 0.932199 0.378628 
1533580263995 0.173763 0.935482 -0.307702 -0.603815 -0.951934 0.239589 0.190837 -0.2543 0.252246 0.259751 0.932149 0.378612 
1533580264012 0.173754 0.935476 -0.307723 -0.60376 -0.951894 0.239629 0.190988 -0.254341 0.252404 0.259734 0.932111 0.378601 
1533580264028 0.173799 0.935474 -0.307704 -0.603714 -0.951871 0.239682 0.191035 -0.254393 0.252459 0.259693 0.932107 0.378607 
1533580264045 0.173844 0.935479 -0.307663 -0.603701 -0.951874 0.239704 0.19099 -0.254427 0.252416 0.259654 0.93213 0.378624 
1533580264062 0.173894 0.935487 -0.307611 -0.6037 -0.951897 0.239707 0.190871 -0.254453 0.252294 0.259622 0.932172 0.378648 
1533580264078 0.173903 0.9355 -0.307568 -0.603707 -0.951926 0.239676 0.190767 -0.254444 0.252179 0.259607 0.932207 0.378653 
1533580264095 0.173869 0.935553 -0.307427 -0.603705 -0.952002 0.239543 0.190556 -0.254428 0.251917 0.259539 0.932297 0.378652 
1533580264112 0.173848 0.935591 -0.307322 -0.603699 -0.95206 0.239446 0.190387 -0.254406 0.251711 0.259491 0.932366 0.378631 
1533580264128 0.173876 0.93561 -0.307247 -0.603687 -0.952078 0.239434 0.190313 -0.254377 0.251624 0.259432 0.932406 0.378605 
1533580264145 0.173838 0.935654 -0.307135 -0.603647 -0.952103 0.239356 0.190284 -0.254334 0.251554 0.259346 0.932448 0.378594 
1533580264162 0.173774 0.935704 -0.30702 -0.603596 -0.952119 0.239268 0.190314 -0.254292 0.251537 0.259248 0.93248 0.378596 
1533580264178 0.173754 0.935746 -0.306903 -0.603536 -0.952093 0.239256 0.190463 -0.254259 0.251653 0.259107 0.932488 0.378604 
1533580264195 0.173776 0.935753 -0.306868 -0.603503 -0.952067 0.239293 0.190546 -0.254269 0.251736 0.259047 0.932483 0.378604 
1533580264212 0.173867 0.935728 -0.306893 -0.603487 -0.95202 0.239414 0.190625 -0.254317 0.251848 0.259025 0.932459 0.378596 
1533580264229 0.173899 0.935707 -0.306939 -0.603482 -0.952003 0.239465 0.190648 -0.25438 0.251892 0.259053 0.932439 0.378596 
1533580264245 0.173777 0.935717 -0.306979 -0.603479 -0.952026 0.239358 0.19067 -0.254437 0.251891 0.259118 0.932421 0.378601 
1533580264265 0.173631 0.935733 -0.307011 -0.603472 -0.952051 0.239229 0.190705 -0.254476 0.251895 0.259178 0.932403 0.378607 
1533580264282 0.173526 0.935738 -0.307056 -0.603455 -0.952066 0.239143 0.190738 -0.254519 0.251911 0.25924 0.932382 0.378601 
1533580264298 0.173414 0.93575 -0.307084 -0.603422 -0.952086 0.239043 0.190762 -0.254555 0.251912 0.259289 0.932368 0.378594 
1533580264315 0.173383 0.935751 -0.307097 -0.603381 -0.952088 0.239021 0.190781 -0.254591 0.251926 0.259305 0.93236 0.378589 
1533580264332 0.173376 0.935762 -0.307068 -0.603333 -0.952087 0.239011 0.190799 -0.254616 0.251935 0.259275 0.932365 0.378595 
1533580264348 0.173388 0.935805 -0.306929 -0.603275 -0.952093 0.238985 0.190801 -0.254637 0.251904 0.259143 0.932411 0.378611 
1533580264365 0.173382 0.935844 -0.306815 -0.603242 -0.9521 0.23895 0.190809 -0.254624 0.251881 0.259036 0.932446 0.378625 
1533580264393 0.173364 0.935872 -0.306739 -0.603223 -0.952102 0.238919 0.190837 -0.254557 0.251885 0.258963 0.932466 0.378638 
1533580264449 0.173648 0.935749 -0.306951 -0.603215 -0.952031 0.23925 0.190778 -0.254377 0.251959 0.259099 0.932408 0.378619 
1533580264466 0.173572 0.935721 -0.30708 -0.603212 -0.952053 0.239197 0.190736 -0.254323 0.251928 0.25925 0.932374 0.378591 
1533580264483 0.173544 0.93572 -0.307099 -0.60321 -0.952064 0.239168 0.190717 -0.254313 0.251906 0.25928 0.932372 0.378588 
1533580264499 0.173296 0.93573 -0.307208 -0.603149 -0.952191 0.238872 0.190454 -0.254248 0.251597 0.259516 0.93239 0.378569 
1533580264516 0.173218 0.935741 -0.307221 -0.603098 -0.95225 0.238754 0.190304 -0.25424 0.251426 0.259587 0.932416 0.378569 
1533580264533 0.173208 0.935751 -0.307195 -0.603055 -0.952276 0.238715 0.190226 -0.254249 0.251336 0.259586 0.932441 0.378565 
1533580264549 0.173271 0.935739 -0.307197 -0.603036 -0.95227 0.238769 0.190186 -0.254287 0.251313 0.259581 0.932448 0.378554 
1533580264566 0.173384 0.935716 -0.307204 -0.603036 -0.952242 0.238886 0.190184 -0.254341 0.251344 0.259557 0.932446 0.37855 
1533580264586 0.173602 0.935668 -0.307227 -0.603046 -0.952143 0.239156 0.190335 -0.254417 0.251566 0.259482 0.932407 0.378551 
1533580264603 0.173783 0.935639 -0.307212 -0.603053 -0.952061 0.239374 0.190472 -0.254485 0.251752 0.259384 0.932385 0.378562 
1533580264626 0.174024 0.935637 -0.307082 -0.603042 -0.95196 0.239633 0.190651 -0.254578 0.251967 0.259153 0.932391 0.378592 
1533580264643 0.17405 0.935646 -0.307039 -0.603037 -0.951937 0.239668 0.190724 -0.254608 0.252038 0.259087 0.93239 0.378611 
1533580264659 0.173862 0.935698 -0.306988 -0.603016 -0.951954 0.239498 0.19085 -0.254594 0.2521 0.259057 0.932381 0.37863 
1533580264676 0.173588 0.935756 -0.306966 -0.602982 -0.951983 0.239257 0.191009 -0.254543 0.252181 0.259069 0.932356 0.37864 
1533580264693 0.173318 0.935818 -0.306928 -0.602936 -0.952013 0.239015 0.191162 -0.254473 0.252254 0.259068 0.932337 0.37865 
1533580264776 0.173172 0.935883 -0.306813 -0.602847 -0.952057 0.238836 0.191166 -0.254415 0.252187 0.258998 0.932374 0.378559 
1533580264807 0.173368 0.935954 -0.306487 -0.602864 -0.952064 0.23891 0.19104 -0.254463 0.252028 0.258675 0.932507 0.378464 
1533580264828 0.173463 0.935985 -0.306338 -0.602886 -0.952063 0.238952 0.19099 -0.254478 0.251964 0.258524 0.932566 0.378402 
1533580264884 0.17331 0.936066 -0.306177 -0.602909 -0.952111 0.238754 0.190998 -0.254437 0.251888 0.258412 0.932618 0.378307 
1533580264904 0.173211 0.936116 -0.306078 -0.602893 -0.952139 0.238631 0.191015 -0.254434 0.251852 0.258343 0.932646 0.378294 
1533580264921 0.173149 0.936202 -0.305851 -0.602852 -0.95217 0.238505 0.191015 -0.254453 0.251775 0.258148 0.932721 0.378286 
1533580265022 0.173252 0.936213 -0.30576 -0.602748 -0.95215 0.238585 0.191015 -0.254596 0.251781 0.258035 0.932751 0.378194 
1533580265036 0.173293 0.936116 -0.306033 -0.602784 -0.952112 0.238712 0.191048 -0.254569 0.251897 0.258271 0.932654 0.378188 
1533580265058 0.17342 0.935971 -0.306404 -0.602834 -0.952093 0.238902 0.190903 -0.25452 0.251881 0.258618 0.932562 0.378197 
1533580265097 0.173355 0.935969 -0.306449 -0.602853 -0.952187 0.238766 0.190607 -0.254418 0.251571 0.258754 0.932608 0.378267 
1533580265130 0.173203 0.936014 -0.306396 -0.602843 -0.952283 0.238542 0.190406 -0.254337 0.251311 0.258797 0.932667 0.378351 
1533580265158 0.173149 0.936022 -0.306403 -0.602811 -0.952343 0.238441 0.190235 -0.254295 0.251123 0.258861 0.932699 0.3784 
1533580265180 0.173185 0.935972 -0.306534 -0.602775 -0.952383 0.238453 0.190017 -0.254304 0.250945 0.25903 0.9327 0.378411 
1533580265197 0.173294 0.935903 -0.306684 -0.602741 -0.952401 0.238547 0.18981 -0.254334 0.250802 0.259193 0.932693 0.378409 
1533580265214 0.173376 0.935854 -0.306788 -0.602706 -0.95242 0.23861 0.189635 -0.254365 0.250673 0.259312 0.932695 0.378404 
1533580265234 0.173488 0.935799 -0.306891 -0.602658 -0.952443 0.238692 0.189415 -0.254412 0.250507 0.259435 0.932706 0.378404 
1533580265324 0.173342 0.935846 -0.306831 -0.602569 -0.95256 0.238448 0.189135 -0.254333 0.250164 0.25949 0.932782 0.378398 
1533580265337 0.173307 0.935889 -0.306718 -0.602562 -0.952548 0.238412 0.189242 -0.254305 0.250235 0.259367 0.932798 0.378388 
1533580265357 0.173263 0.936006 -0.306387 -0.602532 -0.952532 0.238329 0.189428 -0.254261 0.250326 0.259023 0.932869 0.378356 
1533580265374 0.173118 0.936084 -0.306229 -0.602517 -0.95255 0.238169 0.189539 -0.254239 0.250359 0.258886 0.932898 0.378331 
1533580265391 0.172924 0.936169 -0.306079 -0.602501 -0.952583 0.237957 0.189636 -0.254218 0.250365 0.258773 0.932928 0.378309 
1533580265417 0.172742 0.936219 -0.306031 -0.602481 -0.952618 0.237773 0.18969 -0.254218 0.250357 0.258763 0.932932 0.378278 
1533580265434 0.172688 0.936226 -0.306039 -0.602453 -0.952643 0.237709 0.189647 -0.254245 0.2503 0.258796 0.932939 0.378246 
1533580265451 0.172659 0.936239 -0.306016 -0.6024 -0.952678 0.237647 0.18955 -0.254264 0.250188 0.258807 0.932966 0.378203 
1533580265467 0.172619 0.93626 -0.305972 -0.602325 -0.95272 0.237564 0.189442 -0.254275 0.250055 0.258805 0.933002 0.378155 
1533580265565 0.172599 0.936226 -0.306089 -0.602096 -0.952818 0.23747 0.189063 -0.254381 0.249693 0.259015 0.93304 0.378049 
1533580265605 0.172515 0.936098 -0.306527 -0.602086 -0.952771 0.237544 0.189207 -0.254352 0.24993 0.259409 0.932868 0.378161 
1533580265640 0.17232 0.936105 -0.306617 -0.602026 -0.952778 0.237408 0.189346 -0.25428 0.250041 0.25951 0.93281 0.378266 
1533580265677 0.172306 0.93611 -0.306607 -0.601901 -0.952772 0.237402 0.189382 -0.254323 0.250072 0.259495 0.932806 0.378341 
1533580265713 0.172377 0.936077 -0.30667 -0.601746 -0.952756 0.237485 0.189359 -0.254429 0.250084 0.259541 0.93279 0.378384 
1533580265733 0.172369 0.936067 -0.306703 -0.601675 -0.952759 0.237483 0.189346 -0.254458 0.250077 0.259577 0.932781 0.378397 
1533580265750 0.172327 0.936065 -0.306735 -0.601631 -0.952772 0.237444 0.18933 -0.25446 0.250058 0.259621 0.932774 0.378398 
1533580265766 0.17225 0.936068 -0.306767 -0.601589 -0.952799 0.237364 0.189294 -0.254448 0.250008 0.259682 0.932771 0.378393 
1533580265783 0.172161 0.936079 -0.306785 -0.601553 -0.952826 0.237273 0.189274 -0.254424 0.249967 0.259727 0.932769 0.37839 
1533580265800 0.172081 0.936087 -0.306805 -0.601529 -0.952846 0.237195 0.189269 -0.254399 0.249944 0.259768 0.932764 0.378385 
1533580265817 0.172053 0.936085 -0.306826 -0.60152 -0.952855 0.237169 0.189255 -0.254393 0.249929 0.259799 0.932759 0.378378 
1533580266009 0.171935 0.93612 -0.306787 -0.601397 -0.953089 0.236829 0.188505 -0.254454 0.249119 0.259985 0.932924 0.37835 
1533580266027 0.171762 0.936168 -0.306735 -0.601295 -0.953225 0.236545 0.18817 -0.254439 0.248715 0.260067 0.933009 0.378346 
1533580266048 0.17162 0.936184 -0.306768 -0.601212 -0.953336 0.236329 0.187882 -0.25443 0.24839 0.260209 0.933056 0.378323 
1533580266128 0.171803 0.936079 -0.306986 -0.601064 -0.953392 0.236452 0.187441 -0.254616 0.248047 0.260475 0.933073 0.378274 
1533580266140 0.171842 0.93607 -0.306991 -0.601022 -0.953398 0.236476 0.187379 -0.254657 0.247995 0.260485 0.933084 0.378285 
1533580266156 0.171843 0.936076 -0.306971 -0.600969 -0.953416 0.236454 0.187319 -0.254674 0.247929 0.260482 0.933103 0.378301 
1533580266173 0.171817 0.936096 -0.306926 -0.600907 -0.953444 0.236396 0.187247 -0.254668 0.247837 0.260465 0.933132 0.378324 
1533580266253 0.171578 0.936158 -0.306869 -0.600836 -0.953519 0.236126 0.187206 -0.254578 0.247714 0.260485 0.933159 0.378335 
1533580266289 0.171447 0.93614 -0.306999 -0.600847 -0.953462 0.236113 0.187514 -0.254629 0.248025 0.260563 0.933054 0.378199 
1533580266304 0.171257 0.936174 -0.306999 -0.60084 -0.953444 0.235989 0.187762 -0.254635 0.248226 0.260551 0.933004 0.378129 
1533580266334 0.171082 0.936239 -0.3069 -0.600809 -0.953398 0.235885 0.188125 -0.254659 0.248523 0.260413 0.932964 0.378042 
1533580266378 0.170857 0.93629 -0.306869 -0.600724 -0.953343 0.235766 0.188549 -0.254747 0.248886 0.260336 0.932888 0.378018 
1533580266402 0.170778 0.936327 -0.306801 -0.600634 -0.953302 0.235736 0.188798 -0.25479 0.249101 0.260232 0.93286 0.378031 
1533580266437 0.170664 0.936388 -0.306679 -0.600488 -0.953253 0.235676 0.189119 -0.254847 0.249365 0.260067 0.932836 0.378049 
1533580266457 0.170536 0.936427 -0.306632 -0.600413 -0.953245 0.235578 0.189278 -0.254884 0.249481 0.260017 0.932819 0.378043 
1533580266477 0.170373 0.936459 -0.306624 -0.600333 -0.953238 0.235461 0.189462 -0.254921 0.249622 0.260007 0.932784 0.378008 
1533580266526 0.169967 0.93653 -0.30663 -0.600199 -0.95324 0.235153 0.189832 -0.254968 0.249888 0.260027 0.932707 0.377887 
1533580266604 0.170126 0.936656 -0.306157 -0.600232 -0.95317 0.235249 0.190063 -0.254898 0.250047 0.259485 0.932815 0.377865 
1533580266627 0.170269 0.936746 -0.305803 -0.600238 -0.953155 0.235301 0.190074 -0.254873 0.250007 0.259114 0.932929 0.377829 
1533580266669 0.170428 0.936815 -0.305504 -0.600256 -0.953118 0.2354 0.19014 -0.254848 0.250041 0.258776 0.933014 0.377757 
1533580266759 0.170618 0.937003 -0.304819 -0.600081 -0.953039 0.235487 0.190428 -0.254955 0.250213 0.258014 0.933179 0.377636 
1533580266784 0.170462 0.937124 -0.304534 -0.600003 -0.953052 0.235297 0.190597 -0.254995 0.250269 0.257747 0.933237 0.377567 
1533580266804 0.17037 0.937172 -0.304437 -0.599959 -0.953034 0.235227 0.190775 -0.255019 0.250401 0.257637 0.933232 0.377512 
1533580266820 0.170357 0.9372 -0.304359 -0.599928 -0.953005 0.23523 0.190914 -0.255028 0.250519 0.257532 0.93323 0.377468 
1533580266837 0.170368 0.937224 -0.30428 -0.599904 -0.95297 0.235259 0.191055 -0.255028 0.250646 0.25742 0.933226 0.377421 
1533580266854 0.170344 0.93724 -0.304244 -0.599894 -0.952945 0.235259 0.191179 -0.255012 0.250756 0.257362 0.933213 0.377383 
1533580266965 0.170024 0.93731 -0.304207 -0.599814 -0.953064 0.234886 0.191044 -0.254912 0.250521 0.257447 0.933253 0.377434 
1533580266979 0.169987 0.937269 -0.304354 -0.599802 -0.953065 0.234886 0.191038 -0.254891 0.250543 0.257596 0.933206 0.37745 
1533580266995 0.169877 0.937208 -0.304604 -0.599768 -0.953078 0.23484 0.191031 -0.254852 0.250569 0.25786 0.933126 0.377484 
1533580267012 0.169836 0.937163 -0.304766 -0.599737 -0.953084 0.234836 0.191005 -0.254849 0.250572 0.258028 0.933078 0.377507 
1533580267073 0.170029 0.937077 -0.304922 -0.599645 -0.953049 0.23505 0.190915 -0.254972 0.250574 0.258145 0.933046 0.377525 
1533580267105 0.170072 0.937033 -0.305031 -0.599528 -0.953017 0.235138 0.190967 -0.255044 0.250667 0.258222 0.932999 0.377528 
1533580267123 0.170006 0.937016 -0.305121 -0.599464 -0.953004 0.23512 0.191057 -0.255044 0.250763 0.258301 0.932951 0.377514 
1533580267142 0.169926 0.936996 -0.305227 -0.599411 -0.952988 0.235098 0.191163 -0.255036 0.250877 0.258393 0.932895 0.377495 
1533580267159 0.169872 0.936975 -0.305322 -0.599357 -0.95297 0.235095 0.191255 -0.255041 0.250981 0.258474 0.932845 0.37748 
