1535114225433 0.249377 0.926451 -0.281956 -0.640845 -0.936874 0.304498 0.171898 -0.252023 0.24511 0.221289 0.943903 0.373964 
1535114231145 0.24938 0.92645 -0.281956 -0.640845 -0.936873 0.3045 0.171897 -0.252024 0.245109 0.221289 0.943903 0.373965 
1535114231261 0.249408 0.926478 -0.281841 -0.640835 -0.936883 0.30449 0.17186 -0.252028 0.245042 0.221189 0.943944 0.373974 
1535114231445 0.250405 0.926784 -0.279944 -0.640883 -0.937077 0.304676 0.170465 -0.251925 0.243277 0.219644 0.944761 0.373659 
1535114231646 0.251622 0.927037 -0.278009 -0.640842 -0.937178 0.305101 0.16915 -0.251959 0.241629 0.217982 0.945568 0.373348 
1535114231874 0.252916 0.927525 -0.275191 -0.640912 -0.937487 0.305234 0.167181 -0.251783 0.239062 0.215705 0.946742 0.372871 
1535114231996 0.253548 0.927589 -0.274395 -0.640934 -0.937598 0.305442 0.16618 -0.251809 0.237958 0.215138 0.947149 0.372543 
1535114232017 0.253629 0.927612 -0.274242 -0.640931 -0.937604 0.305467 0.166099 -0.25181 0.237847 0.215003 0.947208 0.372535 
1535114232196 0.252912 0.92771 -0.27457 -0.640907 -0.937577 0.305039 0.167036 -0.251833 0.238716 0.215185 0.946948 0.372505 
1535114232526 0.24845 0.928159 -0.277115 -0.640253 -0.936585 0.30318 0.175758 -0.252634 0.247147 0.215875 0.944625 0.372998 
1535114232815 0.250522 0.927964 -0.275901 -0.640688 -0.937247 0.303864 0.170981 -0.252191 0.2425 0.215753 0.945856 0.372758 
1535114232999 0.250825 0.928058 -0.27531 -0.640747 -0.937585 0.303672 0.169462 -0.252319 0.240874 0.215621 0.946302 0.372782 
1535114233141 0.25013 0.928083 -0.275855 -0.640711 -0.937445 0.303398 0.170723 -0.252511 0.242139 0.215896 0.945916 0.372899 
1535114233266 0.249374 0.928269 -0.275916 -0.640683 -0.937498 0.302818 0.171462 -0.252573 0.242716 0.215913 0.945765 0.372995 
1535114233287 0.249357 0.928276 -0.275907 -0.640677 -0.937485 0.302815 0.171537 -0.252586 0.242782 0.215885 0.945754 0.373016 
1535114233297 0.249368 0.928277 -0.275894 -0.640671 -0.937471 0.302834 0.171582 -0.2526 0.242825 0.215856 0.945749 0.373031 
1535114233469 0.249517 0.928226 -0.275931 -0.640756 -0.937578 0.302852 0.170963 -0.252705 0.242259 0.216048 0.945851 0.373034 
1535114233612 0.248767 0.928532 -0.275577 -0.640784 -0.937864 0.301992 0.170912 -0.252904 0.24192 0.215936 0.945963 0.373138 
1535114233663 0.248281 0.928696 -0.275464 -0.640793 -0.937998 0.301503 0.171046 -0.252952 0.241903 0.215917 0.945972 0.373248 
1535114233767 0.247866 0.928857 -0.275294 -0.64082 -0.938112 0.30107 0.171181 -0.253031 0.241885 0.215827 0.945997 0.373373 
1535114233827 0.247499 0.928961 -0.275274 -0.640844 -0.938237 0.30069 0.171164 -0.253137 0.241777 0.215909 0.946006 0.373388 
1535114233909 0.247047 0.92907 -0.275311 -0.640883 -0.938369 0.300253 0.171207 -0.253223 0.241726 0.216047 0.945987 0.373426 
1535114234386 0.246617 0.929199 -0.275262 -0.640955 -0.938447 0.299864 0.17146 -0.253396 0.241862 0.216034 0.945956 0.373625 
1535114234404 0.246617 0.929199 -0.275263 -0.640955 -0.938447 0.299865 0.17146 -0.253396 0.241862 0.216034 0.945956 0.373625 
1535114234727 0.246127 0.929391 -0.275051 -0.640925 -0.938577 0.299356 0.171638 -0.253401 0.241857 0.215912 0.945985 0.37353 
1535114234906 0.245174 0.929697 -0.27487 -0.64093 -0.938704 0.29852 0.172395 -0.253669 0.242329 0.215755 0.9459 0.373616 
1535114235096 0.244486 0.929905 -0.274779 -0.640974 -0.938779 0.297938 0.172994 -0.254009 0.242735 0.215662 0.945817 0.373787 
1535114235160 0.243923 0.930057 -0.274765 -0.640993 -0.938915 0.297406 0.173172 -0.254091 0.242776 0.215741 0.945788 0.373831 
1535114235290 0.243506 0.930187 -0.274695 -0.641006 -0.938992 0.297022 0.173411 -0.254284 0.242895 0.21571 0.945765 0.373864 
1535114235448 0.24319 0.93032 -0.274524 -0.641025 -0.93898 0.296771 0.173907 -0.254479 0.24326 0.21548 0.945724 0.373951 
1535114235583 0.243142 0.930347 -0.274474 -0.640987 -0.93901 0.296701 0.173864 -0.254367 0.243191 0.21546 0.945746 0.373897 
1535114235600 0.243321 0.930306 -0.274455 -0.640974 -0.938955 0.296875 0.173862 -0.254314 0.243224 0.215397 0.945752 0.373892 
1535114235618 0.243465 0.930274 -0.274437 -0.640959 -0.938914 0.297013 0.173852 -0.254261 0.243241 0.215346 0.945759 0.373892 
1535114235646 0.243577 0.930218 -0.274527 -0.640945 -0.93887 0.29715 0.173854 -0.254211 0.243297 0.215398 0.945733 0.373891 
1535114235665 0.243683 0.930183 -0.274552 -0.640935 -0.93884 0.297259 0.17383 -0.254218 0.243306 0.215401 0.94573 0.373888 
1535114235685 0.243729 0.930166 -0.274568 -0.64093 -0.938829 0.297304 0.173809 -0.254237 0.243302 0.215411 0.945729 0.373884 
1535114235705 0.243842 0.930128 -0.274597 -0.640915 -0.938801 0.297418 0.173771 -0.254279 0.243299 0.21542 0.945727 0.373872 
1535114236744 0.244961 0.929977 -0.274111 -0.640621 -0.938389 0.298503 0.174134 -0.254419 0.243764 0.214567 0.945801 0.373875 
1535114236761 0.244962 0.929977 -0.274111 -0.640621 -0.938389 0.298503 0.174134 -0.254419 0.243763 0.214567 0.945801 0.373875 
1535114236962 0.245244 0.929885 -0.274171 -0.640507 -0.938474 0.298645 0.173432 -0.25409 0.243152 0.214769 0.945913 0.373964 
1535114237093 0.245909 0.929706 -0.274182 -0.640256 -0.938433 0.299165 0.172755 -0.254129 0.242637 0.214819 0.946034 0.373914 
1535114237206 0.246316 0.929695 -0.273853 -0.640087 -0.938335 0.299485 0.172731 -0.253891 0.242602 0.214419 0.946133 0.37407 
1535114237329 0.24687 0.929631 -0.273572 -0.639903 -0.938228 0.299929 0.172543 -0.253724 0.242454 0.214077 0.946249 0.374103 
1535114237447 0.247663 0.929508 -0.273274 -0.63962 -0.938097 0.300563 0.17215 -0.253774 0.24215 0.213723 0.946407 0.374152 
1535114237567 0.248273 0.929425 -0.273002 -0.639468 -0.937981 0.301058 0.171921 -0.253624 0.241977 0.213387 0.946527 0.374213 
1535114237717 0.248906 0.929328 -0.272754 -0.639166 -0.937881 0.301558 0.171589 -0.253554 0.241713 0.213102 0.946659 0.374268 
1535114238250 0.249439 0.929204 -0.272689 -0.639032 -0.937785 0.302015 0.171306 -0.253483 0.241534 0.212993 0.946729 0.374242 
1535114238427 0.249374 0.929207 -0.27274 -0.638987 -0.93779 0.301973 0.171353 -0.253476 0.241583 0.213042 0.946705 0.374276 
1535114238620 0.249334 0.929159 -0.27294 -0.638608 -0.937792 0.30198 0.171332 -0.253347 0.241617 0.213242 0.946652 0.374448 
1535114238839 0.24956 0.929122 -0.27286 -0.638211 -0.937741 0.302173 0.17127 -0.25319 0.241582 0.213129 0.946686 0.37463 
1535114239099 0.250007 0.928936 -0.273084 -0.637409 -0.937664 0.302604 0.170928 -0.252884 0.241418 0.213328 0.946683 0.374776 
1535114239280 0.250406 0.928817 -0.273123 -0.637062 -0.937568 0.302985 0.170784 -0.252727 0.241379 0.213306 0.946698 0.374928 
1535114239469 0.250839 0.928667 -0.273234 -0.63665 -0.937454 0.303418 0.170639 -0.252633 0.241371 0.213342 0.946692 0.375061 
1535114239722 0.251286 0.928525 -0.273307 -0.635894 -0.937337 0.303856 0.170499 -0.252267 0.241358 0.213337 0.946696 0.375307 
1535114239940 0.251646 0.928336 -0.273619 -0.635676 -0.93727 0.304232 0.170197 -0.25234 0.241243 0.213626 0.94666 0.375313 
1535114240195 0.251202 0.928552 -0.273291 -0.635276 -0.937226 0.303891 0.171046 -0.251961 0.241876 0.213169 0.946602 0.37547 
1535114240500 0.251385 0.928427 -0.27355 -0.634008 -0.936819 0.304428 0.172317 -0.2515 0.24326 0.212949 0.946297 0.375829 
1535114240761 0.251592 0.928239 -0.273994 -0.633166 -0.936442 0.30499 0.17337 -0.25114 0.244495 0.212961 0.945976 0.375999 
1535114241013 0.251803 0.928137 -0.274148 -0.632352 -0.93614 0.305434 0.174216 -0.250844 0.24543 0.212773 0.945776 0.376246 
1535114241630 0.251867 0.928089 -0.27425 -0.632104 -0.936008 0.305613 0.17461 -0.250795 0.245869 0.212722 0.945673 0.376264 
1535114241834 0.251866 0.928146 -0.274061 -0.632091 -0.936092 0.305504 0.17435 -0.250785 0.245549 0.212634 0.945776 0.376324 
1535114242112 0.251899 0.927941 -0.274722 -0.6312 -0.935772 0.30593 0.175321 -0.250471 0.246733 0.212914 0.945405 0.376549 
1535114242315 0.251542 0.928019 -0.274788 -0.630802 -0.935687 0.305757 0.176077 -0.25012 0.247421 0.212825 0.945245 0.376708 
1535114242588 0.251769 0.927838 -0.275188 -0.629858 -0.935367 0.306272 0.176878 -0.249883 0.248396 0.21287 0.944979 0.376996 
1535114242916 0.251729 0.927772 -0.275447 -0.628464 -0.934943 0.306655 0.178451 -0.249359 0.250029 0.212606 0.944608 0.377471 
1535114243465 0.251898 0.92758 -0.275941 -0.628256 -0.934736 0.307049 0.178857 -0.249344 0.250632 0.212878 0.944387 0.377435 
1535114243698 0.251634 0.927788 -0.27548 -0.628147 -0.934873 0.306651 0.178823 -0.249148 0.250386 0.212541 0.944528 0.377582 
1535114243847 0.251919 0.927727 -0.275425 -0.627852 -0.934784 0.306924 0.178821 -0.249177 0.250431 0.212415 0.944544 0.377648 
1535114243985 0.251916 0.927758 -0.275326 -0.627575 -0.934788 0.306898 0.17884 -0.249129 0.250418 0.212319 0.94457 0.377712 
1535114244110 0.251679 0.927839 -0.275269 -0.627336 -0.934834 0.306677 0.178981 -0.248952 0.250484 0.212285 0.94456 0.377778 
1535114244315 0.251621 0.927839 -0.27532 -0.626805 -0.934783 0.306688 0.179229 -0.248716 0.250733 0.212267 0.944498 0.377897 
1535114244459 0.251956 0.927708 -0.275454 -0.626495 -0.93465 0.30707 0.179271 -0.248788 0.250895 0.212285 0.944451 0.377914 
1535114244589 0.251698 0.927785 -0.275431 -0.626269 -0.934696 0.306839 0.179424 -0.248583 0.25098 0.212283 0.944428 0.377976 
1535114244830 0.251739 0.927786 -0.27539 -0.626045 -0.934667 0.306885 0.179495 -0.248475 0.251046 0.212212 0.944427 0.378011 
1535114244848 0.251861 0.927735 -0.275452 -0.626067 -0.934632 0.307016 0.179457 -0.248546 0.251057 0.212248 0.944416 0.377993 
1535114245077 0.25155 0.92759 -0.276224 -0.625849 -0.934688 0.306891 0.179376 -0.248404 0.251158 0.213061 0.944206 0.378094 
1535114245313 0.251398 0.92739 -0.277032 -0.625258 -0.934605 0.307007 0.17961 -0.248133 0.251619 0.213762 0.943925 0.37828 
1535114245568 0.251197 0.927087 -0.278225 -0.624683 -0.934468 0.307209 0.179978 -0.247814 0.252328 0.214782 0.943504 0.378448 
1535114245731 0.251573 0.926766 -0.278956 -0.624305 -0.934282 0.307783 0.179964 -0.247941 0.252642 0.21535 0.94329 0.378535 
1535114245917 0.25147 0.926659 -0.279403 -0.624049 -0.934244 0.307827 0.180084 -0.247751 0.252884 0.215745 0.943135 0.378625 
1535114246119 0.251561 0.926478 -0.279921 -0.623724 -0.934143 0.30808 0.180178 -0.247682 0.253169 0.216161 0.942964 0.378709 
1535114246173 0.251181 0.926511 -0.280152 -0.623601 -0.934239 0.307768 0.180214 -0.247528 0.253192 0.216463 0.942888 0.378766 
1535114246349 0.251525 0.926387 -0.280255 -0.623535 -0.934142 0.308119 0.180114 -0.247571 0.253207 0.216495 0.942877 0.378773 
1535114246437 0.251482 0.926363 -0.280371 -0.623361 -0.934097 0.30815 0.180297 -0.247379 0.253417 0.216552 0.942807 0.378859 
1535114246572 0.251681 0.926261 -0.280531 -0.623122 -0.934011 0.308398 0.180318 -0.247344 0.253537 0.216637 0.942755 0.37895 
1535114246663 0.251912 0.926127 -0.280767 -0.622899 -0.93395 0.308663 0.180178 -0.247332 0.25353 0.216833 0.942712 0.37904 
1535114246792 0.252072 0.926017 -0.280986 -0.622691 -0.933826 0.308928 0.18037 -0.247179 0.25383 0.216926 0.94261 0.379132 
1535114247007 0.252146 0.925838 -0.281506 -0.622297 -0.933793 0.309111 0.180225 -0.247057 0.253876 0.217425 0.942483 0.37929 
1535114247140 0.252403 0.925683 -0.281786 -0.622104 -0.933673 0.309454 0.180259 -0.246979 0.254062 0.217598 0.942392 0.379363 
1535114247528 0.252449 0.925612 -0.281978 -0.621902 -0.93365 0.309544 0.180225 -0.246904 0.254103 0.217771 0.942342 0.379433 
1535114247542 0.252443 0.925612 -0.281984 -0.621924 -0.933652 0.30954 0.180222 -0.246902 0.254101 0.217779 0.94234 0.379426 
1535114247558 0.252474 0.925595 -0.282013 -0.621959 -0.933641 0.309577 0.180213 -0.246909 0.254109 0.2178 0.942333 0.379413 
1535114247785 0.252379 0.925712 -0.281714 -0.62159 -0.933653 0.309439 0.180386 -0.246628 0.254159 0.217497 0.94239 0.37953 
1535114248016 0.252788 0.925646 -0.281564 -0.620999 -0.933645 0.309712 0.179958 -0.246406 0.253781 0.21739 0.942516 0.379675 
1535114248063 0.252838 0.925652 -0.281499 -0.620792 -0.933652 0.30973 0.179893 -0.246371 0.253707 0.217338 0.942548 0.379743 
1535114248226 0.253025 0.925582 -0.281561 -0.620611 -0.933645 0.309883 0.179665 -0.246285 0.253545 0.217419 0.942573 0.379803 
1535114248361 0.253424 0.925491 -0.281501 -0.620331 -0.933517 0.310269 0.179666 -0.246336 0.25362 0.217255 0.942591 0.379893 
1535114248538 0.253216 0.925558 -0.281467 -0.62034 -0.933696 0.309959 0.179267 -0.246194 0.253165 0.217411 0.942677 0.379876 
1535114248677 0.253434 0.925689 -0.280839 -0.620116 -0.933869 0.309846 0.178561 -0.245952 0.252309 0.217013 0.942998 0.379948 
1535114248790 0.25354 0.925735 -0.280593 -0.619885 -0.933949 0.309806 0.17821 -0.245743 0.251905 0.216876 0.943138 0.379918 
1535114248910 0.253744 0.925767 -0.280301 -0.619638 -0.934046 0.309813 0.177689 -0.245591 0.25134 0.216727 0.943323 0.37992 
1535114249174 0.254249 0.925951 -0.279237 -0.618921 -0.934306 0.309749 0.176431 -0.245076 0.24986 0.216035 0.943874 0.380179 
1535114249305 0.255013 0.925828 -0.278946 -0.618589 -0.934362 0.310195 0.175348 -0.245204 0.24887 0.215921 0.944162 0.380212 
1535114249507 0.255045 0.925891 -0.278709 -0.618419 -0.934459 0.310089 0.175019 -0.244954 0.248473 0.215804 0.944293 0.380243 
1535114249776 0.255025 0.92589 -0.27873 -0.617868 -0.934266 0.310245 0.175768 -0.244832 0.249217 0.215582 0.944148 0.380437 
1535114249937 0.255204 0.925874 -0.278618 -0.61755 -0.934169 0.310436 0.175946 -0.244701 0.249397 0.215374 0.944148 0.380539 
1535114250161 0.255248 0.925951 -0.278323 -0.616874 -0.93412 0.310455 0.176174 -0.244392 0.249535 0.215019 0.944192 0.380718 
1535114250344 0.255496 0.925829 -0.278501 -0.616586 -0.933994 0.310775 0.176277 -0.2443 0.249754 0.21508 0.944121 0.380748 
1535114250606 0.25549 0.925965 -0.278052 -0.615854 -0.933947 0.310726 0.176612 -0.243922 0.249934 0.214563 0.94419 0.380993 
1535114250757 0.255615 0.925857 -0.278296 -0.615717 -0.933895 0.310908 0.176568 -0.243913 0.250002 0.214766 0.944126 0.380926 
1535114250981 0.255484 0.925974 -0.278029 -0.615525 -0.933797 0.310846 0.177195 -0.243748 0.250502 0.214352 0.944088 0.381047 
1535114251116 0.255893 0.925772 -0.278325 -0.615172 -0.933473 0.311474 0.177797 -0.243833 0.25129 0.214312 0.943888 0.381082 
1535114251335 0.255644 0.925813 -0.278418 -0.614589 -0.933285 0.311472 0.178784 -0.243542 0.25224 0.214139 0.943673 0.381228 
1535114251542 0.255742 0.925735 -0.278585 -0.614059 -0.932953 0.311857 0.179842 -0.243274 0.253365 0.213914 0.943423 0.381313 
1535114251689 0.256059 0.925554 -0.278895 -0.61369 -0.932623 0.312425 0.180569 -0.24333 0.25426 0.213868 0.943193 0.381335 
1535114251807 0.255888 0.92562 -0.278836 -0.613425 -0.932572 0.312332 0.18099 -0.243204 0.254618 0.213722 0.943129 0.381398 
1535114252065 0.255967 0.925551 -0.27899 -0.613212 -0.932376 0.312584 0.181565 -0.24307 0.255256 0.213649 0.942973 0.381467 
1535114252371 0.256316 0.925668 -0.278282 -0.612441 -0.93246 0.312628 0.181059 -0.242695 0.254599 0.213078 0.94328 0.38173 
1535114252637 0.257223 0.92553 -0.277903 -0.611577 -0.932261 0.313377 0.180785 -0.242294 0.25441 0.212577 0.943444 0.381923 
1535114252853 0.257611 0.925492 -0.27767 -0.611007 -0.932182 0.313679 0.180671 -0.241979 0.254308 0.212297 0.943535 0.382024 
1535114252927 0.257784 0.925466 -0.277597 -0.610769 -0.93215 0.313817 0.180597 -0.241942 0.254251 0.212207 0.94357 0.382074 
1535114252943 0.257919 0.925413 -0.277648 -0.610743 -0.932115 0.313953 0.18054 -0.242006 0.254243 0.212236 0.943566 0.382067 
1535114253175 0.257641 0.925566 -0.277395 -0.610564 -0.932207 0.313626 0.180633 -0.241798 0.254186 0.212051 0.943623 0.382154 
1535114253397 0.2578 0.92574 -0.276666 -0.609811 -0.932072 0.313711 0.181182 -0.241541 0.254521 0.211164 0.943731 0.382408 
1535114253571 0.257818 0.925745 -0.276632 -0.609446 -0.932031 0.313752 0.181324 -0.241454 0.254653 0.211081 0.943714 0.382489 
1535114253806 0.257872 0.925927 -0.275973 -0.608739 -0.932009 0.31368 0.181559 -0.241138 0.254678 0.210391 0.943862 0.382698 
1535114253980 0.257918 0.925938 -0.275894 -0.608377 -0.931925 0.313767 0.181839 -0.241041 0.254938 0.210213 0.943831 0.382753 
1535114254169 0.258122 0.925958 -0.275636 -0.607975 -0.931848 0.313928 0.181956 -0.240976 0.255013 0.209884 0.943884 0.382861 
1535114254197 0.258103 0.925997 -0.275522 -0.607882 -0.931849 0.313891 0.182015 -0.240884 0.255029 0.209767 0.943906 0.382897 
1535114254218 0.257995 0.926053 -0.275435 -0.60781 -0.931883 0.313767 0.182056 -0.240822 0.255016 0.209704 0.943923 0.382926 
1535114254396 0.258057 0.926175 -0.274966 -0.607695 -0.931955 0.313662 0.18187 -0.240787 0.25469 0.209323 0.944096 0.382811 
1535114254411 0.258134 0.926241 -0.27467 -0.607657 -0.931987 0.313634 0.181755 -0.240791 0.254495 0.209071 0.944204 0.382799 
1535114254561 0.258208 0.926578 -0.273462 -0.607438 -0.932201 0.313274 0.181275 -0.240612 0.253634 0.208115 0.944647 0.382838 
1535114254643 0.258089 0.926962 -0.27227 -0.607193 -0.932441 0.312758 0.180932 -0.24033 0.252871 0.207179 0.945057 0.382851 
1535114254742 0.258165 0.927099 -0.271731 -0.60704 -0.932538 0.312629 0.180653 -0.240243 0.252434 0.206761 0.945266 0.382767 
1535114255182 0.258408 0.927385 -0.270523 -0.606683 -0.932691 0.312447 0.180181 -0.240088 0.251621 0.205754 0.945702 0.382721 
1535114255191 0.258389 0.927387 -0.270534 -0.606696 -0.932688 0.312437 0.180211 -0.24009 0.25165 0.205759 0.945693 0.382731 
1535114255207 0.258389 0.92738 -0.270559 -0.606716 -0.932672 0.312455 0.180266 -0.240097 0.251712 0.205764 0.945675 0.382747 
1535114255385 0.258235 0.927396 -0.270649 -0.606845 -0.932646 0.312381 0.180525 -0.240126 0.251964 0.205802 0.9456 0.382711 
1535114255556 0.258325 0.927776 -0.269258 -0.606584 -0.932796 0.312054 0.180316 -0.239871 0.251315 0.204582 0.946037 0.382527 
1535114255730 0.258463 0.928139 -0.267871 -0.606341 -0.932946 0.311764 0.180042 -0.239701 0.250617 0.203375 0.946483 0.382361 
1535114255780 0.258465 0.928324 -0.267229 -0.606238 -0.933041 0.311564 0.179897 -0.239651 0.250262 0.202838 0.946692 0.382319 
1535114255900 0.258384 0.928592 -0.266375 -0.606064 -0.933104 0.311287 0.180047 -0.239432 0.250109 0.202034 0.946904 0.382268 
1535114256206 0.258635 0.928814 -0.265353 -0.605878 -0.93316 0.311229 0.179858 -0.239317 0.24964 0.201099 0.947227 0.382168 
1535114256220 0.258639 0.928807 -0.265374 -0.605885 -0.933155 0.31124 0.179865 -0.239329 0.249655 0.201115 0.94722 0.382181 
1535114256250 0.258633 0.928695 -0.265774 -0.605949 -0.933098 0.311358 0.179955 -0.23936 0.249874 0.201451 0.947091 0.382213 
1535114256267 0.258504 0.928657 -0.266032 -0.605988 -0.933116 0.311299 0.179966 -0.239375 0.249942 0.201717 0.947016 0.382229 
1535114256401 0.258659 0.928727 -0.265633 -0.606023 -0.933194 0.311273 0.179606 -0.239475 0.249489 0.201431 0.947196 0.382264 
1535114256433 0.258982 0.928788 -0.265105 -0.606016 -0.933218 0.311388 0.179278 -0.23944 0.249062 0.200971 0.947406 0.382248 
1535114256453 0.259129 0.928814 -0.26487 -0.606024 -0.933243 0.311432 0.179075 -0.239411 0.248817 0.200785 0.94751 0.382213 
1535114256584 0.259448 0.928888 -0.2643 -0.606067 -0.933356 0.311465 0.178428 -0.239378 0.24806 0.200393 0.947792 0.382059 
1535114257413 0.260071 0.928993 -0.263315 -0.606088 -0.933451 0.311657 0.177594 -0.23934 0.247047 0.199605 0.948222 0.381959 
1535114258500 0.24736 0.927093 -0.281625 -0.591757 -0.93612 0.303658 0.177402 -0.232504 0.249986 0.219752 0.942982 0.393565 
1535114260697 0.189891 0.9098 -0.369059 -0.519136 -0.947819 0.26792 0.172797 -0.199228 0.256089 0.316989 0.913201 0.45319 
1535114260723 0.190512 0.909618 -0.369188 -0.518961 -0.947616 0.268617 0.172829 -0.199412 0.256378 0.316922 0.913143 0.453444 
