1534166671836 0.293355 0.90432 -0.310078 -0.548441 -0.944415 0.32448 0.0528412 -0.219833 0.148399 0.277341 0.949242 0.35348 
1534166679331 0.293354 0.904321 -0.310076 -0.548441 -0.944416 0.324479 0.0528427 -0.219833 0.1484 0.277339 0.949242 0.353481 
1534166680161 0.289082 0.902796 -0.318419 -0.557389 -0.945002 0.322272 0.0557836 -0.222472 0.152979 0.284781 0.946307 0.355038 
1534166680566 0.287808 0.901691 -0.322677 -0.561852 -0.945024 0.322008 0.0569187 -0.223686 0.155228 0.288556 0.944796 0.355366 
1534166680976 0.285515 0.900863 -0.326998 -0.566435 -0.945349 0.320796 0.0583565 -0.224823 0.157471 0.292465 0.943222 0.355942 
1534166681562 0.281439 0.899064 -0.335375 -0.575505 -0.945771 0.318973 0.061423 -0.22725 0.162199 0.299901 0.94008 0.35719 
1534166681982 0.279395 0.898045 -0.339785 -0.580019 -0.945947 0.31814 0.0630123 -0.228517 0.164687 0.303814 0.93839 0.357751 
1534166682405 0.277294 0.89711 -0.34395 -0.584592 -0.94617 0.317182 0.0644856 -0.229696 0.166945 0.307554 0.936771 0.358338 
1534166682804 0.275287 0.896056 -0.348282 -0.58865 -0.946342 0.316368 0.0659445 -0.230737 0.169275 0.31144 0.935067 0.359195 
1534166682824 0.275046 0.896103 -0.348351 -0.588804 -0.946398 0.316171 0.0660784 -0.230652 0.169352 0.311504 0.935032 0.359276 
1534166682955 0.274821 0.896127 -0.348467 -0.588951 -0.946444 0.316004 0.0662227 -0.230726 0.169461 0.311605 0.934979 0.359404 
1534166683090 0.275017 0.895882 -0.348942 -0.589418 -0.946355 0.316282 0.0661637 -0.231 0.169639 0.312027 0.934806 0.359243 
1534166683231 0.274613 0.895862 -0.349313 -0.589983 -0.946419 0.316028 0.066468 -0.231077 0.169939 0.312343 0.934646 0.359359 
1534166683372 0.274314 0.895801 -0.349702 -0.59052 -0.946495 0.315795 0.0664937 -0.231276 0.169999 0.312751 0.934498 0.359411 
1534166683515 0.274082 0.895694 -0.35016 -0.591105 -0.94648 0.315761 0.0668582 -0.231327 0.170451 0.313095 0.934301 0.359505 
1534166683731 0.273668 0.895481 -0.351025 -0.592159 -0.946528 0.315568 0.0670913 -0.231715 0.170852 0.313895 0.933959 0.359566 
1534166683884 0.273385 0.895421 -0.351399 -0.5927 -0.946539 0.315459 0.0674437 -0.231866 0.171243 0.314175 0.933793 0.35973 
1534166684037 0.272971 0.895374 -0.35184 -0.593244 -0.946622 0.315171 0.0676334 -0.231967 0.171447 0.314598 0.933613 0.359754 
1534166684057 0.273018 0.895334 -0.351906 -0.593314 -0.946597 0.315242 0.0676551 -0.23201 0.171509 0.314642 0.933587 0.359758 
1534166684074 0.273058 0.895285 -0.352 -0.593426 -0.94657 0.315315 0.0676933 -0.232057 0.171596 0.314708 0.933549 0.359763 
1534166684090 0.273038 0.895271 -0.352051 -0.593495 -0.946567 0.315315 0.0677274 -0.232063 0.171641 0.314748 0.933527 0.359767 
1534166684187 0.273034 0.895306 -0.351965 -0.593475 -0.946609 0.31523 0.067536 -0.23195 0.171415 0.314734 0.933573 0.35972 
1534166684236 0.273866 0.89518 -0.351638 -0.593388 -0.946457 0.315826 0.0668828 -0.231979 0.170929 0.314493 0.933744 0.359509 
1534166684261 0.274187 0.895161 -0.351437 -0.593357 -0.946407 0.316033 0.0666059 -0.232023 0.170688 0.31434 0.933839 0.359432 
1534166684307 0.274698 0.895124 -0.351133 -0.593357 -0.946303 0.316411 0.066297 -0.23213 0.170446 0.314066 0.933976 0.359349 
1534166684338 0.275274 0.895056 -0.350856 -0.593393 -0.946171 0.316867 0.0660038 -0.232195 0.170252 0.313801 0.9341 0.359293 
1534166684364 0.275642 0.895004 -0.350699 -0.59345 -0.946089 0.317154 0.0657897 -0.232188 0.170108 0.313658 0.934174 0.359229 
1534166684387 0.275863 0.894965 -0.350626 -0.593508 -0.946047 0.317316 0.0656184 -0.232157 0.169985 0.313607 0.934214 0.359163 
1534166684425 0.276174 0.894898 -0.350551 -0.593605 -0.945993 0.317535 0.065333 -0.232106 0.169778 0.313575 0.934262 0.359047 
1534166684559 0.27688 0.895139 -0.349375 -0.593561 -0.945908 0.317891 0.0648395 -0.232283 0.169104 0.312524 0.934737 0.358993 
1534166684682 0.276664 0.895721 -0.348052 -0.59364 -0.946063 0.317421 0.0648725 -0.232237 0.168587 0.311331 0.935228 0.359073 
1534166684808 0.277214 0.896003 -0.346888 -0.593719 -0.945992 0.317689 0.0645985 -0.232283 0.168083 0.310245 0.935679 0.359036 
1534166684930 0.27765 0.896238 -0.345931 -0.593816 -0.945989 0.317802 0.0640928 -0.232292 0.16738 0.309451 0.936068 0.358824 
1534166685126 0.278476 0.896888 -0.343575 -0.593974 -0.945983 0.317973 0.0633138 -0.232276 0.166033 0.307385 0.936988 0.358688 
1534166685254 0.279143 0.897128 -0.342405 -0.594042 -0.945877 0.318354 0.0629919 -0.232379 0.165518 0.306289 0.937439 0.358625 
1534166685379 0.279606 0.897425 -0.341246 -0.594121 -0.945869 0.31847 0.0625146 -0.232405 0.164779 0.305294 0.937893 0.358547 
1534166685397 0.27972 0.897452 -0.341082 -0.594124 -0.94585 0.318541 0.0624543 -0.232433 0.164698 0.305143 0.937957 0.358539 
1534166685412 0.279827 0.897493 -0.340885 -0.594128 -0.945835 0.318595 0.0623881 -0.232452 0.164597 0.304963 0.938033 0.35853 
1534166685429 0.279914 0.897531 -0.340714 -0.594137 -0.945825 0.318637 0.0623297 -0.232464 0.164507 0.304809 0.938099 0.35852 
1534166685445 0.279983 0.897575 -0.340542 -0.594146 -0.945821 0.31866 0.0622765 -0.232466 0.164415 0.304655 0.938165 0.35851 
1534166685462 0.28 0.897586 -0.340499 -0.594162 -0.945819 0.318668 0.0622694 -0.232458 0.164398 0.304615 0.938181 0.3585 
1534166685479 0.279963 0.897596 -0.340503 -0.594177 -0.945829 0.318635 0.0622857 -0.232435 0.164403 0.30462 0.938178 0.358504 
1534166685495 0.279891 0.897615 -0.340511 -0.594184 -0.945848 0.318571 0.0623187 -0.232403 0.164415 0.30463 0.938173 0.358521 
1534166685512 0.279831 0.8976 -0.340601 -0.594189 -0.94585 0.31855 0.0623944 -0.232389 0.164504 0.304698 0.938135 0.358543 
1534166685529 0.279757 0.897534 -0.340835 -0.594208 -0.945835 0.318565 0.0625484 -0.232379 0.164717 0.304875 0.93804 0.358557 
1534166685546 0.279712 0.897481 -0.341011 -0.594219 -0.94582 0.318588 0.0626652 -0.232384 0.164883 0.305006 0.937968 0.358571 
1534166685562 0.279699 0.897461 -0.341075 -0.594217 -0.945806 0.318613 0.0627478 -0.232402 0.164985 0.30504 0.93794 0.358596 
1534166685579 0.279692 0.897474 -0.341046 -0.594208 -0.945803 0.318613 0.0627871 -0.232422 0.165012 0.305001 0.937947 0.358621 
1534166685595 0.279683 0.89749 -0.341013 -0.594206 -0.945798 0.318617 0.062848 -0.232444 0.165058 0.304952 0.937955 0.358641 
1534166685612 0.279694 0.897497 -0.340984 -0.594214 -0.945767 0.318676 0.0630116 -0.232457 0.165216 0.304867 0.937955 0.358652 
1534166685629 0.279746 0.897523 -0.340872 -0.594211 -0.945737 0.318744 0.0631166 -0.232475 0.1653 0.304719 0.937988 0.358659 
1534166685645 0.279803 0.897547 -0.340763 -0.594206 -0.945711 0.318807 0.0631867 -0.232492 0.165351 0.304584 0.938023 0.358665 
1534166685678 0.279912 0.897527 -0.340726 -0.594209 -0.945674 0.318917 0.0631913 -0.23251 0.165379 0.304528 0.938037 0.35868 
1534166685704 0.280003 0.897448 -0.340859 -0.594221 -0.945675 0.31896 0.0629536 -0.232507 0.165218 0.304715 0.938004 0.358679 
1534166685718 0.280101 0.897336 -0.341074 -0.594244 -0.945653 0.319055 0.0628047 -0.232493 0.165178 0.304946 0.937936 0.35867 
1534166685735 0.280155 0.897221 -0.341331 -0.594268 -0.94565 0.3191 0.0626213 -0.232464 0.165104 0.305236 0.937855 0.358674 
1534166685758 0.280201 0.897142 -0.341502 -0.594279 -0.945654 0.319122 0.0624433 -0.232425 0.165001 0.305446 0.937805 0.358702 
1534166685774 0.280201 0.897116 -0.341571 -0.59428 -0.945658 0.319119 0.0623945 -0.2324 0.164977 0.305527 0.937783 0.358726 
1534166685792 0.28019 0.897102 -0.341617 -0.59428 -0.945666 0.319105 0.0623589 -0.232382 0.164954 0.305583 0.937768 0.358751 
1534166685808 0.280203 0.89711 -0.341585 -0.59427 -0.945673 0.319093 0.0623017 -0.23237 0.164889 0.30557 0.937784 0.358777 
1534166685824 0.280206 0.897117 -0.341564 -0.594264 -0.945679 0.319083 0.0622716 -0.232363 0.164852 0.305561 0.937793 0.358793 
1534166685841 0.280208 0.897105 -0.341594 -0.59427 -0.945674 0.319094 0.0622816 -0.232363 0.164874 0.305585 0.937782 0.358789 
1534166685858 0.280212 0.897089 -0.341632 -0.594279 -0.945667 0.319111 0.0623022 -0.232368 0.164909 0.305613 0.937766 0.35878 
1534166685927 0.279991 0.89698 -0.342099 -0.594318 -0.945649 0.319091 0.0626849 -0.232384 0.165388 0.305954 0.937571 0.358757 
1534166685948 0.27992 0.896896 -0.342378 -0.594321 -0.945638 0.319103 0.062794 -0.232411 0.165574 0.306189 0.937461 0.358768 
1534166685966 0.279827 0.896841 -0.342596 -0.594312 -0.94564 0.319076 0.062886 -0.23241 0.165713 0.306376 0.937376 0.358804 
1534166685980 0.27976 0.896822 -0.342703 -0.594304 -0.945648 0.319042 0.0629383 -0.232398 0.165781 0.306469 0.937333 0.358839 
1534166686000 0.279686 0.896818 -0.342772 -0.59429 -0.945662 0.318992 0.0629867 -0.232379 0.165829 0.30653 0.937305 0.358894 
1534166686016 0.279627 0.896837 -0.342771 -0.594272 -0.945678 0.318939 0.0630126 -0.232362 0.165835 0.306531 0.937303 0.35894 
1534166686033 0.279604 0.89684 -0.342782 -0.594254 -0.945681 0.318925 0.0630366 -0.232352 0.165855 0.306537 0.937298 0.358977 
1534166686050 0.279672 0.896798 -0.342835 -0.594252 -0.94565 0.319013 0.0630585 -0.23236 0.16592 0.306567 0.937277 0.359001 
1534166686067 0.279763 0.896737 -0.342923 -0.594262 -0.945614 0.319122 0.063048 -0.232387 0.165972 0.306635 0.937245 0.359001 
1534166686083 0.279815 0.896703 -0.342967 -0.594268 -0.945596 0.319179 0.0630285 -0.23241 0.165986 0.306672 0.93723 0.358986 
1534166686100 0.279873 0.896672 -0.343002 -0.594279 -0.945576 0.319241 0.0630121 -0.232439 0.166001 0.306699 0.937219 0.358967 
1534166686116 0.279922 0.896652 -0.343016 -0.594289 -0.945552 0.319306 0.0630452 -0.232469 0.166057 0.306692 0.937212 0.358952 
1534166686136 0.280013 0.896642 -0.342966 -0.594292 -0.945489 0.319455 0.0632357 -0.232487 0.166262 0.306564 0.937217 0.358934 
1534166686155 0.27995 0.89667 -0.342945 -0.594294 -0.945484 0.319439 0.0633993 -0.232485 0.166398 0.306501 0.937213 0.358903 
1534166686170 0.279842 0.896736 -0.342859 -0.594287 -0.945507 0.319346 0.0635131 -0.232484 0.166445 0.306402 0.937237 0.358857 
1534166686274 0.279991 0.896727 -0.342763 -0.594287 -0.945537 0.319344 0.0630831 -0.232502 0.166027 0.306432 0.937302 0.358923 
1534166686288 0.28021 0.896667 -0.34274 -0.594294 -0.945494 0.319509 0.0628933 -0.232502 0.165903 0.306435 0.937323 0.358969 
1534166686305 0.280428 0.896625 -0.342672 -0.5943 -0.945472 0.31963 0.0626008 -0.232497 0.165658 0.306432 0.937367 0.359015 
1534166686328 0.280665 0.896586 -0.34258 -0.594297 -0.945445 0.319767 0.0623083 -0.232491 0.165411 0.306403 0.93742 0.359041 
1534166686380 0.280771 0.89655 -0.342587 -0.59431 -0.945476 0.319752 0.0619151 -0.232427 0.165053 0.306524 0.937444 0.358954 
1534166686407 0.280907 0.896515 -0.342567 -0.594334 -0.945465 0.319825 0.0617128 -0.232355 0.164888 0.306549 0.937464 0.358908 
1534166686433 0.281046 0.896507 -0.342475 -0.594352 -0.945463 0.319876 0.0614719 -0.232292 0.164659 0.306521 0.937514 0.358879 
1534166686450 0.281125 0.896546 -0.342307 -0.594349 -0.945482 0.31986 0.0612624 -0.232273 0.164415 0.306423 0.937589 0.358884 
1534166686466 0.281237 0.896603 -0.342066 -0.594345 -0.945507 0.319842 0.0609813 -0.232245 0.164083 0.306275 0.937695 0.358897 
1534166686483 0.281372 0.896644 -0.341848 -0.594344 -0.945514 0.319866 0.060743 -0.232213 0.16381 0.306131 0.93779 0.358915 
1534166686499 0.281446 0.896658 -0.341749 -0.594354 -0.945519 0.319878 0.0605958 -0.23218 0.163652 0.306076 0.937836 0.358929 
1534166686516 0.281539 0.896649 -0.341695 -0.594362 -0.945512 0.319924 0.0604664 -0.232164 0.163534 0.306053 0.937864 0.358943 
1534166686537 0.281644 0.896615 -0.341698 -0.594359 -0.945487 0.320011 0.060393 -0.232173 0.163496 0.306062 0.937867 0.358951 
1534166686565 0.281643 0.896573 -0.34181 -0.594351 -0.945469 0.320051 0.0604557 -0.232196 0.1636 0.306144 0.937822 0.358952 
1534166686579 0.281577 0.896526 -0.341989 -0.594357 -0.945468 0.32004 0.0605343 -0.232206 0.163721 0.306294 0.937752 0.358949 
1534166686596 0.28152 0.896423 -0.342304 -0.594371 -0.945445 0.320083 0.060671 -0.232229 0.163952 0.306549 0.937628 0.358954 
1534166686613 0.281468 0.896374 -0.342475 -0.594374 -0.945441 0.320081 0.0607358 -0.232245 0.164062 0.306695 0.937562 0.358962 
1534166686632 0.28134 0.896351 -0.342641 -0.594366 -0.94547 0.31999 0.0607774 -0.232267 0.16412 0.306858 0.937498 0.358982 
1534166686649 0.281301 0.896347 -0.342683 -0.594351 -0.945484 0.31995 0.0607555 -0.232289 0.1641 0.306911 0.937484 0.358999 
1534166686666 0.281252 0.896347 -0.342724 -0.594341 -0.945509 0.319888 0.0607047 -0.232294 0.164046 0.306975 0.937473 0.359029 
1534166686682 0.281215 0.896353 -0.342738 -0.59434 -0.945533 0.31983 0.0606372 -0.232288 0.16397 0.307017 0.937472 0.359055 
1534166686735 0.281357 0.896353 -0.342621 -0.594357 -0.945545 0.319854 0.0603175 -0.232236 0.163654 0.306993 0.937535 0.359159 
1534166686788 0.281681 0.896409 -0.342208 -0.594377 -0.945581 0.319883 0.0595937 -0.23212 0.162887 0.306799 0.937732 0.359102 
1534166686847 0.281801 0.896567 -0.341695 -0.594418 -0.945786 0.319507 0.0583455 -0.231967 0.161485 0.306729 0.937998 0.358993 
1534166686875 0.281925 0.896554 -0.341628 -0.59443 -0.945868 0.319394 0.0576345 -0.231987 0.160786 0.306886 0.938067 0.358961 
1534166686895 0.281998 0.896548 -0.341582 -0.594437 -0.945913 0.319331 0.0572356 -0.232003 0.160392 0.306966 0.938108 0.358956 
1534166686912 0.282056 0.89655 -0.341528 -0.59444 -0.945946 0.319286 0.0569391 -0.232015 0.160094 0.307007 0.938145 0.358961 
1534166686929 0.282173 0.896546 -0.341443 -0.59444 -0.945961 0.319296 0.0566421 -0.232031 0.159804 0.307009 0.938194 0.358982 
1534166687039 0.281932 0.896669 -0.34132 -0.594433 -0.945971 0.319179 0.0571236 -0.231903 0.160163 0.306774 0.93821 0.358979 
1534166687054 0.281675 0.896741 -0.341343 -0.594428 -0.945977 0.319073 0.0576161 -0.231862 0.16058 0.306674 0.938171 0.358979 
1534166687093 0.281397 0.896801 -0.341415 -0.594397 -0.94591 0.319101 0.0585624 -0.231871 0.161465 0.306468 0.938087 0.359008 
1534166687123 0.281276 0.896764 -0.341612 -0.594392 -0.945881 0.319123 0.0589097 -0.231944 0.161844 0.306555 0.937993 0.359012 
1534166687149 0.281159 0.896755 -0.34173 -0.594385 -0.945885 0.319078 0.0590852 -0.232003 0.162024 0.306625 0.937939 0.358993 
1534166687175 0.281004 0.896766 -0.341831 -0.594379 -0.945893 0.31901 0.0593179 -0.232035 0.162242 0.306667 0.937888 0.358959 
1534166687189 0.280911 0.896782 -0.341864 -0.594374 -0.945895 0.318973 0.0594899 -0.232046 0.162395 0.306656 0.937865 0.358948 
1534166687209 0.280801 0.896814 -0.341871 -0.594362 -0.945884 0.318952 0.0597766 -0.232056 0.162649 0.306585 0.937844 0.35894 
1534166687226 0.280719 0.896841 -0.341866 -0.59435 -0.945871 0.318945 0.0600181 -0.232066 0.162863 0.306513 0.93783 0.358938 
1534166687242 0.280667 0.896861 -0.341858 -0.594335 -0.945846 0.318972 0.0602757 -0.232082 0.163102 0.306428 0.937816 0.358945 
1534166687259 0.280654 0.896867 -0.341851 -0.594318 -0.945813 0.319027 0.0604906 -0.232105 0.163312 0.30635 0.937805 0.358954 
1534166687311 0.280602 0.896883 -0.341853 -0.594329 -0.945815 0.319005 0.0605873 -0.232084 0.163392 0.306329 0.937798 0.358978 
1534166687324 0.280626 0.896873 -0.341859 -0.59434 -0.945841 0.318964 0.0603854 -0.232087 0.163199 0.306399 0.937809 0.358987 
1534166687342 0.280719 0.896838 -0.341875 -0.594357 -0.945865 0.318957 0.0600544 -0.232095 0.162903 0.306509 0.937824 0.358993 
1534166687358 0.280898 0.896791 -0.341852 -0.594366 -0.945868 0.319017 0.059674 -0.232087 0.162572 0.306585 0.937857 0.359006 
1534166687378 0.28098 0.896775 -0.341826 -0.594369 -0.945889 0.319008 0.0593913 -0.232063 0.162306 0.306641 0.937885 0.359012 
1534166687395 0.281071 0.896764 -0.341779 -0.594368 -0.945894 0.31903 0.0591929 -0.232026 0.16212 0.306649 0.937914 0.359015 
1534166687411 0.281104 0.89677 -0.341738 -0.594355 -0.945904 0.319022 0.0590868 -0.232015 0.162009 0.306641 0.937936 0.359016 
1534166687428 0.281094 0.896764 -0.341761 -0.594349 -0.945915 0.318998 0.059031 -0.232017 0.161958 0.306684 0.937931 0.359013 
1534166687483 0.280918 0.896697 -0.342082 -0.594359 -0.945893 0.318993 0.0594048 -0.23203 0.16239 0.306885 0.937791 0.359002 
1534166687496 0.280782 0.896737 -0.342089 -0.594357 -0.945912 0.318907 0.0595757 -0.232025 0.162518 0.306858 0.937777 0.359008 
1534166687513 0.280594 0.8968 -0.342078 -0.594353 -0.945926 0.318808 0.0598853 -0.232022 0.162762 0.306776 0.937762 0.359022 
1534166687530 0.280478 0.896833 -0.342085 -0.59435 -0.945901 0.31881 0.0602603 -0.23205 0.163103 0.306677 0.937735 0.359036 
1534166687546 0.280474 0.89683 -0.342097 -0.594348 -0.945865 0.318877 0.0604747 -0.232085 0.163322 0.306616 0.937717 0.35904 
1534166687563 0.280488 0.896827 -0.342094 -0.594336 -0.94583 0.318947 0.0606446 -0.232136 0.163498 0.306553 0.937707 0.359037 
1534166687580 0.280502 0.896802 -0.342148 -0.594327 -0.945801 0.319011 0.060764 -0.232192 0.163642 0.30656 0.937679 0.359024 
1534166687596 0.280508 0.896785 -0.342188 -0.59432 -0.945782 0.319051 0.0608443 -0.232229 0.16374 0.306568 0.93766 0.359017 
1534166687613 0.280492 0.896766 -0.342249 -0.594309 -0.94576 0.319092 0.0609849 -0.232285 0.163898 0.30658 0.937628 0.359008 
1534166687630 0.280447 0.89676 -0.342302 -0.594298 -0.945748 0.319099 0.0611232 -0.232331 0.164041 0.30659 0.9376 0.359001 
1534166687646 0.280389 0.896765 -0.342337 -0.594298 -0.945747 0.319081 0.061236 -0.232354 0.164147 0.306594 0.93758 0.358998 
1534166687695 0.280208 0.89687 -0.34221 -0.594311 -0.945797 0.318908 0.0613626 -0.232303 0.164168 0.306467 0.937618 0.359062 
1534166687714 0.280232 0.896934 -0.342023 -0.594324 -0.94583 0.318844 0.0611958 -0.232248 0.163941 0.306347 0.937697 0.359086 
1534166687727 0.28038 0.896989 -0.341756 -0.594319 -0.945831 0.318881 0.0609804 -0.232208 0.163678 0.306146 0.937808 0.359096 
1534166687743 0.280606 0.89703 -0.341463 -0.594314 -0.945818 0.318974 0.0607002 -0.23216 0.163368 0.305928 0.937933 0.359092 
1534166687759 0.28072 0.897087 -0.341219 -0.594325 -0.945841 0.318959 0.0604218 -0.232093 0.163038 0.305778 0.93804 0.359085 
1534166687779 0.280731 0.897164 -0.341008 -0.594352 -0.945917 0.318804 0.0600331 -0.232011 0.162574 0.305712 0.938141 0.35908 
1534166687796 0.28074 0.897224 -0.340844 -0.594356 -0.945972 0.318694 0.0597565 -0.23198 0.16224 0.305653 0.938219 0.359069 
1534166687813 0.280795 0.897253 -0.340721 -0.59436 -0.946006 0.318643 0.0594885 -0.231991 0.161944 0.30562 0.938281 0.359042 
1534166687829 0.280889 0.897254 -0.340643 -0.594366 -0.94601 0.318666 0.0592999 -0.23202 0.161758 0.305595 0.938321 0.359006 
1534166687849 0.281001 0.897235 -0.340598 -0.594373 -0.946 0.318726 0.0591476 -0.23206 0.161627 0.305585 0.938347 0.358964 
1534166687866 0.281064 0.89721 -0.340612 -0.594384 -0.945976 0.318796 0.0591502 -0.232084 0.161656 0.305585 0.938342 0.358948 
1534166687883 0.281093 0.897199 -0.340619 -0.594389 -0.945947 0.318862 0.0592549 -0.23209 0.161774 0.305551 0.938332 0.358953 
1534166687955 0.280967 0.897316 -0.340414 -0.594353 -0.945868 0.318948 0.0600424 -0.232065 0.162451 0.305117 0.938357 0.359071 
1534166687972 0.280955 0.897408 -0.340181 -0.594325 -0.945893 0.318881 0.0600069 -0.232074 0.162328 0.304916 0.938443 0.359086 
1534166687992 0.281003 0.897477 -0.339959 -0.594303 -0.945906 0.318862 0.0599138 -0.232095 0.162171 0.304733 0.93853 0.359077 
1534166688009 0.281072 0.897511 -0.339812 -0.594306 -0.945912 0.318867 0.0597899 -0.232122 0.162017 0.304627 0.938591 0.359042 
1534166688151 0.280848 0.897527 -0.339955 -0.594325 -0.946011 0.318603 0.0596244 -0.232003 0.161825 0.304856 0.93855 0.359032 
1534166688167 0.280823 0.897412 -0.340281 -0.594334 -0.945993 0.318649 0.0596652 -0.23201 0.161974 0.305148 0.938429 0.359065 
1534166688189 0.280894 0.897274 -0.340585 -0.594324 -0.945943 0.318791 0.0596998 -0.232032 0.162142 0.305405 0.938316 0.359108 
1534166688249 0.28098 0.897145 -0.340852 -0.594276 -0.945892 0.318938 0.0597248 -0.23207 0.162293 0.305628 0.938218 0.359187 
1534166688288 0.281048 0.897004 -0.341167 -0.594269 -0.945854 0.319056 0.0596886 -0.2321 0.162392 0.305919 0.938106 0.359202 
1534166688324 0.281184 0.89683 -0.341513 -0.594257 -0.945803 0.319228 0.0595845 -0.232129 0.162458 0.30625 0.937986 0.35919 
1534166688353 0.281291 0.896664 -0.341861 -0.594248 -0.945752 0.319388 0.0595322 -0.232152 0.162566 0.30657 0.937863 0.359187 
1534166688385 0.281325 0.896536 -0.342169 -0.594243 -0.945729 0.319465 0.0594855 -0.232126 0.162642 0.306865 0.937754 0.359199 
1534166688402 0.281336 0.896481 -0.342305 -0.594242 -0.945723 0.31949 0.0594525 -0.232103 0.162661 0.306999 0.937706 0.359205 
1534166688419 0.281304 0.896435 -0.342449 -0.594243 -0.945734 0.319467 0.0594023 -0.232087 0.162651 0.307156 0.937657 0.359202 
1534166688435 0.281255 0.896389 -0.34261 -0.594244 -0.945749 0.31943 0.0593588 -0.232068 0.162648 0.307328 0.937601 0.3592 
1534166688452 0.281221 0.896337 -0.342776 -0.594243 -0.945757 0.319412 0.0593211 -0.232045 0.162659 0.307501 0.937542 0.359201 
1534166688469 0.281194 0.896297 -0.342903 -0.594241 -0.945764 0.319398 0.0592956 -0.232028 0.162669 0.307631 0.937498 0.359204 
1534166688485 0.281168 0.896288 -0.342947 -0.594231 -0.945775 0.319371 0.0592689 -0.232017 0.162649 0.307686 0.937483 0.359214 
1534166688502 0.281119 0.89631 -0.342929 -0.594212 -0.945796 0.319309 0.0592497 -0.232017 0.162607 0.307685 0.937491 0.359224 
1534166688574 0.280814 0.896272 -0.343279 -0.594214 -0.945756 0.319292 0.059983 -0.232106 0.163367 0.307814 0.937316 0.359174 
1534166688590 0.280774 0.896192 -0.34352 -0.59422 -0.945708 0.319384 0.060257 -0.232141 0.163716 0.307951 0.93721 0.359188 
1534166688609 0.28081 0.896063 -0.343827 -0.594231 -0.945633 0.319558 0.0604984 -0.232192 0.164083 0.308146 0.937082 0.359206 
1534166688628 0.280817 0.895979 -0.344041 -0.594239 -0.945593 0.31965 0.0606373 -0.232222 0.164303 0.308295 0.936995 0.359217 
1534166688644 0.280816 0.895951 -0.344114 -0.594233 -0.945568 0.319702 0.060754 -0.232235 0.164447 0.308323 0.93696 0.35923 
