1537452625209 0.275657 0.633204 -0.723233 -0.604483 -0.8825 0.464965 0.0707247 -0.181741 0.381061 0.618757 0.686973 0.426588 
1537452625209 0 0 0 0 0 0 0 0 0 0 0 0 
1537452625212 0 0 0 0 0 0 0 0 0 0 0 0 
1537452625215 0 0 0 0 0 0 0 0 0 0 0 0 
1537452625224 0 0 0 0 0 0 0 0 0 0 0 0 
1537452625224 0 0 0 0 0 0 0 0 0 0 0 0 
1537452625225 0 0 0 0 0 0 0 0 0 0 0 0 
1537452625232 0 0 0 0 0 0 0 0 0 0 0 0 
1537452625232 0 0 0 0 0 0 0 0 0 0 0 0 
1537452625235 0 0 0 0 0 0 0 0 0 0 0 0 
1537452625246 -0.147024 0.864462 -0.480718 -0.601328 -0.979726 -0.0604024 0.191021 -0.254949 0.136094 0.499057 0.855816 0.40387 
1537452625250 0 0 0 0 0 0 0 0 0 0 0 0 
1537452625252 0 0 0 0 0 0 0 0 0 0 0 0 
1537452625255 0 0 0 0 0 0 0 0 0 0 0 0 
1537452625266 -0.106109 0.881235 -0.460614 -0.605389 -0.982509 -0.0216294 0.184953 -0.254773 0.153025 0.472182 0.868117 0.400478 
1537452625276 -0.0646093 0.895708 -0.439924 -0.60945 -0.98355 0.0173627 0.1798 -0.254596 0.168686 0.444304 0.879852 0.397087 
1537452625286 -0.0226384 0.907784 -0.418826 -0.613854 -0.982849 0.056483 0.175549 -0.254504 0.183017 0.415617 0.890936 0.393905 
1537452625296 0.0196973 0.917502 -0.397244 -0.618249 -0.980403 0.095622 0.172242 -0.254415 0.196018 0.386066 0.901405 0.390706 
1537452625306 0.0622924 0.924839 -0.375222 -0.622607 -0.976217 0.134679 0.169888 -0.254321 0.207654 0.355715 0.911233 0.387474 
1537452625316 0.105041 0.929777 -0.352818 -0.626928 -0.970303 0.173557 0.168492 -0.254219 0.217894 0.324642 0.920397 0.384211 
1537452625326 0.147837 0.9323 -0.330092 -0.631225 -0.962677 0.212156 0.168055 -0.254111 0.226709 0.292927 0.928868 0.380927 
1537452625336 0.190408 0.931998 -0.308421 -0.639469 -0.953371 0.250484 0.168347 -0.255094 0.234154 0.261986 0.936235 0.379645 
1537452625415 0 0 0 0 0 0 0 0 0 0 0 0 
1537452625415 0 0 0 0 0 0 0 0 0 0 0 0 
1537452625426 0.275657 0.633204 -0.723233 -0.604483 -0.8825 0.464965 0.0707247 -0.181741 0.381061 0.618757 0.686973 0.426588 
1537452625436 0.2332 0.930172 -0.283544 -0.638686 -0.942367 0.288111 0.170108 -0.253584 0.239922 0.227533 0.943751 0.373765 
1537452625446 0.2332 0.930172 -0.283544 -0.638686 -0.942367 0.288111 0.170108 -0.253584 0.239922 0.227533 0.943751 0.373765 
1537452625456 0.2332 0.930172 -0.283544 -0.638686 -0.942367 0.288111 0.170108 -0.253584 0.239922 0.227533 0.943751 0.373765 
1537452625462 0 0 0 0 0 0 0 0 0 0 0 0 
1537452625462 0 0 0 0 0 0 0 0 0 0 0 0 
1537452625465 0 0 0 0 0 0 0 0 0 0 0 0 
1537452625476 0.233199 0.930173 -0.283544 -0.638686 -0.942367 0.288111 0.170108 -0.253584 0.239922 0.227533 0.943751 0.373765 
1537452625486 0.233199 0.930173 -0.283544 -0.638686 -0.942367 0.28811 0.170108 -0.253584 0.239922 0.227533 0.943751 0.373765 
1537452625496 0.233199 0.930173 -0.283544 -0.638686 -0.942367 0.28811 0.170108 -0.253584 0.239922 0.227533 0.943751 0.373765 
1537452625506 0.233199 0.930173 -0.283544 -0.638686 -0.942367 0.28811 0.170108 -0.253584 0.239922 0.227533 0.943751 0.373765 
1537452625516 0.233199 0.930173 -0.283544 -0.638686 -0.942367 0.28811 0.170108 -0.253584 0.239922 0.227533 0.943751 0.373765 
1537452625526 0.233005 0.929819 -0.284859 -0.642615 -0.942374 0.288205 0.169911 -0.254676 0.240084 0.228854 0.94339 0.37572 
1537452625625 0 0 0 0 0 0 0 0 0 0 0 0 
1537452625625 0 0 0 0 0 0 0 0 0 0 0 0 
1537452625632 0 0 0 0 0 0 0 0 0 0 0 0 
1537452625633 0 0 0 0 0 0 0 0 0 0 0 0 
1537452625635 0 0 0 0 0 0 0 0 0 0 0 0 
1537452625651 0.275657 0.633204 -0.723233 -0.604483 -0.8825 0.464965 0.0707247 -0.181741 0.381061 0.618757 0.686973 0.426588 
1537452625651 0 0 0 0 0 0 0 0 0 0 0 0 
1537452625652 0 0 0 0 0 0 0 0 0 0 0 0 
1537452625655 0 0 0 0 0 0 0 0 0 0 0 0 
1537452625665 0.233397 0.930111 -0.283583 -0.638741 -0.942457 0.288174 0.169499 -0.253579 0.239375 0.227704 0.943849 0.373819 
1537452625670 0 0 0 0 0 0 0 0 0 0 0 0 
1537452625672 0 0 0 0 0 0 0 0 0 0 0 0 
1537452625675 0 0 0 0 0 0 0 0 0 0 0 0 
1537452625685 0.233596 0.930049 -0.283623 -0.638796 -0.942547 0.288239 0.16889 -0.253574 0.238827 0.227875 0.943946 0.373873 
1537452625695 0.233794 0.929987 -0.283662 -0.638852 -0.942636 0.288303 0.168281 -0.25357 0.23828 0.228047 0.944043 0.373927 
1537452625708 0.233993 0.929925 -0.283701 -0.638907 -0.942725 0.288367 0.167672 -0.253565 0.237733 0.228218 0.94414 0.373981 
1537452625716 0.234192 0.929863 -0.28374 -0.638962 -0.942814 0.288431 0.167063 -0.253561 0.237185 0.228389 0.944236 0.374035 
1537452625725 0.23439 0.929802 -0.283778 -0.639018 -0.942902 0.288495 0.166454 -0.253556 0.236638 0.22856 0.944332 0.374089 
1537452625736 0.234589 0.92974 -0.283817 -0.639073 -0.94299 0.288559 0.165844 -0.253552 0.23609 0.228731 0.944428 0.374143 
1537452625746 0.234788 0.929678 -0.283856 -0.639128 -0.943077 0.288623 0.165235 -0.253547 0.235543 0.228903 0.944523 0.374197 
1537452625755 0.234795 0.929263 -0.285205 -0.64311 -0.943172 0.288774 0.164427 -0.254646 0.235156 0.230391 0.944257 0.376205 
1537452625844 0 0 0 0 0 0 0 0 0 0 0 0 
1537452625845 0 0 0 0 0 0 0 0 0 0 0 0 
1537452625855 0.275657 0.633204 -0.723233 -0.604483 -0.8825 0.464965 0.0707247 -0.181741 0.381061 0.618757 0.686973 0.426588 
1537452625860 0 0 0 0 0 0 0 0 0 0 0 0 
1537452625862 0 0 0 0 0 0 0 0 0 0 0 0 
1537452625865 0 0 0 0 0 0 0 0 0 0 0 0 
1537452625875 0.235012 0.929685 -0.283645 -0.639278 -0.943376 0.288453 0.163817 -0.253597 0.234116 0.229085 0.944833 0.374331 
1537452625878 0 0 0 0 0 0 0 0 0 0 0 0 
1537452625881 0 0 0 0 0 0 0 0 0 0 0 0 
1537452625885 0 0 0 0 0 0 0 0 0 0 0 0 
1537452625895 0.234839 0.929817 -0.283357 -0.639317 -0.943501 0.288157 0.163617 -0.253656 0.233785 0.228924 0.944954 0.374356 
1537452625908 0.234666 0.929948 -0.28307 -0.639356 -0.943627 0.287861 0.163418 -0.253715 0.233455 0.228764 0.945075 0.374382 
1537452625908 0 0 0 0 0 0 0 0 0 0 0 0 
1537452625911 0 0 0 0 0 0 0 0 0 0 0 0 
1537452625915 0 0 0 0 0 0 0 0 0 0 0 0 
1537452625925 0.234492 0.930079 -0.282782 -0.639395 -0.943751 0.287564 0.163218 -0.253773 0.233124 0.228603 0.945195 0.374407 
1537452625935 0.234319 0.93021 -0.282495 -0.639434 -0.943876 0.287268 0.163018 -0.253832 0.232793 0.228442 0.945316 0.374433 
1537452625945 0.234145 0.930341 -0.282208 -0.639473 -0.944001 0.286972 0.162818 -0.253891 0.232462 0.228281 0.945436 0.374458 
1537452625955 0.233971 0.930472 -0.28192 -0.639512 -0.944125 0.286675 0.162618 -0.25395 0.232131 0.22812 0.945556 0.374484 
1537452625965 0.233797 0.930603 -0.281633 -0.639551 -0.94425 0.286379 0.162418 -0.254009 0.231801 0.227959 0.945676 0.374509 
1537452625975 0.233432 0.930382 -0.282664 -0.643547 -0.944382 0.286168 0.162017 -0.255189 0.231627 0.229123 0.945437 0.376501 
1537452626066 0.275657 0.633204 -0.723233 -0.604483 -0.8825 0.464965 0.0707247 -0.181741 0.381061 0.618757 0.686973 0.426588 
1537452626074 0 0 0 0 0 0 0 0 0 0 0 0 
1537452626074 0 0 0 0 0 0 0 0 0 0 0 0 
1537452626083 0.233377 0.930956 -0.280813 -0.639654 -0.944586 0.285606 0.161822 -0.254194 0.230851 0.227487 0.946022 0.374529 
1537452626086 0 0 0 0 0 0 0 0 0 0 0 0 
1537452626095 0.233306 0.931048 -0.280568 -0.639678 -0.944674 0.285426 0.161626 -0.254261 0.230563 0.227338 0.946128 0.374499 
1537452626105 0.233234 0.931139 -0.280324 -0.639703 -0.944762 0.285245 0.16143 -0.254329 0.230275 0.227188 0.946234 0.374468 
1537452626115 0.233162 0.931231 -0.280079 -0.639727 -0.94485 0.285065 0.161234 -0.254396 0.229987 0.227039 0.94634 0.374437 
1537452626118 0 0 0 0 0 0 0 0 0 0 0 0 
1537452626129 0.23309 0.931323 -0.279834 -0.639751 -0.944938 0.284884 0.161038 -0.254464 0.229698 0.226889 0.946446 0.374407 
1537452626132 0 0 0 0 0 0 0 0 0 0 0 0 
1537452626135 0 0 0 0 0 0 0 0 0 0 0 0 
1537452626145 0.233018 0.931414 -0.279589 -0.639776 -0.945026 0.284704 0.160841 -0.254531 0.22941 0.22674 0.946552 0.374376 
1537452626155 0.232946 0.931506 -0.279344 -0.6398 -0.945113 0.284524 0.160645 -0.254599 0.229122 0.22659 0.946657 0.374345 
1537452626165 0.232874 0.931597 -0.2791 -0.639825 -0.945201 0.284344 0.160449 -0.254666 0.228834 0.226441 0.946763 0.374315 
1537452626175 0.23261 0.931336 -0.280187 -0.643853 -0.945298 0.284247 0.160049 -0.255878 0.228702 0.227631 0.946509 0.376268 
1537452626255 0.275657 0.633204 -0.723233 -0.604483 -0.8825 0.464965 0.0707247 -0.181741 0.381061 0.618757 0.686973 0.426588 
1537452626258 0 0 0 0 0 0 0 0 0 0 0 0 
1537452626261 0 0 0 0 0 0 0 0 0 0 0 0 
1537452626267 0 0 0 0 0 0 0 0 0 0 0 0 
1537452626268 0 0 0 0 0 0 0 0 0 0 0 0 
1537452626271 0 0 0 0 0 0 0 0 0 0 0 0 
1537452626275 0 0 0 0 0 0 0 0 0 0 0 0 
1537452626285 0.233145 0.931706 -0.278508 -0.639762 -0.945298 0.284339 0.159884 -0.254747 0.228156 0.225997 0.947032 0.374192 
1537452626288 0 0 0 0 0 0 0 0 0 0 0 0 
1537452626291 0 0 0 0 0 0 0 0 0 0 0 0 
1537452626295 0 0 0 0 0 0 0 0 0 0 0 0 
1537452626305 0.233556 0.931625 -0.278434 -0.639729 -0.94522 0.284696 0.159709 -0.254715 0.228058 0.225881 0.947084 0.37417 
1537452626315 0.233967 0.931544 -0.27836 -0.639696 -0.945142 0.285054 0.159534 -0.254683 0.22796 0.225764 0.947135 0.374149 
1537452626321 0 0 0 0 0 0 0 0 0 0 0 0 
1537452626321 0 0 0 0 0 0 0 0 0 0 0 0 
1537452626325 0 0 0 0 0 0 0 0 0 0 0 0 
1537452626335 0.234379 0.931463 -0.278286 -0.639663 -0.945064 0.285411 0.159358 -0.254651 0.227862 0.225647 0.947186 0.374128 
1537452626345 0.23479 0.931382 -0.278211 -0.63963 -0.944985 0.285768 0.159183 -0.254619 0.227764 0.225531 0.947238 0.374106 
1537452626355 0.235201 0.9313 -0.278137 -0.639597 -0.944907 0.286126 0.159008 -0.254587 0.227666 0.225414 0.947289 0.374085 
1537452626361 0 0 0 0 0 0 0 0 0 0 0 0 
1537452626361 0 0 0 0 0 0 0 0 0 0 0 0 
1537452626365 0 0 0 0 0 0 0 0 0 0 0 0 
1537452626375 0.235612 0.931219 -0.278062 -0.639564 -0.944828 0.286483 0.158833 -0.254556 0.227568 0.225298 0.94734 0.374064 
1537452626385 0.236023 0.931137 -0.277987 -0.639531 -0.944749 0.28684 0.158657 -0.254524 0.22747 0.225181 0.947392 0.374042 
1537452626395 0.236241 0.930708 -0.279236 -0.643458 -0.944679 0.287277 0.158284 -0.255627 0.227534 0.226395 0.947087 0.375988 
1537452626475 0.275657 0.633204 -0.723233 -0.604483 -0.8825 0.464965 0.0707247 -0.181741 0.381061 0.618757 0.686973 0.426588 
1537452626481 0 0 0 0 0 0 0 0 0 0 0 0 
1537452626490 0.237281 0.9309 -0.277712 -0.639283 -0.944519 0.287913 0.158082 -0.254377 0.227115 0.224794 0.947569 0.374058 
1537452626499 0.237717 0.930826 -0.277585 -0.6391 -0.944447 0.288271 0.157857 -0.254294 0.226957 0.224639 0.947643 0.374117 
1537452626502 0 0 0 0 0 0 0 0 0 0 0 0 
1537452626505 0 0 0 0 0 0 0 0 0 0 0 0 
1537452626515 0.238153 0.930752 -0.277459 -0.638917 -0.944376 0.288629 0.157632 -0.254211 0.226799 0.224485 0.947718 0.374176 
1537452626525 0.238589 0.930678 -0.277332 -0.638734 -0.944304 0.288988 0.157407 -0.254128 0.22664 0.22433 0.947792 0.374234 
1537452626535 0.239025 0.930604 -0.277205 -0.638551 -0.944231 0.289346 0.157182 -0.254045 0.226482 0.224175 0.947867 0.374293 
1537452626545 0.239461 0.93053 -0.277078 -0.638368 -0.944159 0.289704 0.156957 -0.253962 0.226323 0.224021 0.947941 0.374352 
1537452626555 0.239896 0.930456 -0.276951 -0.638185 -0.944086 0.290062 0.156732 -0.253879 0.226165 0.223866 0.948015 0.374411 
1537452626565 0.240332 0.930381 -0.276824 -0.638002 -0.944014 0.29042 0.156507 -0.253796 0.226006 0.223712 0.94809 0.374469 
1537452626575 0.240564 0.92995 -0.278068 -0.641888 -0.94395 0.290856 0.156083 -0.254881 0.226027 0.224934 0.947796 0.376572 
1537452626653 0.275657 0.633204 -0.723233 -0.604483 -0.8825 0.464965 0.0707247 -0.181741 0.381061 0.618757 0.686973 0.426588 
1537452626655 0 0 0 0 0 0 0 0 0 0 0 0 
1537452626658 0 0 0 0 0 0 0 0 0 0 0 0 
1537452626663 0 0 0 0 0 0 0 0 0 0 0 0 
1537452626665 0 0 0 0 0 0 0 0 0 0 0 0 
1537452626675 0.241259 0.930221 -0.276554 -0.637335 -0.943857 0.291184 0.156033 -0.253535 0.225673 0.223383 0.948247 0.374684 
1537452626678 0 0 0 0 0 0 0 0 0 0 0 0 
1537452626689 0.241316 0.930212 -0.276538 -0.637033 -0.943846 0.291232 0.156009 -0.253439 0.225658 0.223362 0.948255 0.374781 
1537452626692 0 0 0 0 0 0 0 0 0 0 0 0 
1537452626697 0 0 0 0 0 0 0 0 0 0 0 0 
1537452626705 0.241372 0.930202 -0.276522 -0.636731 -0.943835 0.291279 0.155985 -0.253344 0.225643 0.223341 0.948264 0.374878 
1537452626716 0.241428 0.930192 -0.276506 -0.63643 -0.943825 0.291327 0.155961 -0.253248 0.225628 0.22332 0.948272 0.374975 
1537452626725 0.241484 0.930182 -0.276491 -0.636128 -0.943814 0.291374 0.155937 -0.253153 0.225613 0.223299 0.948281 0.375073 
1537452626735 0.24154 0.930172 -0.276475 -0.635826 -0.943803 0.291422 0.155914 -0.253058 0.225597 0.223279 0.948289 0.37517 
1537452626745 0.241596 0.930162 -0.276459 -0.635525 -0.943792 0.291469 0.15589 -0.252962 0.225582 0.223258 0.948298 0.375267 
1537452626755 0.241652 0.930152 -0.276443 -0.635223 -0.943782 0.291517 0.155866 -0.252867 0.225567 0.223237 0.948306 0.375364 
1537452626768 0.241492 0.929776 -0.277845 -0.639068 -0.94378 0.291641 0.155644 -0.253957 0.225745 0.224638 0.947933 0.377583 
1537452626838 0 0 0 0 0 0 0 0 0 0 0 0 
1537452626838 0 0 0 0 0 0 0 0 0 0 0 0 
1537452626841 0 0 0 0 0 0 0 0 0 0 0 0 
1537452626845 0 0 0 0 0 0 0 0 0 0 0 0 
1537452626855 0.275657 0.633204 -0.723233 -0.604483 -0.8825 0.464965 0.0707247 -0.181741 0.381061 0.618757 0.686973 0.426588 
1537452626862 0 0 0 0 0 0 0 0 0 0 0 0 
1537452626862 0 0 0 0 0 0 0 0 0 0 0 0 
1537452626865 0 0 0 0 0 0 0 0 0 0 0 0 
1537452626875 0.241807 0.930116 -0.276429 -0.634216 -0.943672 0.291732 0.156127 -0.252527 0.22586 0.223106 0.948268 0.375659 
1537452626878 0 0 0 0 0 0 0 0 0 0 0 0 
1537452626884 0 0 0 0 0 0 0 0 0 0 0 0 
1537452626885 0 0 0 0 0 0 0 0 0 0 0 0 
1537452626895 0.24185 0.9301 -0.276446 -0.633813 -0.943584 0.291852 0.156436 -0.252378 0.226183 0.223016 0.948212 0.37576 
1537452626905 0.241892 0.930084 -0.276463 -0.633409 -0.943495 0.291972 0.156745 -0.25223 0.226506 0.222926 0.948156 0.37586 
1537452626915 0.241935 0.930068 -0.276481 -0.633005 -0.943407 0.292092 0.157054 -0.252081 0.226829 0.222837 0.948099 0.375961 
1537452626929 0.241978 0.930052 -0.276498 -0.632602 -0.943318 0.292212 0.157363 -0.251932 0.227152 0.222747 0.948043 0.376061 
1537452626935 0.24202 0.930035 -0.276515 -0.632198 -0.943229 0.292332 0.157672 -0.251783 0.227475 0.222657 0.947987 0.376162 
1537452626945 0.242063 0.930019 -0.276532 -0.631795 -0.94314 0.292452 0.157981 -0.251634 0.227798 0.222567 0.94793 0.376262 
1537452626948 0 0 0 0 0 0 0 0 0 0 0 0 
1537452626951 0 0 0 0 0 0 0 0 0 0 0 0 
1537452626955 0 0 0 0 0 0 0 0 0 0 0 0 
1537452626965 0.242105 0.930003 -0.27655 -0.631391 -0.943051 0.292572 0.15829 -0.251486 0.228121 0.222478 0.947874 0.376363 
1537452626975 0.241917 0.929611 -0.278028 -0.635183 -0.94297 0.29277 0.158408 -0.252521 0.228656 0.22385 0.947421 0.378659 
1537452627046 0 0 0 0 0 0 0 0 0 0 0 0 
1537452627046 0 0 0 0 0 0 0 0 0 0 0 0 
1537452627056 0.275657 0.633204 -0.723233 -0.604483 -0.8825 0.464965 0.0707247 -0.181741 0.381061 0.618757 0.686973 0.426588 
1537452627060 0 0 0 0 0 0 0 0 0 0 0 0 
1537452627063 0 0 0 0 0 0 0 0 0 0 0 0 
1537452627066 0 0 0 0 0 0 0 0 0 0 0 0 
1537452627076 0.242213 0.929964 -0.276585 -0.63026 -0.942802 0.292897 0.159173 -0.251071 0.229036 0.222211 0.947716 0.376641 
1537452627089 0 0 0 0 0 0 0 0 0 0 0 0 
1537452627089 0 0 0 0 0 0 0 0 0 0 0 0 
1537452627089 0 0 0 0 0 0 0 0 0 0 0 0 
1537452627096 0.242237 0.929958 -0.276586 -0.629935 -0.94273 0.292983 0.159438 -0.250954 0.229306 0.222124 0.947671 0.376719 
1537452627106 0.24226 0.929952 -0.276587 -0.629611 -0.942659 0.293069 0.159703 -0.250837 0.229575 0.222037 0.947626 0.376797 
1537452627116 0.242283 0.929945 -0.276587 -0.629286 -0.942587 0.293155 0.159968 -0.25072 0.229845 0.22195 0.947581 0.376874 
1537452627126 0.242306 0.929939 -0.276588 -0.628962 -0.942515 0.293241 0.160233 -0.250603 0.230114 0.221863 0.947536 0.376952 
1537452627137 0.242329 0.929933 -0.276589 -0.628638 -0.942444 0.293326 0.160498 -0.250486 0.230383 0.221776 0.947491 0.37703 
1537452627146 0.242353 0.929926 -0.27659 -0.628313 -0.942372 0.293412 0.160763 -0.250369 0.230653 0.221689 0.947446 0.377108 
1537452627156 0.242376 0.92992 -0.276591 -0.627989 -0.9423 0.293498 0.161028 -0.250252 0.230922 0.221602 0.9474 0.377185 
1537452627166 0.242157 0.929533 -0.27808 -0.631871 -0.942234 0.293664 0.161109 -0.251309 0.231418 0.223002 0.946951 0.379505 
1537452627246 0 0 0 0 0 0 0 0 0 0 0 0 
1537452627246 0 0 0 0 0 0 0 0 0 0 0 0 
1537452627255 0 0 0 0 0 0 0 0 0 0 0 0 
1537452627255 0 0 0 0 0 0 0 0 0 0 0 0 
1537452627256 0 0 0 0 0 0 0 0 0 0 0 0 
1537452627283 0.275657 0.633204 -0.723233 -0.604483 -0.8825 0.464965 0.0707247 -0.181741 0.381061 0.618757 0.686973 0.426588 
1537452627286 0 0 0 0 0 0 0 0 0 0 0 0 
1537452627296 0.242438 0.9299 -0.276603 -0.627086 -0.942098 0.293738 0.161772 -0.249927 0.23168 0.221368 0.94727 0.377404 
1537452627306 0.242455 0.929893 -0.276614 -0.626832 -0.942039 0.293807 0.161985 -0.249836 0.2319 0.221307 0.947231 0.377466 
1537452627316 0.242471 0.929885 -0.276624 -0.626578 -0.941981 0.293876 0.162199 -0.249744 0.23212 0.221246 0.947191 0.377529 
1537452627326 0.242487 0.929878 -0.276634 -0.626324 -0.941923 0.293945 0.162412 -0.249653 0.232339 0.221185 0.947151 0.377592 
1537452627336 0.242503 0.929871 -0.276645 -0.62607 -0.941864 0.294014 0.162626 -0.249562 0.232559 0.221125 0.947112 0.377655 
1537452627341 0 0 0 0 0 0 0 0 0 0 0 0 
1537452627342 0 0 0 0 0 0 0 0 0 0 0 0 
1537452627346 0 0 0 0 0 0 0 0 0 0 0 0 
1537452627356 0.242519 0.929864 -0.276655 -0.625816 -0.941806 0.294083 0.16284 -0.24947 0.232778 0.221064 0.947072 0.377718 
1537452627366 0.242536 0.929856 -0.276666 -0.625562 -0.941748 0.294151 0.163053 -0.249379 0.232998 0.221003 0.947032 0.37778 
1537452627376 0.242552 0.929849 -0.276676 -0.625308 -0.941689 0.29422 0.163267 -0.249288 0.233217 0.220942 0.946992 0.377843 
1537452627388 0.242319 0.929458 -0.278189 -0.629251 -0.941636 0.29437 0.163303 -0.250356 0.233674 0.222381 0.946543 0.380175 
1537452627468 0.275657 0.633204 -0.723233 -0.604483 -0.8825 0.464965 0.0707247 -0.181741 0.381061 0.618757 0.686973 0.426588 
1537452627468 0 0 0 0 0 0 0 0 0 0 0 0 
1537452627469 0 0 0 0 0 0 0 0 0 0 0 0 
1537452627472 0 0 0 0 0 0 0 0 0 0 0 0 
1537452627475 0 0 0 0 0 0 0 0 0 0 0 0 
1537452627485 0.242598 0.92983 -0.276701 -0.624596 -0.941522 0.294415 0.163878 -0.249032 0.233844 0.220763 0.946879 0.37802 
1537452627489 0 0 0 0 0 0 0 0 0 0 0 0 
1537452627492 0 0 0 0 0 0 0 0 0 0 0 0 
1537452627495 0 0 0 0 0 0 0 0 0 0 0 0 
1537452627505 0.242611 0.929825 -0.276704 -0.624392 -0.941472 0.294473 0.164062 -0.248959 0.234031 0.220706 0.946847 0.378071 
1537452627515 0.242625 0.92982 -0.276708 -0.624188 -0.941422 0.294531 0.164246 -0.248886 0.234218 0.220648 0.946814 0.378121 
1537452627522 0 0 0 0 0 0 0 0 0 0 0 0 
1537452627522 0 0 0 0 0 0 0 0 0 0 0 0 
1537452627525 0 0 0 0 0 0 0 0 0 0 0 0 
1537452627535 0.242639 0.929816 -0.276711 -0.623984 -0.941372 0.294588 0.16443 -0.248813 0.234406 0.220591 0.946781 0.378172 
1537452627545 0.242652 0.929811 -0.276715 -0.62378 -0.941321 0.294646 0.164614 -0.24874 0.234593 0.220533 0.946748 0.378223 
1537452627555 0.242666 0.929807 -0.276718 -0.623576 -0.941271 0.294704 0.164798 -0.248667 0.234781 0.220476 0.946715 0.378273 
1537452627565 0.24268 0.929802 -0.276722 -0.623372 -0.941221 0.294761 0.164983 -0.248593 0.234968 0.220419 0.946681 0.378324 
1537452627575 0.242693 0.929797 -0.276726 -0.623168 -0.941171 0.294819 0.165167 -0.24852 0.235155 0.220361 0.946648 0.378375 
1537452627585 0.242452 0.929409 -0.278238 -0.627142 -0.941124 0.294959 0.165179 -0.249592 0.235588 0.221809 0.946203 0.380709 
1537452627671 0.275657 0.633204 -0.723233 -0.604483 -0.8825 0.464965 0.0707247 -0.181741 0.381061 0.618757 0.686973 0.426588 
1537452627671 0 0 0 0 0 0 0 0 0 0 0 0 
1537452627675 0 0 0 0 0 0 0 0 0 0 0 0 
1537452627678 0 0 0 0 0 0 0 0 0 0 0 0 
1537452627690 0.242733 0.929784 -0.276734 -0.622592 -0.94103 0.29498 0.165678 -0.248314 0.235676 0.2202 0.946556 0.378518 
1537452627698 0.242746 0.929781 -0.276736 -0.622424 -0.94099 0.295027 0.165822 -0.248254 0.235822 0.220153 0.946531 0.378559 
1537452627708 0.242758 0.929777 -0.276737 -0.622256 -0.94095 0.295073 0.165965 -0.248193 0.235968 0.220107 0.946505 0.3786 
1537452627718 0.24277 0.929773 -0.276739 -0.622089 -0.940911 0.295119 0.166109 -0.248133 0.236114 0.22006 0.94648 0.378642 
1537452627728 0.242783 0.92977 -0.27674 -0.621921 -0.940871 0.295165 0.166252 -0.248073 0.23626 0.220014 0.946454 0.378683 
1537452627738 0.242795 0.929766 -0.276742 -0.621753 -0.940831 0.295212 0.166395 -0.248012 0.236406 0.219967 0.946428 0.378724 
1537452627748 0.242808 0.929762 -0.276743 -0.621585 -0.940791 0.295258 0.166539 -0.247952 0.236552 0.219921 0.946403 0.378765 
1537452627758 0.24282 0.929758 -0.276745 -0.621418 -0.940751 0.295304 0.166682 -0.247892 0.236698 0.219874 0.946377 0.378807 
1537452627768 0.242574 0.929371 -0.278259 -0.625408 -0.940714 0.295434 0.16666 -0.248963 0.237096 0.221335 0.945937 0.381141 
1537452627861 0 0 0 0 0 0 0 0 0 0 0 0 
1537452627864 0 0 0 0 0 0 0 0 0 0 0 0 
1537452627867 0 0 0 0 0 0 0 0 0 0 0 0 
1537452627868 0 0 0 0 0 0 0 0 0 0 0 0 
1537452627872 0 0 0 0 0 0 0 0 0 0 0 0 
1537452627875 0 0 0 0 0 0 0 0 0 0 0 0 
1537452627885 0.275657 0.633204 -0.723233 -0.604483 -0.8825 0.464965 0.0707247 -0.181741 0.381061 0.618757 0.686973 0.426588 
1537452627889 0 0 0 0 0 0 0 0 0 0 0 0 
1537452627892 0 0 0 0 0 0 0 0 0 0 0 0 
1537452627895 0 0 0 0 0 0 0 0 0 0 0 0 
1537452627905 0.242859 0.929748 -0.276746 -0.620942 -0.940637 0.295438 0.167087 -0.247721 0.237109 0.219739 0.946305 0.378923 
1537452627910 0 0 0 0 0 0 0 0 0 0 0 0 
1537452627916 0 0 0 0 0 0 0 0 0 0 0 0 
1537452627916 0 0 0 0 0 0 0 0 0 0 0 0 
1537452627919 0 0 0 0 0 0 0 0 0 0 0 0 
1537452627921 0 0 0 0 0 0 0 0 0 0 0 0 
1537452627925 0 0 0 0 0 0 0 0 0 0 0 0 
1537452627935 0.242873 0.929745 -0.276743 -0.620802 -0.940604 0.295479 0.167204 -0.24767 0.237229 0.219696 0.946285 0.378957 
1537452627938 0 0 0 0 0 0 0 0 0 0 0 0 
1537452627941 0 0 0 0 0 0 0 0 0 0 0 0 
1537452627947 0 0 0 0 0 0 0 0 0 0 0 0 
1537452627948 0 0 0 0 0 0 0 0 0 0 0 0 
1537452627951 0 0 0 0 0 0 0 0 0 0 0 0 
1537452627955 0 0 0 0 0 0 0 0 0 0 0 0 
1537452627965 0.242887 0.929742 -0.276741 -0.620662 -0.94057 0.29552 0.167321 -0.247619 0.237348 0.219654 0.946265 0.37899 
1537452627975 0.242901 0.929739 -0.276738 -0.620521 -0.940536 0.29556 0.167439 -0.247568 0.237467 0.219611 0.946245 0.379024 
1537452627985 0.242915 0.929736 -0.276736 -0.620381 -0.940503 0.295601 0.167556 -0.247517 0.237586 0.219569 0.946225 0.379058 
1537452627995 0.242929 0.929733 -0.276733 -0.620241 -0.940469 0.295642 0.167673 -0.247466 0.237705 0.219526 0.946205 0.379091 
1537452628005 0.242943 0.92973 -0.276731 -0.620101 -0.940435 0.295683 0.16779 -0.247415 0.237825 0.219484 0.946185 0.379125 
1537452628015 0.242957 0.929727 -0.276729 -0.619961 -0.940401 0.295724 0.167908 -0.247364 0.237944 0.219442 0.946165 0.379159 
1537452628025 0.24271 0.929341 -0.278241 -0.623958 -0.94037 0.295848 0.167863 -0.248432 0.238319 0.220907 0.945729 0.381491 
1537452628103 0 0 0 0 0 0 0 0 0 0 0 0 
1537452628103 0 0 0 0 0 0 0 0 0 0 0 0 
1537452628124 0.275657 0.633204 -0.723233 -0.604483 -0.8825 0.464965 0.0707247 -0.181741 0.381061 0.618757 0.686973 0.426588 
1537452628124 0 0 0 0 0 0 0 0 0 0 0 0 
1537452628132 0.243022 0.929718 -0.276702 -0.619482 -0.940296 0.295862 0.168251 -0.247193 0.238292 0.219293 0.946112 0.379278 
1537452628137 0 0 0 0 0 0 0 0 0 0 0 0 
1537452628138 0 0 0 0 0 0 0 0 0 0 0 0 
1537452628142 0 0 0 0 0 0 0 0 0 0 0 0 
1537452628152 0.243059 0.929715 -0.276681 -0.619284 -0.940259 0.295919 0.16836 -0.247124 0.238402 0.21923 0.946099 0.379329 
1537452628162 0.243096 0.929712 -0.276659 -0.619086 -0.940221 0.295976 0.168469 -0.247055 0.238512 0.219167 0.946086 0.379381 
1537452628172 0.243133 0.929709 -0.276638 -0.618888 -0.940184 0.296033 0.168578 -0.246985 0.238622 0.219103 0.946072 0.379432 
1537452628182 0.24317 0.929705 -0.276616 -0.61869 -0.940146 0.29609 0.168687 -0.246916 0.238732 0.21904 0.946059 0.379484 
1537452628192 0.243207 0.929702 -0.276594 -0.618492 -0.940109 0.296147 0.168796 -0.246847 0.238842 0.218977 0.946046 0.379535 
1537452628202 0.243243 0.929699 -0.276573 -0.618294 -0.940071 0.296204 0.168905 -0.246778 0.238952 0.218913 0.946033 0.379587 
1537452628212 0.24328 0.929696 -0.276551 -0.618096 -0.940034 0.296261 0.169013 -0.246708 0.239063 0.21885 0.94602 0.379638 
1537452628222 0.243051 0.929309 -0.278047 -0.622011 -0.939998 0.296401 0.168966 -0.247744 0.239435 0.220296 0.94559 0.381996 
1537452628301 0 0 0 0 0 0 0 0 0 0 0 0 
1537452628301 0 0 0 0 0 0 0 0 0 0 0 0 
1537452628304 0 0 0 0 0 0 0 0 0 0 0 0 
1537452628320 0.275657 0.633204 -0.723233 -0.604483 -0.8825 0.464965 0.0707247 -0.181741 0.381061 0.618757 0.686973 0.426588 
1537452628323 0 0 0 0 0 0 0 0 0 0 0 0 
1537452628333 0.243413 0.92969 -0.276453 -0.617421 -0.939902 0.296459 0.169401 -0.24648 0.239447 0.218604 0.945979 0.379812 
1537452628336 0 0 0 0 0 0 0 0 0 0 0 0 
1537452628339 0 0 0 0 0 0 0 0 0 0 0 0 
1537452628343 0 0 0 0 0 0 0 0 0 0 0 0 
1537452628353 0.243471 0.929691 -0.276398 -0.617142 -0.939844 0.296544 0.169571 -0.24639 0.239612 0.218485 0.945965 0.379883 
1537452628363 0.24353 0.929692 -0.276343 -0.616862 -0.939787 0.296628 0.16974 -0.2463 0.239777 0.218367 0.945951 0.379955 
1537452628373 0.243588 0.929693 -0.276288 -0.616583 -0.93973 0.296712 0.16991 -0.24621 0.239942 0.218248 0.945936 0.380026 
1537452628383 0.243647 0.929694 -0.276232 -0.616304 -0.939673 0.296796 0.17008 -0.24612 0.240107 0.218129 0.945922 0.380097 
1537452628393 0.243706 0.929695 -0.276177 -0.616025 -0.939615 0.296881 0.170249 -0.246029 0.240272 0.21801 0.945908 0.380168 
1537452628403 0.243764 0.929696 -0.276122 -0.615746 -0.939558 0.296965 0.170419 -0.245939 0.240437 0.217891 0.945893 0.38024 
1537452628413 0.243823 0.929697 -0.276067 -0.615467 -0.939501 0.297049 0.170589 -0.245849 0.240601 0.217772 0.945879 0.380311 
1537452628416 0 0 0 0 0 0 0 0 0 0 0 0 
1537452628419 0 0 0 0 0 0 0 0 0 0 0 0 
1537452628423 0 0 0 0 0 0 0 0 0 0 0 0 
1537452628426 0 0 0 0 0 0 0 0 0 0 0 0 
1537452628429 0 0 0 0 0 0 0 0 0 0 0 0 
1537452628433 0 0 0 0 0 0 0 0 0 0 0 0 
1537452628443 0.243611 0.929317 -0.27753 -0.619256 -0.939444 0.297216 0.170611 -0.246843 0.241038 0.219161 0.945447 0.382694 
1537452628521 0.275657 0.633204 -0.723233 -0.604483 -0.8825 0.464965 0.0707247 -0.181741 0.381061 0.618757 0.686973 0.426588 
1537452628524 0 0 0 0 0 0 0 0 0 0 0 0 
1537452628534 0.244068 0.929666 -0.275958 -0.614627 -0.939297 0.29739 0.171116 -0.245558 0.241148 0.217442 0.945815 0.380515 
1537452628554 0.244196 0.929632 -0.275959 -0.614346 -0.939208 0.297562 0.171304 -0.245447 0.241365 0.217351 0.945781 0.380576 
1537452628554 0 0 0 0 0 0 0 0 0 0 0 0 
1537452628563 0.244323 0.929598 -0.27596 -0.614064 -0.939119 0.297735 0.171492 -0.245336 0.241582 0.21726 0.945747 0.380637 
1537452628573 0.244451 0.929564 -0.275961 -0.613782 -0.93903 0.297907 0.17168 -0.245225 0.241798 0.217168 0.945712 0.380698 
1537452628583 0.244578 0.92953 -0.275962 -0.613501 -0.938941 0.298079 0.171868 -0.245114 0.242015 0.217077 0.945678 0.38076 
1537452628593 0.244706 0.929496 -0.275963 -0.613219 -0.938852 0.298252 0.172056 -0.245002 0.242232 0.216985 0.945643 0.380821 
1537452628603 0.244833 0.929462 -0.275964 -0.612938 -0.938763 0.298424 0.172244 -0.244891 0.242449 0.216894 0.945609 0.380882 
1537452628617 0.244961 0.929428 -0.275965 -0.612656 -0.938673 0.298596 0.172432 -0.24478 0.242666 0.216802 0.945574 0.380943 
1537452628617 0 0 0 0 0 0 0 0 0 0 0 0 
1537452628619 0 0 0 0 0 0 0 0 0 0 0 0 
1537452628622 0 0 0 0 0 0 0 0 0 0 0 0 
1537452628633 0.244813 0.929017 -0.277478 -0.616383 -0.938583 0.298851 0.172482 -0.245725 0.243163 0.218211 0.945122 0.383314 
1537452628704 0 0 0 0 0 0 0 0 0 0 0 0 
1537452628704 0 0 0 0 0 0 0 0 0 0 0 0 
1537452628713 0 0 0 0 0 0 0 0 0 0 0 0 
1537452628713 0 0 0 0 0 0 0 0 0 0 0 0 
1537452628714 0 0 0 0 0 0 0 0 0 0 0 0 
1537452628724 0.275657 0.633204 -0.723233 -0.604483 -0.8825 0.464965 0.0707247 -0.181741 0.381061 0.618757 0.686973 0.426588 
1537452628734 0.245287 0.929326 -0.276021 -0.611855 -0.938408 0.299079 0.17304 -0.244457 0.243362 0.216575 0.945447 0.381173 
1537452628744 0.245361 0.929296 -0.276056 -0.611572 -0.938321 0.299217 0.173273 -0.244345 0.243622 0.216515 0.945394 0.381254 
1537452628754 0.245436 0.929266 -0.276091 -0.611288 -0.938234 0.299354 0.173506 -0.244233 0.243882 0.216454 0.945341 0.381335 
1537452628768 0.24551 0.929236 -0.276127 -0.611005 -0.938147 0.299492 0.173739 -0.244121 0.244142 0.216393 0.945288 0.381416 
1537452628771 0 0 0 0 0 0 0 0 0 0 0 0 
1537452628774 0 0 0 0 0 0 0 0 0 0 0 0 
1537452628785 0.245584 0.929205 -0.276163 -0.610722 -0.93806 0.299629 0.173971 -0.244009 0.244402 0.216332 0.945234 0.381497 
1537452628795 0.245659 0.929175 -0.276198 -0.610439 -0.937973 0.299767 0.174204 -0.243897 0.244661 0.216271 0.945181 0.381578 
1537452628805 0.245733 0.929145 -0.276234 -0.610157 -0.937885 0.299905 0.174437 -0.243784 0.244921 0.216211 0.945128 0.381659 
1537452628815 0.245807 0.929115 -0.276269 -0.609874 -0.937798 0.300042 0.17467 -0.243672 0.245181 0.21615 0.945074 0.38174 
1537452628825 0.245589 0.92869 -0.277886 -0.613749 -0.937708 0.300268 0.174764 -0.244643 0.245742 0.217656 0.944583 0.384245 
1537452628895 0 0 0 0 0 0 0 0 0 0 0 0 
1537452628895 0 0 0 0 0 0 0 0 0 0 0 0 
1537452628898 0 0 0 0 0 0 0 0 0 0 0 0 
1537452628901 0 0 0 0 0 0 0 0 0 0 0 0 
1537452628912 0.275657 0.633204 -0.723233 -0.604483 -0.8825 0.464965 0.0707247 -0.181741 0.381061 0.618757 0.686973 0.426588 
1537452628915 0 0 0 0 0 0 0 0 0 0 0 0 
1537452628927 0.245859 0.929077 -0.276348 -0.609049 -0.937594 0.300274 0.175363 -0.243368 0.245906 0.215988 0.944923 0.381971 
1537452628928 0 0 0 0 0 0 0 0 0 0 0 0 
1537452628931 0 0 0 0 0 0 0 0 0 0 0 0 
1537452628942 0.245763 0.929101 -0.276356 -0.608789 -0.937566 0.300231 0.175591 -0.243288 0.246113 0.215948 0.944878 0.382041 
1537452628952 0.245666 0.929124 -0.276363 -0.60853 -0.937537 0.300187 0.175819 -0.243208 0.246319 0.215908 0.944834 0.382111 
1537452628962 0.24557 0.929147 -0.276371 -0.60827 -0.937508 0.300144 0.176047 -0.243127 0.246525 0.215868 0.944789 0.382181 
1537452628977 0.245473 0.929171 -0.276379 -0.608011 -0.937479 0.300101 0.176275 -0.243047 0.246731 0.215828 0.944744 0.382251 
1537452628977 0 0 0 0 0 0 0 0 0 0 0 0 
1537452628979 0 0 0 0 0 0 0 0 0 0 0 0 
1537452628984 0 0 0 0 0 0 0 0 0 0 0 0 
1537452628992 0.245377 0.929194 -0.276386 -0.607752 -0.93745 0.300057 0.176503 -0.242967 0.246937 0.215788 0.9447 0.382321 
1537452628995 0 0 0 0 0 0 0 0 0 0 0 0 
1537452629005 0.24528 0.929217 -0.276394 -0.607493 -0.937421 0.300014 0.176731 -0.242887 0.247144 0.215748 0.944655 0.382391 
1537452629008 0 0 0 0 0 0 0 0 0 0 0 0 
1537452629011 0 0 0 0 0 0 0 0 0 0 0 0 
1537452629022 0.245183 0.92924 -0.276401 -0.607233 -0.937392 0.29997 0.176959 -0.242807 0.24735 0.215709 0.94461 0.382462 
1537452629032 0.244793 0.928874 -0.277974 -0.611052 -0.937359 0.300015 0.177058 -0.243776 0.247861 0.217219 0.94413 0.384937 
1537452629117 0.275657 0.633204 -0.723233 -0.604483 -0.8825 0.464965 0.0707247 -0.181741 0.381061 0.618757 0.686973 0.426588 
1537452629117 0 0 0 0 0 0 0 0 0 0 0 0 
1537452629124 0.24491 0.9293 -0.276442 -0.606539 -0.937291 0.299868 0.177668 -0.242579 0.248003 0.215594 0.944465 0.38264 
1537452629129 0 0 0 0 0 0 0 0 0 0 0 0 
1537452629133 0 0 0 0 0 0 0 0 0 0 0 0 
1537452629134 0 0 0 0 0 0 0 0 0 0 0 0 
1537452629144 0.24483 0.929313 -0.276468 -0.606362 -0.937248 0.299851 0.17792 -0.242513 0.248243 0.215559 0.94441 0.382679 
1537452629154 0.24475 0.929327 -0.276495 -0.606186 -0.937205 0.299835 0.178173 -0.242446 0.248484 0.215524 0.944354 0.382717 
1537452629164 0.24467 0.92934 -0.276521 -0.60601 -0.937162 0.299819 0.178426 -0.242379 0.248724 0.215489 0.944299 0.382756 
1537452629174 0.24459 0.929353 -0.276547 -0.605834 -0.937119 0.299803 0.178678 -0.242312 0.248965 0.215454 0.944244 0.382794 
1537452629186 0.24451 0.929367 -0.276573 -0.605657 -0.937076 0.299787 0.178931 -0.242245 0.249205 0.215419 0.944188 0.382833 
1537452629188 0 0 0 0 0 0 0 0 0 0 0 0 
1537452629191 0 0 0 0 0 0 0 0 0 0 0 0 
1537452629201 0.24443 0.92938 -0.276599 -0.605481 -0.937033 0.299771 0.179184 -0.242178 0.249446 0.215385 0.944133 0.382871 
1537452629204 0 0 0 0 0 0 0 0 0 0 0 0 
1537452629214 0.24435 0.929393 -0.276625 -0.605305 -0.93699 0.299754 0.179436 -0.242111 0.249686 0.21535 0.944077 0.38291 
1537452629224 0.243976 0.929022 -0.278199 -0.609134 -0.936941 0.299828 0.179566 -0.243063 0.250233 0.216846 0.94359 0.38533 
1537452629301 0 0 0 0 0 0 0 0 0 0 0 0 
1537452629301 0 0 0 0 0 0 0 0 0 0 0 0 
1537452629313 0 0 0 0 0 0 0 0 0 0 0 0 
1537452629313 0 0 0 0 0 0 0 0 0 0 0 0 
1537452629323 0.275657 0.633204 -0.723233 -0.604483 -0.8825 0.464965 0.0707247 -0.181741 0.381061 0.618757 0.686973 0.426588 
1537452629333 0.244185 0.929426 -0.276662 -0.60486 -0.936858 0.299754 0.180121 -0.241943 0.25034 0.21521 0.943936 0.382998 
1537452629337 0 0 0 0 0 0 0 0 0 0 0 0 
1537452629339 0 0 0 0 0 0 0 0 0 0 0 0 
1537452629344 0 0 0 0 0 0 0 0 0 0 0 0 
1537452629353 0.24418 0.929431 -0.276647 -0.604767 -0.936813 0.299786 0.180302 -0.24191 0.250513 0.21514 0.943906 0.383008 
1537452629363 0.244175 0.929437 -0.276631 -0.604674 -0.936768 0.299819 0.180482 -0.241876 0.250686 0.21507 0.943876 0.383019 
1537452629373 0.24417 0.929443 -0.276616 -0.604582 -0.936723 0.299851 0.180662 -0.241842 0.250859 0.215 0.943846 0.38303 
1537452629383 0.244166 0.929449 -0.276601 -0.604489 -0.936678 0.299883 0.180842 -0.241808 0.251031 0.214931 0.943816 0.383041 
1537452629393 0.244161 0.929455 -0.276586 -0.604396 -0.936633 0.299915 0.181022 -0.241774 0.251204 0.214861 0.943786 0.383052 
1537452629403 0.244156 0.92946 -0.27657 -0.604304 -0.936588 0.299947 0.181202 -0.24174 0.251377 0.214791 0.943756 0.383062 
1537452629413 0.244152 0.929466 -0.276555 -0.604211 -0.936543 0.299979 0.181383 -0.241706 0.25155 0.214721 0.943725 0.383073 
1537452629423 0.243854 0.929091 -0.278076 -0.608078 -0.936492 0.300102 0.181445 -0.242672 0.25203 0.21617 0.943267 0.385448 
1537452629504 0 0 0 0 0 0 0 0 0 0 0 0 
1537452629504 0 0 0 0 0 0 0 0 0 0 0 0 
1537452629510 0 0 0 0 0 0 0 0 0 0 0 0 
1537452629510 0 0 0 0 0 0 0 0 0 0 0 0 
1537452629514 0 0 0 0 0 0 0 0 0 0 0 0 
1537452629524 0.275657 0.633204 -0.723233 -0.604483 -0.8825 0.464965 0.0707247 -0.181741 0.381061 0.618757 0.686973 0.426588 
1537452629528 0 0 0 0 0 0 0 0 0 0 0 0 
1537452629530 0 0 0 0 0 0 0 0 0 0 0 0 
1537452629534 0 0 0 0 0 0 0 0 0 0 0 0 
1537452629544 0.244144 0.929479 -0.276519 -0.604026 -0.936451 0.300046 0.181749 -0.241639 0.2519 0.214574 0.943665 0.383094 
1537452629554 0.244146 0.92948 -0.276514 -0.604026 -0.936449 0.300047 0.181755 -0.241639 0.251905 0.214566 0.943666 0.383094 
1537452629561 0 0 0 0 0 0 0 0 0 0 0 0 
1537452629561 0 0 0 0 0 0 0 0 0 0 0 0 
1537452629564 0 0 0 0 0 0 0 0 0 0 0 0 
1537452629574 0.244148 0.929481 -0.276508 -0.604026 -0.936447 0.300049 0.181761 -0.241639 0.251909 0.214559 0.943666 0.383093 
1537452629584 0.24415 0.929482 -0.276503 -0.604026 -0.936446 0.300051 0.181766 -0.24164 0.251914 0.214552 0.943667 0.383092 
1537452629594 0.244152 0.929483 -0.276498 -0.604026 -0.936444 0.300053 0.181772 -0.24164 0.251918 0.214544 0.943667 0.383092 
1537452629604 0.244154 0.929484 -0.276492 -0.604027 -0.936442 0.300055 0.181778 -0.24164 0.251923 0.214537 0.943668 0.383091 
1537452629614 0.244156 0.929485 -0.276487 -0.604027 -0.93644 0.300057 0.181784 -0.24164 0.251927 0.21453 0.943668 0.383091 
1537452629624 0.244158 0.929486 -0.276481 -0.604027 -0.936439 0.300059 0.18179 -0.24164 0.251932 0.214522 0.943669 0.38309 
1537452629634 0.243867 0.929107 -0.27801 -0.607982 -0.936431 0.300151 0.181678 -0.242637 0.252244 0.216032 0.943241 0.385451 
1537452629715 0.275657 0.633204 -0.723233 -0.604483 -0.8825 0.464965 0.0707247 -0.181741 0.381061 0.618757 0.686973 0.426588 
1537452629719 0 0 0 0 0 0 0 0 0 0 0 0 
1537452629722 0 0 0 0 0 0 0 0 0 0 0 0 
1537452629732 0.240642 0.928608 -0.282451 -0.589286 -0.937292 0.297919 0.180908 -0.233926 0.25214 0.221205 0.942069 0.39311 
1537452629737 0 0 0 0 0 0 0 0 0 0 0 0 
1537452629739 0 0 0 0 0 0 0 0 0 0 0 0 
1537452629743 0 0 0 0 0 0 0 0 0 0 0 0 
1537452629752 0.237108 0.927663 -0.288481 -0.57469 -0.938142 0.29577 0.180025 -0.226249 0.252327 0.22795 0.940409 0.403219 
1537452629762 0.233571 0.926667 -0.294504 -0.560104 -0.938986 0.293613 0.179156 -0.218573 0.252488 0.23469 0.938707 0.413333 
1537452629772 0.23003 0.925621 -0.30052 -0.545524 -0.939823 0.291448 0.178301 -0.2109 0.252625 0.241421 0.936961 0.42345 
1537452629783 0.226486 0.924524 -0.306527 -0.530947 -0.940653 0.289275 0.177461 -0.203227 0.252737 0.248143 0.935173 0.433569 
1537452629792 0.22294 0.923378 -0.312524 -0.516373 -0.941476 0.287093 0.176635 -0.195554 0.252824 0.254855 0.933343 0.443691 
1537452629802 0.219392 0.922181 -0.318511 -0.501801 -0.942293 0.284904 0.175823 -0.187882 0.252886 0.261557 0.93147 0.453815 
1537452629812 0.215841 0.920934 -0.324489 -0.487233 -0.943103 0.282707 0.175026 -0.180211 0.252923 0.268249 0.929555 0.463942 
1537452629822 0.211851 0.919194 -0.331967 -0.475749 -0.94387 0.280523 0.174401 -0.173101 0.253433 0.276387 0.927029 0.47711 
