1533676851231 -0.187255 0.845429 -0.500189 -0.597268 -0.975202 -0.0988634 0.197988 -0.255126 0.117931 0.524856 0.842977 0.407261 
1533676851241 -0.248986 0.659885 -0.708913 -0.622552 -0.961323 -0.0793956 0.263733 -0.255432 0.117749 0.74716 0.654131 0.40011 
1533676851244 0 0 0 0 0 0 0 0 0 0 0 0 
1533676851247 0 0 0 0 0 0 0 0 0 0 0 0 
1533676851251 0 0 0 0 0 0 0 0 0 0 0 0 
1533676851261 -0.307624 0.420274 -0.853661 -0.647836 -0.946311 -0.041493 0.320584 -0.255737 0.0993121 0.906448 0.410474 0.392959 
1533676851264 0 0 0 0 0 0 0 0 0 0 0 0 
1533676851267 0 0 0 0 0 0 0 0 0 0 0 0 
1533676851271 0 0 0 0 0 0 0 0 0 0 0 0 
1533676851281 -0.358131 0.147175 -0.921999 -0.673117 -0.931461 0.0115927 0.363657 -0.256041 0.0642097 0.989042 0.132936 0.385807 
1533676851284 0 0 0 0 0 0 0 0 0 0 0 0 
1533676851287 0 0 0 0 0 0 0 0 0 0 0 0 
1533676851291 0 0 0 0 0 0 0 0 0 0 0 0 
1533676851301 -0.396169 -0.135954 -0.908056 -0.6984 -0.918047 0.0753014 0.389254 -0.256346 0.0154573 0.987849 -0.154644 0.378654 
1533676851304 0 0 0 0 0 0 0 0 0 0 0 0 
1533676851307 0 0 0 0 0 0 0 0 0 0 0 0 
1533676851311 0 0 0 0 0 0 0 0 0 0 0 0 
1533676851321 -0.418472 -0.404798 -0.813031 -0.723684 -0.907223 0.144161 0.395177 -0.256653 -0.042759 0.902971 -0.427569 0.371503 
1533676851324 0 0 0 0 0 0 0 0 0 0 0 0 
1533676851327 0 0 0 0 0 0 0 0 0 0 0 0 
1533676851331 0 0 0 0 0 0 0 0 0 0 0 0 
1533676851341 -0.423123 -0.636264 -0.645086 -0.748963 -0.899917 0.212258 0.380915 -0.256957 -0.105438 0.741697 -0.662396 0.364351 
1533676851344 0 0 0 0 0 0 0 0 0 0 0 0 
1533676851347 0 0 0 0 0 0 0 0 0 0 0 0 
1533676851351 0 0 0 0 0 0 0 0 0 0 0 0 
1533676851361 -0.409695 -0.810459 -0.418696 -0.77389 -0.896775 0.273719 0.347667 -0.257112 -0.167165 0.517913 -0.838941 0.357149 
1533676851364 0 0 0 0 0 0 0 0 0 0 0 0 
1533676851367 0 0 0 0 0 0 0 0 0 0 0 0 
1533676851371 0 0 0 0 0 0 0 0 0 0 0 0 
1533676851374 0 0 0 0 0 0 0 0 0 0 0 0 
1533676851377 0 0 0 0 0 0 0 0 0 0 0 0 
1533676851381 0 0 0 0 0 0 0 0 0 0 0 0 
1533676851384 0 0 0 0 0 0 0 0 0 0 0 0 
1533676851387 0 0 0 0 0 0 0 0 0 0 0 0 
1533676851398 -0.379072 -0.91215 -0.15584 -0.779396 -0.898578 0.322612 0.297455 -0.249948 -0.221047 0.252791 -0.941931 0.347237 
1533676851401 0 0 0 0 0 0 0 0 0 0 0 0 
1533676851404 0 0 0 0 0 0 0 0 0 0 0 0 
1533676851407 0 0 0 0 0 0 0 0 0 0 0 0 
1533676851418 -0.335383 -0.934417 0.11993 -0.755226 -0.904912 0.354935 0.23485 -0.234031 -0.262015 -0.0297614 -0.964605 0.334237 
1533676851543 -0.335383 -0.934417 0.11993 -0.755226 -0.904912 0.354935 0.23485 -0.234031 -0.262015 -0.0297614 -0.964605 0.334237 
1533676851547 0 0 0 0 0 0 0 0 0 0 0 0 
1533676851557 -0.284363 -0.878005 0.385025 -0.73041 -0.914935 0.368508 0.164607 -0.220631 -0.286411 -0.305465 -0.908108 0.316852 
1533676851560 0 0 0 0 0 0 0 0 0 0 0 0 
1533676851563 0 0 0 0 0 0 0 0 0 0 0 0 
1533676851567 0 0 0 0 0 0 0 0 0 0 0 0 
1533676851577 -0.284363 -0.878005 0.385025 -0.73041 -0.914935 0.368508 0.164608 -0.220631 -0.286412 -0.305464 -0.908108 0.316853 
1533676851587 -0.284363 -0.878005 0.385025 -0.73041 -0.914935 0.368509 0.164609 -0.220631 -0.286413 -0.305464 -0.908108 0.316853 
1533676851597 -0.284364 -0.878005 0.385025 -0.73041 -0.914934 0.368509 0.16461 -0.220631 -0.286414 -0.305463 -0.908108 0.316853 
1533676851607 -0.284364 -0.878005 0.385024 -0.73041 -0.914934 0.36851 0.164611 -0.220632 -0.286415 -0.305462 -0.908108 0.316853 
1533676851617 -0.284364 -0.878005 0.385024 -0.73041 -0.914933 0.36851 0.164612 -0.220632 -0.286416 -0.305462 -0.908108 0.316853 
1533676851627 -0.284364 -0.878005 0.385024 -0.73041 -0.914933 0.368511 0.164613 -0.220632 -0.286417 -0.305461 -0.908107 0.316853 
1533676851637 -0.284365 -0.878005 0.385024 -0.73041 -0.914933 0.368511 0.164614 -0.220632 -0.286418 -0.30546 -0.908107 0.316853 
1533676851647 -0.284401 -0.878069 0.384852 -0.730473 -0.914949 0.368484 0.164587 -0.22063 -0.28633 -0.305311 -0.908185 0.316639 
1533676851766 0 0 0 0 0 0 0 0 0 0 0 0 
1533676851766 0 0 0 0 0 0 0 0 0 0 0 0 
1533676851776 -0.284401 -0.878069 0.384852 -0.730473 -0.914949 0.368484 0.164587 -0.22063 -0.28633 -0.305311 -0.908185 0.316639 
1533676851786 -0.284341 -0.877961 0.385141 -0.730369 -0.914921 0.368532 0.164633 -0.220635 -0.286478 -0.305562 -0.908054 0.317 
1533676851789 0 0 0 0 0 0 0 0 0 0 0 0 
1533676851792 0 0 0 0 0 0 0 0 0 0 0 0 
1533676851796 0 0 0 0 0 0 0 0 0 0 0 0 
1533676851806 -0.284341 -0.877961 0.385141 -0.730369 -0.914921 0.368532 0.164633 -0.220635 -0.286478 -0.305562 -0.908054 0.317 
1533676851816 -0.284341 -0.877961 0.385141 -0.730369 -0.914921 0.368532 0.164633 -0.220635 -0.286478 -0.305562 -0.908054 0.317 
1533676851826 -0.284341 -0.877961 0.385141 -0.730369 -0.914921 0.368532 0.164633 -0.220635 -0.286478 -0.305562 -0.908054 0.317 
1533676851836 -0.284341 -0.877961 0.385141 -0.730369 -0.914921 0.368532 0.164633 -0.220635 -0.286478 -0.305562 -0.908054 0.317 
1533676851846 -0.284341 -0.877961 0.385141 -0.730369 -0.914921 0.368532 0.164633 -0.220635 -0.286478 -0.305562 -0.908054 0.317 
1533676851856 -0.284341 -0.877961 0.385141 -0.730369 -0.914921 0.368532 0.164633 -0.220635 -0.286478 -0.305562 -0.908054 0.317 
1533676851866 -0.284341 -0.877961 0.385141 -0.730369 -0.914921 0.368532 0.164633 -0.220635 -0.286478 -0.305562 -0.908054 0.317 
1533676851876 -0.284365 -0.878004 0.385026 -0.730409 -0.914932 0.368513 0.164616 -0.220632 -0.286421 -0.305462 -0.908106 0.316857 
1533676851943 0 0 0 0 0 0 0 0 0 0 0 0 
1533676851943 0 0 0 0 0 0 0 0 0 0 0 0 
1533676851946 0 0 0 0 0 0 0 0 0 0 0 0 
1533676851957 -0.284365 -0.878004 0.385026 -0.730409 -0.914932 0.368513 0.164616 -0.220632 -0.286421 -0.305462 -0.908106 0.316857 
1533676851967 -0.284281 -0.877936 0.385244 -0.730339 -0.914929 0.368507 0.164644 -0.220643 -0.286512 -0.305665 -0.908009 0.317087 
1533676851977 -0.284224 -0.877912 0.385341 -0.730312 -0.914938 0.368481 0.164651 -0.220653 -0.286539 -0.305765 -0.907966 0.317166 
1533676851987 -0.284167 -0.877888 0.385437 -0.730284 -0.914947 0.368455 0.164657 -0.220663 -0.286567 -0.305865 -0.907924 0.317244 
1533676851997 -0.284109 -0.877865 0.385533 -0.730257 -0.914956 0.36843 0.164666 -0.220672 -0.286597 -0.305963 -0.907882 0.317323 
1533676852007 -0.284051 -0.877841 0.385629 -0.73023 -0.914964 0.368405 0.164677 -0.220681 -0.286628 -0.30606 -0.907839 0.317402 
1533676852017 -0.283993 -0.877818 0.385724 -0.730203 -0.914973 0.368379 0.164688 -0.22069 -0.286659 -0.306157 -0.907797 0.31748 
1533676852027 -0.283935 -0.877795 0.385819 -0.730176 -0.914981 0.368354 0.1647 -0.220698 -0.286691 -0.306253 -0.907754 0.317559 
1533676852037 -0.283876 -0.877773 0.385914 -0.730149 -0.914988 0.368328 0.164713 -0.220706 -0.286724 -0.306349 -0.907711 0.317638 
1533676852047 -0.283807 -0.877783 0.385941 -0.730146 -0.914994 0.368286 0.164777 -0.220685 -0.286775 -0.306369 -0.907688 0.317655 
1533676852093 0 0 0 0 0 0 0 0 0 0 0 0 
1533676852094 0 0 0 0 0 0 0 0 0 0 0 0 
1533676852097 0 0 0 0 0 0 0 0 0 0 0 0 
1533676852107 -0.283807 -0.877783 0.385941 -0.730146 -0.914994 0.368286 0.164777 -0.220685 -0.286775 -0.306369 -0.907688 0.317655 
1533676852117 -0.28394 -0.877769 0.385874 -0.730142 -0.914919 0.368433 0.164864 -0.220658 -0.286881 -0.306232 -0.907701 0.317797 
1533676852127 -0.284135 -0.877804 0.385652 -0.730185 -0.914836 0.368595 0.16496 -0.220611 -0.286952 -0.305938 -0.907778 0.317797 
1533676852137 -0.28433 -0.877838 0.38543 -0.730229 -0.914754 0.368757 0.165056 -0.220563 -0.287023 -0.305643 -0.907855 0.317796 
1533676852147 -0.284525 -0.877873 0.385207 -0.730272 -0.914671 0.36892 0.165152 -0.220516 -0.287093 -0.305348 -0.907932 0.317795 
1533676852157 -0.28472 -0.877907 0.384985 -0.730316 -0.914588 0.369082 0.165249 -0.220468 -0.287164 -0.305053 -0.908009 0.317795 
1533676852167 -0.284914 -0.877942 0.384762 -0.730359 -0.914505 0.369244 0.165345 -0.220421 -0.287234 -0.304758 -0.908085 0.317794 
1533676852177 -0.285109 -0.877976 0.38454 -0.730403 -0.914423 0.369406 0.165442 -0.220374 -0.287305 -0.304463 -0.908162 0.317793 
1533676852187 -0.285304 -0.87801 0.384318 -0.730446 -0.91434 0.369567 0.165538 -0.220326 -0.287375 -0.304168 -0.908238 0.317793 
1533676852197 -0.285496 -0.878058 0.384066 -0.7305 -0.914255 0.369724 0.165656 -0.220268 -0.287454 -0.30384 -0.908324 0.317765 
1533676852222 0 0 0 0 0 0 0 0 0 0 0 0 
1533676852222 0 0 0 0 0 0 0 0 0 0 0 0 
1533676852225 0 0 0 0 0 0 0 0 0 0 0 0 
1533676852235 -0.285496 -0.878058 0.384066 -0.7305 -0.914255 0.369724 0.165656 -0.220268 -0.287454 -0.30384 -0.908324 0.317765 
1533676852245 -0.285273 -0.878156 0.384007 -0.730546 -0.914304 0.369527 0.165822 -0.220163 -0.287519 -0.303795 -0.908318 0.317681 
1533676852248 0 0 0 0 0 0 0 0 0 0 0 0 
1533676852252 0 0 0 0 0 0 0 0 0 0 0 0 
1533676852255 0 0 0 0 0 0 0 0 0 0 0 0 
1533676852265 -0.284851 -0.878235 0.38414 -0.730559 -0.914434 0.369164 0.165916 -0.220094 -0.287524 -0.304009 -0.908245 0.31757 
1533676852275 -0.284429 -0.878314 0.384272 -0.730572 -0.914564 0.3688 0.166011 -0.220025 -0.287529 -0.304223 -0.908171 0.31746 
1533676852285 -0.284007 -0.878392 0.384405 -0.730585 -0.914693 0.368436 0.166106 -0.219955 -0.287535 -0.304438 -0.908098 0.31735 
1533676852295 -0.283585 -0.87847 0.384538 -0.730598 -0.914823 0.368072 0.1662 -0.219886 -0.28754 -0.304652 -0.908024 0.31724 
1533676852305 -0.283163 -0.878548 0.38467 -0.730611 -0.914952 0.367708 0.166295 -0.219817 -0.287545 -0.304866 -0.907951 0.317129 
1533676852315 -0.282741 -0.878626 0.384803 -0.730623 -0.915081 0.367344 0.16639 -0.219747 -0.28755 -0.305081 -0.907877 0.317019 
1533676852325 -0.282319 -0.878704 0.384936 -0.730636 -0.91521 0.36698 0.166485 -0.219678 -0.287555 -0.305295 -0.907804 0.316909 
1533676852335 -0.281883 -0.878795 0.385047 -0.730657 -0.915333 0.36661 0.166623 -0.219589 -0.28759 -0.305478 -0.907731 0.31679 
1533676852353 0 0 0 0 0 0 0 0 0 0 0 0 
1533676852353 0 0 0 0 0 0 0 0 0 0 0 0 
1533676852356 0 0 0 0 0 0 0 0 0 0 0 0 
1533676852366 -0.281883 -0.878795 0.385047 -0.730657 -0.915333 0.36661 0.166623 -0.219589 -0.28759 -0.305478 -0.907731 0.31679 
1533676852376 -0.280893 -0.878997 0.38531 -0.730576 -0.915531 0.365856 0.167191 -0.219671 -0.287929 -0.3058 -0.907515 0.316753 
1533676852386 -0.280328 -0.879124 0.385432 -0.730485 -0.9156 0.365467 0.167661 -0.219823 -0.288258 -0.305902 -0.907376 0.316816 
1533676852396 -0.279763 -0.87925 0.385555 -0.730394 -0.91567 0.365077 0.168128 -0.219976 -0.288584 -0.306005 -0.907238 0.316878 
1533676852406 -0.279201 -0.879374 0.38568 -0.730302 -0.915741 0.364687 0.168587 -0.220132 -0.288904 -0.306113 -0.907099 0.31694 
1533676852416 -0.278639 -0.879497 0.385804 -0.73021 -0.915811 0.364298 0.169046 -0.220289 -0.289223 -0.306221 -0.906961 0.317002 
1533676852426 -0.278076 -0.879621 0.385928 -0.730118 -0.915881 0.363909 0.169508 -0.220444 -0.289545 -0.306327 -0.906822 0.317064 
1533676852436 -0.277512 -0.879746 0.38605 -0.730026 -0.915949 0.36352 0.169972 -0.220599 -0.289869 -0.306433 -0.906684 0.317126 
1533676852446 -0.276949 -0.87987 0.386172 -0.729935 -0.916017 0.363131 0.170436 -0.220754 -0.290192 -0.306538 -0.906545 0.317188 
1533676852456 -0.276374 -0.880008 0.386268 -0.729862 -0.916078 0.362737 0.170948 -0.220889 -0.290549 -0.306606 -0.906407 0.317228 
1533676852473 -0.276374 -0.880008 0.386268 -0.729862 -0.916078 0.362737 0.170948 -0.220889 -0.290549 -0.306606 -0.906407 0.317228 
1533676852476 0 0 0 0 0 0 0 0 0 0 0 0 
1533676852486 -0.275668 -0.880067 0.386638 -0.729734 -0.916243 0.362207 0.171189 -0.220997 -0.2907 -0.307063 -0.906204 0.317411 
1533676852496 -0.27551 -0.880021 0.386856 -0.72972 -0.916332 0.362059 0.171022 -0.220925 -0.290567 -0.307371 -0.906142 0.317507 
1533676852506 -0.275352 -0.879974 0.387074 -0.729706 -0.916422 0.361911 0.170855 -0.220853 -0.290434 -0.307678 -0.906081 0.317603 
1533676852516 -0.275194 -0.879928 0.387293 -0.729692 -0.916512 0.361763 0.170688 -0.220781 -0.290301 -0.307986 -0.906019 0.317699 
1533676852526 -0.275037 -0.879881 0.387511 -0.729677 -0.916601 0.361614 0.170521 -0.220709 -0.290168 -0.308294 -0.905957 0.317795 
1533676852536 -0.274879 -0.879834 0.387729 -0.729663 -0.916691 0.361466 0.170354 -0.220637 -0.290034 -0.308601 -0.905895 0.317891 
1533676852546 -0.274721 -0.879787 0.387948 -0.729649 -0.91678 0.361318 0.170187 -0.220565 -0.289901 -0.308909 -0.905833 0.317987 
1533676852556 -0.274563 -0.87974 0.388166 -0.729635 -0.916869 0.361169 0.170021 -0.220493 -0.289768 -0.309216 -0.90577 0.318083 
1533676852566 -0.27441 -0.879698 0.388368 -0.729638 -0.916958 0.361021 0.169859 -0.22042 -0.289634 -0.309507 -0.905714 0.318151 
1533676852583 -0.27441 -0.879698 0.388368 -0.729638 -0.916958 0.361021 0.169859 -0.22042 -0.289634 -0.309507 -0.905714 0.318151 
1533676852586 0 0 0 0 0 0 0 0 0 0 0 0 
1533676852596 -0.273669 -0.880114 0.387949 -0.729676 -0.917015 0.360432 0.170801 -0.220205 -0.290154 -0.309012 -0.905716 0.318392 
1533676852606 -0.273095 -0.880584 0.387285 -0.729757 -0.91698 0.359991 0.171913 -0.220063 -0.290803 -0.308184 -0.90579 0.318488 
1533676852616 -0.272521 -0.881054 0.386621 -0.729839 -0.916945 0.359549 0.173025 -0.219921 -0.291453 -0.307357 -0.905863 0.318584 
1533676852626 -0.271948 -0.881523 0.385955 -0.729921 -0.916908 0.359105 0.174136 -0.219779 -0.292103 -0.306529 -0.905934 0.31868 
1533676852636 -0.271375 -0.881991 0.385288 -0.730003 -0.91687 0.358661 0.175246 -0.219638 -0.292754 -0.305702 -0.906003 0.318777 
1533676852646 -0.270802 -0.882458 0.384621 -0.730084 -0.916832 0.358215 0.176356 -0.219496 -0.293404 -0.304875 -0.906071 0.318873 
1533676852656 -0.27023 -0.882925 0.383953 -0.730167 -0.916792 0.357769 0.177466 -0.219354 -0.294056 -0.304048 -0.906138 0.31897 
1533676852666 -0.269658 -0.88339 0.383284 -0.730249 -0.916751 0.357321 0.178575 -0.219213 -0.294707 -0.303221 -0.906203 0.319067 
1533676852676 -0.269137 -0.883832 0.382631 -0.730324 -0.916716 0.356901 0.179593 -0.219131 -0.295291 -0.302429 -0.906278 0.319144 
1533676852693 0 0 0 0 0 0 0 0 0 0 0 0 
1533676852693 0 0 0 0 0 0 0 0 0 0 0 0 
1533676852693 0 0 0 0 0 0 0 0 0 0 0 0 
1533676852696 0 0 0 0 0 0 0 0 0 0 0 0 
1533676852706 -0.269137 -0.883832 0.382631 -0.730324 -0.916716 0.356901 0.179593 -0.219131 -0.295291 -0.302429 -0.906278 0.319144 
1533676852716 -0.269075 -0.884283 0.381632 -0.730429 -0.916626 0.356751 0.180351 -0.218977 -0.295628 -0.301286 -0.906549 0.319453 
1533676852726 -0.269657 -0.884239 0.381323 -0.730449 -0.916588 0.35709 0.179869 -0.219049 -0.295214 -0.301013 -0.906775 0.319626 
1533676852736 -0.270239 -0.884194 0.381014 -0.730468 -0.91655 0.357429 0.179387 -0.219121 -0.294799 -0.300741 -0.907 0.3198 
1533676852746 -0.270821 -0.88415 0.380704 -0.730487 -0.916512 0.357768 0.178906 -0.219193 -0.294383 -0.300469 -0.907225 0.319974 
1533676852756 -0.271402 -0.884105 0.380394 -0.730507 -0.916474 0.358107 0.178424 -0.219265 -0.293968 -0.300197 -0.90745 0.320147 
1533676852766 -0.271983 -0.88406 0.380084 -0.730526 -0.916435 0.358446 0.177944 -0.219337 -0.293552 -0.299924 -0.907674 0.320321 
1533676852776 -0.272564 -0.884014 0.379773 -0.730545 -0.916395 0.358786 0.177462 -0.219409 -0.293137 -0.299653 -0.907898 0.320495 
1533676852786 -0.273144 -0.883969 0.379462 -0.730565 -0.916355 0.359125 0.176982 -0.219481 -0.292721 -0.299381 -0.908122 0.320669 
1533676852796 -0.273715 -0.883926 0.37915 -0.730584 -0.916314 0.359458 0.176515 -0.219541 -0.292315 -0.299105 -0.908343 0.320849 
1533676852813 -0.273715 -0.883926 0.37915 -0.730584 -0.916314 0.359458 0.176515 -0.219541 -0.292315 -0.299105 -0.908343 0.320849 
1533676852816 0 0 0 0 0 0 0 0 0 0 0 0 
1533676852826 -0.274347 -0.884476 0.377408 -0.730751 -0.916176 0.359644 0.176857 -0.219621 -0.292158 -0.297252 -0.909002 0.321208 
1533676852836 -0.274385 -0.885074 0.375975 -0.730896 -0.916076 0.359482 0.177699 -0.219614 -0.292433 -0.295664 -0.909431 0.321402 
1533676852846 -0.274424 -0.885669 0.374542 -0.731042 -0.915977 0.359318 0.178542 -0.219607 -0.292709 -0.294075 -0.909858 0.321597 
1533676852856 -0.274463 -0.886262 0.373107 -0.731188 -0.915877 0.359153 0.179384 -0.2196 -0.292984 -0.292486 -0.910281 0.321792 
1533676852866 -0.274503 -0.886853 0.371672 -0.731334 -0.915777 0.358987 0.180226 -0.219593 -0.293259 -0.290896 -0.910702 0.321987 
1533676852876 -0.274543 -0.887441 0.370236 -0.731479 -0.915677 0.358819 0.181067 -0.219587 -0.293534 -0.289306 -0.91112 0.322182 
1533676852886 -0.274584 -0.888027 0.368799 -0.731625 -0.915576 0.358649 0.181908 -0.21958 -0.293809 -0.287714 -0.911535 0.322377 
1533676852896 -0.274625 -0.88861 0.367361 -0.73177 -0.915476 0.358479 0.182749 -0.219574 -0.294084 -0.286122 -0.911948 0.322572 
1533676852906 -0.274689 -0.889169 0.365956 -0.731885 -0.91538 0.358322 0.183532 -0.219602 -0.294321 -0.284575 -0.912355 0.3228 
1533676852923 -0.274689 -0.889169 0.365956 -0.731885 -0.91538 0.358322 0.183532 -0.219602 -0.294321 -0.284575 -0.912355 0.3228 
1533676852926 0 0 0 0 0 0 0 0 0 0 0 0 
1533676852936 -0.273117 -0.889641 0.365986 -0.731886 -0.915497 0.357208 0.185115 -0.219505 -0.29542 -0.284501 -0.912023 0.322678 
1533676852946 -0.271527 -0.889501 0.367505 -0.731696 -0.91572 0.356289 0.185784 -0.21946 -0.296193 -0.286087 -0.911276 0.322415 
1533676852956 -0.269936 -0.889358 0.369023 -0.731506 -0.91594 0.35537 0.186454 -0.219415 -0.296964 -0.287672 -0.910526 0.322152 
1533676852966 -0.268343 -0.88921 0.370537 -0.731316 -0.916159 0.354452 0.187126 -0.219369 -0.297732 -0.289257 -0.909772 0.321889 
1533676852976 -0.266748 -0.889058 0.37205 -0.731127 -0.916376 0.353534 0.1878 -0.219324 -0.298497 -0.290843 -0.909016 0.321627 
1533676852986 -0.265151 -0.888902 0.37356 -0.730937 -0.916591 0.352617 0.188475 -0.219278 -0.299259 -0.292428 -0.908256 0.321365 
1533676852996 -0.263552 -0.888743 0.375069 -0.730747 -0.916804 0.3517 0.189152 -0.219232 -0.300019 -0.294013 -0.907494 0.321104 
1533676853006 -0.261952 -0.888579 0.376574 -0.730557 -0.917014 0.350784 0.189831 -0.219186 -0.300776 -0.295598 -0.906728 0.320843 
1533676853016 -0.260396 -0.888403 0.378066 -0.730389 -0.917227 0.349891 0.190449 -0.219184 -0.301478 -0.29718 -0.905977 0.320522 
1533676853033 -0.260396 -0.888403 0.378066 -0.730389 -0.917227 0.349891 0.190449 -0.219184 -0.301478 -0.29718 -0.905977 0.320522 
1533676853036 0 0 0 0 0 0 0 0 0 0 0 0 
1533676853046 -0.257087 -0.889087 0.378721 -0.730303 -0.917993 0.347141 0.191787 -0.218976 -0.301985 -0.298357 -0.905422 0.320288 
1533676853056 -0.255451 -0.88993 0.377848 -0.73045 -0.918556 0.345336 0.192347 -0.218879 -0.30166 -0.297939 -0.905667 0.320208 
1533676853066 -0.253814 -0.890769 0.376974 -0.730596 -0.919117 0.343529 0.192905 -0.218782 -0.301336 -0.297521 -0.905913 0.320128 
1533676853076 -0.252175 -0.891604 0.376099 -0.730742 -0.919673 0.341721 0.193462 -0.218685 -0.301012 -0.297102 -0.906158 0.320049 
1533676853086 -0.250536 -0.892435 0.375223 -0.730888 -0.920227 0.339912 0.194016 -0.218588 -0.30069 -0.296683 -0.906402 0.31997 
1533676853096 -0.248894 -0.893262 0.374346 -0.731034 -0.920777 0.338101 0.194569 -0.218491 -0.300368 -0.296262 -0.906646 0.319891 
1533676853106 -0.247252 -0.894085 0.373468 -0.73118 -0.921324 0.336288 0.195121 -0.218395 -0.300047 -0.295841 -0.90689 0.319813 
1533676853116 -0.245608 -0.894905 0.372589 -0.731326 -0.921868 0.334474 0.19567 -0.218298 -0.299727 -0.295419 -0.907133 0.319734 
1533676853126 -0.24401 -0.895697 0.371734 -0.731451 -0.922413 0.33269 0.196141 -0.218259 -0.299355 -0.295032 -0.907382 0.319659 
1533676853143 -0.24401 -0.895697 0.371734 -0.731451 -0.922413 0.33269 0.196141 -0.218259 -0.299355 -0.295032 -0.907382 0.319659 
1533676853146 0 0 0 0 0 0 0 0 0 0 0 0 
1533676853156 -0.241335 -0.896719 0.371014 -0.731669 -0.923024 0.330151 0.197551 -0.217827 -0.299639 -0.294779 -0.907371 0.319418 
1533676853166 -0.240367 -0.896898 0.37121 -0.731715 -0.923106 0.329467 0.198309 -0.217565 -0.300165 -0.294999 -0.907125 0.319258 
1533676853176 -0.239399 -0.897077 0.371405 -0.73176 -0.923187 0.328784 0.199067 -0.217304 -0.300691 -0.29522 -0.90688 0.319098 
1533676853186 -0.23843 -0.897254 0.371599 -0.731805 -0.923266 0.328101 0.199826 -0.217043 -0.301216 -0.295441 -0.906633 0.318938 
1533676853196 -0.237461 -0.897431 0.371793 -0.731851 -0.923344 0.327417 0.200584 -0.216782 -0.301742 -0.295662 -0.906386 0.318778 
1533676853206 -0.236492 -0.897607 0.371986 -0.731896 -0.923421 0.326733 0.201343 -0.216521 -0.302267 -0.295883 -0.906139 0.318618 
1533676853216 -0.235522 -0.897782 0.372177 -0.731941 -0.923497 0.32605 0.202101 -0.21626 -0.302791 -0.296105 -0.905891 0.318459 
1533676853226 -0.234552 -0.897957 0.372369 -0.731987 -0.923572 0.325366 0.20286 -0.215999 -0.303316 -0.296328 -0.905643 0.3183 
1533676853236 -0.233628 -0.898112 0.372576 -0.732022 -0.923653 0.32471 0.20354 -0.215792 -0.303781 -0.296579 -0.905405 0.318127 
