1535383722117 0.214991 0.920243 -0.327005 -0.487432 -0.94361 0.282049 0.173347 -0.177494 0.251753 0.271297 0.928988 0.464105 
1535383726927 0.214992 0.920242 -0.327005 -0.487431 -0.94361 0.28205 0.173346 -0.177495 0.251752 0.271297 0.928988 0.464105 
1535383727340 0.214992 0.920242 -0.327005 -0.487431 -0.94361 0.28205 0.173346 -0.177495 0.251752 0.271297 0.928988 0.464105 
1535383728248 0.219172 0.920695 -0.322932 -0.502221 -0.943125 0.284709 0.171626 -0.183919 0.249957 0.266949 0.930731 0.455396 
1535383729180 0.222463 0.921405 -0.318627 -0.51733 -0.942838 0.2865 0.170218 -0.190059 0.248127 0.262546 0.932471 0.44624 
1535383730146 0.226228 0.92193 -0.31443 -0.532419 -0.942441 0.28876 0.168591 -0.196478 0.246224 0.258191 0.93419 0.437208 
1535383731081 0.229605 0.922551 -0.310131 -0.547524 -0.942109 0.290667 0.167163 -0.202689 0.244361 0.253796 0.935882 0.428101 
1535383731999 0.232738 0.923195 -0.305848 -0.562683 -0.941772 0.292418 0.166006 -0.20882 0.242692 0.249403 0.937496 0.418956 
1535383732959 0.236442 0.923683 -0.301505 -0.577814 -0.941341 0.294654 0.164489 -0.215157 0.240775 0.244927 0.939169 0.409862 
1535383734004 0.23979 0.924187 -0.297288 -0.592902 -0.940957 0.29662 0.163144 -0.221398 0.238957 0.240615 0.940746 0.400764 
1535383734967 0.243177 0.924676 -0.292982 -0.608031 -0.940595 0.298581 0.161647 -0.227652 0.23695 0.236268 0.942354 0.391629 
1535383735631 0.246148 0.92537 -0.288275 -0.623305 -0.940297 0.300125 0.160522 -0.233764 0.23506 0.231552 0.943997 0.382372 
1535383735921 0.246148 0.92537 -0.288275 -0.623305 -0.940297 0.300125 0.160522 -0.233764 0.23506 0.231552 0.943997 0.382372 
1535383736276 0.247098 0.925091 -0.288356 -0.624433 -0.940115 0.300979 0.159987 -0.234555 0.234791 0.231556 0.944063 0.381723 
1535383736584 0.247374 0.925155 -0.287913 -0.625955 -0.940071 0.301138 0.159947 -0.23518 0.234677 0.231092 0.944205 0.38075 
1535383736926 0.247664 0.925183 -0.287573 -0.627498 -0.940044 0.301308 0.159786 -0.235819 0.23448 0.230758 0.944336 0.379818 
1535383737276 0.24767 0.925376 -0.286947 -0.629066 -0.940058 0.30119 0.159926 -0.236262 0.234418 0.230138 0.944503 0.378875 
1535383737658 0.248224 0.925377 -0.286466 -0.630613 -0.939987 0.301562 0.159639 -0.236972 0.234113 0.229648 0.944697 0.377968 
1535383737981 0.248641 0.925446 -0.285881 -0.632087 -0.939904 0.301833 0.159616 -0.237606 0.234005 0.229014 0.944878 0.377057 
1535383738339 0.248553 0.925569 -0.285559 -0.633685 -0.939923 0.301697 0.159761 -0.23806 0.234022 0.228694 0.944951 0.376073 
1535383738730 0.249115 0.925614 -0.284921 -0.635167 -0.939857 0.302044 0.159494 -0.23879 0.233689 0.228053 0.945189 0.375206 
1535383738834 0.249338 0.925689 -0.284483 -0.636709 -0.939818 0.302162 0.159501 -0.239399 0.233608 0.227593 0.945319 0.374264 
1535383739082 0.248996 0.925762 -0.284544 -0.636906 -0.93991 0.301844 0.159561 -0.239477 0.233603 0.227716 0.945291 0.374171 
1535383739354 0.248925 0.9255 -0.285457 -0.636901 -0.939832 0.302028 0.15967 -0.239651 0.233991 0.228535 0.944997 0.374252 
1535383739590 0.248519 0.925293 -0.286483 -0.63714 -0.939742 0.30201 0.160235 -0.239794 0.234785 0.229398 0.944591 0.37423 
1535383739828 0.24811 0.925094 -0.287477 -0.637349 -0.939804 0.301837 0.160196 -0.240029 0.234967 0.230425 0.944296 0.374161 
1535383740071 0.2476 0.924937 -0.288419 -0.637576 -0.939775 0.301673 0.160671 -0.240156 0.235619 0.231266 0.943928 0.374133 
1535383740325 0.247067 0.924776 -0.28939 -0.637801 -0.939832 0.301415 0.160823 -0.24033 0.235951 0.232244 0.943605 0.374123 
1535383740567 0.246638 0.924593 -0.290341 -0.638029 -0.939765 0.30135 0.16134 -0.240472 0.236668 0.23306 0.943224 0.374126 
1535383740820 0.246027 0.924426 -0.29139 -0.638267 -0.939839 0.301035 0.161496 -0.240601 0.237009 0.234127 0.942874 0.374025 
1535383741063 0.245674 0.92424 -0.292274 -0.638455 -0.939803 0.30098 0.161809 -0.240827 0.237519 0.234927 0.942547 0.374056 
1535383741094 0.245674 0.92424 -0.292274 -0.638455 -0.939803 0.30098 0.161809 -0.240827 0.237519 0.234927 0.942547 0.374056 
1535383741110 0.245311 0.924004 -0.293324 -0.638658 -0.93978 0.300934 0.162024 -0.241062 0.237982 0.235914 0.942183 0.373977 
1535383741284 0.245034 0.924273 -0.292709 -0.638557 -0.939859 0.300555 0.162268 -0.240919 0.237955 0.235344 0.942333 0.374034 
1535383741349 0.245034 0.924273 -0.292709 -0.638557 -0.939859 0.300555 0.162268 -0.240919 0.237955 0.235344 0.942333 0.374034 
1535383741487 0.24442 0.924581 -0.292248 -0.63845 -0.939968 0.299939 0.162776 -0.240979 0.238156 0.234919 0.942388 0.374193 
1535383741567 0.24391 0.924707 -0.292276 -0.63844 -0.94007 0.299489 0.163021 -0.241187 0.23828 0.234998 0.942337 0.374296 
1535383741698 0.243332 0.924845 -0.292319 -0.638484 -0.940112 0.299051 0.163577 -0.241245 0.238702 0.235009 0.942227 0.374333 
1535383741801 0.241994 0.925185 -0.292356 -0.638454 -0.940321 0.297917 0.164442 -0.241426 0.239237 0.235115 0.942065 0.374477 
1535383741892 0.241994 0.925185 -0.292356 -0.638454 -0.940321 0.297917 0.164442 -0.241426 0.239237 0.235115 0.942065 0.374477 
1535383742010 0.240722 0.925476 -0.292484 -0.638506 -0.940502 0.296871 0.165299 -0.24159 0.23981 0.23529 0.941876 0.374542 
1535383742044 0.240582 0.925502 -0.292517 -0.638515 -0.940512 0.296769 0.165426 -0.241604 0.239912 0.235317 0.941843 0.37453 
1535383742089 0.240475 0.925527 -0.292526 -0.638519 -0.940528 0.29668 0.165495 -0.241609 0.239956 0.235331 0.941828 0.374531 
1535383742273 0.240157 0.925654 -0.292387 -0.638507 -0.940551 0.296408 0.165847 -0.241703 0.240183 0.235176 0.941809 0.374633 
1535383742458 0.240003 0.925894 -0.291752 -0.638478 -0.940788 0.295955 0.165316 -0.241775 0.23941 0.2348 0.9421 0.374504 
1535383742639 0.239557 0.926211 -0.291113 -0.638496 -0.941028 0.295292 0.165135 -0.241808 0.238913 0.234386 0.942329 0.374515 
1535383742794 0.239204 0.926437 -0.290683 -0.638482 -0.941206 0.294792 0.165012 -0.242 0.238564 0.234121 0.942483 0.374507 
1535383742969 0.238836 0.926636 -0.290349 -0.638482 -0.941377 0.294305 0.164903 -0.242091 0.238256 0.233943 0.942605 0.374502 
1535383743156 0.238149 0.927034 -0.289642 -0.638506 -0.941615 0.293463 0.16505 -0.242082 0.238006 0.233424 0.942797 0.374504 
1535383743309 0.23801 0.927136 -0.289429 -0.638517 -0.941713 0.29323 0.1649 -0.242265 0.237754 0.233311 0.942889 0.374488 
1535383743483 0.237601 0.927389 -0.288955 -0.638486 -0.941906 0.292667 0.164797 -0.242358 0.237399 0.233013 0.943052 0.374497 
1535383743511 0.237244 0.927633 -0.288466 -0.638497 -0.942056 0.292182 0.164806 -0.242515 0.237164 0.232652 0.9432 0.37447 
1535383743760 0.237818 0.927513 -0.288378 -0.638481 -0.941914 0.292711 0.164678 -0.242299 0.237152 0.232464 0.943249 0.374548 
1535383743956 0.238339 0.927355 -0.288457 -0.63844 -0.941885 0.293121 0.164113 -0.242233 0.236744 0.232578 0.943324 0.374489 
1535383744148 0.239045 0.92729 -0.288079 -0.638357 -0.941819 0.293617 0.163604 -0.242229 0.236294 0.23221 0.943527 0.37441 
1535383744333 0.239484 0.927244 -0.287865 -0.638312 -0.941759 0.293947 0.163355 -0.242208 0.236087 0.231979 0.943636 0.374398 
1535383744539 0.239896 0.927239 -0.287536 -0.638267 -0.941824 0.294115 0.162676 -0.242196 0.235408 0.231783 0.943854 0.374342 
1535383744724 0.240409 0.927179 -0.287302 -0.638267 -0.94174 0.294517 0.162435 -0.242087 0.235222 0.231513 0.943966 0.374354 
1535383744916 0.240809 0.927171 -0.286991 -0.638226 -0.941737 0.294748 0.162037 -0.242045 0.234826 0.23125 0.944129 0.374283 
1535383745105 0.241395 0.927143 -0.28659 -0.638165 -0.941751 0.295076 0.161357 -0.242066 0.234167 0.230946 0.944367 0.374266 
1535383745154 0.241395 0.927143 -0.28659 -0.638165 -0.941751 0.295076 0.161357 -0.242066 0.234167 0.230946 0.944367 0.374266 
1535383745360 0.241991 0.927061 -0.286353 -0.638128 -0.941651 0.295551 0.16107 -0.242017 0.233954 0.230667 0.944488 0.374241 
1535383745545 0.242155 0.927046 -0.286263 -0.637961 -0.941633 0.295667 0.160958 -0.242019 0.233854 0.230578 0.944535 0.374341 
1535383745720 0.242803 0.926995 -0.285881 -0.637761 -0.941534 0.296153 0.160645 -0.241913 0.233582 0.230162 0.944704 0.374369 
1535383745898 0.243429 0.92693 -0.285558 -0.637557 -0.941424 0.296644 0.160384 -0.241808 0.233374 0.229789 0.944846 0.374383 
1535383746070 0.244014 0.926897 -0.285165 -0.637376 -0.941299 0.29711 0.160258 -0.241646 0.233268 0.22932 0.944986 0.374451 
1535383746244 0.24448 0.92692 -0.284692 -0.637193 -0.941269 0.297383 0.159923 -0.241445 0.232898 0.228874 0.945185 0.374435 
1535383746419 0.245198 0.926847 -0.28431 -0.637032 -0.941112 0.297975 0.159748 -0.241361 0.232779 0.228397 0.94533 0.374543 
1535383746601 0.245947 0.926748 -0.283985 -0.636805 -0.941009 0.298544 0.159293 -0.241348 0.232406 0.228054 0.945504 0.37459 
1535383746794 0.246545 0.926714 -0.283577 -0.636572 -0.940919 0.29898 0.159006 -0.241241 0.232137 0.227621 0.945675 0.374662 
1535383746832 0.247162 0.926636 -0.283297 -0.636441 -0.940787 0.299493 0.15882 -0.241152 0.232014 0.227268 0.94579 0.374698 
1535383746849 0.247149 0.926652 -0.283256 -0.636423 -0.940802 0.299461 0.15879 -0.24114 0.231967 0.227243 0.945808 0.374703 
1535383747002 0.247149 0.926652 -0.283256 -0.636423 -0.940802 0.299461 0.15879 -0.24114 0.231967 0.227243 0.945808 0.374703 
1535383747097 0.246818 0.926703 -0.283377 -0.636116 -0.940891 0.299163 0.158823 -0.241101 0.231958 0.227426 0.945766 0.374784 
1535383747262 0.246763 0.926725 -0.283353 -0.635768 -0.940883 0.299129 0.158936 -0.240991 0.23205 0.227383 0.945754 0.374897 
1535383747442 0.246904 0.926711 -0.283276 -0.635398 -0.940833 0.299263 0.15898 -0.240984 0.232103 0.227262 0.94577 0.375042 
1535383747594 0.246755 0.926736 -0.283325 -0.635098 -0.940856 0.299145 0.159067 -0.24079 0.232169 0.227318 0.94574 0.375143 
1535383747740 0.246948 0.926724 -0.283196 -0.634755 -0.940833 0.29928 0.158947 -0.240677 0.232055 0.227188 0.945799 0.375183 
1535383747909 0.246895 0.926773 -0.28308 -0.6344 -0.940853 0.299204 0.158974 -0.240588 0.232032 0.227086 0.945829 0.375302 
1535383748056 0.247002 0.926759 -0.283032 -0.63405 -0.940825 0.299298 0.158962 -0.240513 0.232031 0.227019 0.945846 0.375407 
1535383748206 0.24709 0.926768 -0.282928 -0.633723 -0.940812 0.299354 0.158934 -0.240366 0.23199 0.226911 0.945882 0.375505 
1535383748230 0.247103 0.926775 -0.282892 -0.633657 -0.940811 0.299358 0.158932 -0.240383 0.23198 0.226875 0.945893 0.375532 
1535383748433 0.247087 0.926778 -0.282898 -0.63345 -0.940778 0.299381 0.159086 -0.24022 0.232132 0.226836 0.945865 0.375641 
1535383748641 0.247087 0.926723 -0.283076 -0.63296 -0.940626 0.29956 0.159648 -0.239987 0.232748 0.226822 0.945717 0.375762 
1535383748850 0.247301 0.926627 -0.283204 -0.632409 -0.940421 0.299931 0.160158 -0.239914 0.233348 0.226724 0.945592 0.375929 
1535383749049 0.247221 0.926635 -0.283248 -0.631936 -0.940329 0.299972 0.160621 -0.239613 0.233803 0.226637 0.945501 0.376106 
1535383749265 0.247517 0.926505 -0.283415 -0.631372 -0.940126 0.300405 0.160996 -0.239581 0.234303 0.226596 0.945387 0.376238 
1535383749472 0.247574 0.926446 -0.283559 -0.630921 -0.93991 0.300678 0.161744 -0.239224 0.235107 0.226476 0.945216 0.376389 
1535383749702 0.247609 0.926418 -0.283618 -0.630398 -0.939812 0.300807 0.162075 -0.239099 0.235463 0.226417 0.945141 0.376566 
1535383749918 0.247707 0.926394 -0.283612 -0.629886 -0.939684 0.300998 0.162462 -0.238873 0.23587 0.226263 0.945077 0.376754 
1535383750148 0.247592 0.926386 -0.283739 -0.629415 -0.939607 0.301013 0.162882 -0.238629 0.2363 0.226275 0.944967 0.37692 
1535383750300 0.247861 0.92631 -0.28375 -0.629175 -0.939479 0.301327 0.163038 -0.238637 0.236525 0.226166 0.944936 0.37698 
1535383750419 0.247861 0.92631 -0.28375 -0.629175 -0.939479 0.301327 0.163038 -0.238637 0.236525 0.226166 0.944936 0.37698 
1535383750638 0.247793 0.926056 -0.284637 -0.628785 -0.939265 0.30164 0.163691 -0.238596 0.237445 0.226788 0.944556 0.377145 
1535383750841 0.247306 0.926027 -0.285157 -0.628448 -0.939223 0.301429 0.164316 -0.238332 0.238116 0.227189 0.944291 0.377311 
1535383751033 0.247081 0.925961 -0.285566 -0.628074 -0.939119 0.301443 0.164886 -0.238125 0.23876 0.22744 0.944068 0.377517 
1535383751275 0.247152 0.925724 -0.286272 -0.627652 -0.9389 0.301827 0.165428 -0.238103 0.239546 0.227895 0.943759 0.37759 
1535383751446 0.246992 0.925588 -0.286846 -0.627277 -0.938748 0.301962 0.166044 -0.23792 0.240305 0.228265 0.943477 0.377725 
1535383751673 0.247051 0.925373 -0.28749 -0.62687 -0.938545 0.302312 0.166556 -0.237897 0.241038 0.228674 0.943191 0.3779 
1535383751871 0.24693 0.925229 -0.288059 -0.626473 -0.938416 0.302452 0.167029 -0.237807 0.241664 0.229075 0.942933 0.378057 
1535383751971 0.246798 0.925056 -0.288724 -0.626082 -0.938256 0.30263 0.167602 -0.237697 0.242418 0.229533 0.942628 0.378172 
1535383752230 0.246707 0.925032 -0.288881 -0.625893 -0.938209 0.30264 0.16785 -0.237589 0.242693 0.229621 0.942536 0.378236 
1535383752445 0.246718 0.924941 -0.289162 -0.625665 -0.938204 0.302703 0.167761 -0.237409 0.2427 0.229903 0.942466 0.378362 
1535383752672 0.246812 0.924794 -0.289553 -0.625344 -0.93815 0.302891 0.167725 -0.237317 0.242814 0.230248 0.942352 0.378476 
1535383752884 0.246926 0.92466 -0.28988 -0.624999 -0.938138 0.303042 0.167517 -0.237234 0.242743 0.230583 0.942288 0.378585 
1535383753114 0.246805 0.924617 -0.290122 -0.624716 -0.938124 0.303014 0.167647 -0.23697 0.24292 0.230794 0.942191 0.378729 
1535383753342 0.24687 0.92448 -0.290502 -0.624399 -0.938095 0.303156 0.167555 -0.236844 0.242969 0.231154 0.94209 0.378846 
1535383753582 0.246928 0.924348 -0.290872 -0.624077 -0.938039 0.303317 0.167573 -0.236693 0.243122 0.23147 0.941973 0.378952 
1535383753813 0.247087 0.92423 -0.291114 -0.623752 -0.937985 0.303524 0.167502 -0.236576 0.24317 0.231673 0.941911 0.379076 
1535383754041 0.247029 0.924144 -0.291437 -0.62343 -0.937978 0.303549 0.167496 -0.236441 0.243256 0.231985 0.941812 0.379225 
1535383754081 0.247119 0.924061 -0.291623 -0.623197 -0.937953 0.30367 0.16742 -0.236439 0.243263 0.232156 0.941768 0.379289 
1535383754098 0.247119 0.924061 -0.291623 -0.623197 -0.937953 0.30367 0.16742 -0.236439 0.243263 0.232156 0.941768 0.379289 
1535383754293 0.247063 0.924036 -0.291749 -0.623222 -0.937996 0.303612 0.167283 -0.236322 0.243154 0.23233 0.941753 0.379225 
1535383754450 0.24723 0.924022 -0.291651 -0.62295 -0.93793 0.303774 0.167357 -0.236263 0.243237 0.232172 0.94177 0.379313 
1535383754596 0.247318 0.923939 -0.29184 -0.622739 -0.937908 0.303891 0.167266 -0.236179 0.243231 0.232351 0.941728 0.379429 
1535383754745 0.247005 0.92403 -0.291816 -0.622539 -0.937981 0.303598 0.167394 -0.235941 0.243272 0.232371 0.941713 0.379534 
1535383754901 0.247502 0.923809 -0.292094 -0.622276 -0.937837 0.304134 0.167225 -0.236009 0.24332 0.232548 0.941656 0.37955 
1535383755054 0.247502 0.923809 -0.292094 -0.622276 -0.937837 0.304134 0.167225 -0.236009 0.24332 0.232548 0.941656 0.37955 
1535383755206 0.247232 0.923874 -0.292118 -0.621871 -0.937918 0.303871 0.167247 -0.235652 0.243281 0.232634 0.941645 0.379739 
1535383755384 0.247512 0.923804 -0.292104 -0.621615 -0.937844 0.304136 0.167182 -0.235587 0.243283 0.232568 0.941661 0.379828 
1535383755432 0.247657 0.923732 -0.292208 -0.621436 -0.937798 0.304301 0.167142 -0.235592 0.243314 0.232638 0.941636 0.379882 
1535383755448 0.247738 0.923704 -0.292228 -0.62138 -0.937774 0.304384 0.167122 -0.235618 0.243321 0.232642 0.941633 0.379898 
1535383755465 0.247776 0.923689 -0.292244 -0.621346 -0.937764 0.304423 0.16711 -0.235624 0.243323 0.23265 0.94163 0.379909 
1535383755627 0.247776 0.923689 -0.292244 -0.621346 -0.937764 0.304423 0.16711 -0.235624 0.243323 0.23265 0.94163 0.379909 
1535383755664 0.247254 0.923883 -0.29207 -0.621176 -0.937818 0.303975 0.167624 -0.235386 0.243647 0.232463 0.941593 0.37992 
1535383755806 0.247267 0.923852 -0.292157 -0.620936 -0.93769 0.304121 0.168072 -0.235327 0.244124 0.232394 0.941486 0.379941 
1535383755871 0.247112 0.923828 -0.292366 -0.620725 -0.93763 0.304107 0.16843 -0.235231 0.244511 0.23251 0.941357 0.379953 
1535383756019 0.247024 0.92386 -0.292338 -0.620504 -0.937585 0.304083 0.168722 -0.235115 0.244771 0.232413 0.941314 0.380018 
1535383756075 0.247157 0.9238 -0.292417 -0.620243 -0.937456 0.304313 0.169025 -0.235105 0.245131 0.232353 0.941235 0.380071 
1535383756237 0.246863 0.923884 -0.292398 -0.620062 -0.937464 0.304096 0.169372 -0.234903 0.245397 0.232301 0.941178 0.380134 
1535383756281 0.246921 0.923852 -0.292451 -0.619734 -0.937349 0.304255 0.169724 -0.234901 0.24578 0.23222 0.941098 0.380205 
1535383756300 0.246942 0.923837 -0.292482 -0.619691 -0.937326 0.304297 0.169772 -0.23491 0.245843 0.232227 0.94108 0.380209 
1535383756430 0.246933 0.923788 -0.292642 -0.619584 -0.937265 0.304378 0.169964 -0.234892 0.246085 0.232314 0.940996 0.380208 
1535383756444 0.246933 0.923788 -0.292642 -0.619584 -0.937265 0.304378 0.169964 -0.234892 0.246085 0.232314 0.940996 0.380208 
1535383756604 0.246712 0.923962 -0.29228 -0.619409 -0.937338 0.304087 0.170082 -0.234598 0.246028 0.232004 0.941087 0.380287 
1535383756731 0.247063 0.923883 -0.292234 -0.619175 -0.937219 0.304438 0.170114 -0.234524 0.246132 0.231858 0.941096 0.380334 
1535383756801 0.246846 0.923967 -0.292149 -0.618982 -0.937282 0.30421 0.170171 -0.23436 0.246107 0.23182 0.941111 0.380372 
1535383756925 0.247013 0.923945 -0.29208 -0.618711 -0.937255 0.30434 0.170089 -0.23437 0.246045 0.23174 0.941148 0.380385 
1535383757012 0.24705 0.923987 -0.291914 -0.61848 -0.937243 0.304347 0.170143 -0.234273 0.246053 0.23156 0.94119 0.380452 
1535383757133 0.247041 0.923981 -0.291941 -0.618285 -0.937208 0.304379 0.170279 -0.234135 0.246196 0.231544 0.941156 0.380523 
1535383757219 0.247142 0.923984 -0.291846 -0.618061 -0.937148 0.304488 0.170413 -0.234008 0.246322 0.231386 0.941162 0.380606 
1535383757235 0.247142 0.923984 -0.291846 -0.618061 -0.937148 0.304488 0.170413 -0.234008 0.246322 0.231386 0.941162 0.380606 
1535383757416 0.24705 0.924034 -0.291766 -0.617912 -0.937165 0.304393 0.17049 -0.233924 0.24635 0.231313 0.941173 0.380649 
1535383757549 0.247003 0.92415 -0.291438 -0.617709 -0.937188 0.304278 0.170568 -0.233729 0.246308 0.231001 0.94126 0.380725 
1535383757662 0.247351 0.924112 -0.291264 -0.617452 -0.937157 0.304521 0.170307 -0.233727 0.246079 0.230835 0.941361 0.380677 
1535383757792 0.247734 0.924088 -0.291015 -0.617208 -0.937074 0.304822 0.170224 -0.233706 0.246009 0.230532 0.941453 0.380728 
1535383757899 0.247716 0.924192 -0.290698 -0.616988 -0.937107 0.30472 0.170222 -0.233589 0.2459 0.230249 0.941551 0.380812 
1535383758024 0.247902 0.924259 -0.290328 -0.616722 -0.937093 0.304796 0.170166 -0.233543 0.245768 0.22988 0.941676 0.38092 
1535383758137 0.248094 0.924305 -0.290018 -0.616517 -0.937025 0.304938 0.170283 -0.2334 0.245831 0.229508 0.94175 0.380977 
1535383758266 0.248484 0.924267 -0.289804 -0.61624 -0.936953 0.305241 0.170136 -0.233439 0.245711 0.229257 0.941843 0.380989 
1535383758301 0.248524 0.924304 -0.289652 -0.616127 -0.936953 0.305242 0.170137 -0.233364 0.245672 0.229107 0.941889 0.381018 
1535383758320 0.248511 0.924325 -0.289594 -0.616088 -0.93696 0.305215 0.170144 -0.233331 0.245657 0.229055 0.941906 0.381031 
1535383758343 0.248511 0.924325 -0.289594 -0.616088 -0.93696 0.305215 0.170144 -0.233331 0.245657 0.229055 0.941906 0.381031 
1535383758523 0.248424 0.924264 -0.289865 -0.615847 -0.936993 0.305173 0.170039 -0.233168 0.24562 0.22936 0.941841 0.381138 
1535383758681 0.24886 0.924159 -0.289826 -0.615448 -0.936902 0.305558 0.169851 -0.233198 0.245528 0.229269 0.941887 0.381271 
1535383758845 0.248925 0.924118 -0.2899 -0.615155 -0.936901 0.305619 0.169748 -0.232987 0.245466 0.229353 0.941883 0.381384 
1535383759002 0.249385 0.923985 -0.28993 -0.614779 -0.9368 0.306042 0.16954 -0.232981 0.245383 0.229325 0.941911 0.381453 
1535383759163 0.249094 0.924047 -0.289983 -0.614526 -0.936923 0.305732 0.16942 -0.232696 0.245209 0.22949 0.941917 0.381581 
1535383759322 0.249311 0.923998 -0.289951 -0.614178 -0.936885 0.305915 0.169298 -0.232603 0.245131 0.229443 0.941948 0.381763 
1535383759507 0.249585 0.923946 -0.289882 -0.613794 -0.936847 0.30613 0.16912 -0.232581 0.244999 0.229365 0.942002 0.381895 
1535383759705 0.249453 0.923973 -0.289908 -0.613453 -0.936946 0.30595 0.168899 -0.232231 0.244755 0.229496 0.942033 0.381962 
1535383759722 0.249451 0.923964 -0.289939 -0.613408 -0.936947 0.305953 0.168889 -0.232187 0.244755 0.229528 0.942026 0.381974 
1535383759741 0.249451 0.923964 -0.289939 -0.613408 -0.936947 0.305953 0.168889 -0.232187 0.244755 0.229528 0.942026 0.381974 
1535383759925 0.249632 0.923847 -0.290155 -0.613105 -0.936867 0.306195 0.168891 -0.232126 0.244873 0.229676 0.941959 0.382111 
1535383760083 0.249824 0.923715 -0.290409 -0.612774 -0.936806 0.306434 0.168798 -0.232076 0.244912 0.229887 0.941897 0.382242 
1535383760252 0.24992 0.923616 -0.290642 -0.612453 -0.936745 0.306601 0.168833 -0.231925 0.245048 0.230063 0.941819 0.382338 
1535383760415 0.24999 0.923517 -0.290899 -0.612146 -0.936706 0.306734 0.168809 -0.231796 0.245126 0.230286 0.941744 0.382427 
1535383760590 0.250303 0.923383 -0.291055 -0.611792 -0.936614 0.307068 0.168712 -0.231715 0.245159 0.230377 0.941713 0.382522 
1535383760748 0.25024 0.923288 -0.29141 -0.611512 -0.936598 0.307104 0.168735 -0.231553 0.245284 0.23071 0.941599 0.382619 
1535383760913 0.250487 0.923163 -0.291593 -0.611153 -0.936521 0.307383 0.168655 -0.231488 0.245327 0.230837 0.941557 0.382737 
1535383761106 0.250471 0.923126 -0.291725 -0.610854 -0.936508 0.307408 0.168681 -0.231296 0.245392 0.230953 0.941511 0.382851 
1535383761237 0.250202 0.923203 -0.291711 -0.610698 -0.93657 0.307159 0.16879 -0.231088 0.245429 0.230976 0.941496 0.382928 
1535383761321 0.250202 0.923203 -0.291711 -0.610698 -0.93657 0.307159 0.16879 -0.231088 0.245429 0.230976 0.941496 0.382928 
1535383761434 0.250779 0.922997 -0.291867 -0.61042 -0.936307 0.307839 0.169007 -0.231128 0.245841 0.230893 0.941409 0.382959 
1535383761596 0.251073 0.922867 -0.292025 -0.610066 -0.936108 0.308261 0.169345 -0.231047 0.246303 0.230849 0.941299 0.383037 
1535383761758 0.251121 0.922818 -0.292139 -0.609768 -0.936002 0.308415 0.169649 -0.230836 0.246655 0.23084 0.941209 0.383129 
1535383761913 0.251495 0.922695 -0.292205 -0.609402 -0.935817 0.308862 0.169854 -0.230789 0.246974 0.230733 0.941151 0.383199 
1535383762080 0.251663 0.922642 -0.292229 -0.609066 -0.935687 0.309106 0.170129 -0.230652 0.247297 0.230619 0.941094 0.383325 
1535383762384 0.251742 0.922551 -0.292447 -0.608763 -0.935547 0.309332 0.170486 -0.230471 0.247745 0.230679 0.940962 0.383398 
1535383762486 0.251909 0.922494 -0.292482 -0.608111 -0.935334 0.309654 0.171069 -0.230107 0.248378 0.230475 0.940845 0.383618 
1535383762631 0.252176 0.922419 -0.292491 -0.607892 -0.935213 0.309955 0.171187 -0.230085 0.248565 0.230372 0.940821 0.383678 
1535383762673 0.252176 0.922419 -0.292491 -0.607892 -0.935213 0.309955 0.171187 -0.230085 0.248565 0.230372 0.940821 0.383678 
1535383762791 0.2519 0.922457 -0.292609 -0.607849 -0.935294 0.309708 0.171192 -0.229982 0.24854 0.230552 0.940783 0.383623 
1535383762897 0.251654 0.922584 -0.292421 -0.607611 -0.935391 0.30941 0.171199 -0.229792 0.248424 0.230445 0.940841 0.383727 
1535383763024 0.252005 0.922457 -0.292518 -0.607309 -0.935259 0.309797 0.171219 -0.229812 0.248563 0.230432 0.940807 0.383822 
1535383763166 0.251876 0.922548 -0.292343 -0.607046 -0.935288 0.309647 0.171332 -0.229683 0.248585 0.23027 0.94084 0.38393 
1535383763273 0.252043 0.922526 -0.292267 -0.606784 -0.935208 0.309825 0.17145 -0.229574 0.248719 0.230118 0.940842 0.384028 
1535383763421 0.252033 0.922467 -0.292462 -0.606553 -0.935253 0.309813 0.171227 -0.229496 0.24856 0.230371 0.940823 0.384053 
1535383763553 0.251941 0.922523 -0.292365 -0.606297 -0.935269 0.309714 0.171313 -0.229353 0.24859 0.23028 0.940837 0.384118 
1535383763656 0.252065 0.922535 -0.292219 -0.605995 -0.935228 0.309812 0.171361 -0.2293 0.24862 0.230097 0.940874 0.3842 
1535383763811 0.252242 0.922449 -0.292337 -0.605937 -0.935159 0.310023 0.171359 -0.229313 0.248701 0.230158 0.940837 0.384195 
1535383763892 0.252146 0.922554 -0.292091 -0.605778 -0.935214 0.309859 0.171356 -0.229202 0.248592 0.229961 0.940915 0.384227 
1535383764012 0.251922 0.922807 -0.291484 -0.605669 -0.935278 0.30953 0.171601 -0.229077 0.248577 0.229389 0.941058 0.38424 
1535383764114 0.2519 0.922922 -0.291137 -0.605503 -0.935279 0.309448 0.17174 -0.228892 0.248594 0.229033 0.94114 0.384309 
1535383764232 0.252228 0.922987 -0.290649 -0.605218 -0.935217 0.309646 0.171723 -0.228941 0.248496 0.228506 0.941294 0.384318 
1535383764341 0.252127 0.92314 -0.290249 -0.60502 -0.935267 0.309454 0.171797 -0.228785 0.248411 0.228146 0.941404 0.384347 
1535383764454 0.251969 0.923305 -0.289862 -0.604844 -0.935332 0.309211 0.17188 -0.228615 0.248326 0.227809 0.941508 0.384364 
1535383764558 0.252382 0.923313 -0.289475 -0.604565 -0.935233 0.309521 0.171859 -0.228667 0.248279 0.227353 0.941631 0.384335 
1535383764684 0.25226 0.923469 -0.289085 -0.604409 -0.935267 0.309331 0.172015 -0.228426 0.248273 0.22698 0.941722 0.384338 
1535383764717 0.252359 0.923593 -0.288601 -0.604203 -0.935266 0.309312 0.172057 -0.228363 0.248178 0.226499 0.941863 0.384367 
1535383764758 0.252345 0.923646 -0.288443 -0.604132 -0.935274 0.309266 0.172096 -0.228342 0.248162 0.226346 0.941904 0.384378 
1535383764961 0.252306 0.923679 -0.288374 -0.604079 -0.935281 0.309218 0.172142 -0.228318 0.248175 0.226279 0.941917 0.384381 
1535383765156 0.252348 0.923642 -0.288453 -0.604131 -0.935355 0.309195 0.171781 -0.228149 0.247852 0.226457 0.941959 0.384257 
1535383765349 0.252708 0.923716 -0.287902 -0.603916 -0.935254 0.30944 0.171892 -0.228017 0.247868 0.225823 0.942107 0.384294 
1535383765545 0.25278 0.923871 -0.287341 -0.603739 -0.935325 0.309321 0.171717 -0.227915 0.247525 0.225351 0.94231 0.384334 
1535383765734 0.253022 0.923988 -0.28675 -0.60353 -0.935296 0.309409 0.171719 -0.227794 0.247389 0.224748 0.94249 0.384375 
1535383765922 0.253086 0.92409 -0.286365 -0.603349 -0.935353 0.309331 0.171548 -0.22767 0.247107 0.224436 0.942638 0.38437 
1535383766101 0.253276 0.924162 -0.285964 -0.603211 -0.935356 0.309389 0.171427 -0.227588 0.2469 0.22406 0.942782 0.384383 
1535383766283 0.253534 0.924222 -0.285542 -0.603017 -0.935326 0.30952 0.171354 -0.227471 0.24675 0.223631 0.942923 0.384307 
1535383766317 0.253534 0.924222 -0.285542 -0.603017 -0.935326 0.30952 0.171354 -0.227471 0.24675 0.223631 0.942923 0.384307 
1535383766584 0.253695 0.924331 -0.285047 -0.602773 -0.935338 0.309532 0.171267 -0.227327 0.246538 0.223166 0.943089 0.384296 
1535383766858 0.253736 0.924253 -0.285262 -0.603033 -0.935354 0.309587 0.171083 -0.227497 0.246438 0.223411 0.943057 0.384191 
1535383767148 0.253816 0.924421 -0.284645 -0.603025 -0.935428 0.309462 0.170903 -0.227382 0.246073 0.222887 0.943276 0.384316 
1535383767420 0.253936 0.92448 -0.284346 -0.60305 -0.935531 0.309399 0.170454 -0.227369 0.245558 0.22273 0.943447 0.384136 
1535383767695 0.2543 0.924553 -0.283786 -0.603033 -0.935524 0.309559 0.1702 -0.227405 0.245207 0.222206 0.943662 0.384236 
1535383767964 0.254294 0.924634 -0.283525 -0.603078 -0.935636 0.309406 0.169861 -0.227332 0.244784 0.222082 0.943801 0.384109 
1535383768230 0.25459 0.924671 -0.283138 -0.603113 -0.935645 0.309537 0.169575 -0.22729 0.244443 0.221745 0.943969 0.384079 
1535383768502 0.254853 0.924713 -0.282763 -0.603084 -0.935658 0.309642 0.169309 -0.227373 0.244117 0.221421 0.944129 0.384039 
1535383768773 0.254877 0.92485 -0.282296 -0.603127 -0.93576 0.30948 0.169039 -0.227239 0.243701 0.221077 0.944317 0.384002 
1535383768814 0.254984 0.924943 -0.281892 -0.603149 -0.935814 0.309434 0.16883 -0.227191 0.243385 0.220749 0.944475 0.383996 
1535383768956 0.254984 0.924943 -0.281892 -0.603149 -0.935814 0.309434 0.16883 -0.227191 0.243385 0.220749 0.944475 0.383996 
1535383769787 0.249578 0.924773 -0.287238 -0.588877 -0.936867 0.305622 0.169927 -0.220775 0.24493 0.226694 0.942666 0.393738 
1535383770755 0.244819 0.924256 -0.292941 -0.574415 -0.93786 0.302381 0.170246 -0.214505 0.245931 0.233058 0.940852 0.403666 
1535383771725 0.240567 0.92365 -0.298327 -0.559895 -0.938674 0.299605 0.170672 -0.208338 0.247021 0.238974 0.93908 0.413712 
1535383772689 0.235848 0.92306 -0.30387 -0.545358 -0.939641 0.296373 0.170989 -0.202064 0.247892 0.245201 0.937244 0.423742 
1535383773580 0.231002 0.922507 -0.309223 -0.530952 -0.940598 0.293021 0.171507 -0.195767 0.248825 0.251236 0.935396 0.433713 
1535383774483 0.226546 0.921787 -0.314619 -0.516432 -0.941446 0.29005 0.171902 -0.189584 0.249712 0.257253 0.933523 0.443696 
1535383775433 0.22179 0.921053 -0.320111 -0.501955 -0.942363 0.286809 0.172314 -0.183297 0.250521 0.263443 0.931578 0.4537 
1535383776273 0.217199 0.920256 -0.325505 -0.487483 -0.943193 0.283748 0.17284 -0.177082 0.251419 0.269473 0.929609 0.46371 
1535383781136 0.212717 0.919387 -0.330876 -0.472959 -0.944071 0.280698 0.173026 -0.170953 0.251954 0.275565 0.927676 0.473772 
1535383781696 0.213105 0.919212 -0.331112 -0.472729 -0.943977 0.281114 0.172864 -0.171122 0.251979 0.275724 0.927622 0.474042 
1535383782202 0.212342 0.919436 -0.330982 -0.473004 -0.944307 0.2802 0.172546 -0.171096 0.251386 0.27591 0.927728 0.473768 
1535383782695 0.211867 0.919553 -0.33096 -0.47298 -0.94461 0.279533 0.171966 -0.171223 0.250646 0.276194 0.927843 0.473865 
1535383783212 0.211665 0.919518 -0.331187 -0.473053 -0.944793 0.279235 0.171449 -0.171401 0.250129 0.276613 0.927858 0.473857 
1535383783738 0.211136 0.919609 -0.331271 -0.473049 -0.945053 0.278596 0.171053 -0.171489 0.249593 0.276953 0.927901 0.473882 
1535383784237 0.210886 0.919668 -0.331267 -0.473067 -0.94526 0.278193 0.170566 -0.17166 0.24902 0.277164 0.927992 0.473981 
1535383784740 0.210397 0.919707 -0.33147 -0.473107 -0.945484 0.277642 0.17022 -0.171744 0.248582 0.277586 0.927983 0.473968 
1535383785244 0.210144 0.919787 -0.331408 -0.47308 -0.945694 0.277222 0.16974 -0.171924 0.247998 0.27774 0.928093 0.474091 
1535383785734 0.209685 0.919815 -0.331621 -0.47312 -0.945943 0.276664 0.169258 -0.172022 0.247434 0.278204 0.928105 0.474044 
1535383785779 0.209685 0.919815 -0.331621 -0.47312 -0.945943 0.276664 0.169258 -0.172022 0.247434 0.278204 0.928105 0.474044 
1535383785999 0.209513 0.919842 -0.331655 -0.473167 -0.946137 0.276334 0.168716 -0.172226 0.24684 0.278443 0.928192 0.474133 
1535383786235 0.209715 0.919768 -0.331731 -0.47315 -0.945984 0.276659 0.16904 -0.172086 0.247255 0.278362 0.928105 0.474026 
1535383786467 0.209539 0.919804 -0.331744 -0.473146 -0.946028 0.276491 0.169068 -0.172069 0.247234 0.278413 0.928096 0.474015 
1535383786697 0.209528 0.91982 -0.331707 -0.473139 -0.946038 0.276465 0.169052 -0.172076 0.247202 0.278386 0.928112 0.474033 
1535383786951 0.209371 0.919889 -0.331614 -0.473122 -0.946107 0.276262 0.169 -0.172097 0.247074 0.278358 0.928155 0.47408 
1535383787177 0.209209 0.919918 -0.331635 -0.473123 -0.94618 0.276072 0.168902 -0.172115 0.246931 0.278451 0.928165 0.474093 
1535383787395 0.209263 0.919903 -0.331645 -0.47313 -0.946174 0.276118 0.168862 -0.172133 0.24691 0.278457 0.928169 0.474096 
1535383787639 0.209256 0.919862 -0.331762 -0.473163 -0.94622 0.276083 0.168662 -0.172189 0.24674 0.278626 0.928163 0.474094 
1535383787866 0.20903 0.919906 -0.331781 -0.473168 -0.946303 0.275836 0.168596 -0.172209 0.24661 0.278724 0.928168 0.474099 
1535383787885 0.20903 0.919906 -0.331781 -0.473168 -0.946303 0.275836 0.168596 -0.172209 0.24661 0.278724 0.928168 0.474099 
1535383787908 0.209043 0.919887 -0.331827 -0.473165 -0.946328 0.275825 0.168476 -0.172255 0.246505 0.278798 0.928174 0.474106 
1535383788049 0.209049 0.919887 -0.331823 -0.473165 -0.946326 0.275831 0.168477 -0.172257 0.246507 0.278793 0.928175 0.474106 
1535383788065 0.209047 0.919887 -0.331824 -0.473165 -0.946326 0.275829 0.168479 -0.172256 0.246508 0.278794 0.928174 0.474105 
1535383788117 0.209047 0.919887 -0.331824 -0.473165 -0.946326 0.275829 0.168479 -0.172256 0.246508 0.278794 0.928174 0.474105 
1535383788188 0.209047 0.919887 -0.331824 -0.473165 -0.946326 0.275829 0.168478 -0.172256 0.246507 0.278794 0.928175 0.474105 
1535383788227 0.209047 0.919887 -0.331824 -0.473165 -0.946326 0.275829 0.168477 -0.172256 0.246507 0.278794 0.928175 0.474106 
1535383788286 0.209048 0.919887 -0.331823 -0.473165 -0.946327 0.275829 0.168477 -0.172257 0.246506 0.278793 0.928175 0.474106 
1535383788345 0.209049 0.919887 -0.331823 -0.473165 -0.946327 0.27583 0.168475 -0.172257 0.246505 0.278793 0.928175 0.474106 
1535383788390 0.20905 0.919887 -0.331823 -0.473165 -0.946327 0.275831 0.168474 -0.172258 0.246504 0.278794 0.928176 0.474106 
1535383788425 0.20905 0.919887 -0.331823 -0.473165 -0.946327 0.275831 0.168474 -0.172258 0.246504 0.278794 0.928176 0.474106 
1535383788648 0.209055 0.919886 -0.331822 -0.473164 -0.946326 0.275834 0.168469 -0.172261 0.2465 0.278793 0.928177 0.474107 
1535383788867 0.209054 0.919886 -0.331823 -0.473164 -0.946327 0.275833 0.168468 -0.172261 0.246499 0.278794 0.928177 0.474106 
1535383789084 0.209054 0.919886 -0.331822 -0.473164 -0.946327 0.275833 0.168467 -0.172262 0.246498 0.278794 0.928177 0.474106 
1535383789300 0.209055 0.919886 -0.331822 -0.473164 -0.946327 0.275833 0.168466 -0.172262 0.246497 0.278794 0.928177 0.474106 
1535383789517 0.209055 0.919886 -0.331822 -0.473164 -0.946327 0.275833 0.168465 -0.172263 0.246496 0.278794 0.928178 0.474106 
1535383789772 0.209055 0.919886 -0.331822 -0.473164 -0.946328 0.275833 0.168464 -0.172263 0.246495 0.278794 0.928178 0.474106 
1535383789992 0.209056 0.919886 -0.331821 -0.473164 -0.946328 0.275833 0.168462 -0.172264 0.246493 0.278794 0.928178 0.474106 
1535383790219 0.209058 0.919886 -0.331821 -0.473164 -0.946328 0.275834 0.16846 -0.172265 0.246491 0.278793 0.928179 0.474106 
1535383790438 0.209061 0.919885 -0.33182 -0.473164 -0.946328 0.275836 0.168457 -0.172267 0.246489 0.278793 0.92818 0.474107 
1535383790474 0.209065 0.919885 -0.331818 -0.473163 -0.946328 0.275838 0.168454 -0.172269 0.246486 0.278791 0.928181 0.474108 
1535383790687 0.209065 0.919885 -0.331818 -0.473163 -0.946328 0.275838 0.168453 -0.172269 0.246486 0.278791 0.928181 0.474108 
1535383790910 0.209062 0.919885 -0.331819 -0.473163 -0.946328 0.275836 0.168455 -0.172268 0.246487 0.278792 0.928181 0.474107 
1535383791145 0.209062 0.919885 -0.331819 -0.473163 -0.946328 0.275836 0.168454 -0.172268 0.246486 0.278792 0.928181 0.474107 
1535383791371 0.209063 0.919885 -0.331819 -0.473163 -0.946329 0.275836 0.168453 -0.172269 0.246485 0.278792 0.928181 0.474107 
1535383791597 0.209063 0.919885 -0.331819 -0.473163 -0.946329 0.275836 0.168453 -0.172269 0.246485 0.278792 0.928181 0.474107 
1535383791821 0.209063 0.919885 -0.331818 -0.473163 -0.946329 0.275837 0.168452 -0.172269 0.246484 0.278792 0.928181 0.474107 
1535383792032 0.209064 0.919885 -0.331818 -0.473163 -0.946329 0.275837 0.168451 -0.17227 0.246483 0.278792 0.928182 0.474107 
1535383792255 0.209064 0.919885 -0.331818 -0.473163 -0.946329 0.275837 0.16845 -0.17227 0.246482 0.278792 0.928182 0.474107 
1535383792475 0.209066 0.919885 -0.331817 -0.473163 -0.946329 0.275838 0.168449 -0.172271 0.246481 0.278791 0.928182 0.474107 
1535383792507 0.209066 0.919885 -0.331817 -0.473163 -0.946329 0.275838 0.168449 -0.172271 0.246481 0.278791 0.928182 0.474107 
1535383792720 0.209068 0.919886 -0.331815 -0.473163 -0.946329 0.275839 0.168446 -0.172272 0.246479 0.27879 0.928183 0.474108 
1535383792940 0.209065 0.919886 -0.331816 -0.473163 -0.946329 0.275837 0.168448 -0.172271 0.24648 0.278791 0.928183 0.474107 
1535383793160 0.209065 0.919886 -0.331816 -0.473163 -0.94633 0.275837 0.168447 -0.172271 0.246479 0.278791 0.928183 0.474107 
1535383793385 0.209066 0.919886 -0.331816 -0.473163 -0.94633 0.275837 0.168447 -0.172271 0.246479 0.278791 0.928183 0.474107 
1535383793602 0.209066 0.919886 -0.331816 -0.473163 -0.94633 0.275837 0.168446 -0.172271 0.246478 0.278791 0.928183 0.474107 
1535383793829 0.209066 0.919886 -0.331816 -0.473163 -0.94633 0.275837 0.168445 -0.172272 0.246477 0.278791 0.928183 0.474107 
1535383794069 0.209067 0.919886 -0.331816 -0.473163 -0.94633 0.275837 0.168445 -0.172272 0.246477 0.278791 0.928184 0.474107 
1535383794299 0.209067 0.919886 -0.331815 -0.473163 -0.94633 0.275837 0.168444 -0.172272 0.246476 0.278791 0.928184 0.474107 
1535383794533 0.209068 0.919886 -0.331815 -0.473163 -0.94633 0.275838 0.168443 -0.172273 0.246475 0.27879 0.928184 0.474107 
1535383794572 0.20907 0.919886 -0.331813 -0.473162 -0.94633 0.275839 0.168441 -0.172274 0.246473 0.278789 0.928185 0.474108 
1535383794819 0.209071 0.919886 -0.331813 -0.473162 -0.94633 0.27584 0.16844 -0.172274 0.246473 0.278788 0.928185 0.474108 
1535383795056 0.209068 0.919886 -0.331814 -0.473162 -0.94633 0.275837 0.168442 -0.172273 0.246474 0.27879 0.928185 0.474107 
1535383795282 0.209068 0.919886 -0.331814 -0.473163 -0.94633 0.275837 0.168442 -0.172273 0.246474 0.27879 0.928185 0.474107 
1535383795520 0.209068 0.919886 -0.331814 -0.473162 -0.94633 0.275837 0.168441 -0.172273 0.246473 0.27879 0.928185 0.474107 
1535383795752 0.209069 0.919886 -0.331814 -0.473162 -0.946331 0.275837 0.168441 -0.172273 0.246473 0.27879 0.928185 0.474107 
1535383795983 0.209069 0.919886 -0.331814 -0.473162 -0.946331 0.275838 0.16844 -0.172274 0.246472 0.27879 0.928185 0.474107 
1535383796243 0.20907 0.919886 -0.331813 -0.473162 -0.946331 0.275838 0.168439 -0.172274 0.246472 0.278789 0.928185 0.474108 
1535383796488 0.20907 0.919886 -0.331813 -0.473162 -0.946331 0.275838 0.168439 -0.172274 0.246471 0.278789 0.928186 0.474108 
1535383796726 0.209071 0.919886 -0.331812 -0.473162 -0.946331 0.275839 0.168438 -0.172275 0.246471 0.278789 0.928186 0.474108 
1535383796749 0.209072 0.919886 -0.331811 -0.473162 -0.946331 0.275839 0.168437 -0.172275 0.246469 0.278787 0.928187 0.474109 
1535383796915 0.209072 0.919886 -0.331811 -0.473162 -0.946331 0.275839 0.168437 -0.172275 0.246469 0.278787 0.928187 0.474109 
1535383797111 0.20907 0.919886 -0.331812 -0.473162 -0.946331 0.275837 0.168439 -0.172274 0.24647 0.278789 0.928186 0.474108 
1535383797315 0.20907 0.919886 -0.331812 -0.473162 -0.946331 0.275837 0.168438 -0.172274 0.24647 0.278789 0.928186 0.474108 
1535383797522 0.20907 0.919886 -0.331812 -0.473162 -0.946331 0.275837 0.168438 -0.172274 0.24647 0.278788 0.928186 0.474108 
1535383797721 0.20907 0.919886 -0.331812 -0.473162 -0.946331 0.275838 0.168438 -0.172275 0.24647 0.278789 0.928186 0.474108 
1535383797927 0.209071 0.919886 -0.331812 -0.473162 -0.946331 0.275838 0.168437 -0.172275 0.246469 0.278788 0.928186 0.474108 
1535383798127 0.209071 0.919886 -0.331811 -0.473162 -0.946331 0.275838 0.168436 -0.172275 0.246468 0.278788 0.928187 0.474108 
1535383798334 0.209072 0.919886 -0.331811 -0.473162 -0.946331 0.275839 0.168436 -0.172275 0.246468 0.278788 0.928187 0.474108 
1535383798541 0.209072 0.919886 -0.33181 -0.473162 -0.946331 0.275839 0.168435 -0.172276 0.246467 0.278787 0.928187 0.474108 
1535383798575 0.209072 0.919886 -0.33181 -0.473162 -0.946331 0.275839 0.168435 -0.172276 0.246467 0.278787 0.928187 0.474108 
1535383798798 0.209074 0.919886 -0.331809 -0.473162 -0.946331 0.275839 0.168434 -0.172276 0.246466 0.278786 0.928188 0.474109 
1535383799028 0.209071 0.919886 -0.331811 -0.473162 -0.946331 0.275837 0.168436 -0.172275 0.246468 0.278788 0.928187 0.474108 
1535383799230 0.209071 0.919886 -0.331811 -0.473162 -0.946331 0.275838 0.168435 -0.172275 0.246467 0.278788 0.928187 0.474108 
1535383799441 0.209071 0.919886 -0.331811 -0.473162 -0.946331 0.275838 0.168435 -0.172275 0.246467 0.278788 0.928187 0.474108 
1535383799650 0.209072 0.919886 -0.33181 -0.473162 -0.946331 0.275838 0.168435 -0.172276 0.246467 0.278788 0.928187 0.474108 
1535383799860 0.209072 0.919886 -0.33181 -0.473162 -0.946331 0.275838 0.168434 -0.172276 0.246466 0.278787 0.928187 0.474108 
1535383800074 0.209073 0.919886 -0.33181 -0.473162 -0.946331 0.275839 0.168434 -0.172276 0.246466 0.278787 0.928188 0.474108 
1535383800290 0.209073 0.919886 -0.331809 -0.473162 -0.946331 0.275839 0.168433 -0.172276 0.246465 0.278787 0.928188 0.474109 
