1535118406770 0.213561 0.919573 -0.329815 -0.493993 -0.94373 0.281454 0.173655 -0.210101 0.252516 0.27417 0.927936 0.439507 
1535118412696 0.213561 0.919573 -0.329815 -0.493993 -0.94373 0.281454 0.173655 -0.210101 0.252516 0.27417 0.927936 0.439507 
1535118413313 0.213561 0.919573 -0.329814 -0.493992 -0.94373 0.281455 0.173656 -0.210101 0.252517 0.274169 0.927937 0.439507 
1535118414168 0.222627 0.920929 -0.319885 -0.52263 -0.942202 0.287518 0.172014 -0.218641 0.250386 0.263101 0.931711 0.426425 
1535118415480 0.222627 0.920929 -0.319885 -0.52263 -0.942202 0.287518 0.172014 -0.218641 0.250386 0.263101 0.931711 0.426425 
1535118416095 0.237717 0.923357 -0.3015 -0.581009 -0.939809 0.297079 0.168829 -0.235183 0.245458 0.243219 0.9384 0.399767 
1535118416759 0.237717 0.923357 -0.3015 -0.581009 -0.939809 0.297079 0.168829 -0.235183 0.245458 0.243219 0.9384 0.399767 
1535118417504 0.249255 0.925182 -0.286201 -0.624732 -0.937781 0.304354 0.16714 -0.247549 0.241741 0.226733 0.943479 0.379966 
1535118418051 0.250088 0.924931 -0.286283 -0.625866 -0.937632 0.305095 0.166624 -0.248096 0.241459 0.226757 0.943546 0.379322 
1535118418697 0.251286 0.924985 -0.285059 -0.630298 -0.937389 0.305946 0.166431 -0.249388 0.241159 0.225389 0.94395 0.377226 
1535118419249 0.252189 0.925127 -0.283796 -0.63322 -0.937178 0.306552 0.166503 -0.250264 0.241035 0.223978 0.944318 0.375946 
1535118419805 0.252862 0.925567 -0.281756 -0.637747 -0.937089 0.306742 0.166653 -0.251374 0.240675 0.221891 0.944902 0.37406 
1535118419841 0.252862 0.925567 -0.281756 -0.637747 -0.937089 0.306742 0.166653 -0.251374 0.240675 0.221891 0.944902 0.37406 
1535118420194 0.25231 0.925542 -0.282332 -0.638168 -0.937017 0.306522 0.167463 -0.251645 0.241535 0.222298 0.944587 0.37411 
1535118420761 0.250756 0.92533 -0.284404 -0.639494 -0.936611 0.306171 0.17035 -0.252363 0.244706 0.22366 0.943448 0.374097 
1535118421405 0.249869 0.925108 -0.285902 -0.640418 -0.936342 0.306063 0.172012 -0.253082 0.246634 0.224722 0.942694 0.374102 
1535118421764 0.249038 0.92524 -0.286201 -0.640351 -0.936504 0.305381 0.172346 -0.253174 0.246862 0.225108 0.942542 0.374199 
1535118422058 0.246413 0.92584 -0.286534 -0.640144 -0.936988 0.303132 0.173682 -0.253334 0.247659 0.225681 0.942196 0.374529 
1535118422369 0.245968 0.925965 -0.286512 -0.640052 -0.936999 0.3028 0.174198 -0.253427 0.248057 0.225614 0.942107 0.374753 
1535118422401 0.245968 0.925965 -0.286512 -0.640052 -0.936999 0.3028 0.174198 -0.253427 0.248057 0.225614 0.942107 0.374753 
1535118422425 0.245968 0.925965 -0.286512 -0.640052 -0.936999 0.3028 0.174198 -0.253427 0.248057 0.225614 0.942107 0.374753 
1535118422528 0.244937 0.926196 -0.286647 -0.63999 -0.937205 0.301901 0.174653 -0.253404 0.248302 0.225868 0.941982 0.374871 
1535118422699 0.244937 0.926196 -0.286647 -0.63999 -0.937205 0.301901 0.174653 -0.253404 0.248302 0.225868 0.941982 0.374871 
1535118422749 0.244984 0.926438 -0.285824 -0.639959 -0.937377 0.301622 0.174206 -0.253569 0.247602 0.225247 0.942315 0.374683 
1535118422867 0.244984 0.926438 -0.285824 -0.639959 -0.937377 0.301622 0.174206 -0.253569 0.247602 0.225247 0.942315 0.374683 
1535118422939 0.244984 0.926438 -0.285824 -0.639959 -0.937377 0.301622 0.174206 -0.253569 0.247602 0.225247 0.942315 0.374683 
1535118423095 0.243441 0.927363 -0.284139 -0.639701 -0.937998 0.299636 0.174296 -0.253866 0.246774 0.224091 0.942808 0.374788 
1535118423223 0.241908 0.928172 -0.282802 -0.639489 -0.938512 0.297815 0.174648 -0.254145 0.246326 0.223164 0.943144 0.374879 
1535118423245 0.241708 0.928324 -0.282474 -0.639433 -0.938606 0.297524 0.174635 -0.254245 0.246161 0.222921 0.943245 0.37489 
1535118423265 0.241708 0.928324 -0.282474 -0.639433 -0.938606 0.297524 0.174635 -0.254245 0.246161 0.222921 0.943245 0.37489 
1535118423358 0.241708 0.928324 -0.282474 -0.639433 -0.938606 0.297524 0.174635 -0.254245 0.246161 0.222921 0.943245 0.37489 
1535118423479 0.241859 0.92832 -0.282358 -0.639397 -0.938554 0.297658 0.174688 -0.254304 0.246212 0.222759 0.94327 0.374866 
1535118423662 0.243782 0.927735 -0.282627 -0.63939 -0.93806 0.29954 0.174124 -0.254005 0.246199 0.222673 0.943294 0.374737 
1535118423696 0.243782 0.927735 -0.282627 -0.63939 -0.93806 0.29954 0.174124 -0.254005 0.246199 0.222673 0.943294 0.374737 
1535118423870 0.245009 0.927509 -0.282307 -0.639254 -0.937795 0.300602 0.173721 -0.253881 0.24599 0.222183 0.943464 0.374707 
1535118424248 0.24617 0.927257 -0.282125 -0.638805 -0.937467 0.301697 0.173591 -0.253783 0.24608 0.22175 0.943542 0.374876 
1535118425026 0.249231 0.926446 -0.282102 -0.637637 -0.93646 0.304792 0.173619 -0.25316 0.246831 0.220907 0.943544 0.375303 
1535118425759 0.250828 0.926299 -0.281168 -0.63592 -0.936418 0.305798 0.172072 -0.25261 0.245371 0.220131 0.944106 0.375873 
1535118426939 0.252098 0.926159 -0.280492 -0.634423 -0.936401 0.306596 0.170741 -0.252082 0.244131 0.219609 0.944549 0.376436 
1535118427421 0.252316 0.926102 -0.280486 -0.634188 -0.936389 0.30676 0.17051 -0.252008 0.243951 0.219621 0.944592 0.37645 
1535118428139 0.252518 0.92607 -0.280409 -0.631777 -0.935918 0.307313 0.172096 -0.251079 0.245546 0.218982 0.944327 0.377204 
1535118428597 0.25278 0.925933 -0.280626 -0.63037 -0.9356 0.307823 0.17291 -0.250667 0.246487 0.218846 0.944114 0.377477 
1535118428876 0.252774 0.925888 -0.28078 -0.630244 -0.935562 0.307881 0.17301 -0.250528 0.246635 0.218954 0.94405 0.377466 
1535118429331 0.252416 0.926055 -0.280551 -0.628585 -0.935726 0.307437 0.172912 -0.249781 0.246378 0.218873 0.944136 0.37775 
1535118429741 0.252083 0.926229 -0.280276 -0.627884 -0.935794 0.307087 0.173169 -0.249349 0.246463 0.218628 0.944171 0.377942 
1535118429949 0.252327 0.926151 -0.280312 -0.62748 -0.935776 0.307284 0.172914 -0.249308 0.246279 0.218679 0.944207 0.377907 
1535118429981 0.252327 0.926151 -0.280312 -0.62748 -0.935776 0.307284 0.172914 -0.249308 0.246279 0.218679 0.944207 0.377907 
1535118430235 0.252353 0.926094 -0.280478 -0.627285 -0.935754 0.307353 0.172911 -0.249263 0.246337 0.218824 0.944158 0.377919 
1535118430452 0.252268 0.926136 -0.280416 -0.627083 -0.93572 0.307311 0.173171 -0.249012 0.246555 0.218705 0.944129 0.378107 
1535118430807 0.252331 0.925943 -0.280995 -0.625843 -0.93569 0.307492 0.173014 -0.248378 0.246604 0.219268 0.943985 0.378515 
1535118431258 0.252624 0.925722 -0.28146 -0.624861 -0.935599 0.307869 0.172834 -0.248026 0.246649 0.219671 0.94388 0.378785 
1535118431282 0.252624 0.925722 -0.28146 -0.624861 -0.935599 0.307869 0.172834 -0.248026 0.246649 0.219671 0.94388 0.378785 
1535118431554 0.252401 0.925667 -0.281842 -0.624504 -0.93552 0.307851 0.17329 -0.247857 0.247174 0.219931 0.943682 0.378958 
1535118432018 0.251602 0.925463 -0.28322 -0.623327 -0.935007 0.307993 0.175788 -0.247454 0.249915 0.220585 0.942807 0.379547 
1535118432626 0.251018 0.925247 -0.284444 -0.622424 -0.934657 0.308117 0.177427 -0.247274 0.251806 0.221321 0.942131 0.379923 
1535118432654 0.251018 0.925247 -0.284444 -0.622424 -0.934657 0.308117 0.177427 -0.247274 0.251806 0.221321 0.942131 0.379923 
1535118432883 0.250875 0.925234 -0.284614 -0.622233 -0.93455 0.30814 0.177949 -0.24712 0.252345 0.221343 0.941982 0.380038 
1535118433349 0.251476 0.925298 -0.283873 -0.621496 -0.934545 0.308434 0.177465 -0.246718 0.251764 0.220664 0.942296 0.380265 
1535118433867 0.252052 0.925267 -0.283463 -0.62089 -0.934404 0.308892 0.177409 -0.246434 0.25171 0.220153 0.94243 0.380455 
1535118433891 0.252052 0.925267 -0.283463 -0.62089 -0.934404 0.308892 0.177409 -0.246434 0.25171 0.220153 0.94243 0.380455 
1535118434103 0.252573 0.92512 -0.283477 -0.620672 -0.934283 0.309375 0.177209 -0.246525 0.25164 0.22009 0.942464 0.380478 
1535118434370 0.251962 0.925356 -0.283252 -0.620735 -0.934412 0.30878 0.177565 -0.246405 0.251774 0.219934 0.942464 0.380571 
1535118434670 0.252053 0.925034 -0.28422 -0.619924 -0.933936 0.309447 0.178903 -0.246071 0.253443 0.22035 0.94192 0.3808 
1535118435068 0.252218 0.924904 -0.284496 -0.619499 -0.933735 0.309794 0.179352 -0.2461 0.254019 0.220408 0.941751 0.380889 
1535118435091 0.252218 0.924904 -0.284496 -0.619499 -0.933735 0.309794 0.179352 -0.2461 0.254019 0.220408 0.941751 0.380889 
1535118435329 0.252089 0.924819 -0.284889 -0.619328 -0.933638 0.309861 0.179738 -0.24597 0.254501 0.220674 0.941559 0.380897 
1535118435760 0.252529 0.924786 -0.284606 -0.618403 -0.933555 0.310195 0.179596 -0.245494 0.254371 0.220342 0.941671 0.38114 
1535118436240 0.25294 0.924574 -0.284929 -0.617743 -0.933331 0.310747 0.179806 -0.245178 0.254785 0.220453 0.941533 0.381226 
1535118436491 0.253195 0.924417 -0.285212 -0.617552 -0.933225 0.311077 0.179786 -0.245075 0.25492 0.220646 0.941452 0.381168 
1535118436709 0.252985 0.924303 -0.285768 -0.616836 -0.933228 0.311032 0.179848 -0.244701 0.255117 0.221188 0.941271 0.381592 
1535118437017 0.253334 0.923883 -0.286813 -0.615662 -0.933044 0.311645 0.17974 -0.244328 0.255443 0.222075 0.940974 0.382046 
1535118437274 0.253936 0.923393 -0.287858 -0.614883 -0.932791 0.312499 0.179569 -0.24417 0.255768 0.222913 0.940687 0.38233 
1535118437365 0.253816 0.923229 -0.28849 -0.614453 -0.932836 0.312497 0.179338 -0.243912 0.255722 0.223595 0.940538 0.382401 
1535118437628 0.254033 0.923164 -0.288507 -0.614218 -0.932759 0.312723 0.179346 -0.243816 0.255789 0.223548 0.940531 0.382478 
1535118437996 0.254197 0.923288 -0.287964 -0.613565 -0.9327 0.312786 0.179543 -0.243499 0.255842 0.222945 0.94066 0.382568 
1535118438321 0.254944 0.923326 -0.287179 -0.611978 -0.93247 0.313368 0.179723 -0.242951 0.255936 0.221967 0.940865 0.382913 
1535118438505 0.255133 0.923252 -0.287249 -0.611699 -0.932433 0.313549 0.1796 -0.24298 0.255883 0.222019 0.940867 0.382893 
1535118438771 0.254963 0.9234 -0.286927 -0.611536 -0.932459 0.313342 0.179827 -0.24274 0.255959 0.221698 0.940922 0.383 
1535118439033 0.255523 0.923311 -0.286712 -0.610455 -0.931971 0.314122 0.18099 -0.242393 0.257172 0.22096 0.940765 0.383298 
1535118439241 0.255853 0.923362 -0.286253 -0.609707 -0.931723 0.314481 0.181641 -0.242134 0.257742 0.220235 0.940779 0.383549 
1535118439367 0.255989 0.923389 -0.286045 -0.609017 -0.931514 0.314716 0.182307 -0.24182 0.258363 0.219786 0.940714 0.38367 
1535118439390 0.255989 0.923389 -0.286045 -0.609017 -0.931514 0.314716 0.182307 -0.24182 0.258363 0.219786 0.940714 0.38367 
1535118439505 0.256239 0.923316 -0.286059 -0.608741 -0.9314 0.314995 0.182406 -0.241838 0.258525 0.219696 0.94069 0.383713 
1535118439598 0.256239 0.923316 -0.286059 -0.608741 -0.9314 0.314995 0.182406 -0.241838 0.258525 0.219696 0.94069 0.383713 
1535118439636 0.256239 0.923316 -0.286059 -0.608741 -0.9314 0.314995 0.182406 -0.241838 0.258525 0.219696 0.94069 0.383713 
1535118439704 0.255891 0.923494 -0.285794 -0.608676 -0.931534 0.314579 0.182442 -0.241644 0.258389 0.219541 0.940764 0.38369 
1535118439836 0.255891 0.923494 -0.285794 -0.608676 -0.931534 0.314579 0.182442 -0.241644 0.258389 0.219541 0.940764 0.38369 
1535118439932 0.255891 0.923494 -0.285794 -0.608676 -0.931534 0.314579 0.182442 -0.241644 0.258389 0.219541 0.940764 0.38369 
1535118439969 0.255887 0.92397 -0.284254 -0.607457 -0.931553 0.314256 0.1829 -0.241091 0.258323 0.217996 0.941141 0.384102 
1535118440120 0.255887 0.92397 -0.284254 -0.607457 -0.931553 0.314256 0.1829 -0.241091 0.258323 0.217996 0.941141 0.384102 
1535118440258 0.256031 0.924293 -0.283073 -0.606375 -0.931566 0.314114 0.183074 -0.240724 0.258131 0.216828 0.941464 0.384344 
1535118440509 0.256311 0.924272 -0.282888 -0.606586 -0.931605 0.314247 0.182651 -0.240792 0.257716 0.216724 0.941601 0.384045 
1535118440774 0.256285 0.92483 -0.281081 -0.606393 -0.931891 0.313632 0.182249 -0.240468 0.256705 0.21523 0.94222 0.384012 
1535118440909 0.256376 0.924847 -0.280944 -0.606342 -0.931926 0.313641 0.182053 -0.240375 0.256486 0.215145 0.942299 0.383868 
1535118441429 0.257595 0.925926 -0.276235 -0.605776 -0.932696 0.312959 0.179261 -0.239773 0.252432 0.211467 0.944224 0.383724 
1535118442039 0.258401 0.926565 -0.273322 -0.605349 -0.933186 0.312571 0.177376 -0.239441 0.249783 0.209227 0.945427 0.383563 
1535118442312 0.258972 0.926906 -0.271624 -0.605239 -0.933406 0.312476 0.176383 -0.239341 0.248366 0.207857 0.946102 0.383448 
1535118442771 0.261352 0.927798 -0.266246 -0.60506 -0.933869 0.312802 0.173331 -0.238917 0.244098 0.203338 0.948193 0.383016 
1535118443250 0.261426 0.927911 -0.265779 -0.605053 -0.933984 0.312673 0.172943 -0.238851 0.243578 0.203021 0.948395 0.382923 
1535118443783 0.261426 0.927911 -0.265779 -0.605053 -0.933984 0.312673 0.172943 -0.238851 0.243578 0.203021 0.948395 0.382923 
1535118443997 0.261426 0.927911 -0.265779 -0.605053 -0.933984 0.312673 0.172943 -0.238851 0.243578 0.203021 0.948395 0.382923 
1535118444117 0.261426 0.927911 -0.265779 -0.605053 -0.933984 0.312673 0.172943 -0.238851 0.243578 0.203021 0.948395 0.382923 
1535118444324 0.261426 0.927911 -0.265779 -0.605053 -0.933984 0.312673 0.172943 -0.238851 0.243578 0.203021 0.948395 0.382923 
1535118444436 0.250103 0.926965 -0.279613 -0.575904 -0.93631 0.305085 0.173918 -0.223815 0.246522 0.218307 0.944229 0.403235 
