1530720495276 0.155938 0.642684 -0.750094 -0.458364 -0.927297 0.356866 0.112988 -0.176596 0.340299 0.677941 0.651608 0.434383 
1530720500778 0.155935 0.642684 -0.750094 -0.458364 -0.927298 0.356864 0.112989 -0.176595 0.340298 0.677942 0.651607 0.434382 
1530720501671 0.161814 0.65163 -0.741077 -0.475278 -0.930666 0.350488 0.104974 -0.182505 0.328143 0.672708 0.663163 0.435698 
1530720502521 0.167459 0.660308 -0.732086 -0.48951 -0.933917 0.344143 0.096775 -0.186908 0.315844 0.667502 0.674303 0.436956 
1530720503395 0.172994 0.668976 -0.722872 -0.503947 -0.937055 0.337812 0.0883741 -0.191496 0.303315 0.662083 0.685308 0.438283 
1530720504272 0.178468 0.677721 -0.713332 -0.519076 -0.939985 0.331711 0.0799782 -0.196453 0.290823 0.656248 0.696247 0.439629 
1530720505160 0.183713 0.686185 -0.703847 -0.534266 -0.942787 0.325659 0.0714082 -0.201442 0.278213 0.650459 0.706754 0.440883 
1530720506115 0.1887 0.694629 -0.694178 -0.549456 -0.945479 0.319576 0.0627722 -0.206406 0.265446 0.644485 0.717061 0.442179 
1530720507010 0.193644 0.703103 -0.684214 -0.564609 -0.947958 0.31376 0.0541343 -0.21142 0.252741 0.638123 0.72727 0.443537 
1530720508289 0.202769 0.719746 -0.663966 -0.593917 -0.952628 0.301952 0.0363943 -0.221025 0.22668 0.625133 0.746876 0.446391 
1530720508307 0.202774 0.719746 -0.663964 -0.593923 -0.952628 0.301953 0.0363891 -0.221032 0.226677 0.625132 0.746879 0.446394 
1530720508697 0.203192 0.720583 -0.662927 -0.595514 -0.952857 0.301337 0.0354873 -0.22155 0.225336 0.624464 0.747842 0.446491 
1530720509095 0.203748 0.721377 -0.661893 -0.597178 -0.953028 0.300901 0.0345756 -0.222076 0.224106 0.623758 0.748801 0.446586 
1530720509462 0.203994 0.722221 -0.660896 -0.598786 -0.953277 0.300198 0.0338127 -0.222548 0.22282 0.62312 0.749715 0.44669 
1530720509844 0.204767 0.722957 -0.659851 -0.600379 -0.953379 0.299985 0.0328196 -0.223239 0.221673 0.622368 0.750679 0.446847 
1530720510242 0.204934 0.723786 -0.65889 -0.602027 -0.953686 0.299105 0.03194 -0.223648 0.220195 0.621828 0.751561 0.446899 
1530720510626 0.205334 0.724616 -0.657852 -0.603656 -0.953905 0.298497 0.0310505 -0.224163 0.218867 0.621153 0.752507 0.447019 
1530720511004 0.205839 0.725517 -0.6567 -0.605268 -0.954097 0.297977 0.030146 -0.224691 0.217553 0.62035 0.753549 0.447149 
1530720511381 0.206358 0.726222 -0.655758 -0.606884 -0.954255 0.297559 0.0292419 -0.22525 0.216363 0.619726 0.754405 0.447242 
1530720511765 0.206744 0.72711 -0.654651 -0.608393 -0.954507 0.296848 0.0282633 -0.225759 0.214882 0.619026 0.755402 0.447358 
1530720511999 0.206735 0.727123 -0.65464 -0.608421 -0.954512 0.29683 0.0282611 -0.225761 0.214866 0.619019 0.755412 0.44739 
1530720512396 0.203431 0.728188 -0.65449 -0.608614 -0.955814 0.292591 0.0284482 -0.226641 0.212214 0.619784 0.755535 0.447532 
1530720512733 0.201683 0.728842 -0.654304 -0.608798 -0.956431 0.290534 0.0288203 -0.227003 0.211103 0.619984 0.755682 0.447765 
1530720513036 0.200079 0.729425 -0.654146 -0.608885 -0.957076 0.288399 0.0288533 -0.227466 0.209701 0.620294 0.755818 0.447851 
1530720513372 0.198448 0.729823 -0.654199 -0.609038 -0.95768 0.286372 0.0289684 -0.227947 0.208486 0.620765 0.755767 0.447908 
1530720513682 0.196889 0.730372 -0.654058 -0.609115 -0.958297 0.2843 0.0289986 -0.228429 0.207129 0.621072 0.755888 0.448053 
1530720514000 0.195268 0.730836 -0.654026 -0.609269 -0.958926 0.282168 0.0290069 -0.228894 0.205745 0.621498 0.755916 0.448114 
1530720514341 0.193572 0.731426 -0.65387 -0.609353 -0.959571 0.27996 0.0290953 -0.22936 0.204339 0.621802 0.756048 0.448184 
1530720514678 0.191864 0.732007 -0.653724 -0.609491 -0.960141 0.277962 0.029452 -0.229715 0.203269 0.622016 0.75616 0.448392 
1530720514716 0.191784 0.731975 -0.653783 -0.609485 -0.960162 0.277887 0.0294639 -0.229729 0.203245 0.622086 0.756108 0.44837 
1530720515002 0.190954 0.732339 -0.653618 -0.609536 -0.960403 0.277017 0.0297995 -0.229994 0.202887 0.622046 0.756238 0.448455 
1530720515323 0.188872 0.733233 -0.65322 -0.609585 -0.961069 0.274632 0.0303879 -0.230445 0.201677 0.62205 0.756558 0.448544 
1530720515570 0.187956 0.733524 -0.653158 -0.609586 -0.961408 0.273439 0.030425 -0.230782 0.200917 0.622233 0.75661 0.448537 
1530720515840 0.186675 0.733944 -0.653053 -0.60967 -0.961765 0.272125 0.0309121 -0.23091 0.2004 0.622313 0.756681 0.448557 
1530720516120 0.185634 0.73431 -0.652938 -0.609719 -0.962084 0.270961 0.0312035 -0.231167 0.199834 0.622389 0.756768 0.448574 
1530720516364 0.184843 0.734641 -0.652791 -0.609701 -0.962354 0.269987 0.0313404 -0.231505 0.199269 0.622423 0.75689 0.448631 
1530720516627 0.183627 0.735045 -0.652679 -0.609784 -0.962718 0.268645 0.0316924 -0.231651 0.198634 0.622526 0.756972 0.448626 
1530720516894 0.182658 0.73545 -0.652495 -0.609807 -0.963009 0.267563 0.0319972 -0.231903 0.198116 0.622514 0.757117 0.448718 
1530720516908 0.182665 0.735467 -0.652474 -0.609809 -0.963002 0.267586 0.0320229 -0.231924 0.198144 0.622484 0.757134 0.448729 
1530720517211 0.182408 0.735492 -0.652517 -0.609809 -0.963088 0.267273 0.0320328 -0.231956 0.19796 0.622589 0.757097 0.448725 
1530720517376 0.182081 0.735615 -0.65247 -0.609822 -0.963157 0.267001 0.0322432 -0.231964 0.197929 0.62256 0.757128 0.448746 
1530720517586 0.181521 0.735879 -0.652328 -0.60985 -0.963329 0.266358 0.0324108 -0.232123 0.197603 0.622524 0.757243 0.44878 
1530720517774 0.181295 0.735831 -0.652445 -0.609825 -0.963377 0.266174 0.0324979 -0.232256 0.197577 0.622659 0.757139 0.448665 
1530720517959 0.181051 0.735941 -0.652389 -0.609843 -0.963462 0.265863 0.0325333 -0.232293 0.197389 0.622661 0.757186 0.448701 
1530720518175 0.180724 0.736125 -0.652272 -0.609878 -0.963521 0.265614 0.0327984 -0.232335 0.197396 0.622551 0.757275 0.448773 
1530720518372 0.180329 0.736223 -0.65227 -0.609893 -0.963609 0.26527 0.0330109 -0.232352 0.197331 0.622581 0.757267 0.448791 
1530720518568 0.180004 0.736304 -0.652269 -0.609908 -0.963728 0.264837 0.0330013 -0.232401 0.197044 0.62267 0.757269 0.448805 
1530720518587 0.180008 0.736305 -0.652267 -0.609909 -0.963727 0.264841 0.0330009 -0.232404 0.197046 0.622667 0.757271 0.448806 
1530720518808 0.180042 0.736459 -0.652083 -0.609911 -0.963732 0.264823 0.0330011 -0.232439 0.196991 0.622492 0.757429 0.44884 
1530720519007 0.179872 0.736605 -0.651966 -0.609909 -0.963748 0.264738 0.0332156 -0.232431 0.197067 0.622356 0.757521 0.448834 
1530720519136 0.179837 0.736636 -0.65194 -0.60991 -0.963773 0.264651 0.0331769 -0.232446 0.196976 0.622356 0.757544 0.448818 
1530720519271 0.17978 0.736677 -0.65191 -0.609911 -0.963807 0.264535 0.0331392 -0.232466 0.196866 0.622357 0.757572 0.448798 
1530720519416 0.179812 0.73672 -0.651852 -0.609905 -0.963817 0.264506 0.0330766 -0.232506 0.196787 0.622319 0.757624 0.448778 
1530720519551 0.179853 0.736765 -0.65179 -0.609885 -0.963819 0.264502 0.0330322 -0.232584 0.196737 0.622266 0.75768 0.448774 
1530720519656 0.179859 0.73682 -0.651726 -0.609863 -0.963812 0.264524 0.0330764 -0.232651 0.196769 0.622192 0.757733 0.448785 
1530720519803 0.17979 0.73693 -0.65162 -0.60987 -0.963824 0.264469 0.0331616 -0.232669 0.196771 0.622085 0.75782 0.448806 
1530720519816 0.179783 0.73694 -0.651611 -0.609871 -0.963825 0.264463 0.0331708 -0.232669 0.196772 0.622076 0.757828 0.448808 
1530720519833 0.179775 0.736951 -0.651601 -0.609872 -0.963826 0.264459 0.0331822 -0.23267 0.196775 0.622064 0.757836 0.448811 
1530720519979 0.17981 0.737012 -0.651523 -0.609873 -0.963826 0.264461 0.033162 -0.232684 0.196743 0.621992 0.757904 0.448828 
1530720520170 0.179947 0.737058 -0.651433 -0.609865 -0.963834 0.264456 0.0329737 -0.232711 0.196579 0.62194 0.757989 0.448832 
1530720520389 0.179971 0.73712 -0.651356 -0.609862 -0.963853 0.264395 0.0328936 -0.232713 0.196462 0.621892 0.758059 0.448815 
1530720520596 0.180018 0.737195 -0.651258 -0.609847 -0.963867 0.264355 0.0328108 -0.232733 0.196352 0.62182 0.758146 0.448824 
1530720520761 0.180196 0.737174 -0.651233 -0.609804 -0.963854 0.264427 0.0326239 -0.232847 0.196253 0.621814 0.758177 0.44879 
1530720520881 0.180213 0.737222 -0.651174 -0.609804 -0.963877 0.264354 0.0325325 -0.232843 0.196124 0.621788 0.758231 0.448773 
1530720521005 0.180201 0.737319 -0.651067 -0.60981 -0.963915 0.264226 0.0324396 -0.232815 0.195947 0.621728 0.758326 0.448782 
1530720521016 0.1802 0.737332 -0.651052 -0.609809 -0.963918 0.264214 0.0324328 -0.232813 0.195931 0.621717 0.75834 0.448781 
1530720521039 0.180201 0.737359 -0.651022 -0.609807 -0.963924 0.264197 0.0324229 -0.232811 0.195905 0.621693 0.758366 0.448781 
1530720521329 0.180331 0.737466 -0.650865 -0.609807 -0.963951 0.264126 0.0321935 -0.232809 0.195652 0.621596 0.758511 0.448789 
1530720521512 0.180456 0.7375 -0.650791 -0.609807 -0.963918 0.264247 0.0321725 -0.232797 0.195697 0.621504 0.758575 0.448784 
1530720521711 0.180503 0.737584 -0.650683 -0.609806 -0.963924 0.264232 0.0321234 -0.232779 0.195625 0.62141 0.75867 0.448757 
1530720521843 0.180486 0.7376 -0.65067 -0.609816 -0.963944 0.264165 0.0320741 -0.232763 0.195542 0.62142 0.758683 0.44871 
1530720521986 0.18048 0.737642 -0.650624 -0.609837 -0.963975 0.264065 0.0319806 -0.232723 0.195397 0.621413 0.758726 0.448668 
1530720522184 0.180616 0.737767 -0.650445 -0.609843 -0.96399 0.264031 0.0317948 -0.232704 0.195194 0.621279 0.758888 0.448669 
1530720522322 0.180608 0.737862 -0.650339 -0.609866 -0.963985 0.264041 0.0318639 -0.232647 0.195227 0.621162 0.758975 0.448689 
1530720522348 0.180633 0.73787 -0.650323 -0.609863 -0.963979 0.264063 0.0318567 -0.232653 0.195232 0.621143 0.75899 0.448691 
1530720522370 0.180648 0.737878 -0.65031 -0.609861 -0.963976 0.264075 0.0318533 -0.232656 0.195234 0.621129 0.759001 0.448693 
1530720522460 0.180677 0.737908 -0.650267 -0.609859 -0.963973 0.264088 0.0318395 -0.232659 0.195222 0.621087 0.759038 0.4487 
1530720522654 0.180775 0.737893 -0.650257 -0.609863 -0.963983 0.264072 0.0316693 -0.232671 0.195083 0.621111 0.759054 0.448706 
1530720522836 0.180811 0.737878 -0.650264 -0.609863 -0.963989 0.264058 0.0315904 -0.232673 0.195017 0.621136 0.759051 0.448704 
1530720522984 0.180821 0.737865 -0.650276 -0.609862 -0.963995 0.264043 0.0315516 -0.232671 0.194982 0.621158 0.759042 0.448699 
1530720523132 0.180779 0.737809 -0.650351 -0.609847 -0.964015 0.263975 0.0315059 -0.232647 0.194922 0.621253 0.75898 0.448664 
1530720523314 0.180778 0.737758 -0.65041 -0.609835 -0.964034 0.263918 0.0314133 -0.232633 0.19483 0.621338 0.758934 0.448637 
1530720523328 0.180779 0.737756 -0.650411 -0.609835 -0.964034 0.263916 0.0314098 -0.232633 0.194827 0.62134 0.758933 0.448636 
1530720523506 0.180742 0.737749 -0.65043 -0.609831 -0.964038 0.263898 0.0314391 -0.232622 0.194841 0.621357 0.758915 0.448626 
1530720523822 0.180537 0.737787 -0.650444 -0.609827 -0.964029 0.263893 0.0317528 -0.232585 0.195074 0.621314 0.75889 0.448615 
1530720524060 0.18058 0.737763 -0.650459 -0.609824 -0.964012 0.263955 0.0317549 -0.232619 0.19512 0.621316 0.758877 0.448609 
1530720524302 0.180525 0.737673 -0.650576 -0.60983 -0.963975 0.264069 0.031934 -0.232661 0.195354 0.621374 0.758769 0.448586 
1530720524428 0.180459 0.737669 -0.6506 -0.609829 -0.963971 0.264073 0.032034 -0.232669 0.195436 0.621378 0.758745 0.448579 
1530720524656 0.180352 0.737634 -0.650668 -0.609822 -0.963946 0.264135 0.0322518 -0.232684 0.195654 0.621392 0.758677 0.448557 
1530720524835 0.180333 0.737607 -0.650704 -0.609818 -0.963941 0.264151 0.0322865 -0.232704 0.195699 0.621418 0.758644 0.448553 
1530720524997 0.180259 0.737635 -0.650693 -0.609823 -0.963919 0.264208 0.0324784 -0.232714 0.195875 0.621361 0.758646 0.448571 
1530720525189 0.180222 0.737677 -0.650655 -0.609835 -0.963916 0.264207 0.0325536 -0.23274 0.195922 0.62131 0.758675 0.448601 
1530720525209 0.18022 0.737679 -0.650654 -0.609835 -0.963917 0.264205 0.0325547 -0.232741 0.195921 0.621309 0.758676 0.448603 
1530720525229 0.180218 0.73768 -0.650653 -0.609835 -0.963917 0.264204 0.0325557 -0.232742 0.195921 0.621309 0.758677 0.448604 
1530720525242 0.180218 0.73768 -0.650653 -0.609836 -0.963917 0.264204 0.0325563 -0.232743 0.195921 0.621309 0.758677 0.448605 
1530720525424 0.180243 0.737673 -0.650654 -0.609838 -0.96392 0.2642 0.0325104 -0.232754 0.195885 0.621319 0.758678 0.448609 
1530720525691 0.180373 0.73764 -0.650656 -0.609842 -0.963933 0.26418 0.032279 -0.232779 0.195701 0.621366 0.758687 0.448615 
1530720525845 0.180343 0.73766 -0.650641 -0.609847 -0.963945 0.264137 0.0322801 -0.232765 0.19567 0.621361 0.758699 0.448624 
1530720525952 0.180327 0.737668 -0.650637 -0.60985 -0.963951 0.264115 0.03228 -0.232758 0.195655 0.621361 0.758703 0.448629 
1530720526096 0.18031 0.737674 -0.650634 -0.609853 -0.963957 0.264091 0.0322793 -0.232751 0.195638 0.621364 0.758705 0.448633 
1530720526110 0.180308 0.737676 -0.650633 -0.609853 -0.963958 0.264088 0.0322795 -0.23275 0.195636 0.621363 0.758706 0.448634 
1530720526127 0.180306 0.737676 -0.650633 -0.609854 -0.963959 0.264086 0.0322796 -0.23275 0.195635 0.621363 0.758706 0.448635 
1530720526143 0.180305 0.737676 -0.650633 -0.609854 -0.963959 0.264085 0.0322796 -0.232749 0.195634 0.621364 0.758706 0.448635 
1530720526235 0.180302 0.737676 -0.650635 -0.609855 -0.96396 0.264082 0.0322801 -0.232749 0.195633 0.621366 0.758704 0.448636 
1530720526412 0.180297 0.737658 -0.650656 -0.60986 -0.96396 0.264082 0.0322796 -0.232751 0.195638 0.621387 0.758686 0.448636 
1530720526518 0.180291 0.737636 -0.650683 -0.609864 -0.96396 0.264082 0.0322793 -0.232752 0.195644 0.621413 0.758663 0.448634 
1530720526629 0.180284 0.737615 -0.650709 -0.609868 -0.96396 0.264081 0.0322789 -0.232752 0.195649 0.621438 0.758641 0.448632 
1530720526782 0.180283 0.737592 -0.650735 -0.609871 -0.963961 0.26408 0.0322676 -0.232754 0.195646 0.621466 0.758619 0.448631 
1530720526943 0.18028 0.737547 -0.650787 -0.609878 -0.963961 0.264082 0.032253 -0.232756 0.195649 0.621519 0.758575 0.44863 
1530720527076 0.180288 0.737518 -0.650818 -0.609883 -0.96396 0.264086 0.0322328 -0.232759 0.195644 0.621551 0.75855 0.448634 
1530720527089 0.180292 0.737518 -0.650816 -0.609883 -0.96396 0.264089 0.0322312 -0.232759 0.195645 0.621549 0.758551 0.448638 
1530720527107 0.180295 0.73752 -0.650813 -0.609882 -0.963959 0.264093 0.0322311 -0.232759 0.195646 0.621546 0.758554 0.448643 
1530720527365 0.180316 0.73758 -0.65074 -0.609903 -0.963933 0.264174 0.0323272 -0.232778 0.195753 0.62144 0.758612 0.448697 
1530720527543 0.180332 0.737591 -0.650723 -0.609917 -0.963926 0.264197 0.0323375 -0.232793 0.195771 0.621417 0.758627 0.448699 
1530720527684 0.180186 0.737654 -0.650691 -0.609938 -0.963918 0.264197 0.0325828 -0.232764 0.195946 0.621342 0.758643 0.448707 
1530720527826 0.180116 0.73771 -0.650647 -0.609991 -0.963927 0.264154 0.0326616 -0.232713 0.195966 0.621294 0.758677 0.448718 
1530720528013 0.180134 0.737723 -0.650628 -0.610035 -0.963908 0.264217 0.0327169 -0.232731 0.196043 0.621252 0.758692 0.448747 
1530720528185 0.180104 0.737731 -0.650627 -0.610057 -0.963914 0.264194 0.0327364 -0.232754 0.196042 0.621252 0.758692 0.448751 
1530720528371 0.180098 0.737737 -0.650622 -0.610079 -0.963911 0.264202 0.0327583 -0.232765 0.196063 0.621242 0.758695 0.448742 
1530720528482 0.180064 0.737749 -0.650618 -0.61009 -0.963908 0.264204 0.0328171 -0.232765 0.196107 0.621227 0.758696 0.448736 
1530720528498 0.180059 0.737753 -0.650614 -0.610092 -0.963907 0.264207 0.0328292 -0.232765 0.196117 0.621221 0.758698 0.448737 
1530720528513 0.180055 0.737756 -0.650612 -0.610094 -0.963906 0.26421 0.0328415 -0.232765 0.196127 0.621215 0.7587 0.448737 
1530720528702 0.18013 0.737801 -0.65054 -0.610131 -0.963897 0.264248 0.0327971 -0.232782 0.196102 0.621146 0.758763 0.448769 
1530720528907 0.180211 0.73759 -0.650757 -0.610211 -0.963923 0.264189 0.0325055 -0.232824 0.195898 0.621422 0.75859 0.448653 
1530720529055 0.180171 0.737577 -0.650783 -0.610254 -0.963936 0.264144 0.0325042 -0.232804 0.195875 0.621457 0.758567 0.448654 
1530720529248 0.180115 0.73765 -0.650716 -0.610301 -0.963958 0.264058 0.032517 -0.232733 0.195813 0.621406 0.758625 0.448685 
1530720529415 0.180281 0.737706 -0.650606 -0.610344 -0.963952 0.264102 0.0323496 -0.232754 0.195691 0.621321 0.758726 0.448742 
1530720529580 0.18024 0.73781 -0.6505 -0.610393 -0.963976 0.264015 0.0323541 -0.232714 0.195613 0.621235 0.758817 0.448774 
1530720529724 0.180146 0.737773 -0.650568 -0.61043 -0.964021 0.263858 0.0322839 -0.232679 0.195476 0.621345 0.758762 0.448695 
1530720529737 0.180137 0.737756 -0.65059 -0.610436 -0.964024 0.26385 0.032279 -0.232677 0.195472 0.621369 0.758743 0.448689 
1530720529919 0.18011 0.737749 -0.650605 -0.610488 -0.964042 0.263786 0.0322371 -0.232671 0.195403 0.621405 0.758732 0.448647 
1530720530109 0.180163 0.737897 -0.650422 -0.610531 -0.96403 0.263826 0.0322768 -0.232688 0.195415 0.621211 0.758887 0.448692 
1530720530261 0.180164 0.737983 -0.650325 -0.610563 -0.964016 0.263865 0.0323639 -0.232699 0.195482 0.621093 0.758966 0.448725 
1530720530536 0.180152 0.738146 -0.650143 -0.61064 -0.963985 0.263955 0.0325679 -0.232739 0.195648 0.620861 0.759114 0.44876 
1530720530756 0.180005 0.738127 -0.650205 -0.610677 -0.964067 0.263671 0.0324296 -0.232709 0.195377 0.621004 0.759067 0.448677 
1530720530987 0.179863 0.738244 -0.650112 -0.610722 -0.96407 0.263635 0.0326506 -0.232717 0.195496 0.620881 0.759137 0.448683 
1530720531152 0.17998 0.738313 -0.650001 -0.610773 -0.964059 0.263686 0.0325716 -0.232734 0.195444 0.620776 0.759235 0.448725 
1530720531320 0.18001 0.738395 -0.649899 -0.610834 -0.964043 0.263734 0.0326246 -0.232757 0.195491 0.620658 0.75932 0.448732 
1530720531510 0.179918 0.738437 -0.649877 -0.610884 -0.964044 0.263716 0.0327584 -0.232759 0.195573 0.620616 0.759333 0.448675 
1530720531524 0.179915 0.738442 -0.649873 -0.610888 -0.964045 0.263713 0.0327611 -0.232757 0.195572 0.620612 0.759337 0.448674 
1530720531771 0.179936 0.738486 -0.649817 -0.610949 -0.96404 0.263728 0.0327697 -0.232761 0.195575 0.620553 0.759384 0.448683 
1530720531925 0.179944 0.738454 -0.649851 -0.610995 -0.964032 0.263758 0.032779 -0.232769 0.195609 0.620578 0.759355 0.448692 
1530720532069 0.179857 0.738356 -0.649986 -0.611057 -0.964043 0.263714 0.032809 -0.232735 0.195635 0.620713 0.759238 0.448663 
1530720532221 0.179768 0.738298 -0.650077 -0.611147 -0.964057 0.263658 0.0328447 -0.232696 0.195647 0.620806 0.759158 0.448629 
1530720532523 0.179807 0.738329 -0.65003 -0.611192 -0.964039 0.263719 0.0328763 -0.232711 0.195699 0.620743 0.759197 0.448661 
1530720532695 0.179869 0.738324 -0.65002 -0.611234 -0.964005 0.263836 0.0329257 -0.232747 0.195809 0.6207 0.759204 0.448694 
1530720532855 0.179799 0.738288 -0.650079 -0.611304 -0.963981 0.263903 0.0330944 -0.232742 0.195991 0.620714 0.759146 0.448716 
1530720533017 0.179744 0.738294 -0.650087 -0.611368 -0.963982 0.263893 0.0331652 -0.232718 0.196039 0.620711 0.759135 0.448728 
1530720533204 0.179715 0.738216 -0.650184 -0.611431 -0.963978 0.263905 0.0331878 -0.232719 0.196087 0.620799 0.759051 0.448725 
1530720533217 0.179705 0.73821 -0.650194 -0.611436 -0.96398 0.263897 0.0331881 -0.232716 0.196084 0.62081 0.759043 0.448719 
1530720533385 0.179722 0.738245 -0.650149 -0.611479 -0.963977 0.263906 0.0331914 -0.232725 0.196082 0.620764 0.759081 0.448719 
1530720533566 0.179741 0.738362 -0.650011 -0.611565 -0.96395 0.263987 0.0333183 -0.23277 0.196196 0.62059 0.759194 0.44872 
1530720533843 0.179627 0.738468 -0.649923 -0.611746 -0.963986 0.263852 0.0333704 -0.232714 0.196126 0.620522 0.759267 0.448606 
1530720534050 0.179594 0.738548 -0.649841 -0.611774 -0.963968 0.263898 0.0335126 -0.232706 0.196242 0.620407 0.759331 0.448637 
1530720534220 0.179669 0.738659 -0.649693 -0.611838 -0.963945 0.263979 0.033553 -0.23275 0.196289 0.62024 0.759455 0.448653 
1530720534428 0.179689 0.738703 -0.649638 -0.611916 -0.963945 0.263979 0.033545 -0.232767 0.196271 0.620188 0.759503 0.4486 
1530720534657 0.179558 0.738775 -0.649592 -0.611967 -0.963934 0.26399 0.0337863 -0.232744 0.196446 0.620097 0.759532 0.448575 
1530720534923 0.179547 0.738909 -0.649443 -0.612085 -0.96393 0.263992 0.033868 -0.232729 0.196473 0.619937 0.759655 0.448561 
1530720534937 0.179533 0.738909 -0.649447 -0.612089 -0.963933 0.263979 0.0338734 -0.232721 0.19647 0.619942 0.759652 0.448556 
1530720535201 0.179564 0.738959 -0.649381 -0.612157 -0.963929 0.263994 0.0338685 -0.232736 0.19646 0.619876 0.759708 0.44855 
1530720535369 0.179577 0.738854 -0.649497 -0.612192 -0.963936 0.263981 0.0337843 -0.232744 0.196416 0.620007 0.759613 0.448516 
1530720535627 0.179679 0.738866 -0.649456 -0.612365 -0.963941 0.263981 0.0336392 -0.232779 0.196299 0.619993 0.759655 0.448553 
1530720535844 0.179638 0.738816 -0.649524 -0.61242 -0.96402 0.263727 0.0333656 -0.232742 0.195948 0.62016 0.759609 0.448469 
1530720536027 0.179676 0.738738 -0.649602 -0.612497 -0.964023 0.263729 0.033275 -0.232763 0.1959 0.620252 0.759546 0.448483 
1530720536207 0.179626 0.738779 -0.64957 -0.612572 -0.964044 0.263653 0.0332736 -0.232729 0.195843 0.620237 0.759574 0.448482 
1530720536411 0.179506 0.738847 -0.649525 -0.612677 -0.964089 0.263487 0.0332809 -0.232671 0.195731 0.620225 0.759612 0.448456 
1530720536556 0.179554 0.738858 -0.649499 -0.612727 -0.964074 0.263541 0.0332807 -0.232693 0.195759 0.620189 0.759634 0.448509 
1530720536569 0.179561 0.738852 -0.649504 -0.612732 -0.964072 0.263548 0.0332769 -0.232697 0.195762 0.620193 0.75963 0.448513 
1530720536788 0.179614 0.738861 -0.649479 -0.612795 -0.964068 0.263569 0.0332275 -0.232723 0.195733 0.620174 0.759653 0.448514 
1530720536984 0.179535 0.738902 -0.649454 -0.612882 -0.964107 0.26343 0.0331947 -0.232666 0.195614 0.620184 0.759676 0.448453 
1530720537308 0.179733 0.738962 -0.649332 -0.612986 -0.964137 0.263364 0.0328476 -0.232707 0.195284 0.620141 0.759796 0.448422 
1530720537516 0.179735 0.739036 -0.649247 -0.613028 -0.964132 0.263375 0.032893 -0.232681 0.195305 0.620048 0.759866 0.448455 
1530720537730 0.179663 0.739121 -0.64917 -0.613149 -0.964167 0.263249 0.0328852 -0.232618 0.1952 0.62 0.759932 0.448396 
1530720537907 0.179764 0.739169 -0.649087 -0.6132 -0.964154 0.263306 0.0328268 -0.232598 0.195173 0.619918 0.760006 0.448412 
1530720538108 0.17984 0.739171 -0.649063 -0.613276 -0.964187 0.263212 0.0325994 -0.232592 0.194938 0.619956 0.760035 0.448343 
1530720538290 0.180023 0.739214 -0.648964 -0.613339 -0.964183 0.263252 0.0323962 -0.232642 0.194789 0.619888 0.760129 0.448343 
1530720538481 0.180075 0.739243 -0.648917 -0.613403 -0.964198 0.263211 0.0322833 -0.232648 0.194667 0.619871 0.760174 0.448304 
1530720538495 0.180082 0.739236 -0.648922 -0.613408 -0.964203 0.263195 0.0322498 -0.232645 0.194634 0.619886 0.760171 0.448295 
1530720538840 0.18008 0.739381 -0.648758 -0.613483 -0.964166 0.263306 0.0324566 -0.232671 0.19482 0.619665 0.760303 0.448354 
1530720539157 0.180114 0.73925 -0.648898 -0.613594 -0.964161 0.263334 0.0323795 -0.232675 0.194814 0.61981 0.760186 0.44834 
1530720539424 0.179971 0.739333 -0.648843 -0.613658 -0.96414 0.263376 0.0326811 -0.232652 0.195052 0.619693 0.76022 0.448336 
1530720539681 0.180083 0.739291 -0.64886 -0.613734 -0.964119 0.26346 0.0325991 -0.232685 0.195049 0.619708 0.760209 0.448306 
1530720539857 0.179985 0.739306 -0.64887 -0.613802 -0.964107 0.263482 0.0327788 -0.23267 0.195199 0.61968 0.760193 0.44829 
1530720540046 0.179956 0.739278 -0.64891 -0.613872 -0.964082 0.263559 0.0329024 -0.232685 0.19535 0.619681 0.760154 0.448279 
1530720540217 0.180071 0.739273 -0.648883 -0.613938 -0.964049 0.263683 0.0328821 -0.232747 0.195408 0.619634 0.760177 0.448298 
1530720540429 0.180056 0.739219 -0.648949 -0.614041 -0.964028 0.263748 0.0329592 -0.232754 0.195523 0.619671 0.760118 0.448274 
1530720540596 0.179958 0.739197 -0.649001 -0.614106 -0.964009 0.263794 0.0331506 -0.232761 0.195708 0.619678 0.760065 0.448228 
1530720540613 0.179943 0.739203 -0.648998 -0.614114 -0.964004 0.263806 0.0331902 -0.232763 0.195744 0.619665 0.760065 0.448228 
1530720540853 0.179923 0.739126 -0.649092 -0.614176 -0.964017 0.263769 0.0331378 -0.232775 0.195703 0.619773 0.759988 0.448129 
1530720541016 0.179952 0.739263 -0.648928 -0.614258 -0.963995 0.263835 0.0332407 -0.232755 0.195783 0.619581 0.760124 0.448222 
1530720541192 0.180037 0.739367 -0.648786 -0.61435 -0.963973 0.263914 0.0332592 -0.23278 0.195814 0.619424 0.760244 0.448265 
1530720541384 0.180072 0.739289 -0.648865 -0.614427 -0.963967 0.263941 0.0332045 -0.232815 0.19581 0.619505 0.760179 0.448216 
1530720541581 0.179983 0.739344 -0.648828 -0.614531 -0.963982 0.263878 0.0332849 -0.23275 0.19582 0.619467 0.760207 0.448215 
1530720541787 0.180069 0.739318 -0.648833 -0.614603 -0.963979 0.263901 0.0331733 -0.232812 0.195753 0.619488 0.760208 0.448138 
1530720541957 0.180097 0.739388 -0.648745 -0.614689 -0.963959 0.263966 0.0332438 -0.232814 0.195827 0.619376 0.76028 0.448183 
1530720542138 0.180034 0.739495 -0.648641 -0.614808 -0.963955 0.263964 0.0333851 -0.232765 0.195906 0.61925 0.760362 0.448218 
1530720542282 0.180079 0.739439 -0.648692 -0.61486 -0.963952 0.263981 0.0333143 -0.23281 0.195876 0.619309 0.760322 0.448155 
1530720542305 0.180091 0.739437 -0.648691 -0.61487 -0.963949 0.263993 0.0333092 -0.232817 0.19588 0.619307 0.760322 0.448153 
1530720542539 0.180187 0.739451 -0.648649 -0.614998 -0.963956 0.263986 0.0331649 -0.232847 0.195758 0.619293 0.760365 0.448111 
1530720542745 0.180223 0.739386 -0.648712 -0.615098 -0.963987 0.263896 0.0329708 -0.232826 0.195571 0.619408 0.760319 0.448083 
1530720542949 0.180335 0.739508 -0.648543 -0.615196 -0.963968 0.263971 0.0329528 -0.232855 0.195565 0.619231 0.760465 0.448147 
1530720543183 0.180228 0.739691 -0.648364 -0.615424 -0.964048 0.263688 0.0328502 -0.232693 0.195265 0.619133 0.760622 0.448207 
1530720543388 0.180198 0.739568 -0.648512 -0.615487 -0.964103 0.263516 0.0326263 -0.232702 0.195023 0.619353 0.760505 0.448054 
1530720543577 0.180318 0.739694 -0.648335 -0.615554 -0.964073 0.263624 0.0326391 -0.232731 0.19506 0.619157 0.760656 0.44815 
1530720543772 0.18039 0.739717 -0.648288 -0.615625 -0.964083 0.263604 0.0325189 -0.232731 0.194946 0.619137 0.7607 0.448144 
1530720543786 0.180392 0.739715 -0.648291 -0.615629 -0.964084 0.263601 0.0325116 -0.232733 0.194939 0.619142 0.760698 0.448137 
1530720543985 0.180475 0.739761 -0.648215 -0.615693 -0.964081 0.263621 0.0324335 -0.232776 0.194876 0.619078 0.760766 0.448118 
1530720544171 0.180402 0.739858 -0.648125 -0.61579 -0.964106 0.263526 0.0324704 -0.232716 0.194821 0.619003 0.760842 0.44811 
1530720544353 0.180459 0.739897 -0.648064 -0.615889 -0.964113 0.263509 0.032383 -0.232726 0.194731 0.618963 0.760897 0.448096 
1530720544554 0.180594 0.739932 -0.647986 -0.616005 -0.964105 0.263556 0.0322564 -0.232763 0.194648 0.618901 0.760969 0.448115 
1530720544751 0.180556 0.740009 -0.647909 -0.616108 -0.964124 0.263484 0.0322611 -0.232715 0.194587 0.61884 0.761034 0.448117 
1530720544953 0.180532 0.73996 -0.647972 -0.616199 -0.96416 0.263367 0.0321295 -0.232726 0.194429 0.618948 0.760986 0.447973 
1530720545121 0.180442 0.740146 -0.647785 -0.616316 -0.964165 0.263329 0.032304 -0.232628 0.19449 0.618742 0.761138 0.448069 
1530720545336 0.180518 0.740106 -0.647809 -0.616403 -0.964168 0.263334 0.0321779 -0.232686 0.194405 0.618788 0.761123 0.447991 
1530720545479 0.180649 0.740216 -0.647647 -0.616478 -0.96414 0.263438 0.0321632 -0.232737 0.194423 0.618612 0.761261 0.448047 
1530720545493 0.180667 0.740238 -0.647617 -0.616488 -0.964135 0.263457 0.0321695 -0.232741 0.194432 0.618578 0.761287 0.448063 
1530720545704 0.180683 0.740233 -0.647617 -0.616553 -0.964138 0.26345 0.0321349 -0.232755 0.194402 0.618586 0.761288 0.448034 
1530720545959 0.180687 0.740366 -0.647465 -0.616678 -0.964132 0.263462 0.0322057 -0.232743 0.194426 0.618422 0.761415 0.448051 
1530720546206 0.180719 0.740496 -0.647307 -0.616892 -0.964133 0.263457 0.0322139 -0.232806 0.194392 0.618269 0.761548 0.447921 
1530720546437 0.180675 0.740678 -0.647111 -0.617 -0.96413 0.263452 0.0323586 -0.232737 0.19445 0.618052 0.761709 0.448009 
1530720546641 0.180575 0.740699 -0.647114 -0.617081 -0.964161 0.263335 0.0323721 -0.232691 0.194386 0.618077 0.761705 0.447929 
1530720546926 0.18056 0.74089 -0.6469 -0.617307 -0.964152 0.263353 0.0325055 -0.232751 0.194446 0.617841 0.761882 0.447825 
1530720547159 0.180514 0.741021 -0.646763 -0.617389 -0.964151 0.263341 0.0326204 -0.232696 0.194491 0.617689 0.761993 0.447893 
1530720547181 0.180518 0.741028 -0.646754 -0.617399 -0.964151 0.263341 0.0326188 -0.232697 0.194488 0.61768 0.762001 0.447891 
1530720547373 0.180412 0.741016 -0.646798 -0.617493 -0.964165 0.26328 0.0326961 -0.232636 0.194517 0.617721 0.761961 0.447885 
1530720547581 0.18035 0.741053 -0.646772 -0.617575 -0.964133 0.26337 0.0329169 -0.232681 0.194734 0.617638 0.761972 0.447898 
1530720547832 0.180299 0.740888 -0.646975 -0.617815 -0.964137 0.263359 0.0329013 -0.232721 0.194763 0.61784 0.761801 0.447801 
1530720548021 0.180215 0.740955 -0.646922 -0.617859 -0.964128 0.263369 0.0330712 -0.232754 0.194884 0.617756 0.761839 0.447799 
1530720548266 0.180194 0.740875 -0.647019 -0.618001 -0.964092 0.263486 0.0332077 -0.232771 0.195083 0.617802 0.76175 0.447831 
1530720548431 0.180121 0.740908 -0.647002 -0.618043 -0.964085 0.263492 0.0333396 -0.232804 0.195181 0.61776 0.761759 0.447785 
1530720548643 0.180044 0.740835 -0.647108 -0.618177 -0.964099 0.26344 0.0333571 -0.23287 0.195186 0.61787 0.761669 0.4477 
1530720548830 0.179832 0.740903 -0.647089 -0.618254 -0.964123 0.263326 0.0335645 -0.232787 0.195263 0.617837 0.761675 0.447726 
1530720548844 0.179833 0.740917 -0.647072 -0.61826 -0.964121 0.263333 0.0335775 -0.23279 0.195273 0.617817 0.761689 0.447735 
1530720549261 0.179928 0.740925 -0.647036 -0.618338 -0.964088 0.263452 0.0335863 -0.232806 0.195348 0.617756 0.761719 0.44772 
1530720549429 0.180094 0.740912 -0.647005 -0.618401 -0.964087 0.263481 0.0333695 -0.232839 0.195198 0.61776 0.761755 0.447706 
1530720549618 0.180354 0.740877 -0.646973 -0.6186 -0.964016 0.263749 0.0332964 -0.232816 0.195307 0.617688 0.761785 0.44768 
1530720549901 0.180449 0.740854 -0.646973 -0.618743 -0.96401 0.263786 0.0331894 -0.232849 0.195251 0.617699 0.761791 0.447608 
1530720550163 0.180566 0.740891 -0.646898 -0.618851 -0.96401 0.263802 0.0330515 -0.23282 0.195141 0.617648 0.76186 0.447694 
1530720550409 0.180768 0.740765 -0.646985 -0.619023 -0.963968 0.263974 0.0329033 -0.232828 0.195161 0.617725 0.761792 0.447531 
1530720550585 0.180803 0.740823 -0.64691 -0.619103 -0.963947 0.264045 0.032966 -0.232766 0.195235 0.617626 0.761854 0.447595 
1530720550598 0.180805 0.740822 -0.64691 -0.619108 -0.963946 0.264048 0.0329659 -0.232761 0.195237 0.617626 0.761854 0.447597 
1530720550813 0.180869 0.74085 -0.64686 -0.619183 -0.963932 0.2641 0.0329482 -0.232753 0.195246 0.61757 0.761897 0.447588 
1530720551089 0.180976 0.740898 -0.646775 -0.619305 -0.963937 0.2641 0.0328107 -0.232807 0.195123 0.617513 0.761975 0.447487 
1530720551311 0.18098 0.74103 -0.646623 -0.619369 -0.963932 0.264108 0.0328777 -0.232775 0.195142 0.617351 0.762101 0.447538 
1530720551506 0.180941 0.741192 -0.646448 -0.619502 -0.963949 0.26404 0.0329281 -0.232718 0.195094 0.617185 0.762247 0.447535 
1530720551699 0.181002 0.741204 -0.646417 -0.61955 -0.963972 0.263978 0.0327663 -0.23276 0.194927 0.617197 0.76228 0.447442 
1530720551912 0.180982 0.741277 -0.646339 -0.619657 -0.964004 0.263869 0.0326948 -0.232737 0.194784 0.617156 0.76235 0.447345 
1530720552132 0.181178 0.741492 -0.646037 -0.619758 -0.963948 0.264068 0.0327507 -0.232762 0.194882 0.616812 0.762603 0.447466 
1530720552348 0.181193 0.741707 -0.645786 -0.619939 -0.963982 0.263952 0.0326865 -0.232733 0.194701 0.616603 0.762819 0.447414 
1530720552371 0.181139 0.741775 -0.645723 -0.619967 -0.963999 0.263887 0.0327178 -0.232689 0.194667 0.61655 0.76287 0.44742 
1530720552677 0.181325 0.741678 -0.645782 -0.620031 -0.963929 0.264143 0.0327122 -0.232818 0.194841 0.616557 0.76282 0.44742 
1530720552892 0.180785 0.741938 -0.645636 -0.62022 -0.963955 0.263958 0.0334108 -0.232661 0.195209 0.616324 0.762914 0.447478 
1530720553090 0.180722 0.741883 -0.645716 -0.620309 -0.963957 0.263945 0.033464 -0.232697 0.19526 0.616395 0.762844 0.447381 
1530720553265 0.180829 0.741923 -0.64564 -0.620383 -0.963905 0.264125 0.0335459 -0.232766 0.195418 0.61627 0.762905 0.447444 
1530720553494 0.180736 0.741816 -0.645789 -0.620468 -0.963852 0.264282 0.0338293 -0.232805 0.195766 0.616331 0.762766 0.447379 
1530720553678 0.180624 0.741886 -0.64574 -0.620569 -0.963868 0.264209 0.0339379 -0.232796 0.195788 0.616279 0.762802 0.447355 
1530720553899 0.180568 0.741995 -0.64563 -0.620671 -0.963843 0.264273 0.0341532 -0.232783 0.195965 0.616119 0.762886 0.447434 
1530720554094 0.18031 0.742064 -0.645623 -0.62077 -0.963845 0.26422 0.0345043 -0.232714 0.196191 0.616059 0.762876 0.447443 
1530720554108 0.18028 0.742053 -0.645645 -0.620779 -0.963848 0.264205 0.0345258 -0.232707 0.196202 0.616079 0.762857 0.447428 
1530720554322 0.180397 0.741995 -0.645678 -0.620853 -0.96384 0.264255 0.0343858 -0.232757 0.196137 0.616127 0.762835 0.447426 
1530720554651 0.180423 0.741937 -0.645737 -0.621192 -0.963884 0.264122 0.0341553 -0.232704 0.195895 0.616254 0.762795 0.447393 
1530720555054 0.180663 0.742138 -0.645439 -0.621268 -0.963879 0.26417 0.0339506 -0.232756 0.195701 0.615992 0.763057 0.447563 
1530720555260 0.180461 0.741879 -0.645794 -0.621403 -0.96394 0.263957 0.0338663 -0.232687 0.195586 0.616395 0.76276 0.447393 
1530720555481 0.180597 0.742074 -0.645531 -0.621513 -0.963913 0.264055 0.0338765 -0.232702 0.195595 0.616117 0.762982 0.447524 
1530720555686 0.180682 0.742013 -0.645577 -0.621635 -0.963925 0.264033 0.0336944 -0.232725 0.195455 0.6162 0.762951 0.447489 
1530720555899 0.180741 0.741913 -0.645676 -0.621761 -0.963966 0.263919 0.0334177 -0.232711 0.195199 0.61637 0.76288 0.447426 
1530720556096 0.180785 0.741848 -0.645739 -0.621897 -0.963967 0.263926 0.0333296 -0.232735 0.195153 0.616445 0.762831 0.447418 
1530720556109 0.180752 0.741833 -0.645765 -0.621913 -0.963974 0.2639 0.0333395 -0.232719 0.19515 0.616475 0.762808 0.447411 
1530720556326 0.180813 0.74195 -0.645613 -0.622015 -0.96397 0.263915 0.0333225 -0.232731 0.195111 0.616326 0.762937 0.447437 
1530720556534 0.180852 0.742016 -0.645527 -0.622163 -0.963992 0.26385 0.0332145 -0.232751 0.194968 0.616276 0.763015 0.447329 
1530720556780 0.180888 0.742228 -0.645273 -0.622355 -0.963966 0.263925 0.0333552 -0.232713 0.195061 0.615988 0.763224 0.447452 
1530720557086 0.180973 0.742194 -0.645288 -0.622508 -0.963974 0.263916 0.0332 -0.232773 0.194943 0.616033 0.763218 0.447324 
1530720557393 0.180857 0.742355 -0.645135 -0.62268 -0.963995 0.263824 0.033335 -0.232663 0.194948 0.615878 0.763341 0.447325 
1530720557656 0.181103 0.742477 -0.644926 -0.622784 -0.963938 0.264036 0.0332881 -0.23277 0.194999 0.61564 0.76352 0.447373 
1530720557870 0.180978 0.742506 -0.644928 -0.622912 -0.963964 0.263932 0.0333597 -0.232697 0.194987 0.61565 0.763515 0.447266 
1530720558105 0.180992 0.742672 -0.644732 -0.623055 -0.963932 0.264026 0.0335348 -0.232686 0.195131 0.615409 0.763673 0.447307 
1530720558301 0.180946 0.7427 -0.644714 -0.623206 -0.963958 0.263938 0.0335062 -0.232655 0.195049 0.615414 0.76369 0.447216 
1530720558314 0.180952 0.742702 -0.64471 -0.623214 -0.963956 0.263942 0.0335037 -0.232658 0.195049 0.615409 0.763693 0.447216 
1530720558680 0.180978 0.742759 -0.644636 -0.623393 -0.963959 0.263936 0.0334842 -0.232656 0.195013 0.615342 0.763756 0.447181 
1530720558925 0.181376 0.742767 -0.644516 -0.623519 -0.963897 0.264194 0.0332134 -0.232716 0.194947 0.615223 0.763869 0.44724 
1530720559286 0.181295 0.742801 -0.644499 -0.623912 -0.963929 0.264079 0.0332073 -0.232602 0.194865 0.615231 0.763884 0.447125 
1530720559526 0.181682 0.743016 -0.644142 -0.624033 -0.963868 0.264323 0.0330345 -0.232688 0.194807 0.614866 0.764192 0.447274 
1530720559718 0.181492 0.742943 -0.64428 -0.624229 -0.963929 0.264104 0.0330121 -0.232539 0.194683 0.615048 0.764077 0.447142 
1530720559930 0.181833 0.743069 -0.644039 -0.624372 -0.963862 0.264365 0.0328858 -0.232641 0.194698 0.614785 0.764286 0.447246 
1530720560174 0.181943 0.743108 -0.643963 -0.624557 -0.963854 0.264406 0.0327909 -0.232609 0.194635 0.61472 0.764354 0.447171 
1530720560201 0.181961 0.743112 -0.643952 -0.624567 -0.963851 0.264418 0.0327802 -0.232616 0.194632 0.614709 0.764363 0.44717 
1530720560516 0.181968 0.743184 -0.643868 -0.62477 -0.963858 0.264393 0.0327731 -0.232599 0.194591 0.614633 0.764435 0.447122 
1530720560751 0.181955 0.743382 -0.643643 -0.624912 -0.96381 0.264531 0.0330589 -0.232613 0.194839 0.614334 0.764612 0.447206 
1530720560989 0.181963 0.743444 -0.643568 -0.625117 -0.963782 0.264618 0.0331835 -0.232625 0.19497 0.614222 0.764669 0.447207 
1530720561301 0.181851 0.743447 -0.643596 -0.625339 -0.963803 0.264533 0.0332466 -0.232556 0.19497 0.614254 0.764643 0.447111 
1530720561563 0.181957 0.74351 -0.643494 -0.625514 -0.963783 0.264612 0.0332171 -0.232625 0.194974 0.614145 0.76473 0.447082 
1530720561810 0.18198 0.743659 -0.643315 -0.62567 -0.963746 0.264725 0.033394 -0.232663 0.195135 0.613915 0.764873 0.447119 
1530720562200 0.181775 0.743705 -0.64332 -0.626078 -0.963789 0.264552 0.033506 -0.232588 0.19511 0.613934 0.764864 0.446964 
1530720562434 0.181881 0.743944 -0.643013 -0.626208 -0.963733 0.264733 0.0336884 -0.232639 0.195289 0.613566 0.765114 0.447062 
1530720562448 0.181885 0.743946 -0.643011 -0.626215 -0.963731 0.26474 0.0336908 -0.232645 0.195295 0.613561 0.765116 0.447054 
1530720562686 0.181947 0.743933 -0.643008 -0.626389 -0.963692 0.264873 0.0337576 -0.23268 0.195429 0.61352 0.765115 0.447094 
1530720562993 0.181829 0.743976 -0.642991 -0.626583 -0.963745 0.264685 0.0337205 -0.232658 0.195277 0.613548 0.765131 0.447007 
1530720563253 0.181499 0.743979 -0.643081 -0.626975 -0.963865 0.264253 0.0336777 -0.232605 0.194991 0.613731 0.765057 0.446918 
1530720563500 0.18175 0.744042 -0.642937 -0.627124 -0.963842 0.264365 0.0334718 -0.232675 0.194874 0.613606 0.765187 0.446971 
1530720563769 0.181794 0.74401 -0.642962 -0.627312 -0.963846 0.264361 0.0333866 -0.232713 0.194814 0.613647 0.76517 0.446908 
1530720564009 0.181552 0.744096 -0.642931 -0.627511 -0.963925 0.264069 0.0334247 -0.232638 0.194649 0.613669 0.765194 0.446854 
1530720564261 0.181478 0.744038 -0.643018 -0.627697 -0.963943 0.264 0.0334221 -0.232633 0.194624 0.613768 0.765121 0.446868 
1530720564491 0.181486 0.744083 -0.642964 -0.627851 -0.963973 0.263906 0.0333141 -0.232659 0.19447 0.613754 0.765171 0.446774 
1530720564505 0.181484 0.744054 -0.642999 -0.627873 -0.963974 0.263903 0.0332998 -0.232664 0.194466 0.613791 0.765143 0.446759 
1530720564738 0.181625 0.744228 -0.642757 -0.628024 -0.963942 0.264018 0.0333142 -0.232709 0.194493 0.61353 0.765345 0.446844 
1530720565008 0.181586 0.744208 -0.642792 -0.628231 -0.963961 0.263953 0.033284 -0.23268 0.194437 0.613583 0.765317 0.446785 
1530720565258 0.181752 0.744312 -0.642624 -0.628411 -0.964003 0.263841 0.0329436 -0.232695 0.194071 0.613504 0.765473 0.446738 
1530720565486 0.181655 0.744433 -0.642512 -0.6286 -0.963996 0.263842 0.0331474 -0.232635 0.194198 0.613357 0.765559 0.446821 
1530720565728 0.181794 0.74447 -0.642429 -0.628764 -0.964007 0.263829 0.0329413 -0.232665 0.194015 0.613317 0.765637 0.446792 
1530720565967 0.181807 0.744451 -0.642448 -0.628968 -0.964018 0.263798 0.032874 -0.232665 0.19395 0.613354 0.765624 0.446735 
1530720566199 0.181705 0.744716 -0.64217 -0.62918 -0.964042 0.263692 0.0330192 -0.23254 0.193925 0.613079 0.765851 0.4468 
1530720566454 0.181916 0.74449 -0.642372 -0.629342 -0.96405 0.263711 0.0326205 -0.232657 0.193686 0.613344 0.765699 0.44665 
1530720566709 0.181909 0.744744 -0.642079 -0.629525 -0.964062 0.263657 0.0326848 -0.232574 0.193631 0.613058 0.765942 0.446729 
1530720566722 0.181915 0.744748 -0.642073 -0.629538 -0.964068 0.263642 0.0326574 -0.23257 0.193599 0.613061 0.765948 0.446722 
1530720566989 0.182042 0.744765 -0.642016 -0.629731 -0.964035 0.263765 0.0326277 -0.232621 0.193641 0.612987 0.765996 0.446757 
