1530552111696 -0.0146178 -0.157589 0.987397 0.384664 -0.994435 0.105331 0.00208888 -0.490047 -0.104332 -0.981871 -0.158252 0.44114 
1530552119410 -0.0146157 -0.157589 0.987397 0.384665 -0.994435 0.105332 0.00209123 -0.490046 -0.104334 -0.981871 -0.158252 0.441139 
1530552119426 -0.014616 -0.15759 0.987397 0.384664 -0.994435 0.105333 0.00209103 -0.490046 -0.104335 -0.981871 -0.158252 0.441139 
1530552119443 -0.014616 -0.15759 0.987397 0.384665 -0.994435 0.105332 0.00209093 -0.490046 -0.104334 -0.981871 -0.158252 0.441139 
1530552119460 -0.0146159 -0.15759 0.987397 0.384665 -0.994435 0.105333 0.00209111 -0.490046 -0.104335 -0.981871 -0.158252 0.441139 
1530552119477 -0.0146158 -0.15759 0.987397 0.384665 -0.994435 0.105332 0.00209118 -0.490046 -0.104334 -0.981871 -0.158252 0.441139 
1530552119493 -0.0146159 -0.15759 0.987397 0.384665 -0.994435 0.105332 0.00209108 -0.490046 -0.104334 -0.981871 -0.158252 0.441139 
1530552119510 -0.014616 -0.15759 0.987397 0.384664 -0.994435 0.105333 0.00209096 -0.490046 -0.104335 -0.981871 -0.158252 0.441139 
1530552119526 -0.0146158 -0.15759 0.987397 0.384665 -0.994435 0.105333 0.00209121 -0.490046 -0.104335 -0.981871 -0.158252 0.441139 
1530552119543 -0.0146159 -0.157589 0.987397 0.384665 -0.994435 0.105333 0.00209108 -0.490046 -0.104335 -0.981871 -0.158252 0.441139 
1530552119560 -0.0146161 -0.15759 0.987397 0.384664 -0.994435 0.105332 0.00209093 -0.490046 -0.104334 -0.981871 -0.158252 0.441139 
1530552119683 -0.0146161 -0.157589 0.987397 0.384665 -0.994435 0.105333 0.00209088 -0.490046 -0.104335 -0.981871 -0.158252 0.441139 
1530552119700 -0.0146157 -0.157589 0.987397 0.384665 -0.994435 0.105332 0.00209123 -0.490046 -0.104334 -0.981871 -0.158252 0.441139 
1530552119716 -0.0146159 -0.157589 0.987397 0.384665 -0.994435 0.105332 0.00209102 -0.490046 -0.104334 -0.981871 -0.158252 0.441139 
1530552119733 -0.0146157 -0.15759 0.987397 0.384665 -0.994435 0.105332 0.00209126 -0.490046 -0.104334 -0.981871 -0.158252 0.441139 
1530552119750 -0.014616 -0.15759 0.987397 0.384665 -0.994435 0.105333 0.00209099 -0.490046 -0.104335 -0.981871 -0.158252 0.441139 
1530552119766 -0.0146156 -0.157589 0.987397 0.384665 -0.994435 0.105332 0.00209135 -0.490046 -0.104335 -0.981871 -0.158252 0.441139 
1530552119783 -0.0146157 -0.15759 0.987397 0.384665 -0.994435 0.105332 0.00209125 -0.490046 -0.104334 -0.981871 -0.158252 0.441139 
1530552119800 -0.014616 -0.15759 0.987397 0.384665 -0.994435 0.105333 0.00209101 -0.490046 -0.104335 -0.981871 -0.158252 0.441139 
1530552119816 -0.0146158 -0.15759 0.987397 0.384665 -0.994435 0.105333 0.00209119 -0.490046 -0.104335 -0.981871 -0.158252 0.441139 
1530552119833 -0.0146156 -0.15759 0.987397 0.384665 -0.994435 0.105333 0.00209144 -0.490046 -0.104335 -0.981871 -0.158252 0.441139 
1530552119950 -0.0146159 -0.157589 0.987397 0.384665 -0.994435 0.105332 0.00209107 -0.490046 -0.104334 -0.981871 -0.158252 0.441139 
1530552119966 -0.014616 -0.15759 0.987397 0.384665 -0.994435 0.105332 0.00209096 -0.490046 -0.104334 -0.981871 -0.158252 0.441139 
1530552119983 -0.014616 -0.157589 0.987397 0.384664 -0.994435 0.105333 0.00209102 -0.490046 -0.104334 -0.981871 -0.158252 0.441139 
1530552120000 -0.0146159 -0.157589 0.987397 0.384665 -0.994435 0.105333 0.00209106 -0.490046 -0.104334 -0.981871 -0.158252 0.441139 
1530552120016 -0.0146159 -0.157589 0.987397 0.384665 -0.994435 0.105333 0.00209112 -0.490046 -0.104335 -0.981871 -0.158252 0.441139 
1530552120035 -0.0146157 -0.157589 0.987397 0.384665 -0.994435 0.105333 0.00209129 -0.490046 -0.104335 -0.981871 -0.158252 0.441139 
1530552120050 -0.0146158 -0.157589 0.987397 0.384665 -0.994435 0.105333 0.00209118 -0.490046 -0.104335 -0.981871 -0.158252 0.441139 
1530552120066 -0.0146159 -0.15759 0.987397 0.384665 -0.994435 0.105332 0.00209107 -0.490046 -0.104334 -0.981871 -0.158252 0.441139 
1530552120083 -0.0146157 -0.157589 0.987397 0.384665 -0.994435 0.105333 0.00209133 -0.490046 -0.104335 -0.981871 -0.158252 0.441139 
1530552120100 -0.0146157 -0.157589 0.987397 0.384665 -0.994435 0.105333 0.00209133 -0.490046 -0.104335 -0.981871 -0.158252 0.441139 
1530552120246 -0.0146158 -0.157589 0.987397 0.384665 -0.994435 0.105333 0.00209126 -0.490046 -0.104335 -0.981871 -0.158252 0.441139 
1530552120263 -0.0146157 -0.15759 0.987397 0.384665 -0.994435 0.105333 0.00209131 -0.490046 -0.104335 -0.981871 -0.158252 0.441139 
1530552120283 -0.0146158 -0.157589 0.987397 0.384665 -0.994435 0.105333 0.00209126 -0.490046 -0.104335 -0.981871 -0.158252 0.441139 
1530552120300 -0.0146157 -0.15759 0.987397 0.384665 -0.994435 0.105333 0.00209128 -0.490046 -0.104335 -0.981871 -0.158252 0.441139 
1530552120316 -0.0146156 -0.15759 0.987397 0.384665 -0.994435 0.105333 0.00209146 -0.490046 -0.104335 -0.981871 -0.158252 0.441139 
1530552120333 -0.0146156 -0.157589 0.987397 0.384665 -0.994435 0.105333 0.00209137 -0.490046 -0.104335 -0.981871 -0.158252 0.441139 
1530552120357 -0.0146158 -0.157589 0.987397 0.384665 -0.994435 0.105333 0.00209127 -0.490046 -0.104335 -0.981871 -0.158252 0.441139 
1530552120483 -0.0146156 -0.157589 0.987397 0.384665 -0.994435 0.105332 0.00209134 -0.490046 -0.104334 -0.981871 -0.158252 0.441139 
1530552120500 -0.0146156 -0.15759 0.987397 0.384665 -0.994435 0.105333 0.00209143 -0.490046 -0.104335 -0.981871 -0.158252 0.441139 
1530552120517 -0.0146155 -0.157589 0.987397 0.384665 -0.994435 0.105333 0.00209149 -0.490046 -0.104335 -0.981871 -0.158252 0.441139 
1530552120533 -0.0146157 -0.157589 0.987397 0.384665 -0.994435 0.105333 0.00209137 -0.490046 -0.104335 -0.981871 -0.158252 0.441139 
1530552120550 -0.0146159 -0.15759 0.987397 0.384665 -0.994435 0.105333 0.00209116 -0.490046 -0.104335 -0.981871 -0.158252 0.441139 
1530552120567 -0.0146159 -0.15759 0.987397 0.384665 -0.994435 0.105333 0.00209118 -0.490046 -0.104335 -0.981871 -0.158252 0.441139 
1530552120583 -0.0146154 -0.157589 0.987397 0.384665 -0.994435 0.105332 0.00209155 -0.490046 -0.104335 -0.981871 -0.158252 0.441139 
1530552120600 -0.0146155 -0.15759 0.987397 0.384665 -0.994435 0.105333 0.0020915 -0.490046 -0.104335 -0.981871 -0.158252 0.441139 
1530552120617 -0.0146158 -0.157589 0.987397 0.384665 -0.994435 0.105333 0.00209127 -0.490046 -0.104335 -0.981871 -0.158252 0.441139 
1530552120633 -0.0146155 -0.157589 0.987397 0.384665 -0.994435 0.105333 0.00209148 -0.490046 -0.104335 -0.981871 -0.158252 0.441139 
1530552120787 -0.0146153 -0.15759 0.987397 0.384665 -0.994435 0.105332 0.00209161 -0.490046 -0.104334 -0.981871 -0.158252 0.441139 
1530552120803 -0.0146156 -0.157589 0.987397 0.384665 -0.994435 0.105333 0.00209138 -0.490046 -0.104335 -0.981871 -0.158252 0.441139 
1530552120820 -0.0146157 -0.157589 0.987397 0.384665 -0.994435 0.105333 0.00209128 -0.490046 -0.104335 -0.981871 -0.158252 0.441139 
1530552120837 -0.0146154 -0.15759 0.987397 0.384665 -0.994435 0.105332 0.00209157 -0.490046 -0.104335 -0.981871 -0.158252 0.441139 
1530552120853 -0.0146156 -0.157589 0.987397 0.384665 -0.994435 0.105333 0.00209144 -0.490046 -0.104335 -0.981871 -0.158252 0.441139 
1530552120870 -0.0146154 -0.157589 0.987397 0.384665 -0.994435 0.105333 0.00209155 -0.490046 -0.104335 -0.981871 -0.158252 0.441139 
1530552120887 -0.0146155 -0.15759 0.987397 0.384665 -0.994435 0.105333 0.00209149 -0.490046 -0.104335 -0.981871 -0.158252 0.441139 
1530552120903 -0.0146156 -0.157589 0.987397 0.384665 -0.994435 0.105333 0.00209144 -0.490046 -0.104335 -0.981871 -0.158252 0.441139 
1530552120920 -0.0146157 -0.157589 0.987397 0.384665 -0.994435 0.105333 0.00209131 -0.490046 -0.104335 -0.981871 -0.158252 0.441139 
1530552120937 -0.0146156 -0.15759 0.987397 0.384665 -0.994435 0.105333 0.00209139 -0.490046 -0.104335 -0.981871 -0.158252 0.441139 
1530552121060 -0.0146157 -0.157589 0.987397 0.384665 -0.994435 0.105333 0.00209138 -0.490046 -0.104335 -0.981871 -0.158252 0.441139 
1530552121077 -0.0146155 -0.157589 0.987397 0.384665 -0.994435 0.105333 0.00209148 -0.490046 -0.104335 -0.981871 -0.158252 0.441139 
1530552121093 -0.0146157 -0.157589 0.987397 0.384665 -0.994435 0.105333 0.00209137 -0.490046 -0.104335 -0.981871 -0.158252 0.441139 
1530552121110 -0.0146157 -0.15759 0.987397 0.384665 -0.994435 0.105333 0.00209132 -0.490046 -0.104335 -0.981871 -0.158252 0.441139 
1530552121127 -0.0146154 -0.157589 0.987397 0.384665 -0.994435 0.105333 0.00209165 -0.490046 -0.104335 -0.981871 -0.158252 0.441139 
1530552121143 -0.0146155 -0.15759 0.987397 0.384665 -0.994435 0.105333 0.00209153 -0.490046 -0.104335 -0.981871 -0.158252 0.441139 
1530552121160 -0.0146157 -0.157589 0.987397 0.384665 -0.994435 0.105333 0.00209138 -0.490046 -0.104335 -0.981871 -0.158252 0.441139 
1530552121180 -0.0146155 -0.157589 0.987397 0.384665 -0.994435 0.105333 0.00209152 -0.490046 -0.104335 -0.981871 -0.158252 0.441139 
1530552121197 -0.0146154 -0.15759 0.987397 0.384665 -0.994435 0.105333 0.0020916 -0.490046 -0.104335 -0.981871 -0.158252 0.441139 
1530552121347 -0.0146157 -0.15759 0.987397 0.384665 -0.994435 0.105333 0.00209137 -0.490046 -0.104335 -0.981871 -0.158252 0.441139 
1530552121364 -0.0146154 -0.157589 0.987397 0.384665 -0.994435 0.105333 0.00209162 -0.490046 -0.104335 -0.981871 -0.158252 0.441139 
1530552121380 -0.0146155 -0.15759 0.987397 0.384665 -0.994435 0.105333 0.00209155 -0.490046 -0.104335 -0.981871 -0.158252 0.441139 
1530552121397 -0.0146153 -0.157589 0.987397 0.384665 -0.994435 0.105333 0.00209171 -0.490046 -0.104335 -0.981871 -0.158252 0.441139 
1530552121414 -0.0146155 -0.157589 0.987397 0.384665 -0.994435 0.105333 0.00209154 -0.490046 -0.104335 -0.981871 -0.158252 0.441139 
1530552121430 -0.0146155 -0.157589 0.987397 0.384665 -0.994435 0.105333 0.00209152 -0.490046 -0.104335 -0.981871 -0.158252 0.441139 
1530552121447 -0.0146155 -0.157589 0.987397 0.384665 -0.994435 0.105333 0.00209147 -0.490046 -0.104335 -0.981871 -0.158252 0.441139 
1530552121464 -0.0146154 -0.15759 0.987397 0.384665 -0.994435 0.105333 0.00209162 -0.490046 -0.104335 -0.981871 -0.158252 0.441139 
1530552121480 -0.0146155 -0.15759 0.987397 0.384665 -0.994435 0.105333 0.00209153 -0.490046 -0.104335 -0.981871 -0.158252 0.441139 
1530552121497 -0.0146152 -0.157589 0.987397 0.384665 -0.994435 0.105333 0.00209177 -0.490046 -0.104335 -0.981871 -0.158252 0.441139 
1530552121620 -0.0146157 -0.15759 0.987397 0.384665 -0.994435 0.105333 0.00209142 -0.490046 -0.104335 -0.981871 -0.158252 0.441139 
1530552121637 -0.0146155 -0.15759 0.987397 0.384665 -0.994435 0.105333 0.00209161 -0.490046 -0.104335 -0.981871 -0.158252 0.441139 
1530552121654 -0.0146155 -0.157589 0.987397 0.384665 -0.994435 0.105333 0.00209153 -0.490046 -0.104335 -0.981871 -0.158252 0.441139 
1530552121677 -0.0146154 -0.15759 0.987397 0.384665 -0.994435 0.105333 0.00209166 -0.490046 -0.104335 -0.981871 -0.158252 0.441139 
1530552121693 -0.0146155 -0.157589 0.987397 0.384665 -0.994435 0.105333 0.00209162 -0.490046 -0.104335 -0.981871 -0.158252 0.441139 
1530552121710 -0.0146153 -0.157589 0.987397 0.384665 -0.994435 0.105333 0.00209178 -0.490046 -0.104335 -0.981871 -0.158252 0.441139 
1530552121727 -0.0146154 -0.15759 0.987397 0.384665 -0.994435 0.105333 0.00209163 -0.490046 -0.104335 -0.981871 -0.158252 0.441139 
1530552121743 -0.0146154 -0.157589 0.987397 0.384665 -0.994435 0.105333 0.00209158 -0.490046 -0.104335 -0.981871 -0.158252 0.441139 
1530552121760 -0.0146152 -0.15759 0.987397 0.384665 -0.994435 0.105333 0.0020918 -0.490046 -0.104335 -0.981871 -0.158252 0.441139 
1530552121777 -0.0146154 -0.15759 0.987397 0.384665 -0.994435 0.105333 0.00209172 -0.490046 -0.104335 -0.981871 -0.158252 0.441139 
1530552121907 -0.0146155 -0.157589 0.987397 0.384665 -0.994435 0.105333 0.00209158 -0.490046 -0.104335 -0.981871 -0.158252 0.441139 
1530552121924 -0.0146154 -0.157589 0.987397 0.384665 -0.994435 0.105333 0.00209163 -0.490046 -0.104335 -0.981871 -0.158252 0.441139 
1530552121947 -0.0146154 -0.157589 0.987397 0.384665 -0.994435 0.105333 0.00209157 -0.490046 -0.104335 -0.981871 -0.158252 0.441139 
1530552121964 -0.0146153 -0.15759 0.987397 0.384665 -0.994435 0.105333 0.0020918 -0.490046 -0.104335 -0.981871 -0.158252 0.441139 
1530552121980 -0.0146155 -0.15759 0.987397 0.384665 -0.994435 0.105333 0.00209149 -0.490046 -0.104335 -0.981871 -0.158252 0.441139 
1530552121997 -0.0146155 -0.157589 0.987397 0.384665 -0.994435 0.105333 0.00209156 -0.490046 -0.104335 -0.981871 -0.158252 0.441139 
1530552122014 -0.0146154 -0.157589 0.987397 0.384665 -0.994435 0.105333 0.00209164 -0.490046 -0.104335 -0.981871 -0.158252 0.441139 
1530552122030 -0.0146155 -0.15759 0.987397 0.384665 -0.994435 0.105333 0.00209157 -0.490046 -0.104335 -0.981871 -0.158252 0.441139 
1530552122150 -0.0146154 -0.15759 0.987397 0.384665 -0.994435 0.105333 0.0020917 -0.490046 -0.104335 -0.981871 -0.158252 0.441139 
1530552122167 -0.0146152 -0.15759 0.987397 0.384665 -0.994435 0.105333 0.00209184 -0.490046 -0.104335 -0.981871 -0.158252 0.441139 
1530552122183 -0.0146153 -0.157589 0.987397 0.384665 -0.994435 0.105333 0.00209172 -0.490046 -0.104335 -0.981871 -0.158252 0.441139 
1530552122200 -0.0146156 -0.15759 0.987397 0.384665 -0.994435 0.105333 0.00209147 -0.490046 -0.104335 -0.981871 -0.158252 0.441139 
1530552122217 -0.0146157 -0.15759 0.987397 0.384665 -0.994435 0.105333 0.00209139 -0.490046 -0.104335 -0.981871 -0.158252 0.441139 
1530552122234 -0.0146155 -0.157589 0.987397 0.384665 -0.994435 0.105333 0.00209157 -0.490046 -0.104335 -0.981871 -0.158252 0.441139 
1530552122250 -0.0146154 -0.157589 0.987397 0.384665 -0.994435 0.105333 0.00209158 -0.490046 -0.104335 -0.981871 -0.158252 0.441139 
1530552122270 -0.0146153 -0.15759 0.987397 0.384665 -0.994435 0.105333 0.00209173 -0.490046 -0.104335 -0.981871 -0.158252 0.441139 
1530552122287 -0.0146154 -0.157589 0.987397 0.384665 -0.994435 0.105333 0.00209164 -0.490046 -0.104335 -0.981871 -0.158252 0.441139 
1530552122407 -0.0146154 -0.15759 0.987397 0.384665 -0.994435 0.105333 0.00209164 -0.490046 -0.104335 -0.981871 -0.158252 0.441139 
1530552122424 -0.0146153 -0.15759 0.987397 0.384665 -0.994435 0.105333 0.00209173 -0.490046 -0.104335 -0.981871 -0.158252 0.441139 
1530552122447 -0.0146153 -0.15759 0.987397 0.384665 -0.994435 0.105333 0.00209178 -0.490046 -0.104335 -0.981871 -0.158252 0.441139 
1530552122464 -0.0146152 -0.15759 0.987397 0.384665 -0.994435 0.105333 0.00209184 -0.490046 -0.104335 -0.981871 -0.158252 0.441139 
1530552122481 -0.0146154 -0.15759 0.987397 0.384665 -0.994435 0.105333 0.00209174 -0.490046 -0.104335 -0.981871 -0.158252 0.441139 
1530552122497 -0.0146153 -0.15759 0.987397 0.384665 -0.994435 0.105333 0.00209172 -0.490046 -0.104335 -0.981871 -0.158252 0.441139 
1530552122514 -0.0146154 -0.15759 0.987397 0.384665 -0.994435 0.105333 0.00209165 -0.490046 -0.104335 -0.981871 -0.158252 0.441139 
1530552122531 -0.0146155 -0.15759 0.987397 0.384665 -0.994435 0.105333 0.00209153 -0.490046 -0.104335 -0.981871 -0.158252 0.441139 
1530552122661 -0.0146154 -0.157589 0.987397 0.384665 -0.994435 0.105333 0.0020917 -0.490046 -0.104335 -0.981871 -0.158252 0.441139 
1530552122677 -0.0146152 -0.15759 0.987397 0.384665 -0.994435 0.105333 0.00209184 -0.490046 -0.104335 -0.981871 -0.158252 0.441139 
1530552122694 -0.0146151 -0.15759 0.987397 0.384665 -0.994435 0.105333 0.00209195 -0.490046 -0.104335 -0.981871 -0.158252 0.441139 
1530552122711 -0.0146154 -0.157589 0.987397 0.384665 -0.994435 0.105333 0.00209173 -0.490046 -0.104335 -0.981871 -0.158252 0.441139 
1530552122727 -0.0146153 -0.157589 0.987397 0.384665 -0.994435 0.105333 0.00209178 -0.490046 -0.104335 -0.981871 -0.158252 0.441139 
1530552122744 -0.0146151 -0.15759 0.987397 0.384665 -0.994435 0.105333 0.002092 -0.490046 -0.104335 -0.981871 -0.158252 0.441139 
1530552122761 -0.0146152 -0.15759 0.987397 0.384665 -0.994435 0.105333 0.00209182 -0.490046 -0.104335 -0.981871 -0.158252 0.441139 
1530552122777 -0.0146153 -0.157589 0.987397 0.384665 -0.994435 0.105333 0.00209172 -0.490046 -0.104335 -0.981871 -0.158252 0.441139 
1530552122794 -0.0146155 -0.157589 0.987397 0.384665 -0.994435 0.105333 0.00209151 -0.490046 -0.104335 -0.981871 -0.158252 0.441139 
1530552122811 -0.0146152 -0.157589 0.987397 0.384665 -0.994435 0.105333 0.00209192 -0.490046 -0.104335 -0.981871 -0.158252 0.441139 
1530552122931 -0.0146153 -0.15759 0.987397 0.384665 -0.994435 0.105333 0.0020918 -0.490046 -0.104335 -0.981871 -0.158252 0.441139 
1530552122947 -0.0146152 -0.157589 0.987397 0.384665 -0.994435 0.105333 0.00209179 -0.490046 -0.104335 -0.981871 -0.158252 0.441139 
1530552122964 -0.0146155 -0.15759 0.987397 0.384665 -0.994435 0.105333 0.00209152 -0.490046 -0.104335 -0.981871 -0.158252 0.441139 
1530552122981 -0.0146153 -0.15759 0.987397 0.384665 -0.994435 0.105333 0.00209183 -0.490046 -0.104335 -0.981871 -0.158252 0.441139 
1530552122997 -0.0146153 -0.15759 0.987397 0.384665 -0.994435 0.105333 0.00209178 -0.490046 -0.104335 -0.981871 -0.158252 0.441139 
1530552123014 -0.0146153 -0.157589 0.987397 0.384665 -0.994435 0.105333 0.00209172 -0.490046 -0.104335 -0.981871 -0.158252 0.441139 
1530552123031 -0.0146151 -0.15759 0.987397 0.384665 -0.994435 0.105333 0.002092 -0.490046 -0.104335 -0.981871 -0.158252 0.441139 
1530552123047 -0.0146154 -0.157589 0.987397 0.384665 -0.994435 0.105333 0.00209168 -0.490046 -0.104335 -0.981871 -0.158252 0.441139 
1530552123067 -0.0146154 -0.15759 0.987397 0.384665 -0.994435 0.105333 0.0020917 -0.490046 -0.104335 -0.981871 -0.158252 0.441139 
1530552123194 -0.0146151 -0.15759 0.987397 0.384665 -0.994435 0.105333 0.00209194 -0.490046 -0.104335 -0.981871 -0.158252 0.441139 
1530552123211 -0.0146153 -0.157589 0.987397 0.384665 -0.994435 0.105333 0.00209174 -0.490046 -0.104335 -0.981871 -0.158252 0.441139 
1530552123227 -0.0146153 -0.157589 0.987397 0.384665 -0.994435 0.105333 0.00209169 -0.490046 -0.104335 -0.981871 -0.158252 0.441139 
1530552123244 -0.0146153 -0.15759 0.987397 0.384665 -0.994435 0.105333 0.00209178 -0.490046 -0.104335 -0.981871 -0.158252 0.441139 
1530552123261 -0.0146152 -0.157589 0.987397 0.384665 -0.994435 0.105333 0.00209184 -0.490046 -0.104335 -0.981871 -0.158252 0.441139 
1530552123277 -0.0146151 -0.157589 0.987397 0.384665 -0.994435 0.105333 0.00209191 -0.490046 -0.104335 -0.981871 -0.158252 0.441139 
1530552123294 -0.0146151 -0.15759 0.987397 0.384665 -0.994435 0.105333 0.00209194 -0.490046 -0.104335 -0.981871 -0.158252 0.441139 
1530552123311 -0.0146153 -0.157589 0.987397 0.384665 -0.994435 0.105333 0.00209177 -0.490046 -0.104335 -0.981871 -0.158252 0.441139 
1530552123328 -0.0146154 -0.15759 0.987397 0.384665 -0.994435 0.105333 0.00209166 -0.490046 -0.104335 -0.981871 -0.158252 0.441139 
1530552123344 -0.0146151 -0.15759 0.987397 0.384665 -0.994435 0.105333 0.00209205 -0.490046 -0.104335 -0.981871 -0.158252 0.441139 
1530552123467 -0.0146153 -0.15759 0.987397 0.384665 -0.994435 0.105333 0.00209175 -0.490046 -0.104335 -0.981871 -0.158252 0.441139 
1530552123484 -0.0146153 -0.157589 0.987397 0.384665 -0.994435 0.105333 0.00209179 -0.490046 -0.104335 -0.981871 -0.158252 0.441139 
1530552123501 -0.0146152 -0.15759 0.987397 0.384665 -0.994435 0.105333 0.00209185 -0.490046 -0.104335 -0.981871 -0.158252 0.441139 
1530552123517 -0.0146154 -0.15759 0.987397 0.384665 -0.994435 0.105333 0.00209169 -0.490046 -0.104335 -0.981871 -0.158252 0.441139 
1530552123534 -0.0146153 -0.15759 0.987397 0.384665 -0.994435 0.105333 0.00209179 -0.490046 -0.104335 -0.981871 -0.158252 0.441139 
1530552123551 -0.0146153 -0.15759 0.987397 0.384665 -0.994435 0.105333 0.00209183 -0.490046 -0.104335 -0.981871 -0.158252 0.441139 
1530552123571 -0.0146153 -0.157589 0.987397 0.384665 -0.994435 0.105333 0.00209179 -0.490046 -0.104335 -0.981871 -0.158252 0.441139 
1530552123588 -0.0146151 -0.157589 0.987397 0.384665 -0.994435 0.105333 0.00209194 -0.490046 -0.104335 -0.981871 -0.158252 0.441139 
1530552123604 -0.0146152 -0.157589 0.987397 0.384665 -0.994435 0.105333 0.0020919 -0.490046 -0.104335 -0.981871 -0.158252 0.441139 
1530552123734 -0.0146153 -0.15759 0.987397 0.384665 -0.994435 0.105333 0.00209178 -0.490046 -0.104335 -0.981871 -0.158252 0.441139 
1530552123751 -0.0146151 -0.15759 0.987397 0.384665 -0.994435 0.105333 0.00209204 -0.490046 -0.104335 -0.981871 -0.158252 0.441139 
1530552123768 -0.0146151 -0.15759 0.987397 0.384665 -0.994435 0.105333 0.00209198 -0.490046 -0.104335 -0.981871 -0.158252 0.441139 
1530552123784 -0.0146153 -0.157589 0.987397 0.384665 -0.994435 0.105333 0.00209173 -0.490046 -0.104335 -0.981871 -0.158252 0.441139 
1530552123801 -0.0146152 -0.157589 0.987397 0.384665 -0.994435 0.105333 0.0020919 -0.490046 -0.104335 -0.981871 -0.158252 0.441139 
1530552123820 -0.0146151 -0.15759 0.987397 0.384665 -0.994435 0.105333 0.00209199 -0.490046 -0.104335 -0.981871 -0.158252 0.441139 
1530552123834 -0.0146153 -0.157589 0.987397 0.384665 -0.994435 0.105333 0.00209179 -0.490046 -0.104335 -0.981871 -0.158252 0.441139 
1530552123851 -0.0146151 -0.157589 0.987397 0.384665 -0.994435 0.105333 0.00209194 -0.490046 -0.104335 -0.981871 -0.158252 0.441139 
1530552123868 -0.0146152 -0.157589 0.987397 0.384665 -0.994435 0.105333 0.0020919 -0.490046 -0.104335 -0.981871 -0.158252 0.441139 
1530552123884 -0.0146152 -0.157589 0.987397 0.384665 -0.994435 0.105333 0.00209184 -0.490046 -0.104335 -0.981871 -0.158252 0.441139 
1530552124025 -0.0146152 -0.15759 0.987397 0.384665 -0.994435 0.105333 0.0020919 -0.490046 -0.104335 -0.981871 -0.158252 0.441139 
1530552124041 -0.0146153 -0.15759 0.987397 0.384665 -0.994435 0.105333 0.00209178 -0.490046 -0.104335 -0.981871 -0.158252 0.441139 
1530552124058 -0.0146152 -0.157589 0.987397 0.384665 -0.994435 0.105333 0.00209194 -0.490046 -0.104335 -0.981871 -0.158252 0.441139 
1530552124074 -0.0146152 -0.157589 0.987397 0.384665 -0.994435 0.105333 0.0020919 -0.490046 -0.104335 -0.981871 -0.158252 0.441139 
1530552124091 -0.014615 -0.15759 0.987397 0.384665 -0.994435 0.105333 0.00209203 -0.490046 -0.104335 -0.981871 -0.158252 0.441139 
1530552124108 -0.0146152 -0.157589 0.987397 0.384665 -0.994435 0.105333 0.00209182 -0.490046 -0.104335 -0.981871 -0.158252 0.441139 
1530552124124 -0.0146153 -0.157589 0.987397 0.384665 -0.994435 0.105333 0.00209184 -0.490046 -0.104335 -0.981871 -0.158252 0.441139 
1530552124148 -0.014615 -0.157589 0.987397 0.384665 -0.994435 0.105333 0.00209211 -0.490046 -0.104335 -0.981871 -0.158252 0.441139 
1530552124271 -0.0146153 -0.15759 0.987397 0.384665 -0.994435 0.105333 0.00209177 -0.490046 -0.104335 -0.981871 -0.158252 0.441139 
1530552124288 -0.0146152 -0.157589 0.987397 0.384665 -0.994435 0.105333 0.00209185 -0.490046 -0.104335 -0.981871 -0.158252 0.441139 
1530552124305 -0.0146152 -0.157589 0.987397 0.384665 -0.994435 0.105333 0.0020919 -0.490046 -0.104335 -0.981871 -0.158252 0.441139 
1530552124321 -0.0146151 -0.15759 0.987397 0.384665 -0.994435 0.105333 0.00209197 -0.490046 -0.104335 -0.981871 -0.158252 0.441139 
1530552124338 -0.0146153 -0.15759 0.987397 0.384665 -0.994435 0.105333 0.00209179 -0.490046 -0.104335 -0.981871 -0.158252 0.441139 
1530552124355 -0.0146151 -0.157589 0.987397 0.384665 -0.994435 0.105333 0.00209194 -0.490046 -0.104335 -0.981871 -0.158252 0.441139 
1530552124371 -0.0146152 -0.157589 0.987397 0.384665 -0.994435 0.105333 0.00209188 -0.490046 -0.104335 -0.981871 -0.158252 0.441139 
1530552124388 -0.014615 -0.157589 0.987397 0.384665 -0.994435 0.105333 0.00209202 -0.490046 -0.104335 -0.981871 -0.158252 0.441139 
1530552124405 -0.014615 -0.15759 0.987397 0.384665 -0.994435 0.105333 0.00209207 -0.490046 -0.104335 -0.981871 -0.158252 0.441139 
1530552124421 -0.0146152 -0.157589 0.987397 0.384665 -0.994435 0.105333 0.0020919 -0.490046 -0.104335 -0.981871 -0.158252 0.441139 
1530552124541 -0.0146152 -0.157589 0.987397 0.384665 -0.994435 0.105333 0.00209188 -0.490046 -0.104335 -0.981871 -0.158252 0.441139 
1530552124558 -0.014615 -0.157589 0.987397 0.384665 -0.994435 0.105333 0.00209204 -0.490046 -0.104335 -0.981871 -0.158252 0.441139 
1530552124575 -0.0146151 -0.157589 0.987397 0.384665 -0.994435 0.105333 0.00209199 -0.490046 -0.104335 -0.981871 -0.158252 0.441139 
1530552124591 -0.0146151 -0.157589 0.987397 0.384665 -0.994435 0.105333 0.00209199 -0.490046 -0.104335 -0.981871 -0.158252 0.441139 
1530552124608 -0.0146153 -0.15759 0.987397 0.384665 -0.994435 0.105333 0.00209179 -0.490046 -0.104335 -0.981871 -0.158252 0.441139 
1530552124625 -0.0146151 -0.157589 0.987397 0.384665 -0.994435 0.105333 0.00209193 -0.490046 -0.104335 -0.981871 -0.158252 0.441139 
1530552124642 -0.0146151 -0.157589 0.987397 0.384665 -0.994435 0.105333 0.00209193 -0.490046 -0.104335 -0.981871 -0.158252 0.441139 
1530552124661 -0.0146154 -0.15759 0.987397 0.384665 -0.994435 0.105333 0.00209174 -0.490046 -0.104335 -0.981871 -0.158252 0.441139 
1530552124678 -0.014615 -0.15759 0.987397 0.384665 -0.994435 0.105333 0.00209209 -0.490046 -0.104335 -0.981871 -0.158252 0.441139 
1530552124802 -0.014615 -0.15759 0.987397 0.384665 -0.994435 0.105333 0.00209211 -0.490046 -0.104335 -0.981871 -0.158252 0.441139 
1530552124818 -0.0146151 -0.15759 0.987397 0.384665 -0.994435 0.105333 0.00209197 -0.490046 -0.104335 -0.981871 -0.158252 0.441139 
1530552124835 -0.0146151 -0.157589 0.987397 0.384665 -0.994435 0.105333 0.00209197 -0.490046 -0.104335 -0.981871 -0.158252 0.441139 
1530552124852 -0.0146152 -0.157589 0.987397 0.384665 -0.994435 0.105333 0.0020919 -0.490046 -0.104335 -0.981871 -0.158252 0.441139 
1530552124868 -0.0146149 -0.157589 0.987397 0.384665 -0.994435 0.105333 0.00209218 -0.490046 -0.104335 -0.981871 -0.158252 0.441139 
1530552124885 -0.014615 -0.15759 0.987397 0.384665 -0.994435 0.105333 0.00209209 -0.490046 -0.104335 -0.981871 -0.158252 0.441139 
1530552124902 -0.014615 -0.15759 0.987397 0.384665 -0.994435 0.105333 0.00209209 -0.490046 -0.104335 -0.981871 -0.158252 0.441139 
1530552124918 -0.0146151 -0.15759 0.987397 0.384665 -0.994435 0.105333 0.00209199 -0.490046 -0.104335 -0.981871 -0.158252 0.441139 
1530552124935 -0.014615 -0.157589 0.987397 0.384665 -0.994435 0.105333 0.00209209 -0.490046 -0.104335 -0.981871 -0.158252 0.441139 
1530552124952 -0.014615 -0.15759 0.987397 0.384665 -0.994435 0.105333 0.00209209 -0.490046 -0.104335 -0.981871 -0.158252 0.441139 
1530552125075 -0.0146149 -0.15759 0.987397 0.384665 -0.994435 0.105333 0.00209213 -0.490046 -0.104335 -0.981871 -0.158252 0.441139 
1530552125092 -0.0146151 -0.157589 0.987397 0.384665 -0.994435 0.105333 0.00209204 -0.490046 -0.104335 -0.981871 -0.158252 0.441139 
1530552125108 -0.0146151 -0.157589 0.987397 0.384665 -0.994435 0.105333 0.00209195 -0.490046 -0.104335 -0.981871 -0.158252 0.441139 
1530552125125 -0.0146149 -0.157589 0.987397 0.384665 -0.994435 0.105333 0.00209216 -0.490046 -0.104335 -0.981871 -0.158252 0.441139 
1530552125142 -0.0146152 -0.15759 0.987397 0.384665 -0.994435 0.105333 0.00209194 -0.490046 -0.104335 -0.981871 -0.158252 0.441139 
1530552125160 -0.0146152 -0.157589 0.987397 0.384665 -0.994435 0.105333 0.0020919 -0.490046 -0.104335 -0.981871 -0.158252 0.441139 
1530552125175 -0.0146148 -0.157589 0.987397 0.384665 -0.994435 0.105333 0.00209228 -0.490046 -0.104335 -0.981871 -0.158252 0.441139 
1530552125192 -0.0146149 -0.15759 0.987397 0.384665 -0.994435 0.105333 0.00209219 -0.490046 -0.104335 -0.981871 -0.158252 0.441139 
1530552125208 -0.0146153 -0.157589 0.987397 0.384665 -0.994435 0.105333 0.00209176 -0.490046 -0.104335 -0.981871 -0.158252 0.441139 
1530552125225 -0.0146151 -0.157589 0.987397 0.384665 -0.994435 0.105333 0.00209199 -0.490046 -0.104335 -0.981871 -0.158252 0.441139 
1530552125348 -0.0146151 -0.157589 0.987397 0.384665 -0.994435 0.105333 0.00209197 -0.490046 -0.104335 -0.981871 -0.158252 0.441139 
1530552125365 -0.0146151 -0.15759 0.987397 0.384665 -0.994435 0.105333 0.00209199 -0.490046 -0.104335 -0.981871 -0.158252 0.441139 
1530552125382 -0.014615 -0.15759 0.987397 0.384665 -0.994435 0.105333 0.00209217 -0.490046 -0.104335 -0.981871 -0.158252 0.441139 
1530552125398 -0.0146151 -0.157589 0.987397 0.384665 -0.994435 0.105333 0.00209193 -0.490046 -0.104335 -0.981871 -0.158252 0.441139 
1530552125415 -0.014615 -0.157589 0.987397 0.384665 -0.994435 0.105333 0.00209204 -0.490046 -0.104335 -0.981871 -0.158252 0.441139 
1530552125431 -0.014615 -0.15759 0.987397 0.384665 -0.994435 0.105333 0.00209215 -0.490046 -0.104335 -0.981871 -0.158252 0.441139 
1530552125448 -0.0146151 -0.157589 0.987397 0.384665 -0.994435 0.105333 0.00209197 -0.490046 -0.104335 -0.981871 -0.158252 0.441139 
1530552125465 -0.014615 -0.15759 0.987397 0.384665 -0.994435 0.105333 0.00209215 -0.490046 -0.104335 -0.981871 -0.158252 0.441139 
1530552125482 -0.0146147 -0.157589 0.987397 0.384665 -0.994435 0.105333 0.00209229 -0.490046 -0.104335 -0.981871 -0.158252 0.441139 
1530552125498 -0.0146151 -0.157589 0.987397 0.384665 -0.994435 0.105333 0.00209193 -0.490046 -0.104335 -0.981871 -0.158252 0.441139 
1530552125622 -0.0146149 -0.15759 0.987397 0.384665 -0.994435 0.105333 0.00209223 -0.490046 -0.104335 -0.981871 -0.158252 0.441139 
1530552125638 -0.0146149 -0.15759 0.987397 0.384665 -0.994435 0.105333 0.00209224 -0.490046 -0.104335 -0.981871 -0.158252 0.441139 
1530552125655 -0.0146152 -0.157589 0.987397 0.384665 -0.994435 0.105333 0.00209187 -0.490046 -0.104335 -0.981871 -0.158252 0.441139 
1530552125672 -0.0146151 -0.157589 0.987397 0.384665 -0.994435 0.105333 0.00209199 -0.490046 -0.104335 -0.981871 -0.158252 0.441139 
1530552125688 -0.0146151 -0.157589 0.987397 0.384665 -0.994435 0.105333 0.00209195 -0.490046 -0.104335 -0.981871 -0.158252 0.441139 
1530552125705 -0.0146149 -0.15759 0.987397 0.384665 -0.994435 0.105333 0.00209219 -0.490046 -0.104335 -0.981871 -0.158252 0.441139 
1530552125722 -0.014615 -0.157589 0.987397 0.384665 -0.994435 0.105333 0.00209213 -0.490046 -0.104335 -0.981871 -0.158252 0.441139 
1530552125738 -0.014615 -0.15759 0.987397 0.384665 -0.994435 0.105333 0.0020921 -0.490046 -0.104335 -0.981871 -0.158252 0.441139 
1530552125755 -0.0146149 -0.15759 0.987397 0.384665 -0.994435 0.105333 0.00209217 -0.490046 -0.104335 -0.981871 -0.158252 0.441139 
1530552125772 -0.0146149 -0.157589 0.987397 0.384665 -0.994435 0.105333 0.00209213 -0.490046 -0.104335 -0.981871 -0.158252 0.441139 
1530552125892 -0.014615 -0.157589 0.987397 0.384665 -0.994435 0.105333 0.0020921 -0.490046 -0.104335 -0.981871 -0.158252 0.441139 
1530552125908 -0.0146151 -0.157589 0.987397 0.384665 -0.994435 0.105333 0.00209199 -0.490046 -0.104335 -0.981871 -0.158252 0.441139 
1530552125925 -0.0146149 -0.15759 0.987397 0.384665 -0.994435 0.105333 0.00209218 -0.490046 -0.104335 -0.981871 -0.158252 0.441139 
1530552125942 -0.0146149 -0.15759 0.987397 0.384665 -0.994435 0.105333 0.00209228 -0.490046 -0.104336 -0.981871 -0.158252 0.441139 
1530552125959 -0.014615 -0.15759 0.987397 0.384665 -0.994435 0.105333 0.00209218 -0.490046 -0.104336 -0.981871 -0.158252 0.441139 
1530552125975 -0.0146149 -0.15759 0.987397 0.384665 -0.994435 0.105333 0.00209219 -0.490046 -0.104335 -0.981871 -0.158252 0.441139 
1530552125992 -0.014615 -0.157589 0.987397 0.384665 -0.994435 0.105333 0.00209209 -0.490046 -0.104335 -0.981871 -0.158252 0.441139 
1530552126008 -0.0146149 -0.157589 0.987397 0.384665 -0.994435 0.105333 0.00209215 -0.490046 -0.104335 -0.981871 -0.158252 0.441139 
1530552126025 -0.0146148 -0.157589 0.987397 0.384665 -0.994435 0.105333 0.00209229 -0.490046 -0.104335 -0.981871 -0.158252 0.441139 
1530552126042 -0.014615 -0.15759 0.987397 0.384665 -0.994435 0.105333 0.00209212 -0.490046 -0.104335 -0.981871 -0.158252 0.441139 
1530552126161 -0.014615 -0.15759 0.987397 0.384665 -0.994435 0.105333 0.00209208 -0.490046 -0.104335 -0.981871 -0.158252 0.441139 
1530552126178 -0.0146149 -0.157589 0.987397 0.384665 -0.994435 0.105333 0.00209214 -0.490046 -0.104335 -0.981871 -0.158252 0.441139 
1530552126195 -0.014615 -0.157589 0.987397 0.384665 -0.994435 0.105333 0.00209209 -0.490046 -0.104335 -0.981871 -0.158252 0.441139 
1530552126212 -0.014615 -0.157589 0.987397 0.384665 -0.994435 0.105333 0.00209209 -0.490046 -0.104335 -0.981871 -0.158252 0.441139 
1530552126228 -0.014615 -0.157589 0.987397 0.384665 -0.994435 0.105333 0.00209209 -0.490046 -0.104335 -0.981871 -0.158252 0.441139 
1530552126245 -0.0146152 -0.157589 0.987397 0.384665 -0.994435 0.105333 0.00209192 -0.490046 -0.104335 -0.981871 -0.158252 0.441139 
1530552126262 -0.0146147 -0.15759 0.987397 0.384665 -0.994435 0.105333 0.00209245 -0.490046 -0.104336 -0.981871 -0.158252 0.441139 
1530552126278 -0.014615 -0.157589 0.987397 0.384665 -0.994435 0.105333 0.00209208 -0.490046 -0.104335 -0.981871 -0.158252 0.441139 
1530552126295 -0.0146148 -0.15759 0.987397 0.384665 -0.994435 0.105333 0.00209228 -0.490046 -0.104335 -0.981871 -0.158252 0.441139 
1530552126312 -0.0146151 -0.157589 0.987397 0.384665 -0.994435 0.105333 0.00209204 -0.490046 -0.104335 -0.981871 -0.158252 0.441139 
1530552126442 -0.0146149 -0.15759 0.987397 0.384665 -0.994435 0.105333 0.00209224 -0.490046 -0.104335 -0.981871 -0.158252 0.441139 
1530552126458 -0.0146149 -0.157589 0.987397 0.384665 -0.994435 0.105333 0.00209215 -0.490046 -0.104335 -0.981871 -0.158252 0.441139 
1530552126475 -0.0146148 -0.157589 0.987397 0.384665 -0.994435 0.105333 0.00209232 -0.490046 -0.104335 -0.981871 -0.158252 0.441139 
1530552126492 -0.0146149 -0.15759 0.987397 0.384665 -0.994435 0.105333 0.00209222 -0.490046 -0.104335 -0.981871 -0.158252 0.441139 
1530552126508 -0.0146149 -0.157589 0.987397 0.384665 -0.994435 0.105333 0.00209218 -0.490046 -0.104335 -0.981871 -0.158252 0.441139 
1530552126525 -0.0146148 -0.15759 0.987397 0.384665 -0.994435 0.105333 0.0020923 -0.490046 -0.104335 -0.981871 -0.158252 0.441139 
1530552126542 -0.0146149 -0.15759 0.987397 0.384665 -0.994435 0.105333 0.00209213 -0.490046 -0.104335 -0.981871 -0.158252 0.441139 
1530552126558 -0.0146149 -0.157589 0.987397 0.384665 -0.994435 0.105333 0.00209219 -0.490046 -0.104335 -0.981871 -0.158252 0.441139 
1530552126575 -0.014615 -0.15759 0.987397 0.384665 -0.994435 0.105333 0.00209208 -0.490046 -0.104335 -0.981871 -0.158252 0.441139 
1530552126592 -0.014615 -0.15759 0.987397 0.384665 -0.994435 0.105333 0.00209215 -0.490046 -0.104335 -0.981871 -0.158252 0.441139 
1530552126745 -0.0146148 -0.157589 0.987397 0.384665 -0.994435 0.105333 0.00209224 -0.490046 -0.104335 -0.981871 -0.158252 0.441139 
1530552126762 -0.0146149 -0.157589 0.987397 0.384665 -0.994435 0.105333 0.0020922 -0.490046 -0.104335 -0.981871 -0.158252 0.441139 
1530552126778 -0.0146149 -0.15759 0.987397 0.384665 -0.994435 0.105333 0.00209223 -0.490046 -0.104335 -0.981871 -0.158252 0.441139 
1530552126795 -0.0146149 -0.157589 0.987397 0.384665 -0.994435 0.105333 0.00209214 -0.490046 -0.104335 -0.981871 -0.158252 0.441139 
1530552126812 -0.0146147 -0.15759 0.987397 0.384665 -0.994435 0.105333 0.00209243 -0.490046 -0.104336 -0.981871 -0.158252 0.441139 
1530552126828 -0.014615 -0.157589 0.987397 0.384665 -0.994435 0.105333 0.00209208 -0.490046 -0.104335 -0.981871 -0.158252 0.441139 
1530552126845 -0.0146149 -0.15759 0.987397 0.384665 -0.994435 0.105333 0.0020922 -0.490046 -0.104335 -0.981871 -0.158252 0.441139 
1530552126862 -0.0146149 -0.157589 0.987397 0.384665 -0.994435 0.105333 0.00209218 -0.490046 -0.104335 -0.981871 -0.158252 0.441139 
1530552126878 -0.0146151 -0.15759 0.987397 0.384665 -0.994435 0.105333 0.00209205 -0.490046 -0.104335 -0.981871 -0.158252 0.441139 
1530552126895 -0.0146148 -0.157589 0.987397 0.384665 -0.994435 0.105333 0.00209235 -0.490046 -0.104335 -0.981871 -0.158252 0.441139 
1530552127018 -0.0146149 -0.15759 0.987397 0.384665 -0.994435 0.105333 0.00209222 -0.490046 -0.104335 -0.981871 -0.158252 0.441139 
1530552127035 -0.0146147 -0.157589 0.987397 0.384665 -0.994435 0.105333 0.00209238 -0.490046 -0.104335 -0.981871 -0.158252 0.441139 
1530552127052 -0.0146149 -0.157589 0.987397 0.384665 -0.994435 0.105333 0.00209226 -0.490046 -0.104335 -0.981871 -0.158252 0.441139 
1530552127068 -0.014615 -0.157589 0.987397 0.384665 -0.994435 0.105333 0.00209215 -0.490046 -0.104335 -0.981871 -0.158252 0.441139 
1530552127085 -0.0146148 -0.15759 0.987397 0.384665 -0.994435 0.105333 0.00209229 -0.490046 -0.104335 -0.981871 -0.158252 0.441139 
1530552127102 -0.014615 -0.157589 0.987397 0.384665 -0.994435 0.105333 0.00209213 -0.490046 -0.104335 -0.981871 -0.158252 0.441139 
1530552127118 -0.014615 -0.157589 0.987397 0.384665 -0.994435 0.105333 0.0020921 -0.490046 -0.104335 -0.981871 -0.158252 0.441139 
1530552127135 -0.0146148 -0.157589 0.987397 0.384665 -0.994435 0.105333 0.00209225 -0.490046 -0.104335 -0.981871 -0.158252 0.441139 
1530552127152 -0.0146151 -0.15759 0.987397 0.384665 -0.994435 0.105333 0.00209205 -0.490046 -0.104335 -0.981871 -0.158252 0.441139 
1530552127168 -0.014615 -0.15759 0.987397 0.384665 -0.994435 0.105333 0.00209208 -0.490046 -0.104335 -0.981871 -0.158252 0.441139 
1530552127295 -0.0146147 -0.157589 0.987397 0.384665 -0.994435 0.105333 0.00209239 -0.490046 -0.104335 -0.981871 -0.158252 0.441139 
1530552127312 -0.0146147 -0.15759 0.987397 0.384665 -0.994435 0.105333 0.00209243 -0.490046 -0.104336 -0.981871 -0.158252 0.441139 
1530552127328 -0.0146148 -0.15759 0.987397 0.384665 -0.994435 0.105333 0.00209224 -0.490046 -0.104335 -0.981871 -0.158252 0.441139 
1530552127345 -0.0146151 -0.15759 0.987397 0.384665 -0.994435 0.105333 0.00209199 -0.490046 -0.104335 -0.981871 -0.158252 0.441139 
1530552127362 -0.0146148 -0.157589 0.987397 0.384665 -0.994435 0.105333 0.00209233 -0.490046 -0.104335 -0.981871 -0.158252 0.441139 
1530552127378 -0.0146148 -0.157589 0.987397 0.384665 -0.994435 0.105333 0.00209228 -0.490046 -0.104335 -0.981871 -0.158252 0.441139 
1530552127395 -0.0146148 -0.157589 0.987397 0.384665 -0.994435 0.105333 0.00209229 -0.490046 -0.104335 -0.981871 -0.158252 0.441139 
1530552127412 -0.0146148 -0.15759 0.987397 0.384665 -0.994435 0.105333 0.0020923 -0.490046 -0.104335 -0.981871 -0.158252 0.441139 
1530552127428 -0.0146147 -0.157589 0.987397 0.384665 -0.994435 0.105333 0.00209239 -0.490046 -0.104336 -0.981871 -0.158252 0.441139 
1530552127445 -0.0146148 -0.157589 0.987397 0.384665 -0.994435 0.105333 0.00209229 -0.490046 -0.104335 -0.981871 -0.158252 0.441139 
1530552127572 -0.0146146 -0.15759 0.987397 0.384665 -0.994435 0.105333 0.00209257 -0.490046 -0.104335 -0.981871 -0.158252 0.441139 
1530552127588 -0.0146148 -0.15759 0.987397 0.384665 -0.994435 0.105333 0.00209235 -0.490046 -0.104336 -0.981871 -0.158252 0.441139 
1530552127605 -0.0146147 -0.15759 0.987397 0.384665 -0.994435 0.105333 0.00209239 -0.490046 -0.104335 -0.981871 -0.158252 0.441139 
1530552127628 -0.0146149 -0.157589 0.987397 0.384665 -0.994435 0.105333 0.00209225 -0.490046 -0.104335 -0.981871 -0.158252 0.441139 
1530552127645 -0.0146148 -0.15759 0.987397 0.384665 -0.994435 0.105333 0.00209239 -0.490046 -0.104336 -0.981871 -0.158252 0.441139 
1530552127662 -0.0146147 -0.15759 0.987397 0.384665 -0.994435 0.105333 0.00209245 -0.490046 -0.104335 -0.981871 -0.158252 0.441139 
1530552127679 -0.0146149 -0.15759 0.987397 0.384665 -0.994435 0.105333 0.00209223 -0.490046 -0.104335 -0.981871 -0.158252 0.441139 
1530552127695 -0.0146148 -0.157589 0.987397 0.384665 -0.994435 0.105333 0.00209231 -0.490046 -0.104336 -0.981871 -0.158252 0.441139 
1530552127819 -0.0146147 -0.15759 0.987397 0.384665 -0.994435 0.105333 0.0020924 -0.490046 -0.104335 -0.981871 -0.158252 0.441139 
1530552127835 -0.0146147 -0.157589 0.987397 0.384665 -0.994435 0.105333 0.00209238 -0.490046 -0.104335 -0.981871 -0.158252 0.441139 
1530552127852 -0.0146147 -0.157589 0.987397 0.384665 -0.994435 0.105333 0.00209238 -0.490046 -0.104335 -0.981871 -0.158252 0.441139 
1530552127869 -0.0146147 -0.157589 0.987397 0.384665 -0.994435 0.105333 0.00209239 -0.490046 -0.104335 -0.981871 -0.158252 0.441139 
1530552127886 -0.0146147 -0.157589 0.987397 0.384665 -0.994435 0.105333 0.00209245 -0.490046 -0.104335 -0.981871 -0.158252 0.441139 
1530552127902 -0.0146148 -0.157589 0.987397 0.384665 -0.994435 0.105333 0.00209235 -0.490046 -0.104336 -0.981871 -0.158252 0.441139 
1530552127919 -0.0146149 -0.157589 0.987397 0.384665 -0.994435 0.105334 0.0020923 -0.490046 -0.104336 -0.981871 -0.158252 0.441139 
