1532458818963 -0.233337 0.625392 -0.744607 -0.516259 -0.820274 -0.537824 -0.194666 -0.358494 -0.52221 0.565359 0.638487 0.370288 
1532458823612 -0.233338 0.625391 -0.744607 -0.516259 -0.820274 -0.537824 -0.194666 -0.358493 -0.52221 0.565359 0.638487 0.370289 
1532458824797 -0.170337 0.633774 -0.754531 -0.523843 -0.859591 -0.469931 -0.200668 -0.341997 -0.481756 0.614407 0.624833 0.381154 
1532458826438 -0.0429193 0.634151 -0.772017 -0.538954 -0.920322 -0.325809 -0.216462 -0.308949 -0.3888 0.701214 0.597607 0.402896 
