1537392418738 0.201444 0.932773 -0.298923 -0.534931 -0.946082 0.264325 0.187247 -0.192376 0.253672 0.245086 0.935726 0.432831 
1537392425434 0.201444 0.932773 -0.298922 -0.534931 -0.946082 0.264325 0.187247 -0.192376 0.253671 0.245085 0.935727 0.432831 
1537392425880 0.20449 0.931954 -0.299408 -0.538602 -0.945596 0.267142 0.185699 -0.195137 0.253047 0.245145 0.93588 0.430889 
1537392426593 0.211772 0.929954 -0.300562 -0.548528 -0.94436 0.273906 0.182097 -0.202324 0.251668 0.245276 0.936217 0.425429 
1537392427292 0.216975 0.928828 -0.300334 -0.55884 -0.943593 0.278387 0.179259 -0.208854 0.25011 0.244498 0.936838 0.419517 
1537392428443 0.227603 0.926265 -0.300383 -0.578471 -0.941838 0.287737 0.173633 -0.221605 0.247261 0.243392 0.937882 0.408278 
1537392429242 0.230499 0.926172 -0.298456 -0.589801 -0.941491 0.289776 0.172117 -0.22775 0.245896 0.241321 0.938776 0.401543 
1537392429994 0.233479 0.925816 -0.297242 -0.599693 -0.941046 0.292098 0.170618 -0.233212 0.244785 0.239882 0.939434 0.395732 
1537392430772 0.237721 0.925021 -0.296352 -0.610483 -0.940306 0.295653 0.168565 -0.239623 0.243543 0.23859 0.940086 0.389356 
1537392431461 0.24103 0.924572 -0.295078 -0.619276 -0.939782 0.298258 0.166889 -0.244679 0.24231 0.237084 0.940785 0.383874 
1537392431511 0.241628 0.924457 -0.294948 -0.620229 -0.939659 0.298774 0.166659 -0.245313 0.242192 0.236881 0.940867 0.383256 
1537392431548 0.241898 0.924388 -0.294945 -0.620973 -0.939579 0.29904 0.166631 -0.245701 0.242233 0.236817 0.940873 0.382753 
1537392431611 0.242183 0.92437 -0.294766 -0.622187 -0.939532 0.299254 0.166515 -0.246318 0.242132 0.236615 0.940949 0.381944 
1537392431771 0.244251 0.923615 -0.295427 -0.623821 -0.939136 0.301205 0.165225 -0.247923 0.241588 0.23709 0.94097 0.381005 
1537392431905 0.243675 0.923413 -0.296531 -0.624541 -0.939225 0.300914 0.165252 -0.248097 0.241826 0.238241 0.940618 0.381077 
1537392432097 0.240379 0.924144 -0.296943 -0.626165 -0.940167 0.297759 0.165607 -0.247347 0.241462 0.239368 0.940425 0.380871 
1537392432345 0.241402 0.92297 -0.299753 -0.628834 -0.939837 0.299302 0.164695 -0.248917 0.241725 0.241961 0.939693 0.379854 
1537392432509 0.238419 0.923802 -0.299578 -0.630337 -0.940716 0.296316 0.165075 -0.248382 0.241266 0.242462 0.939682 0.379629 
1537392432688 0.238458 0.923465 -0.300582 -0.631848 -0.940762 0.296476 0.164526 -0.249117 0.24105 0.243543 0.939458 0.37899 
1537392432715 0.238527 0.923335 -0.300927 -0.632169 -0.94073 0.296618 0.164451 -0.249283 0.241104 0.243865 0.939361 0.378876 
1537392432797 0.238131 0.923486 -0.300778 -0.632645 -0.940828 0.296218 0.164613 -0.249291 0.241114 0.243781 0.93938 0.378713 
1537392432902 0.237082 0.923612 -0.30122 -0.633343 -0.94107 0.295322 0.164838 -0.249139 0.241203 0.244389 0.939199 0.378574 
1537392433007 0.237225 0.923033 -0.302877 -0.633785 -0.94088 0.295911 0.16487 -0.24961 0.241805 0.245859 0.938661 0.378589 
1537392433151 0.236962 0.922597 -0.304407 -0.634674 -0.940756 0.296128 0.165185 -0.250186 0.242543 0.247231 0.93811 0.378519 
1537392433291 0.236709 0.922132 -0.306009 -0.635499 -0.940641 0.296357 0.165427 -0.250616 0.243234 0.248687 0.937546 0.378335 
1537392433446 0.236263 0.921428 -0.308463 -0.636927 -0.940538 0.296596 0.165585 -0.251349 0.244064 0.250999 0.936714 0.378114 
1537392433571 0.235917 0.920961 -0.310119 -0.637866 -0.940463 0.296732 0.165767 -0.251762 0.244688 0.252549 0.936134 0.377943 
1537392433713 0.234546 0.920786 -0.311676 -0.639017 -0.940629 0.295898 0.166319 -0.251812 0.245368 0.254162 0.935519 0.377818 
1537392433739 0.234538 0.920707 -0.311915 -0.63915 -0.940602 0.295963 0.166352 -0.251929 0.245477 0.254372 0.935434 0.377813 
1537392433764 0.234482 0.920662 -0.31209 -0.639254 -0.940599 0.295959 0.166379 -0.252019 0.245545 0.254539 0.93537 0.377824 
1537392433813 0.23434 0.920517 -0.312623 -0.639568 -0.940561 0.295998 0.166525 -0.252105 0.245825 0.255018 0.935166 0.377841 
1537392433868 0.233776 0.920416 -0.313343 -0.640006 -0.940639 0.295659 0.166687 -0.252206 0.246064 0.255775 0.934896 0.377804 
1537392433936 0.234196 0.920151 -0.313805 -0.640292 -0.940481 0.296195 0.166623 -0.252483 0.246266 0.256106 0.934753 0.377723 
1537392434022 0.234099 0.920301 -0.31344 -0.640285 -0.940528 0.296014 0.166684 -0.252679 0.246182 0.255778 0.934865 0.37766 
1537392434121 0.232523 0.920762 -0.313256 -0.64052 -0.940902 0.294507 0.167242 -0.252508 0.246246 0.255856 0.934827 0.377798 
1537392434227 0.231885 0.92082 -0.313559 -0.64094 -0.941032 0.293986 0.167424 -0.25278 0.246349 0.256246 0.934693 0.377773 
1537392434356 0.231269 0.920759 -0.314195 -0.641565 -0.941059 0.293648 0.167863 -0.253321 0.246824 0.256854 0.9344 0.377668 
1537392434453 0.2303 0.920952 -0.314341 -0.641961 -0.941248 0.29281 0.16827 -0.253437 0.24701 0.25712 0.934278 0.377709 
1537392434486 0.230091 0.92094 -0.314528 -0.642151 -0.941274 0.292672 0.168366 -0.253555 0.247108 0.257317 0.934198 0.377688 
1537392434513 0.229932 0.920931 -0.314671 -0.642257 -0.941311 0.29255 0.168369 -0.253626 0.247113 0.257489 0.934149 0.377641 
1537392434539 0.229736 0.920921 -0.314842 -0.642372 -0.941353 0.292402 0.16839 -0.253706 0.247135 0.257692 0.934087 0.377579 
1537392434573 0.229531 0.920929 -0.314969 -0.642512 -0.941372 0.292263 0.168524 -0.253759 0.247253 0.257821 0.934021 0.377551 
1537392434628 0.229118 0.921027 -0.314983 -0.642677 -0.941402 0.291949 0.168903 -0.25382 0.247523 0.257827 0.933947 0.377622 
1537392434682 0.228809 0.92118 -0.314759 -0.642744 -0.941495 0.291598 0.168993 -0.253849 0.247456 0.257677 0.934006 0.377655 
1537392434745 0.228584 0.921414 -0.314239 -0.642811 -0.941631 0.291205 0.168912 -0.253927 0.247146 0.257287 0.934196 0.377573 
1537392434819 0.228247 0.921729 -0.31356 -0.642971 -0.941802 0.290669 0.168882 -0.25414 0.246805 0.256764 0.93443 0.377468 
1537392434893 0.227753 0.922019 -0.313064 -0.643194 -0.94202 0.290008 0.1688 -0.25442 0.246428 0.256468 0.934611 0.37733 
1537392434936 0.227639 0.922112 -0.312874 -0.643332 -0.942075 0.289837 0.168788 -0.254545 0.246323 0.256328 0.934677 0.377262 
1537392434947 0.227638 0.922121 -0.312847 -0.643371 -0.942077 0.289829 0.168788 -0.254598 0.246315 0.256304 0.934686 0.377246 
1537392434970 0.227657 0.922127 -0.312815 -0.643419 -0.942072 0.289842 0.168794 -0.254673 0.246316 0.256267 0.934695 0.377232 
1537392434991 0.227532 0.922198 -0.312697 -0.643489 -0.942111 0.289693 0.168834 -0.254785 0.246285 0.25618 0.934728 0.377231 
1537392435018 0.227231 0.922343 -0.312488 -0.643554 -0.942211 0.289341 0.168877 -0.254859 0.246178 0.256055 0.93479 0.377233 
1537392435050 0.226846 0.922535 -0.312202 -0.643667 -0.942329 0.288899 0.16898 -0.254894 0.246084 0.255864 0.934867 0.377208 
1537392435086 0.226381 0.922731 -0.31196 -0.643761 -0.942465 0.288389 0.169089 -0.25483 0.24599 0.255733 0.934928 0.377186 
1537392435130 0.226272 0.922824 -0.311765 -0.643765 -0.942505 0.288236 0.169127 -0.254876 0.245936 0.255572 0.934986 0.377174 
1537392435186 0.226362 0.922879 -0.311536 -0.643721 -0.94248 0.288282 0.169186 -0.254905 0.245949 0.255319 0.935052 0.377182 
1537392435193 0.226418 0.922891 -0.311461 -0.643712 -0.942462 0.288327 0.169214 -0.254905 0.245968 0.255227 0.935072 0.377181 
1537392435220 0.22713 0.922788 -0.311246 -0.6437 -0.942243 0.28901 0.169267 -0.254919 0.246151 0.254824 0.935133 0.377144 
1537392435245 0.227629 0.922726 -0.311065 -0.64372 -0.942096 0.289477 0.169286 -0.254948 0.24625 0.254519 0.93519 0.3771 
1537392435274 0.228073 0.922754 -0.310658 -0.643743 -0.941991 0.28982 0.169285 -0.254941 0.246243 0.254027 0.935326 0.377038 
1537392435312 0.228549 0.922849 -0.310023 -0.64376 -0.941885 0.290144 0.169319 -0.254916 0.246208 0.253309 0.93553 0.376977 
1537392435359 0.228586 0.922979 -0.309609 -0.643725 -0.941887 0.290092 0.169398 -0.254822 0.246166 0.252894 0.935653 0.37697 
1537392435407 0.228508 0.923112 -0.309269 -0.643567 -0.941969 0.289891 0.169285 -0.25477 0.245923 0.252639 0.935786 0.377052 
1537392435449 0.228418 0.92328 -0.308836 -0.643317 -0.942072 0.289643 0.169135 -0.254673 0.245612 0.252313 0.935956 0.377141 
1537392435472 0.228491 0.923319 -0.308665 -0.643224 -0.942098 0.289636 0.169002 -0.254634 0.245443 0.252177 0.936036 0.377132 
1537392435508 0.228756 0.923335 -0.30842 -0.643138 -0.942088 0.289786 0.1688 -0.2546 0.245235 0.251945 0.936154 0.377114 
1537392435546 0.229062 0.923495 -0.307713 -0.642996 -0.942084 0.289875 0.168673 -0.254511 0.244968 0.251255 0.936409 0.377127 
1537392435603 0.229651 0.923566 -0.307062 -0.642842 -0.941972 0.290283 0.168599 -0.254433 0.244847 0.250525 0.936636 0.377112 
1537392435671 0.230074 0.923462 -0.307056 -0.642758 -0.941847 0.290704 0.168567 -0.254523 0.244927 0.250417 0.936644 0.377156 
1537392435755 0.229773 0.923367 -0.307567 -0.642561 -0.941816 0.290619 0.168887 -0.254357 0.245329 0.250866 0.936419 0.377344 
1537392435839 0.229499 0.92353 -0.307281 -0.642059 -0.941851 0.290339 0.169173 -0.254016 0.245452 0.250588 0.936461 0.377522 
1537392435913 0.229932 0.923474 -0.307128 -0.641683 -0.941693 0.290775 0.169303 -0.253941 0.245651 0.250292 0.936488 0.377656 
1537392435997 0.230068 0.923507 -0.306927 -0.64132 -0.94161 0.290918 0.169521 -0.253629 0.245844 0.250004 0.936514 0.377789 
1537392436071 0.230507 0.923404 -0.306906 -0.64095 -0.941446 0.291388 0.169624 -0.25352 0.24606 0.249836 0.936502 0.377884 
1537392436109 0.23065 0.923396 -0.306822 -0.640746 -0.941398 0.291521 0.169663 -0.253487 0.246111 0.249709 0.936523 0.377941 
1537392436144 0.231026 0.923342 -0.306704 -0.640556 -0.941279 0.291883 0.169701 -0.25345 0.246213 0.249489 0.936555 0.378 
1537392436210 0.231359 0.923346 -0.306441 -0.640203 -0.941183 0.292165 0.169747 -0.253335 0.246266 0.249144 0.936632 0.378118 
1537392436301 0.230986 0.923506 -0.306238 -0.639969 -0.941263 0.291785 0.169956 -0.252929 0.246311 0.248994 0.936661 0.378206 
1537392436401 0.231294 0.923314 -0.306585 -0.639663 -0.941188 0.292141 0.169762 -0.252942 0.24631 0.249289 0.936582 0.378282 
1537392436537 0.231227 0.92335 -0.306527 -0.63906 -0.941138 0.292134 0.17005 -0.252372 0.246562 0.249164 0.936549 0.378516 
1537392436673 0.231505 0.923309 -0.30644 -0.638269 -0.941024 0.292427 0.170176 -0.252035 0.246737 0.248971 0.936555 0.378785 
1537392436803 0.231404 0.923367 -0.306343 -0.637646 -0.940992 0.292371 0.170452 -0.251517 0.246955 0.248823 0.936536 0.379054 
1537392436942 0.23215 0.923186 -0.306325 -0.636786 -0.940748 0.293136 0.170486 -0.251232 0.247185 0.248596 0.936536 0.37937 
1537392437077 0.232312 0.923201 -0.306156 -0.636061 -0.940693 0.293272 0.170551 -0.250719 0.24724 0.248378 0.936579 0.379634 
1537392437129 0.23259 0.923143 -0.30612 -0.635728 -0.940617 0.293537 0.170515 -0.250703 0.247267 0.248281 0.936598 0.379718 
1537392437182 0.232619 0.923095 -0.306241 -0.635503 -0.9406 0.293597 0.170508 -0.250588 0.247307 0.248387 0.936559 0.379775 
1537392437256 0.23321 0.922913 -0.306341 -0.635081 -0.940397 0.294232 0.170533 -0.250446 0.247522 0.248312 0.936522 0.379892 
1537392437343 0.232868 0.92313 -0.305948 -0.634729 -0.940477 0.293841 0.170767 -0.250134 0.24754 0.247971 0.936608 0.380069 
1537392437428 0.232501 0.923243 -0.305886 -0.634569 -0.940534 0.293515 0.171013 -0.24984 0.247669 0.247936 0.936583 0.380167 
1537392437532 0.233116 0.923084 -0.305897 -0.63397 -0.940268 0.294214 0.171274 -0.249816 0.2481 0.247698 0.936532 0.380354 
1537392437648 0.232875 0.92317 -0.30582 -0.633324 -0.940207 0.294091 0.171818 -0.249354 0.248556 0.247522 0.936458 0.380637 
1537392437759 0.232957 0.923196 -0.305681 -0.632636 -0.940121 0.294209 0.172089 -0.249091 0.248806 0.247288 0.936453 0.380807 
1537392437853 0.233274 0.92306 -0.305848 -0.632114 -0.939964 0.294617 0.172243 -0.248896 0.249099 0.247306 0.93637 0.380916 
1537392437890 0.233297 0.923027 -0.305931 -0.63187 -0.939918 0.294696 0.172364 -0.248794 0.249253 0.247338 0.936321 0.381015 
1537392437937 0.233682 0.922937 -0.305907 -0.631584 -0.939771 0.295106 0.172461 -0.248771 0.249446 0.247182 0.936311 0.381097 
1537392437991 0.233799 0.922879 -0.305995 -0.63124 -0.939662 0.295313 0.172703 -0.24861 0.249748 0.247154 0.936237 0.381223 
1537392438048 0.233478 0.92304 -0.305752 -0.630896 -0.939716 0.294988 0.172961 -0.248344 0.249843 0.246938 0.936269 0.38137 
1537392438112 0.233083 0.923148 -0.305728 -0.630787 -0.939807 0.294617 0.173101 -0.248199 0.249871 0.246979 0.936251 0.381407 
1537392438196 0.233513 0.922832 -0.306355 -0.63063 -0.939588 0.295252 0.173204 -0.248355 0.25029 0.247402 0.936027 0.381392 
1537392438294 0.23342 0.922821 -0.306458 -0.63008 -0.939524 0.295269 0.173523 -0.248273 0.250618 0.247421 0.935934 0.381532 
1537392438399 0.232804 0.922939 -0.306572 -0.629665 -0.939561 0.294822 0.174082 -0.247785 0.251051 0.247516 0.935793 0.381673 
1537392438484 0.232804 0.922939 -0.306572 -0.629665 -0.939561 0.294822 0.174082 -0.247785 0.251051 0.247516 0.935793 0.381673 
1537392438512 0.232804 0.922939 -0.306572 -0.629665 -0.939561 0.294822 0.174082 -0.247785 0.251051 0.247516 0.935793 0.381673 
1537392438542 0.232959 0.922837 -0.306762 -0.629241 -0.939444 0.295082 0.174275 -0.247815 0.251348 0.247587 0.935695 0.381761 
1537392438564 0.232858 0.922865 -0.306752 -0.62927 -0.939468 0.294986 0.174308 -0.247748 0.25135 0.247595 0.935692 0.381758 
1537392438604 0.232704 0.922894 -0.306783 -0.6291 -0.939468 0.294883 0.17448 -0.24761 0.251492 0.247611 0.93565 0.381812 
1537392438651 0.232733 0.92281 -0.307012 -0.628512 -0.939319 0.295094 0.174929 -0.247371 0.252024 0.247671 0.935491 0.382011 
1537392438694 0.23279 0.922777 -0.30707 -0.628214 -0.93929 0.295173 0.174948 -0.247515 0.252076 0.247702 0.935468 0.382073 
1537392438737 0.232893 0.922717 -0.307172 -0.628236 -0.939262 0.295292 0.174897 -0.247575 0.252086 0.247783 0.935445 0.382039 
1537392438794 0.232819 0.922621 -0.307514 -0.628361 -0.939234 0.295333 0.174981 -0.247509 0.25226 0.248089 0.935316 0.381978 
1537392438869 0.232869 0.922392 -0.308163 -0.62822 -0.93905 0.295672 0.175392 -0.247425 0.252896 0.248537 0.935026 0.382067 
1537392438943 0.233106 0.922123 -0.308789 -0.627795 -0.938827 0.296176 0.175735 -0.247528 0.253505 0.248935 0.934755 0.382189 
1537392438967 0.23317 0.922019 -0.309051 -0.627584 -0.938728 0.296369 0.175943 -0.24751 0.253816 0.24909 0.934629 0.382242 
1537392438985 0.233146 0.921983 -0.309177 -0.627504 -0.938692 0.296412 0.17606 -0.247458 0.253968 0.249174 0.934565 0.382264 
1537392439011 0.232828 0.922004 -0.309353 -0.627377 -0.938724 0.29619 0.176264 -0.247337 0.254144 0.249358 0.934469 0.3823 
1537392439044 0.23261 0.921989 -0.309563 -0.627243 -0.938722 0.296079 0.17646 -0.247251 0.25435 0.249547 0.934362 0.382339 
1537392439095 0.232916 0.921791 -0.309921 -0.627077 -0.938563 0.296519 0.176566 -0.247336 0.254655 0.249755 0.934224 0.382364 
1537392439132 0.233142 0.921655 -0.310157 -0.626953 -0.938463 0.296821 0.176591 -0.247424 0.254816 0.2499 0.934141 0.382389 
1537392439197 0.233132 0.921695 -0.310043 -0.626888 -0.938472 0.296783 0.176606 -0.247303 0.254793 0.249794 0.934175 0.382441 
1537392439270 0.233313 0.921627 -0.31011 -0.626683 -0.938398 0.296996 0.176644 -0.247171 0.254902 0.249793 0.934146 0.382536 
1537392439347 0.233298 0.921592 -0.310226 -0.626239 -0.938366 0.297039 0.176739 -0.247062 0.25503 0.249873 0.93409 0.382697 
1537392439411 0.233086 0.921645 -0.310228 -0.625937 -0.938392 0.296864 0.176895 -0.246835 0.25513 0.249884 0.934059 0.382835 
1537392439435 0.233073 0.921622 -0.310307 -0.625865 -0.938378 0.296884 0.176935 -0.246753 0.255192 0.249947 0.934025 0.382866 
1537392439451 0.233073 0.921597 -0.310379 -0.625827 -0.938367 0.29691 0.176954 -0.246703 0.255235 0.250006 0.933998 0.382885 
1537392439493 0.233301 0.921483 -0.310548 -0.625635 -0.938285 0.297181 0.176929 -0.246711 0.255326 0.250105 0.933947 0.382956 
1537392439526 0.233506 0.921384 -0.310687 -0.62547 -0.938223 0.297414 0.176869 -0.246776 0.255367 0.250194 0.933911 0.383008 
1537392439573 0.233612 0.921301 -0.310854 -0.625287 -0.938181 0.297561 0.176846 -0.24683 0.255426 0.250324 0.93386 0.383069 
1537392439624 0.233591 0.921294 -0.310889 -0.625254 -0.938154 0.297579 0.176957 -0.246766 0.255544 0.250326 0.933828 0.383086 
1537392439688 0.233609 0.921293 -0.31088 -0.625213 -0.938109 0.297635 0.177101 -0.246682 0.255691 0.250267 0.933803 0.383089 
1537392439762 0.23381 0.921193 -0.311024 -0.624881 -0.937963 0.297946 0.177352 -0.246595 0.256043 0.250262 0.933708 0.383185 
1537392439836 0.233734 0.921163 -0.311171 -0.624506 -0.937894 0.297989 0.177645 -0.24643 0.256365 0.250324 0.933603 0.383307 
1537392439903 0.233516 0.921194 -0.311242 -0.6241 -0.93792 0.297823 0.177785 -0.246198 0.256469 0.250404 0.933553 0.383454 
1537392439926 0.233636 0.921099 -0.311435 -0.624012 -0.937854 0.298009 0.177819 -0.246201 0.256599 0.250536 0.933482 0.383472 
1537392439956 0.233856 0.920955 -0.311695 -0.623896 -0.937746 0.298319 0.177872 -0.246236 0.256796 0.250694 0.933385 0.383491 
1537392439990 0.234125 0.92081 -0.311922 -0.623771 -0.937614 0.298681 0.177959 -0.246268 0.257032 0.250797 0.933293 0.383507 
1537392440037 0.234515 0.920595 -0.312263 -0.623572 -0.937427 0.299202 0.178067 -0.246346 0.257357 0.250964 0.933158 0.383537 
1537392440091 0.234539 0.92065 -0.312083 -0.623358 -0.93742 0.299192 0.178123 -0.246296 0.257362 0.250776 0.933207 0.383616 
1537392440147 0.234288 0.920769 -0.311918 -0.623359 -0.937596 0.298813 0.177834 -0.246115 0.256949 0.250789 0.933318 0.383641 
1537392440222 0.234218 0.920877 -0.311654 -0.623204 -0.937712 0.298599 0.177579 -0.245807 0.256588 0.250649 0.933455 0.383696 
1537392440315 0.23456 0.920754 -0.311759 -0.622785 -0.937653 0.298917 0.177358 -0.245641 0.256493 0.25072 0.933462 0.383857 
1537392440409 0.234777 0.920801 -0.311456 -0.622315 -0.937672 0.298992 0.17713 -0.245439 0.256225 0.250458 0.933606 0.384062 
1537392440475 0.235192 0.920676 -0.311513 -0.62213 -0.937567 0.299397 0.177004 -0.245374 0.25623 0.250435 0.933611 0.384118 
1537392440510 0.235271 0.92063 -0.311591 -0.622017 -0.937545 0.299488 0.176964 -0.245259 0.256236 0.250496 0.933593 0.384158 
1537392440537 0.23525 0.920616 -0.311648 -0.621881 -0.937555 0.299474 0.176932 -0.245196 0.256217 0.250564 0.93358 0.384202 
1537392440570 0.235411 0.920545 -0.311734 -0.621714 -0.937519 0.299639 0.176847 -0.245152 0.256203 0.250625 0.933567 0.384257 
1537392440616 0.235938 0.920366 -0.311864 -0.621421 -0.937406 0.300143 0.176592 -0.245183 0.256133 0.250678 0.933572 0.38435 
1537392440663 0.235853 0.920469 -0.311626 -0.621205 -0.937485 0.29996 0.176479 -0.245028 0.255919 0.250522 0.933672 0.384436 
1537392440718 0.235576 0.920556 -0.311578 -0.621202 -0.937559 0.299686 0.176557 -0.244875 0.255906 0.25053 0.933674 0.384434 
1537392440792 0.235517 0.920601 -0.31149 -0.621107 -0.937567 0.29962 0.176625 -0.24484 0.255929 0.250444 0.93369 0.384486 
1537392440884 0.235766 0.920563 -0.311413 -0.620607 -0.937428 0.299915 0.17686 -0.244688 0.256209 0.25023 0.933671 0.384686 
1537392440958 0.235518 0.920708 -0.311172 -0.620142 -0.937531 0.299594 0.176857 -0.244526 0.256059 0.25008 0.933753 0.384885 
1537392441035 0.235377 0.920703 -0.311295 -0.619892 -0.937542 0.299508 0.176945 -0.244181 0.25615 0.250203 0.933695 0.384964 
1537392441068 0.235485 0.920645 -0.311382 -0.619723 -0.937519 0.299624 0.176873 -0.244167 0.256134 0.250276 0.933679 0.384981 
1537392441105 0.235617 0.920581 -0.311473 -0.619567 -0.937477 0.299774 0.17684 -0.244202 0.256167 0.250332 0.933655 0.385008 
1537392441139 0.236189 0.920366 -0.311673 -0.61936 -0.937301 0.300385 0.176735 -0.244358 0.256283 0.250389 0.933608 0.385032 
1537392441183 0.236396 0.920322 -0.311648 -0.619112 -0.937244 0.300581 0.176705 -0.244293 0.256301 0.250318 0.933622 0.385132 
1537392441237 0.235826 0.920582 -0.311311 -0.618916 -0.937429 0.299936 0.176821 -0.24392 0.256151 0.250133 0.933713 0.385249 
1537392441300 0.235602 0.92069 -0.311161 -0.618854 -0.937556 0.299627 0.176671 -0.2438 0.255892 0.250106 0.933791 0.385286 
1537392441377 0.23589 0.920659 -0.311036 -0.618779 -0.937596 0.299765 0.176224 -0.243682 0.255479 0.250057 0.933918 0.385269 
1537392441470 0.236586 0.920589 -0.310714 -0.618395 -0.937531 0.300254 0.175736 -0.243406 0.255073 0.249727 0.934117 0.385393 
1537392441561 0.236745 0.920671 -0.310349 -0.617874 -0.937618 0.300211 0.175348 -0.242949 0.254608 0.249476 0.934311 0.385517 
1537392441635 0.236819 0.920743 -0.310078 -0.617606 -0.937777 0.300055 0.174762 -0.242691 0.253951 0.249397 0.93451 0.385573 
1537392441655 0.237047 0.920697 -0.310042 -0.617527 -0.937751 0.300232 0.174595 -0.242683 0.253834 0.249355 0.934554 0.385597 
1537392441722 0.237488 0.920606 -0.309974 -0.617354 -0.937683 0.300594 0.174336 -0.242707 0.253671 0.249255 0.934625 0.385666 
1537392441772 0.237944 0.920512 -0.309903 -0.617053 -0.937618 0.300963 0.174054 -0.24264 0.253488 0.249156 0.934701 0.385747 
1537392441801 0.238139 0.920461 -0.309906 -0.616847 -0.937606 0.301111 0.17386 -0.242483 0.253348 0.249167 0.934736 0.385776 
1537392441865 0.237779 0.920657 -0.309598 -0.616749 -0.937732 0.300679 0.173931 -0.242166 0.25322 0.248963 0.934825 0.385789 
1537392441963 0.237756 0.920751 -0.309339 -0.61671 -0.937582 0.30076 0.174595 -0.242235 0.253795 0.24852 0.934787 0.385878 
1537392442033 0.237897 0.920785 -0.309129 -0.616438 -0.937555 0.300845 0.174592 -0.242251 0.253762 0.24829 0.934857 0.385939 
1537392442153 0.237794 0.921074 -0.308346 -0.615669 -0.937553 0.300626 0.174981 -0.24176 0.253867 0.247481 0.935042 0.38613 
1537392442235 0.238205 0.921021 -0.308186 -0.615392 -0.937409 0.301024 0.175068 -0.241783 0.254012 0.247195 0.935079 0.386173 
1537392442286 0.238624 0.920994 -0.307944 -0.615131 -0.937244 0.301432 0.175252 -0.24161 0.25423 0.246799 0.935124 0.386257 
1537392442303 0.238681 0.921006 -0.307861 -0.615039 -0.937218 0.301481 0.175303 -0.241566 0.25427 0.246692 0.935142 0.386288 
1537392442329 0.23882 0.921022 -0.307707 -0.614841 -0.937166 0.301599 0.17538 -0.241528 0.254333 0.246488 0.935178 0.386348 
1537392442363 0.238887 0.921093 -0.307442 -0.614548 -0.937137 0.301624 0.175492 -0.241439 0.254377 0.246192 0.935244 0.386437 
1537392442417 0.239439 0.921069 -0.307085 -0.614149 -0.936965 0.302109 0.175576 -0.241333 0.254491 0.245688 0.935346 0.386531 
1537392442482 0.239412 0.921097 -0.307022 -0.614034 -0.937004 0.30204 0.175487 -0.241277 0.254374 0.245667 0.935383 0.386491 
1537392442538 0.239156 0.921149 -0.307064 -0.614051 -0.937105 0.301771 0.175408 -0.241244 0.25424 0.245801 0.935384 0.386434 
1537392442613 0.238873 0.921267 -0.306932 -0.613916 -0.937207 0.301449 0.175417 -0.241189 0.25413 0.245756 0.935426 0.386462 
1537392442721 0.238409 0.921638 -0.306178 -0.613215 -0.937369 0.300823 0.175627 -0.240825 0.25397 0.24513 0.935634 0.386707 
1537392442749 0.23834 0.921704 -0.306033 -0.613035 -0.937395 0.300722 0.17566 -0.240748 0.253938 0.245007 0.935675 0.386753 
1537392442769 0.238334 0.921726 -0.30597 -0.612982 -0.937399 0.300702 0.175673 -0.240707 0.253928 0.244947 0.935693 0.38677 
1537392442793 0.238348 0.921754 -0.305875 -0.612912 -0.9374 0.300692 0.175683 -0.240646 0.253911 0.244854 0.935722 0.386794 
1537392442830 0.238575 0.921727 -0.305779 -0.612768 -0.937363 0.30087 0.175578 -0.240587 0.253835 0.244737 0.935773 0.386775 
1537392442863 0.238688 0.921711 -0.305739 -0.612622 -0.937363 0.300942 0.175458 -0.240628 0.253732 0.244709 0.935809 0.386748 
1537392442908 0.238573 0.921805 -0.305547 -0.612411 -0.93742 0.300769 0.175446 -0.240567 0.253627 0.244569 0.935874 0.386782 
1537392442953 0.238537 0.92187 -0.305378 -0.612285 -0.937434 0.300698 0.175495 -0.240532 0.253611 0.24441 0.93592 0.386832 
1537392443008 0.239023 0.921826 -0.305131 -0.612212 -0.937261 0.30116 0.175629 -0.240631 0.253792 0.244008 0.935975 0.386834 
1537392443079 0.239667 0.921831 -0.304609 -0.611947 -0.937103 0.301664 0.175603 -0.240707 0.253766 0.243364 0.93615 0.386821 
1537392443145 0.239539 0.922078 -0.303963 -0.611571 -0.937171 0.301386 0.175721 -0.240372 0.253639 0.242773 0.936338 0.386862 
1537392443189 0.239262 0.922267 -0.303609 -0.611322 -0.937267 0.301031 0.175816 -0.240155 0.253545 0.242496 0.936435 0.386897 
1537392443204 0.239187 0.922326 -0.303486 -0.611229 -0.937296 0.300928 0.175839 -0.240093 0.253508 0.242397 0.936471 0.386908 
1537392443232 0.239153 0.922388 -0.303327 -0.611107 -0.937318 0.300852 0.17585 -0.24003 0.253458 0.242258 0.93652 0.386908 
1537392443260 0.239214 0.922412 -0.303203 -0.611022 -0.937306 0.300882 0.17586 -0.239996 0.253444 0.242126 0.936558 0.386909 
1537392443299 0.239565 0.922441 -0.302839 -0.610776 -0.937227 0.301137 0.175848 -0.240005 0.253406 0.241702 0.936678 0.386933 
1537392443332 0.24005 0.922412 -0.302543 -0.610539 -0.937104 0.301538 0.175812 -0.240081 0.253399 0.241311 0.936781 0.386962 
1537392443382 0.240179 0.922478 -0.302238 -0.610342 -0.937101 0.301574 0.175769 -0.240103 0.25329 0.241012 0.936887 0.386976 
1537392443428 0.240212 0.922561 -0.30196 -0.610381 -0.937153 0.301495 0.175626 -0.24006 0.253065 0.240796 0.937004 0.38693 
1537392443481 0.240348 0.922685 -0.301471 -0.610439 -0.937214 0.301441 0.175396 -0.24001 0.252711 0.240387 0.937204 0.386898 
1537392443508 0.240478 0.922731 -0.301228 -0.610437 -0.937222 0.301478 0.175287 -0.239994 0.252556 0.240165 0.937303 0.386874 
1537392443531 0.240638 0.922752 -0.301035 -0.610425 -0.937208 0.301567 0.175208 -0.239986 0.252455 0.239971 0.93738 0.386859 
1537392443551 0.240795 0.922795 -0.300777 -0.610399 -0.937204 0.301633 0.17512 -0.239981 0.252324 0.239722 0.937479 0.38685 
1537392443588 0.241333 0.923017 -0.299664 -0.610199 -0.937246 0.301762 0.17467 -0.239953 0.25165 0.238706 0.937919 0.386769 
1537392443612 0.241607 0.923106 -0.299167 -0.610096 -0.937246 0.301861 0.174499 -0.239934 0.251388 0.238233 0.938109 0.386745 
1537392443645 0.241981 0.923252 -0.298413 -0.609955 -0.937258 0.301971 0.174245 -0.239918 0.250985 0.237525 0.938397 0.386729 
1537392443682 0.242053 0.923445 -0.297757 -0.609846 -0.937356 0.301806 0.174005 -0.239918 0.250549 0.236986 0.93865 0.38669 
1537392443717 0.242084 0.923464 -0.297675 -0.609836 -0.937355 0.301813 0.173998 -0.239923 0.250523 0.236905 0.938677 0.38667 
1537392443767 0.242103 0.923468 -0.297645 -0.609831 -0.937347 0.301828 0.174015 -0.239921 0.250535 0.236867 0.938683 0.386668 
1537392443852 0.242293 0.923501 -0.29739 -0.609762 -0.93737 0.301892 0.173777 -0.239847 0.250263 0.23666 0.938808 0.386584 
1537392443901 0.242534 0.923661 -0.296693 -0.609626 -0.937463 0.301844 0.173361 -0.23976 0.249681 0.236092 0.939106 0.386482 
1537392444638 0.23508 0.925842 -0.295896 -0.601034 -0.939512 0.294465 0.174953 -0.233295 0.24911 0.23687 0.939062 0.391919 
1537392445627 0.230234 0.925871 -0.299592 -0.58561 -0.940503 0.290763 0.175815 -0.225123 0.249893 0.241289 0.937728 0.401998 
1537392446622 0.22622 0.925683 -0.30321 -0.571309 -0.941335 0.287782 0.176266 -0.217665 0.250425 0.245547 0.93648 0.411034 
1537392447535 0.2225 0.925278 -0.307172 -0.556359 -0.942136 0.285097 0.176348 -0.21015 0.250745 0.25016 0.935172 0.420587 
1537392448429 0.219517 0.924629 -0.311245 -0.540935 -0.942719 0.28317 0.176338 -0.202687 0.251182 0.254707 0.933826 0.430383 
1537392449282 0.216519 0.924041 -0.315067 -0.526448 -0.943328 0.281153 0.176309 -0.195557 0.251499 0.259037 0.932549 0.439706 
1537392450146 0.213188 0.923417 -0.319144 -0.511894 -0.944023 0.278855 0.176237 -0.188297 0.251735 0.263707 0.931176 0.44891 
1537392451018 0.210334 0.922597 -0.323381 -0.497211 -0.944648 0.276991 0.175828 -0.181247 0.251792 0.268499 0.92979 0.458351 
1537392451822 0.208463 0.921521 -0.327633 -0.483677 -0.944995 0.276114 0.175343 -0.175625 0.252046 0.273059 0.928392 0.467081 
1537392464929 0.211745 0.919178 -0.332078 -0.474238 -0.943988 0.280342 0.174054 -0.173748 0.253083 0.276622 0.927054 0.473697 
1537392465254 0.211282 0.91976 -0.33076 -0.476795 -0.944146 0.279599 0.174395 -0.174386 0.252881 0.275439 0.927461 0.472046 
1537392465479 0.215481 0.918877 -0.330505 -0.48153 -0.943219 0.283471 0.173156 -0.177512 0.252797 0.274427 0.927784 0.469523 
1537392465563 0.217025 0.918251 -0.331232 -0.482541 -0.942886 0.285034 0.172397 -0.178392 0.252716 0.274899 0.927666 0.469046 
1537392465642 0.215539 0.918724 -0.330891 -0.483105 -0.943201 0.283603 0.173037 -0.177987 0.252815 0.2748 0.927669 0.468412 
1537392465696 0.213637 0.919425 -0.330176 -0.483352 -0.943558 0.281763 0.174092 -0.177158 0.253096 0.274348 0.927726 0.46803 
1537392465740 0.212619 0.919916 -0.329466 -0.48338 -0.943743 0.280721 0.174772 -0.176733 0.253263 0.273772 0.927851 0.467885 
1537392465786 0.21168 0.920341 -0.328883 -0.483422 -0.943939 0.279744 0.175281 -0.176392 0.253321 0.273342 0.927962 0.467773 
1537392465822 0.211131 0.920617 -0.328464 -0.483464 -0.943998 0.279217 0.175802 -0.176095 0.253559 0.272952 0.928011 0.46765 
1537392465850 0.210549 0.920771 -0.328404 -0.483545 -0.943968 0.278831 0.176574 -0.175785 0.254153 0.272825 0.927886 0.467423 
1537392465862 0.210354 0.920801 -0.328446 -0.483574 -0.943987 0.278681 0.176705 -0.175705 0.254242 0.272878 0.927846 0.467365 
1537392465878 0.21013 0.920839 -0.328482 -0.483612 -0.944009 0.278508 0.176864 -0.175606 0.254348 0.272925 0.927803 0.467297 
1537392465904 0.209912 0.920903 -0.328442 -0.483644 -0.944032 0.278323 0.177032 -0.175497 0.254443 0.272898 0.927785 0.467227 
1537392465920 0.209761 0.920951 -0.328405 -0.483668 -0.944033 0.278209 0.177204 -0.175411 0.254562 0.272855 0.927765 0.467172 
1537392465938 0.20965 0.920981 -0.328392 -0.483688 -0.944015 0.278148 0.177397 -0.175336 0.254721 0.272815 0.927733 0.467132 
1537392465968 0.209602 0.921019 -0.328316 -0.483696 -0.943981 0.278135 0.177595 -0.175271 0.254884 0.2727 0.927722 0.467132 
1537392465980 0.209626 0.921043 -0.328233 -0.48369 -0.943959 0.27816 0.177677 -0.17525 0.25495 0.272592 0.927736 0.467158 
1537392465995 0.209708 0.921054 -0.32815 -0.483674 -0.943932 0.27823 0.177708 -0.175257 0.25498 0.272484 0.927759 0.467197 
1537392466053 0.210123 0.920986 -0.328075 -0.483609 -0.943876 0.278567 0.17748 -0.175413 0.254847 0.272369 0.92783 0.467337 
1537392466073 0.210176 0.920932 -0.328192 -0.483609 -0.943885 0.278617 0.177351 -0.175462 0.254769 0.272501 0.927813 0.46738 
1537392466089 0.210187 0.920916 -0.328231 -0.48361 -0.943888 0.27863 0.177318 -0.175474 0.25475 0.272543 0.927805 0.467393 
1537392466103 0.210182 0.920892 -0.328302 -0.483618 -0.943876 0.278653 0.177346 -0.175472 0.254798 0.272601 0.927775 0.467388 
1537392466127 0.210167 0.920881 -0.32834 -0.483628 -0.943838 0.27869 0.177488 -0.175438 0.25495 0.272598 0.927734 0.467367 
1537392466149 0.210125 0.920894 -0.328332 -0.483641 -0.943801 0.278698 0.17767 -0.175383 0.25512 0.272547 0.927702 0.467329 
1537392466161 0.210079 0.920916 -0.328301 -0.483653 -0.943769 0.278694 0.177849 -0.175323 0.255279 0.272478 0.927679 0.467292 
1537392466183 0.209988 0.920939 -0.328292 -0.483673 -0.943752 0.278647 0.178013 -0.175253 0.255417 0.272446 0.927651 0.467252 
1537392466201 0.209845 0.920995 -0.328228 -0.483681 -0.943781 0.278502 0.178082 -0.175206 0.255425 0.272406 0.92766 0.467226 
1537392466215 0.209781 0.921034 -0.328159 -0.483683 -0.943807 0.278417 0.17808 -0.175182 0.255382 0.272361 0.927685 0.467213 
1537392466256 0.209577 0.921103 -0.328096 -0.483709 -0.94387 0.278195 0.178094 -0.175103 0.255317 0.272356 0.927704 0.467179 
1537392466271 0.209532 0.921113 -0.328096 -0.483716 -0.94388 0.278152 0.178107 -0.175084 0.255317 0.272364 0.927702 0.467169 
1537392466309 0.209493 0.921112 -0.328123 -0.48372 -0.943882 0.278128 0.178136 -0.175071 0.255343 0.272391 0.927687 0.467153 
1537392466329 0.209477 0.921099 -0.328171 -0.483726 -0.943873 0.278135 0.17817 -0.175067 0.255388 0.272429 0.927664 0.467141 
1537392466344 0.209473 0.921095 -0.328183 -0.483727 -0.94387 0.278138 0.178181 -0.175066 0.255402 0.272438 0.927657 0.467141 
1537392466359 0.209484 0.921099 -0.328167 -0.483724 -0.943869 0.278143 0.178177 -0.17507 0.255396 0.272422 0.927663 0.467151 
1537392466375 0.209525 0.9211 -0.328138 -0.483713 -0.943864 0.278172 0.17816 -0.175087 0.255382 0.272389 0.927677 0.46717 
1537392466394 0.209566 0.921096 -0.328123 -0.483704 -0.943857 0.278206 0.178147 -0.175105 0.255376 0.272368 0.927685 0.467184 
1537392466409 0.209594 0.921094 -0.328111 -0.483698 -0.943852 0.278228 0.178136 -0.175118 0.25537 0.272352 0.927691 0.467193 
1537392466431 0.209606 0.921088 -0.32812 -0.483696 -0.943847 0.278244 0.17814 -0.175124 0.25538 0.272355 0.927687 0.467196 
1537392466462 0.209615 0.921083 -0.328128 -0.483695 -0.943842 0.278257 0.178144 -0.175129 0.25539 0.272359 0.927684 0.467196 
1537392466479 0.209619 0.921082 -0.328129 -0.483694 -0.94384 0.278262 0.178148 -0.17513 0.255395 0.272358 0.927682 0.467197 
1537392466499 0.20962 0.921081 -0.32813 -0.483694 -0.943838 0.278265 0.178153 -0.17513 0.2554 0.272357 0.927681 0.467197 
1537392466515 0.20962 0.921081 -0.328129 -0.483693 -0.943837 0.278267 0.178158 -0.175129 0.255405 0.272355 0.92768 0.467197 
1537392466532 0.209621 0.921081 -0.328128 -0.483693 -0.943836 0.278268 0.178161 -0.175129 0.255408 0.272353 0.92768 0.467198 
1537392466549 0.209622 0.921081 -0.328128 -0.483693 -0.943835 0.278269 0.178162 -0.17513 0.25541 0.272352 0.92768 0.467198 
1537392466565 0.209623 0.921081 -0.328128 -0.483692 -0.943835 0.27827 0.178162 -0.175131 0.25541 0.272352 0.92768 0.467198 
1537392466582 0.209623 0.921081 -0.328128 -0.483692 -0.943834 0.278271 0.178163 -0.175132 0.255411 0.272351 0.92768 0.467199 
1537392466599 0.209623 0.921081 -0.328128 -0.483691 -0.943834 0.278271 0.178164 -0.175132 0.255412 0.272351 0.92768 0.467199 
1537392466615 0.209624 0.921081 -0.328128 -0.483691 -0.943834 0.278272 0.178165 -0.175132 0.255413 0.272351 0.927679 0.467199 
