1534164945645 0.2684 0.896689 -0.352008 -0.566779 -0.948843 0.309173 0.0640969 -0.229975 0.166306 0.316797 0.9338 0.358481 
1534164960577 0.268397 0.896689 -0.352011 -0.566779 -0.948844 0.309171 0.0640991 -0.229974 0.166309 0.316799 0.933799 0.358479 
1534164961421 0.256683 0.880595 -0.398329 -0.570788 -0.949227 0.307252 0.0675667 -0.228191 0.181886 0.360762 0.914751 0.365117 
1534164962266 0.24444 0.862042 -0.443996 -0.574721 -0.949421 0.305846 0.0711178 -0.226488 0.197101 0.404155 0.893202 0.372184 
1534164963111 0.231317 0.841349 -0.488491 -0.578687 -0.949608 0.304422 0.0746481 -0.224698 0.211513 0.446608 0.86937 0.379276 
1534164963977 0.217517 0.818517 -0.531711 -0.582602 -0.949664 0.3033 0.0784036 -0.222932 0.225443 0.487893 0.843289 0.386358 
1534164964831 0.203315 0.793501 -0.573602 -0.58653 -0.949578 0.302609 0.0820377 -0.221301 0.238674 0.528001 0.815015 0.393415 
1534164966038 0.172384 0.737687 -0.652765 -0.594458 -0.949357 0.301147 0.0896166 -0.217808 0.262687 0.604259 0.752241 0.407538 
1534164966910 0.155945 0.70735 -0.689447 -0.598344 -0.949207 0.30043 0.0935318 -0.215984 0.27329 0.639842 0.718272 0.414758 
1534164967765 0.138118 0.675932 -0.723906 -0.603664 -0.948907 0.299696 0.0987868 -0.216561 0.283725 0.673275 0.68279 0.420636 
1534164967815 0.138277 0.675777 -0.72402 -0.603738 -0.948708 0.300238 0.0990439 -0.216604 0.28431 0.673188 0.682631 0.421102 
1534164968167 0.136658 0.672913 -0.726989 -0.603915 -0.948918 0.299608 0.0989462 -0.216183 0.284394 0.676331 0.679483 0.421417 
1534164968523 0.13516 0.669351 -0.730548 -0.604138 -0.948869 0.299724 0.0990645 -0.215818 0.285272 0.679805 0.675637 0.422208 
1534164969030 0.131767 0.662232 -0.737622 -0.604652 -0.948828 0.299687 0.0995605 -0.214958 0.286988 0.686758 0.667833 0.423887 
1534164969394 0.130353 0.658825 -0.740917 -0.604874 -0.948648 0.300123 0.0999699 -0.21457 0.288229 0.689837 0.664115 0.424955 
1534164969759 0.128639 0.655296 -0.744338 -0.605122 -0.948629 0.30009 0.100246 -0.214103 0.289059 0.693205 0.660236 0.425759 
1534164970143 0.126883 0.651714 -0.747776 -0.605423 -0.94861 0.300051 0.100545 -0.213638 0.289897 0.69659 0.656294 0.42669 
1534164970524 0.125256 0.648103 -0.751182 -0.605642 -0.94849 0.300298 0.100934 -0.213198 0.290994 0.699846 0.652333 0.427537 
1534164970902 0.12382 0.644601 -0.754426 -0.605884 -0.948465 0.300364 0.100972 -0.212841 0.291689 0.703045 0.648572 0.428463 
1534164970936 0.12362 0.644373 -0.754653 -0.605903 -0.948412 0.300458 0.101191 -0.212762 0.291947 0.703213 0.648273 0.428529 
1534164971129 0.124803 0.645444 -0.753543 -0.60585 -0.948241 0.301108 0.100863 -0.212639 0.291999 0.701952 0.649615 0.428477 
1534164971239 0.125543 0.64583 -0.753089 -0.605871 -0.948279 0.301201 0.100221 -0.212704 0.291557 0.701557 0.650241 0.42819 
1534164971419 0.127159 0.647077 -0.751746 -0.605867 -0.948014 0.302189 0.0997557 -0.212514 0.291719 0.699981 0.651864 0.428036 
1534164971531 0.127876 0.647704 -0.751084 -0.605895 -0.947956 0.302472 0.0994459 -0.212378 0.291594 0.699278 0.652674 0.427912 
1534164971634 0.128801 0.648235 -0.750468 -0.60586 -0.947799 0.303071 0.0991167 -0.212363 0.291696 0.698526 0.653433 0.427812 
1534164971740 0.129796 0.648831 -0.749781 -0.605833 -0.947681 0.303591 0.0986612 -0.212364 0.291641 0.697747 0.654289 0.427698 
1534164971856 0.130434 0.649401 -0.749176 -0.605906 -0.947642 0.30381 0.098361 -0.212192 0.291483 0.697121 0.655027 0.427502 
1534164971880 0.130585 0.649503 -0.749061 -0.605911 -0.947618 0.303901 0.0983102 -0.212176 0.291493 0.696986 0.655166 0.427468 
1534164971897 0.130764 0.649595 -0.74895 -0.605904 -0.947578 0.304039 0.0982624 -0.21218 0.291541 0.69684 0.6553 0.427447 
1534164971913 0.130925 0.649679 -0.74885 -0.605897 -0.947546 0.304156 0.0982119 -0.212188 0.291573 0.696711 0.655422 0.427434 
1534164971930 0.130994 0.649718 -0.748804 -0.605893 -0.947535 0.304199 0.0981862 -0.212191 0.291579 0.696656 0.655479 0.427431 
1534164972077 0.131209 0.649668 -0.74881 -0.60592 -0.947346 0.304725 0.0983819 -0.212142 0.292097 0.696473 0.655443 0.427366 
1534164972106 0.13167 0.649909 -0.74852 -0.605892 -0.947174 0.305246 0.0984185 -0.212125 0.292446 0.69602 0.655768 0.427375 
1534164972191 0.132264 0.650239 -0.748128 -0.60586 -0.947042 0.305702 0.0982714 -0.212112 0.292604 0.695512 0.656237 0.427367 
1534164972233 0.132544 0.650434 -0.747909 -0.605853 -0.946896 0.306111 0.0984074 -0.21206 0.292951 0.695149 0.656466 0.427368 
1534164972296 0.132857 0.650578 -0.747728 -0.605852 -0.946749 0.306539 0.0984925 -0.212019 0.293285 0.694825 0.65666 0.427332 
1534164972358 0.133276 0.650769 -0.747488 -0.605846 -0.946608 0.306978 0.0984785 -0.211991 0.293549 0.694453 0.656936 0.427291 
1534164972385 0.133529 0.650942 -0.747292 -0.605837 -0.946529 0.307222 0.0984814 -0.211966 0.29369 0.694183 0.657158 0.427297 
1534164972401 0.133669 0.651033 -0.747187 -0.605832 -0.946485 0.307357 0.0984816 -0.211955 0.293768 0.694037 0.657276 0.427298 
1534164972418 0.133792 0.651109 -0.747099 -0.605829 -0.946437 0.307498 0.0984993 -0.211942 0.293865 0.693904 0.657374 0.427296 
1534164972435 0.133893 0.651169 -0.747028 -0.605827 -0.94639 0.307631 0.09853 -0.211929 0.293969 0.693788 0.65745 0.427294 
1534164972453 0.133942 0.651198 -0.746994 -0.605828 -0.946379 0.30767 0.0985206 -0.211923 0.293984 0.693743 0.657491 0.427289 
1534164972469 0.133944 0.651198 -0.746994 -0.605831 -0.946384 0.307658 0.098506 -0.21192 0.293965 0.693749 0.657493 0.427282 
1534164972485 0.133901 0.651171 -0.747026 -0.605837 -0.946405 0.307599 0.0984907 -0.211917 0.293918 0.693801 0.657459 0.427273 
1534164972596 0.133802 0.651058 -0.747142 -0.60587 -0.946335 0.307748 0.0986963 -0.211879 0.294188 0.693841 0.657296 0.427214 
1534164972610 0.133901 0.651112 -0.747077 -0.605865 -0.946248 0.307978 0.0988177 -0.211862 0.294425 0.693688 0.657352 0.427215 
1534164972626 0.134101 0.651238 -0.746931 -0.605853 -0.946157 0.308237 0.0988786 -0.211851 0.294626 0.693455 0.657508 0.427225 
1534164972650 0.134362 0.651415 -0.74673 -0.605834 -0.946097 0.308435 0.0988312 -0.211852 0.294698 0.6932 0.657744 0.427245 
1534164972669 0.13445 0.651481 -0.746657 -0.605829 -0.9461 0.308447 0.0987651 -0.211855 0.294647 0.693133 0.657837 0.42725 
1534164972683 0.134514 0.651528 -0.746604 -0.605827 -0.946108 0.308443 0.0987054 -0.211858 0.294594 0.693091 0.657906 0.427252 
1534164972700 0.134556 0.651556 -0.746572 -0.605827 -0.946107 0.308454 0.0986791 -0.211858 0.294578 0.693059 0.657946 0.427251 
1534164972716 0.134572 0.651565 -0.746561 -0.605829 -0.946096 0.308485 0.0986927 -0.211853 0.294607 0.693037 0.657956 0.427248 
1534164972733 0.134615 0.65159 -0.746531 -0.605829 -0.946055 0.308589 0.0987512 -0.211842 0.294717 0.692966 0.657981 0.427246 
1534164972753 0.134659 0.65162 -0.746498 -0.605827 -0.946009 0.308709 0.0988239 -0.211828 0.294846 0.692886 0.658008 0.427244 
1534164972770 0.13468 0.651634 -0.746482 -0.605828 -0.945985 0.30877 0.0988629 -0.211819 0.294913 0.692846 0.658021 0.427241 
1534164972787 0.13468 0.651633 -0.746482 -0.60583 -0.945978 0.308786 0.098878 -0.211813 0.294935 0.692839 0.658018 0.427236 
1534164972807 0.134656 0.651617 -0.746501 -0.605836 -0.945993 0.308744 0.0988606 -0.211808 0.294897 0.692872 0.658 0.427225 
1534164972827 0.134646 0.651604 -0.746513 -0.605843 -0.946004 0.308718 0.0988412 -0.211804 0.294867 0.692896 0.657988 0.427214 
1534164972843 0.134663 0.651577 -0.746534 -0.60585 -0.946007 0.308719 0.0988058 -0.211801 0.294849 0.692921 0.65797 0.427201 
1534164972860 0.134715 0.65156 -0.74654 -0.605857 -0.945993 0.30877 0.0987794 -0.211797 0.29487 0.692915 0.657967 0.427189 
1534164972881 0.134838 0.651606 -0.746477 -0.605855 -0.945989 0.308813 0.0986897 -0.2118 0.294829 0.692852 0.658052 0.427183 
1534164972900 0.13497 0.651672 -0.746396 -0.605849 -0.945987 0.30885 0.0985925 -0.211803 0.294774 0.692774 0.658158 0.427179 
1534164972917 0.135049 0.65173 -0.74633 -0.605843 -0.945963 0.308924 0.0985937 -0.211797 0.294816 0.692686 0.658233 0.427177 
1534164972941 0.135071 0.651755 -0.746305 -0.605842 -0.945935 0.308993 0.098646 -0.211786 0.294896 0.692632 0.658254 0.427175 
1534164972957 0.135045 0.65174 -0.746323 -0.605845 -0.945907 0.309052 0.0987267 -0.211775 0.294997 0.69262 0.658221 0.427184 
1534164972974 0.135014 0.651726 -0.746341 -0.605849 -0.945879 0.309109 0.0988118 -0.211765 0.295099 0.692608 0.658188 0.427208 
1534164972991 0.134886 0.651639 -0.746439 -0.605863 -0.945839 0.309175 0.0989906 -0.211744 0.295287 0.692659 0.658049 0.427236 
1534164973090 0.13512 0.651661 -0.746378 -0.605859 -0.945798 0.309342 0.0988641 -0.211766 0.295312 0.692565 0.658138 0.427288 
1534164973104 0.135265 0.651762 -0.746264 -0.605844 -0.945841 0.309273 0.0986696 -0.21179 0.295108 0.6925 0.658297 0.42727 
1534164973120 0.135419 0.651953 -0.746069 -0.60582 -0.945926 0.309094 0.0984075 -0.211822 0.294763 0.6924 0.658557 0.42723 
1534164973137 0.135477 0.65208 -0.745948 -0.605812 -0.945988 0.30895 0.0982642 -0.211827 0.294537 0.692345 0.658715 0.427198 
1534164973153 0.135396 0.652162 -0.745891 -0.605824 -0.946065 0.308733 0.0982053 -0.211801 0.294327 0.692365 0.658789 0.427134 
1534164973193 0.13539 0.65222 -0.745841 -0.605859 -0.946096 0.308651 0.0981661 -0.211745 0.29423 0.692347 0.658851 0.427053 
1534164973220 0.135495 0.652348 -0.74571 -0.605874 -0.946114 0.308625 0.0980771 -0.211724 0.294125 0.692237 0.659013 0.427064 
1534164973237 0.135634 0.652499 -0.745553 -0.605878 -0.946129 0.308613 0.0979713 -0.21171 0.294014 0.692101 0.659206 0.427086 
1534164973254 0.135753 0.652626 -0.745419 -0.605883 -0.946141 0.308604 0.0978805 -0.211701 0.293919 0.691984 0.65937 0.4271 
1534164973270 0.135851 0.652735 -0.745306 -0.605879 -0.946165 0.308564 0.0977769 -0.211711 0.293797 0.691899 0.659514 0.427108 
1534164973358 0.135878 0.652612 -0.745409 -0.605899 -0.94622 0.30846 0.0975762 -0.21176 0.293608 0.692062 0.659428 0.427054 
1534164973385 0.136007 0.652433 -0.745542 -0.605904 -0.946191 0.308589 0.0974396 -0.211755 0.293639 0.692173 0.659297 0.42703 
1534164973405 0.13609 0.652373 -0.74558 -0.6059 -0.946192 0.308623 0.0973331 -0.211749 0.2936 0.692215 0.65927 0.427021 
1534164973479 0.136358 0.652544 -0.745381 -0.605869 -0.946322 0.308374 0.0968482 -0.211783 0.293054 0.692165 0.659566 0.427008 
1534164973499 0.136692 0.652647 -0.74523 -0.605848 -0.94632 0.308467 0.0965686 -0.21181 0.292904 0.692026 0.659778 0.427028 
1534164973529 0.137013 0.652764 -0.745068 -0.605826 -0.9464 0.308361 0.096123 -0.211839 0.292496 0.691962 0.660026 0.427036 
1534164973546 0.137073 0.6528 -0.745026 -0.605824 -0.946431 0.308302 0.09601 -0.211838 0.292369 0.691955 0.66009 0.427036 
1534164973563 0.137143 0.652847 -0.744971 -0.605831 -0.946487 0.308185 0.0958344 -0.211823 0.292154 0.691963 0.660177 0.427034 
1534164973579 0.137208 0.652885 -0.744927 -0.605833 -0.946514 0.308137 0.0957253 -0.211815 0.292037 0.691949 0.660243 0.427039 
1534164973596 0.13729 0.652919 -0.744881 -0.605835 -0.946532 0.308114 0.0956186 -0.211811 0.29194 0.691926 0.66031 0.427043 
1534164973613 0.137329 0.652924 -0.74487 -0.60584 -0.94653 0.308131 0.0955872 -0.211799 0.291929 0.691914 0.660327 0.427032 
1534164973682 0.137169 0.652872 -0.744945 -0.605858 -0.946521 0.308109 0.0957422 -0.211763 0.292032 0.691973 0.66022 0.427023 
1534164973714 0.13695 0.652718 -0.74512 -0.60588 -0.946582 0.307917 0.0957549 -0.211761 0.291936 0.692204 0.660021 0.427013 
1534164973734 0.136942 0.652608 -0.745218 -0.605892 -0.946619 0.307842 0.0956334 -0.211777 0.291821 0.692341 0.659927 0.427002 
1534164973768 0.137076 0.652509 -0.74528 -0.605899 -0.946616 0.307902 0.0954677 -0.211794 0.291767 0.692408 0.659881 0.426999 
1534164973788 0.137182 0.652496 -0.745272 -0.605896 -0.946586 0.308007 0.0954267 -0.211801 0.291815 0.692373 0.659897 0.427008 
1534164973804 0.137311 0.652536 -0.745213 -0.605885 -0.946586 0.308042 0.0953178 -0.211817 0.291755 0.69232 0.659979 0.427025 
1534164973821 0.137443 0.652612 -0.745122 -0.605871 -0.946607 0.308023 0.095172 -0.211829 0.291625 0.692257 0.660102 0.427046 
1534164973838 0.137532 0.652666 -0.745059 -0.605866 -0.946647 0.307947 0.0950163 -0.21183 0.291453 0.69224 0.660196 0.427057 
1534164973934 0.137261 0.652573 -0.74519 -0.605911 -0.94671 0.307726 0.0951001 -0.21175 0.291374 0.692426 0.660036 0.427041 
1534164973947 0.137112 0.652467 -0.74531 -0.605918 -0.946621 0.307906 0.095404 -0.211733 0.291734 0.692445 0.659857 0.427039 
1534164973964 0.136882 0.652359 -0.745447 -0.605917 -0.946538 0.308047 0.0957723 -0.21173 0.292111 0.692484 0.659649 0.427046 
1534164973981 0.136737 0.652274 -0.745547 -0.605909 -0.946466 0.308186 0.0960429 -0.211746 0.292413 0.692502 0.659496 0.427059 
1534164973997 0.136654 0.652212 -0.745617 -0.605897 -0.946408 0.308306 0.096229 -0.211771 0.29264 0.692507 0.65939 0.42707 
1534164974015 0.136637 0.652169 -0.745658 -0.605884 -0.946366 0.308404 0.0963212 -0.211803 0.292781 0.692504 0.659331 0.427087 
1534164974037 0.136637 0.652115 -0.745705 -0.605877 -0.9463 0.308568 0.0964486 -0.211818 0.292996 0.692482 0.659258 0.427115 
1534164974054 0.136601 0.652095 -0.745729 -0.605877 -0.946273 0.308623 0.0965364 -0.211813 0.2931 0.692476 0.659218 0.42714 
1534164974071 0.136543 0.652067 -0.745765 -0.605881 -0.946248 0.308668 0.0966376 -0.211804 0.293208 0.692483 0.659163 0.42716 
1534164974087 0.136414 0.651983 -0.745862 -0.605892 -0.946216 0.308716 0.0968014 -0.211789 0.293372 0.692541 0.659029 0.427168 
1534164974104 0.136258 0.651883 -0.745978 -0.605905 -0.946179 0.308768 0.0969955 -0.21177 0.293564 0.692612 0.65887 0.427176 
1534164974121 0.136149 0.651816 -0.746056 -0.605914 -0.946151 0.308808 0.0971356 -0.211758 0.293702 0.692657 0.65876 0.427186 
1534164974138 0.136133 0.65181 -0.746064 -0.605913 -0.946136 0.30884 0.0971835 -0.211757 0.29376 0.692648 0.658744 0.427205 
1534164974189 0.136208 0.651827 -0.746035 -0.605906 -0.946149 0.30883 0.0970868 -0.211774 0.293682 0.692637 0.658791 0.427214 
1534164974213 0.136301 0.651846 -0.746002 -0.605899 -0.946208 0.308717 0.0968717 -0.2118 0.293449 0.692669 0.658861 0.427194 
1534164974226 0.136395 0.651808 -0.746018 -0.6059 -0.946226 0.308708 0.0967235 -0.211816 0.293347 0.692709 0.658864 0.427176 
1534164974246 0.136501 0.651718 -0.746077 -0.605902 -0.946235 0.308732 0.0965641 -0.211829 0.29327 0.692783 0.65882 0.427149 
1534164974264 0.136508 0.651642 -0.746142 -0.605905 -0.946248 0.308712 0.0964953 -0.211829 0.293223 0.692863 0.658757 0.427131 
1534164974280 0.136505 0.651595 -0.746184 -0.605906 -0.946263 0.308681 0.0964442 -0.211829 0.293175 0.692922 0.658717 0.427121 
1534164974296 0.136487 0.651526 -0.746247 -0.605911 -0.946258 0.308696 0.0964453 -0.211827 0.2932 0.692979 0.658645 0.42711 
1534164974313 0.136408 0.65142 -0.746354 -0.605924 -0.946234 0.308745 0.0965338 -0.211817 0.293317 0.693058 0.658511 0.427098 
1534164974382 0.136363 0.651394 -0.746385 -0.605926 -0.946178 0.308866 0.0966922 -0.211804 0.293518 0.693028 0.658453 0.42712 
1534164974396 0.1364 0.651428 -0.746349 -0.605921 -0.946154 0.30893 0.0967251 -0.2118 0.293579 0.692968 0.658489 0.427126 
1534164974412 0.136467 0.651566 -0.746216 -0.605905 -0.946125 0.309001 0.0967813 -0.211793 0.293641 0.692806 0.658631 0.427145 
1534164974429 0.136546 0.65174 -0.74605 -0.605884 -0.946144 0.308957 0.0967331 -0.211799 0.293542 0.692662 0.658826 0.427169 
1534164974446 0.136615 0.651893 -0.745904 -0.605869 -0.946159 0.308923 0.0966953 -0.211798 0.293462 0.692533 0.658998 0.427191 
1534164974476 0.136672 0.652097 -0.745714 -0.605859 -0.946195 0.308829 0.0966429 -0.211775 0.293319 0.692382 0.65922 0.427215 
1534164974492 0.136672 0.652148 -0.74567 -0.605858 -0.946218 0.308769 0.0966125 -0.211769 0.293245 0.692362 0.659274 0.427215 
1534164974509 0.136692 0.652174 -0.745643 -0.605858 -0.946225 0.308754 0.0965884 -0.211765 0.293213 0.692343 0.659308 0.427207 
1534164974526 0.136708 0.652189 -0.745628 -0.605858 -0.946233 0.308739 0.0965602 -0.211762 0.29318 0.692337 0.659329 0.427191 
1534164974587 0.136683 0.652206 -0.745617 -0.60587 -0.946242 0.308706 0.0965709 -0.211727 0.293161 0.692335 0.65934 0.427146 
1534164974651 0.136733 0.652249 -0.74557 -0.605876 -0.946186 0.308848 0.0966659 -0.211701 0.293318 0.692231 0.659379 0.427108 
1534164974693 0.137107 0.652552 -0.745236 -0.60586 -0.946127 0.309063 0.0965594 -0.211729 0.293335 0.691849 0.659772 0.427113 
1534164974712 0.137244 0.652709 -0.745074 -0.605849 -0.946136 0.309064 0.0964707 -0.211738 0.293243 0.691701 0.659968 0.427119 
1534164974737 0.137308 0.652842 -0.744946 -0.605845 -0.946194 0.308929 0.0963311 -0.211751 0.293025 0.691636 0.660133 0.427116 
1534164974753 0.137335 0.652895 -0.744895 -0.605847 -0.946225 0.308857 0.0962568 -0.211759 0.292911 0.691619 0.660202 0.427103 
1534164974770 0.137376 0.652916 -0.744868 -0.605852 -0.946225 0.308867 0.0962262 -0.21176 0.292893 0.691594 0.660236 0.427088 
1534164974787 0.137443 0.652955 -0.744821 -0.605854 -0.946213 0.308911 0.0962033 -0.21176 0.2929 0.691537 0.660292 0.427069 
1534164974803 0.13751 0.652994 -0.744775 -0.605852 -0.94619 0.30898 0.0962057 -0.211758 0.292942 0.691469 0.660344 0.42706 
1534164974820 0.137637 0.653074 -0.744682 -0.605846 -0.946156 0.309089 0.0961912 -0.211756 0.292993 0.691346 0.660452 0.427048 
1534164974837 0.137733 0.653139 -0.744607 -0.605841 -0.946136 0.309157 0.0961693 -0.211756 0.293012 0.691254 0.660539 0.427041 
1534164974890 0.137639 0.653152 -0.744613 -0.605846 -0.946166 0.309055 0.0961978 -0.211751 0.292958 0.691287 0.660528 0.427036 
1534164974912 0.137456 0.653155 -0.744644 -0.605853 -0.94622 0.308872 0.0962572 -0.211749 0.292871 0.691366 0.660484 0.427048 
1534164974929 0.137263 0.653136 -0.744696 -0.605863 -0.946252 0.30874 0.0963666 -0.211742 0.292858 0.691443 0.66041 0.427066 
1534164974949 0.137081 0.65309 -0.74477 -0.605877 -0.946261 0.308669 0.0965059 -0.211733 0.292915 0.691517 0.660307 0.427079 
1534164974969 0.136983 0.653088 -0.74479 -0.605884 -0.946245 0.308678 0.0966361 -0.211728 0.293012 0.691516 0.660265 0.427096 
1534164974986 0.136961 0.653118 -0.744768 -0.605886 -0.946224 0.308717 0.0967188 -0.211725 0.293092 0.69147 0.660277 0.427111 
1534164975002 0.136959 0.653167 -0.744725 -0.605885 -0.946205 0.308755 0.0967833 -0.211725 0.293153 0.691407 0.660317 0.427128 
1534164975019 0.13696 0.653206 -0.744691 -0.605883 -0.946195 0.308774 0.0968208 -0.211725 0.293185 0.691362 0.660349 0.427139 
1534164975082 0.136958 0.653234 -0.744666 -0.605887 -0.946246 0.308649 0.0967204 -0.211751 0.293022 0.69139 0.660392 0.427123 
1534164975096 0.136957 0.6532 -0.744696 -0.605889 -0.946266 0.308606 0.0966625 -0.211755 0.292958 0.691442 0.660367 0.427121 
1534164975113 0.13692 0.653144 -0.744752 -0.605892 -0.946315 0.308486 0.0965646 -0.211759 0.292816 0.691549 0.660317 0.427117 
1534164975129 0.137005 0.653062 -0.744809 -0.605896 -0.946306 0.308543 0.0964661 -0.211765 0.292804 0.691601 0.660268 0.427113 
1534164975153 0.13708 0.652977 -0.744869 -0.605902 -0.946296 0.308601 0.0963811 -0.211772 0.292802 0.691655 0.660212 0.427107 
1534164975169 0.13713 0.652936 -0.744896 -0.605903 -0.946278 0.308664 0.0963554 -0.211772 0.292837 0.691666 0.660186 0.427105 
1534164975186 0.137138 0.652926 -0.744903 -0.605904 -0.946274 0.308677 0.0963525 -0.211771 0.292846 0.691669 0.660179 0.427104 
1534164975203 0.137041 0.652837 -0.744999 -0.605915 -0.94627 0.308668 0.0964195 -0.211761 0.292904 0.691756 0.660061 0.42709 
1534164975219 0.136918 0.65273 -0.745115 -0.605927 -0.946261 0.308666 0.0965156 -0.211753 0.29299 0.691859 0.659915 0.427072 
1534164975236 0.136838 0.65268 -0.745174 -0.60593 -0.946258 0.308655 0.0965796 -0.211744 0.293037 0.691911 0.65984 0.427064 
1534164975253 0.136819 0.652687 -0.745171 -0.605928 -0.946266 0.30863 0.0965831 -0.21174 0.293021 0.691916 0.659842 0.427065 
1534164975269 0.136783 0.652716 -0.745152 -0.605924 -0.946289 0.308561 0.0965797 -0.211738 0.292964 0.691918 0.659864 0.427069 
1534164975286 0.13677 0.652729 -0.745144 -0.605923 -0.946293 0.308546 0.0965887 -0.211737 0.292957 0.691914 0.659872 0.42707 
1534164975304 0.136664 0.652754 -0.745141 -0.605922 -0.946343 0.308392 0.0965894 -0.211736 0.292845 0.691959 0.659875 0.427071 
1534164975326 0.136511 0.652788 -0.74514 -0.605921 -0.946417 0.308166 0.0965871 -0.211738 0.292678 0.692027 0.659877 0.427073 
1534164975343 0.136444 0.652805 -0.745137 -0.605919 -0.946445 0.308076 0.0965952 -0.211738 0.292617 0.692051 0.659879 0.42708 
1534164975359 0.13638 0.652816 -0.745139 -0.605919 -0.94647 0.307997 0.0966069 -0.211738 0.292567 0.692076 0.659875 0.427096 
1534164975376 0.136326 0.652801 -0.745162 -0.605915 -0.946504 0.307901 0.096576 -0.211753 0.292481 0.692133 0.659854 0.427112 
1534164975393 0.136252 0.652756 -0.745214 -0.605914 -0.946538 0.307805 0.0965544 -0.21177 0.292407 0.692218 0.659798 0.427123 
1534164975409 0.136146 0.652657 -0.745321 -0.605923 -0.94654 0.307781 0.0966126 -0.211772 0.29245 0.692322 0.659669 0.42712 
1534164975426 0.136109 0.652595 -0.745382 -0.605929 -0.94653 0.3078 0.0966455 -0.211772 0.292499 0.692372 0.659595 0.427118 
1534164975443 0.136116 0.652572 -0.7454 -0.60593 -0.946509 0.307854 0.0966749 -0.21177 0.292562 0.692369 0.65957 0.427118 
1534164975460 0.136281 0.652555 -0.745386 -0.605928 -0.946444 0.308061 0.0966545 -0.211771 0.292697 0.692294 0.659589 0.427111 
1534164975476 0.136395 0.652532 -0.745385 -0.605926 -0.946398 0.308207 0.0966355 -0.21177 0.292791 0.69225 0.659593 0.427099 
1534164975503 0.136611 0.652525 -0.745351 -0.605919 -0.946361 0.308363 0.0965059 -0.211777 0.292811 0.692188 0.65965 0.42706 
1534164975519 0.136714 0.652561 -0.745301 -0.605914 -0.946389 0.308324 0.0963577 -0.21178 0.292674 0.692171 0.659728 0.427041 
1534164975536 0.136747 0.652573 -0.745284 -0.605913 -0.946444 0.308202 0.0962066 -0.211787 0.29248 0.692214 0.659769 0.427033 
1534164975553 0.136745 0.65257 -0.745287 -0.605914 -0.9465 0.308069 0.0960808 -0.211792 0.2923 0.692275 0.659785 0.427026 
1534164975625 0.136558 0.652446 -0.74543 -0.605933 -0.946527 0.307963 0.0961507 -0.211768 0.292298 0.69244 0.659612 0.427022 
1534164975639 0.136407 0.652374 -0.745521 -0.605944 -0.946492 0.308011 0.0963491 -0.211744 0.292484 0.692486 0.659481 0.427045 
1534164975655 0.136262 0.652315 -0.745599 -0.605954 -0.946457 0.308057 0.0965447 -0.211723 0.292664 0.692522 0.659364 0.427079 
1534164975672 0.136151 0.652257 -0.74567 -0.605958 -0.946404 0.308154 0.0967476 -0.211711 0.292885 0.692533 0.659254 0.427128 
1534164975689 0.136072 0.6522 -0.745734 -0.605953 -0.946352 0.30826 0.0969183 -0.211717 0.29309 0.692539 0.659157 0.427177 
1534164975745 0.135906 0.652103 -0.74585 -0.605917 -0.946339 0.308253 0.097069 -0.211792 0.293209 0.692635 0.659004 0.427275 
1534164975772 0.135718 0.65196 -0.746009 -0.605918 -0.946417 0.308029 0.0970184 -0.211821 0.293044 0.692869 0.658831 0.427278 
1534164975792 0.135591 0.651845 -0.746132 -0.605917 -0.946468 0.307886 0.0969817 -0.211846 0.29294 0.69304 0.658697 0.427282 
1534164975810 0.135465 0.651737 -0.746249 -0.605915 -0.946492 0.307803 0.0970045 -0.211862 0.292919 0.693178 0.658561 0.427289 
1534164975826 0.135448 0.651659 -0.74632 -0.605908 -0.946455 0.307896 0.0970737 -0.211871 0.293048 0.69321 0.65847 0.427301 
1534164975888 0.135562 0.651663 -0.746296 -0.605899 -0.946348 0.308183 0.0972032 -0.211834 0.293339 0.693079 0.658478 0.427326 
1534164975926 0.135863 0.651835 -0.746092 -0.605912 -0.946281 0.308412 0.0971318 -0.211753 0.293417 0.692816 0.65872 0.427302 
1534164975943 0.136068 0.651885 -0.74601 -0.605916 -0.946226 0.308599 0.0970767 -0.211724 0.293501 0.692685 0.658821 0.427293 
1534164975959 0.136265 0.651908 -0.745954 -0.605925 -0.946166 0.308797 0.0970268 -0.211694 0.293601 0.692575 0.658892 0.427279 
1534164975995 0.136388 0.651926 -0.745916 -0.605943 -0.946156 0.308855 0.0969361 -0.211651 0.293575 0.692533 0.658948 0.427244 
1534164976011 0.13639 0.651904 -0.745935 -0.605953 -0.946166 0.308835 0.0969031 -0.211635 0.293543 0.692562 0.658931 0.427225 
1534164976028 0.136385 0.651868 -0.745967 -0.605965 -0.946185 0.308794 0.0968506 -0.211623 0.293484 0.692614 0.658903 0.427209 
1534164976045 0.136392 0.651833 -0.745996 -0.605975 -0.946196 0.308775 0.096805 -0.211614 0.293446 0.692655 0.658877 0.427204 
1534164976061 0.136435 0.651792 -0.746024 -0.60598 -0.946195 0.308795 0.0967476 -0.211616 0.293428 0.692685 0.658853 0.427203 
1534164976146 0.136641 0.651797 -0.745983 -0.605982 -0.946146 0.308974 0.0966593 -0.211611 0.293491 0.692601 0.658913 0.42721 
1534164976160 0.13673 0.651867 -0.745906 -0.605974 -0.946097 0.309106 0.09671 -0.2116 0.293606 0.692476 0.658993 0.427219 
1534164976176 0.136935 0.652046 -0.745711 -0.605952 -0.946042 0.309276 0.0967068 -0.211593 0.293688 0.692232 0.659213 0.427242 
1534164976193 0.137073 0.652184 -0.745565 -0.605938 -0.946021 0.309352 0.0966783 -0.211587 0.293694 0.692067 0.659384 0.427248 
1534164976210 0.137099 0.652206 -0.745541 -0.605935 -0.946017 0.309366 0.0966717 -0.211586 0.293695 0.69204 0.659412 0.427248 
1534164976250 0.137025 0.652357 -0.745422 -0.605934 -0.946121 0.309077 0.0965711 -0.211564 0.293392 0.692027 0.65956 0.427179 
1534164976264 0.137025 0.652394 -0.74539 -0.605933 -0.946151 0.309003 0.0965204 -0.211561 0.293297 0.692026 0.659604 0.427169 
1534164976280 0.137066 0.65246 -0.745325 -0.605931 -0.946183 0.308932 0.096436 -0.211557 0.293175 0.691995 0.65969 0.427157 
1534164976297 0.137145 0.652532 -0.745247 -0.605929 -0.946202 0.308902 0.0963453 -0.211551 0.293077 0.691941 0.659791 0.427146 
1534164976317 0.137341 0.652687 -0.745075 -0.605918 -0.946212 0.308918 0.0961949 -0.211556 0.292952 0.691787 0.660007 0.427159 
1534164976334 0.137464 0.652792 -0.744961 -0.605909 -0.94621 0.308945 0.096122 -0.211555 0.292899 0.691676 0.660147 0.427172 
1534164976351 0.137497 0.65282 -0.74493 -0.605907 -0.946209 0.308955 0.0961044 -0.211553 0.292889 0.691645 0.660184 0.427175 
1534164976371 0.137497 0.65282 -0.74493 -0.605907 -0.946209 0.308955 0.0961044 -0.211553 0.292889 0.691645 0.660184 0.427175 
1534164976388 0.137596 0.65288 -0.744859 -0.605915 -0.946189 0.309023 0.0960767 -0.211515 0.292905 0.691558 0.660268 0.427157 
1534164976418 0.13758 0.652878 -0.744864 -0.605919 -0.946198 0.308997 0.0960702 -0.211508 0.292883 0.691572 0.660264 0.427148 
1534164976434 0.137454 0.652787 -0.744967 -0.605931 -0.946225 0.308908 0.0960971 -0.211507 0.292857 0.691698 0.660143 0.427147 
1534164976451 0.137408 0.652754 -0.745004 -0.605936 -0.946235 0.308873 0.0961035 -0.211509 0.292844 0.691744 0.660101 0.427148 
1534164976468 0.137369 0.652728 -0.745034 -0.605939 -0.946247 0.308838 0.0961054 -0.211509 0.292825 0.691784 0.660067 0.427147 
1534164976484 0.13734 0.652701 -0.745063 -0.605943 -0.946242 0.308843 0.0961338 -0.211505 0.292854 0.691807 0.66003 0.42714 
