1533578999111 0.189748 0.957671 -0.216478 -0.518322 -0.977682 0.204549 0.0479357 -0.23679 0.090187 0.202551 0.97511 0.339723 
1533579003763 0.189752 0.95767 -0.216477 -0.518321 -0.977681 0.204553 0.0479367 -0.236789 0.0901885 0.202549 0.97511 0.339723 
1533579004648 0.190105 0.955379 -0.226076 -0.527733 -0.976031 0.208764 0.0614854 -0.238142 0.105938 0.208969 0.972167 0.344093 
1533579005203 0.191336 0.952765 -0.235861 -0.537334 -0.974007 0.213991 0.0742827 -0.239266 0.121246 0.215517 0.968944 0.347904 
1533579005763 0.191711 0.950213 -0.245647 -0.546958 -0.971844 0.218728 0.0876238 -0.240484 0.136991 0.221932 0.965391 0.351978 
1533579006331 0.191948 0.947587 -0.25541 -0.556591 -0.96943 0.223603 0.101028 -0.241682 0.152843 0.22821 0.96154 0.35598 
1533579006903 0.192277 0.944948 -0.264768 -0.566187 -0.966703 0.228812 0.114592 -0.242948 0.168866 0.233918 0.957479 0.360278 
1533579007479 0.192324 0.942143 -0.274549 -0.575833 -0.963804 0.233986 0.127795 -0.244222 0.184642 0.240034 0.953043 0.364456 
1533579008318 0.191711 0.936391 -0.293971 -0.595156 -0.957398 0.244333 0.153917 -0.246695 0.215953 0.251939 0.94334 0.372726 
1533579008872 0.19118 0.933409 -0.303642 -0.603858 -0.953886 0.249609 0.166723 -0.247477 0.231412 0.257766 0.938086 0.377224 
1533579008896 0.190811 0.933419 -0.303843 -0.604064 -0.953852 0.249417 0.167207 -0.247348 0.231858 0.257916 0.937935 0.377412 
1533579009100 0.190883 0.933178 -0.304537 -0.604718 -0.953653 0.249814 0.167745 -0.247567 0.232614 0.258403 0.937613 0.37759 
1533579009307 0.191253 0.932821 -0.305396 -0.605719 -0.953194 0.250746 0.168961 -0.24785 0.234187 0.258788 0.937115 0.377873 
1533579009513 0.191123 0.932484 -0.306504 -0.606831 -0.952806 0.251281 0.170349 -0.248055 0.235867 0.259481 0.936502 0.378288 
1533579009721 0.191001 0.93218 -0.307504 -0.607931 -0.952419 0.2518 0.171738 -0.248234 0.23752 0.26007 0.935921 0.378717 
1533579009930 0.190837 0.931869 -0.308548 -0.60904 -0.952033 0.252296 0.173146 -0.248407 0.239195 0.260706 0.935317 0.379153 
1533579010142 0.190766 0.931524 -0.309632 -0.610171 -0.951627 0.252889 0.17451 -0.248559 0.240863 0.261363 0.934706 0.379567 
1533579010355 0.190554 0.931299 -0.310438 -0.611251 -0.951287 0.253255 0.175829 -0.248709 0.242369 0.261811 0.934191 0.38001 
1533579010569 0.190323 0.931002 -0.311469 -0.612345 -0.950946 0.253649 0.177099 -0.24889 0.243884 0.262484 0.933607 0.380406 
1533579010779 0.190322 0.930663 -0.312481 -0.613456 -0.9505 0.25432 0.178523 -0.24906 0.245615 0.263037 0.932998 0.380843 
1533579010799 0.190329 0.930633 -0.312567 -0.613583 -0.950448 0.254397 0.17869 -0.249083 0.245811 0.263069 0.932937 0.380906 
1533579010819 0.190201 0.930653 -0.312585 -0.613684 -0.950429 0.254328 0.178892 -0.24904 0.245985 0.263064 0.932892 0.380983 
1533579010941 0.190237 0.930777 -0.312193 -0.613742 -0.950372 0.25434 0.179176 -0.248949 0.246176 0.262614 0.932969 0.380928 
1533579010970 0.190779 0.930806 -0.311775 -0.613695 -0.950294 0.254738 0.179026 -0.249121 0.24606 0.262124 0.933138 0.38083 
1533579011030 0.191381 0.930709 -0.311695 -0.613743 -0.950147 0.255318 0.178978 -0.249302 0.246158 0.261903 0.933174 0.380653 
1533579011087 0.191461 0.930791 -0.311402 -0.61388 -0.950075 0.255397 0.179249 -0.249255 0.246375 0.261536 0.93322 0.380612 
1533579011143 0.191544 0.930952 -0.310869 -0.613982 -0.950007 0.255426 0.179568 -0.249219 0.246573 0.260932 0.933336 0.380622 
1533579011199 0.191685 0.930996 -0.31065 -0.614095 -0.949908 0.255592 0.179855 -0.249227 0.246844 0.260614 0.933353 0.380586 
1533579011251 0.191883 0.931033 -0.310415 -0.614204 -0.949821 0.255783 0.180044 -0.249244 0.247026 0.260291 0.933395 0.380541 
1533579011275 0.191996 0.931028 -0.310362 -0.614246 -0.949778 0.2559 0.180101 -0.249276 0.247101 0.260197 0.933402 0.380522 
1533579011291 0.192104 0.931019 -0.310321 -0.614279 -0.949739 0.256013 0.18015 -0.24931 0.247169 0.260116 0.933406 0.380507 
1533579011384 0.192211 0.931123 -0.309943 -0.614352 -0.949656 0.256105 0.180453 -0.249306 0.247402 0.259654 0.933473 0.380459 
1533579011468 0.191529 0.931523 -0.309164 -0.614276 -0.949752 0.255354 0.181014 -0.249299 0.247565 0.258959 0.933623 0.380423 
1533579011543 0.191759 0.93164 -0.308666 -0.614287 -0.94957 0.255616 0.181599 -0.249512 0.248085 0.258277 0.933674 0.380354 
1533579011615 0.191764 0.93188 -0.307939 -0.614289 -0.949452 0.255599 0.182234 -0.249556 0.248529 0.257427 0.93379 0.380367 
1533579011691 0.191503 0.932169 -0.307226 -0.614347 -0.949418 0.255303 0.182829 -0.249486 0.248864 0.256674 0.933909 0.380336 
1533579011772 0.191398 0.932354 -0.30673 -0.614418 -0.949357 0.255191 0.183299 -0.249615 0.249175 0.256113 0.93398 0.380233 
1533579011853 0.191386 0.932554 -0.306129 -0.614428 -0.949206 0.255219 0.18404 -0.24969 0.249757 0.255357 0.934031 0.380157 
1533579011930 0.191417 0.93277 -0.305451 -0.614427 -0.949116 0.2552 0.184532 -0.249748 0.250077 0.254586 0.934156 0.380143 
1533579011951 0.191481 0.932814 -0.305277 -0.614433 -0.949077 0.255252 0.184659 -0.249787 0.250175 0.254373 0.934188 0.380134 
1533579011967 0.191467 0.932856 -0.305154 -0.614437 -0.949069 0.255225 0.184736 -0.249805 0.250215 0.254242 0.934213 0.380129 
1533579011984 0.191413 0.932922 -0.304988 -0.614449 -0.94906 0.255162 0.184874 -0.249826 0.250294 0.254064 0.93424 0.380121 
1533579012000 0.191354 0.93296 -0.304907 -0.614462 -0.949058 0.255104 0.18496 -0.249838 0.250343 0.253982 0.934249 0.380114 
1533579012017 0.191351 0.932969 -0.304884 -0.614478 -0.949058 0.255097 0.184969 -0.249858 0.250345 0.253958 0.934255 0.380108 
1533579012127 0.191418 0.93309 -0.30447 -0.614457 -0.949129 0.254993 0.184752 -0.249732 0.250028 0.253617 0.934433 0.38014 
1533579012150 0.19155 0.933171 -0.304138 -0.614437 -0.949149 0.255005 0.184633 -0.249756 0.249851 0.253305 0.934564 0.380152 
1533579012182 0.191751 0.933244 -0.303788 -0.61444 -0.949162 0.255072 0.184474 -0.249826 0.249647 0.252971 0.93471 0.380156 
1533579012234 0.191878 0.933342 -0.303407 -0.614458 -0.94912 0.255133 0.184606 -0.249865 0.249709 0.252547 0.934808 0.380147 
1533579012271 0.191964 0.933451 -0.303017 -0.614461 -0.949106 0.255133 0.184677 -0.249874 0.249697 0.252144 0.93492 0.380151 
1533579012291 0.192002 0.9335 -0.30284 -0.614467 -0.949112 0.25512 0.18466 -0.249885 0.249641 0.251974 0.934981 0.380154 
1533579012308 0.192015 0.933546 -0.30269 -0.614471 -0.949124 0.255088 0.184646 -0.249888 0.249589 0.251836 0.935032 0.38016 
1533579012427 0.191792 0.933649 -0.302514 -0.614484 -0.949195 0.254816 0.184655 -0.249801 0.249489 0.25173 0.935087 0.380218 
1533579012441 0.191681 0.933589 -0.302771 -0.614492 -0.949204 0.254775 0.184666 -0.249771 0.249541 0.251995 0.935002 0.380226 
1533579012457 0.19157 0.933527 -0.30303 -0.614487 -0.949238 0.25471 0.18458 -0.249756 0.249495 0.252288 0.934935 0.380242 
1533579012474 0.191515 0.933508 -0.303126 -0.614461 -0.949277 0.25465 0.184465 -0.249767 0.24939 0.252422 0.934926 0.380263 
1533579012509 0.19167 0.933433 -0.303259 -0.61439 -0.94929 0.254777 0.184222 -0.249815 0.249222 0.25257 0.934931 0.380313 
1533579012545 0.191779 0.933375 -0.303369 -0.614312 -0.949315 0.254854 0.183987 -0.249833 0.249043 0.252708 0.934942 0.380385 
1533579012570 0.191742 0.933324 -0.303549 -0.614267 -0.949356 0.25482 0.183821 -0.249838 0.248915 0.25293 0.934916 0.380444 
1533579012586 0.191701 0.933278 -0.303717 -0.614251 -0.949384 0.254794 0.183711 -0.249848 0.248839 0.253127 0.934883 0.380478 
1533579012600 0.191669 0.933248 -0.303827 -0.614239 -0.949407 0.254769 0.183629 -0.249854 0.248777 0.25326 0.934863 0.380503 
1533579012617 0.191632 0.933203 -0.30399 -0.61423 -0.949434 0.254746 0.183519 -0.24986 0.248701 0.25345 0.934832 0.380536 
1533579012726 0.191425 0.933176 -0.304203 -0.614134 -0.949543 0.254524 0.183265 -0.249894 0.248446 0.253772 0.934813 0.380636 
1533579012754 0.191093 0.933205 -0.304322 -0.614144 -0.949556 0.25429 0.183524 -0.249957 0.248652 0.2539 0.934723 0.38055 
1533579012787 0.190872 0.933206 -0.304456 -0.614154 -0.949532 0.254177 0.183804 -0.250041 0.248913 0.254008 0.934624 0.380457 
1533579012858 0.190718 0.933244 -0.304437 -0.614082 -0.949534 0.254057 0.183958 -0.250244 0.249022 0.253989 0.9346 0.380516 
1533579012883 0.190367 0.933298 -0.304493 -0.614037 -0.949644 0.253695 0.183887 -0.250317 0.24887 0.254154 0.934596 0.380554 
1533579012927 0.190024 0.93319 -0.305037 -0.614008 -0.949702 0.25349 0.183872 -0.250479 0.248911 0.254754 0.934422 0.380567 
1533579012976 0.189624 0.933161 -0.305374 -0.613966 -0.949754 0.253207 0.183994 -0.250565 0.249019 0.25514 0.934287 0.380598 
1533579013017 0.189247 0.933183 -0.30554 -0.613903 -0.949822 0.252892 0.184078 -0.250675 0.249047 0.255373 0.934217 0.380642 
1533579013037 0.189168 0.933171 -0.305627 -0.613868 -0.949829 0.252843 0.184107 -0.250747 0.249079 0.255466 0.934182 0.380663 
1533579013056 0.189097 0.933162 -0.305698 -0.61384 -0.949836 0.252797 0.184135 -0.250807 0.249107 0.255543 0.934154 0.380683 
1533579013123 0.188742 0.933155 -0.305939 -0.613771 -0.949879 0.252538 0.184268 -0.250963 0.249212 0.255826 0.934048 0.380739 
1533579013205 0.188186 0.933326 -0.30576 -0.613747 -0.949914 0.252055 0.184749 -0.251073 0.2495 0.255679 0.934012 0.380722 
1533579013286 0.187504 0.933521 -0.305584 -0.613739 -0.949958 0.251469 0.18532 -0.251112 0.249845 0.255544 0.933957 0.380641 
1533579013363 0.187164 0.933501 -0.305854 -0.61367 -0.949964 0.251264 0.185568 -0.251435 0.250078 0.255818 0.933819 0.380572 
1533579013448 0.186706 0.933561 -0.30595 -0.613621 -0.949994 0.250913 0.185889 -0.251644 0.250305 0.255944 0.933724 0.380537 
1533579013601 0.185664 0.933699 -0.306162 -0.613517 -0.950051 0.250121 0.18666 -0.252032 0.250862 0.256213 0.9335 0.38052 
1533579013690 0.185191 0.93375 -0.306292 -0.613484 -0.950081 0.249765 0.186985 -0.252234 0.251098 0.256375 0.933393 0.380446 
1533579013708 0.185167 0.933747 -0.306316 -0.613481 -0.950074 0.249759 0.18703 -0.25227 0.251144 0.256391 0.933376 0.380437 
1533579013724 0.185031 0.933765 -0.306343 -0.613479 -0.950097 0.24964 0.187072 -0.252307 0.251157 0.256441 0.933358 0.38043 
1533579013741 0.184898 0.933786 -0.306361 -0.613473 -0.950118 0.249524 0.187122 -0.25234 0.251176 0.25648 0.933343 0.380428 
1533579013757 0.184781 0.933809 -0.306359 -0.613461 -0.950135 0.249418 0.187173 -0.25236 0.251195 0.256496 0.933333 0.38043 
1533579013822 0.184776 0.933812 -0.306354 -0.61338 -0.950105 0.249444 0.187291 -0.252445 0.251313 0.256461 0.933311 0.38046 
1533579013858 0.18479 0.93381 -0.306351 -0.613258 -0.95009 0.24947 0.187334 -0.252489 0.25136 0.256444 0.933303 0.380478 
1533579013879 0.184845 0.933793 -0.306369 -0.613167 -0.950075 0.249529 0.187329 -0.252551 0.251375 0.256447 0.933298 0.380476 
1533579013905 0.184913 0.933707 -0.306591 -0.613093 -0.950047 0.249653 0.187309 -0.252645 0.251433 0.25664 0.93323 0.380443 
1533579013933 0.18499 0.933597 -0.30688 -0.613048 -0.950007 0.249809 0.187303 -0.252746 0.251527 0.256889 0.933136 0.380398 
1533579013954 0.18488 0.93357 -0.307029 -0.613008 -0.950025 0.249739 0.187304 -0.25281 0.251539 0.257057 0.933086 0.380372 
1533579013970 0.18475 0.933571 -0.307102 -0.612982 -0.950055 0.249627 0.187305 -0.252852 0.251523 0.257159 0.933062 0.38036 
1533579013987 0.184578 0.933579 -0.307182 -0.612922 -0.950097 0.249471 0.187297 -0.252939 0.251489 0.257282 0.933038 0.380342 
1533579014004 0.184493 0.933572 -0.307256 -0.612881 -0.950113 0.249406 0.1873 -0.253 0.251489 0.257373 0.933012 0.380321 
1533579014082 0.184719 0.93346 -0.307459 -0.612737 -0.949959 0.249773 0.187593 -0.25313 0.251906 0.257421 0.932887 0.380217 
1533579014139 0.184621 0.933506 -0.30738 -0.612552 -0.949828 0.249818 0.188198 -0.253037 0.252473 0.257213 0.932791 0.380206 
1533579014192 0.184512 0.933564 -0.307267 -0.612336 -0.9497 0.249843 0.188806 -0.253035 0.253031 0.256975 0.932705 0.380277 
1533579014236 0.184418 0.933559 -0.30734 -0.612192 -0.949612 0.249878 0.189204 -0.253166 0.253431 0.256961 0.932601 0.380274 
1533579014278 0.184381 0.933496 -0.307553 -0.612057 -0.949521 0.249985 0.189519 -0.253313 0.253799 0.257085 0.932466 0.380219 
1533579014314 0.184513 0.933404 -0.307752 -0.611911 -0.949426 0.250221 0.189685 -0.253502 0.254059 0.257189 0.932367 0.380157 
1533579014334 0.184502 0.933385 -0.307817 -0.611835 -0.949399 0.250252 0.189775 -0.253565 0.254165 0.257228 0.932327 0.38014 
1533579014351 0.18444 0.93339 -0.307839 -0.611783 -0.949386 0.250224 0.189878 -0.253569 0.254259 0.257237 0.932299 0.380132 
1533579014368 0.184357 0.933406 -0.307842 -0.611744 -0.949382 0.250166 0.189974 -0.253551 0.254334 0.257237 0.932279 0.380128 
1533579014402 0.184116 0.933459 -0.307823 -0.611623 -0.949374 0.249992 0.190245 -0.253502 0.25454 0.257212 0.932229 0.380122 
1533579014497 0.184061 0.933388 -0.308073 -0.6114 -0.949342 0.250034 0.19035 -0.253698 0.254699 0.257431 0.932125 0.380105 
1533579014532 0.183806 0.933386 -0.308229 -0.611254 -0.949352 0.249865 0.190519 -0.253696 0.254843 0.257599 0.93204 0.38013 
1533579014590 0.183362 0.933419 -0.308396 -0.611134 -0.949373 0.249546 0.190833 -0.253605 0.255086 0.257792 0.93192 0.380176 
1533579014694 0.182919 0.933498 -0.308417 -0.610723 -0.949349 0.249243 0.191347 -0.253724 0.255493 0.257795 0.931807 0.380301 
1533579014738 0.182759 0.933499 -0.30851 -0.610478 -0.949308 0.249185 0.191629 -0.253877 0.255762 0.257849 0.931719 0.380343 
1533579014762 0.182613 0.933515 -0.30855 -0.610408 -0.949306 0.249085 0.191766 -0.25388 0.255871 0.257889 0.931677 0.380356 
1533579014779 0.182514 0.933533 -0.308553 -0.610366 -0.949306 0.249013 0.191863 -0.253849 0.255944 0.257894 0.931656 0.380366 
1533579014795 0.182375 0.933554 -0.308572 -0.610335 -0.949316 0.248902 0.191953 -0.2538 0.256003 0.257925 0.931631 0.380368 
1533579014818 0.182239 0.933572 -0.308597 -0.610311 -0.949327 0.248794 0.192041 -0.25375 0.256061 0.257962 0.931605 0.380364 
1533579014903 0.182044 0.933621 -0.308563 -0.610142 -0.949401 0.248567 0.191968 -0.253752 0.255924 0.258003 0.931632 0.380345 
1533579014955 0.181996 0.933623 -0.308588 -0.609915 -0.949547 0.248389 0.191478 -0.253891 0.255418 0.25817 0.931724 0.380279 
1533579014998 0.181837 0.933672 -0.308532 -0.609729 -0.949659 0.248145 0.191237 -0.25393 0.255113 0.258226 0.931792 0.380257 
1533579015049 0.181568 0.933763 -0.308414 -0.609587 -0.949749 0.247829 0.191201 -0.253871 0.25497 0.2582 0.931839 0.380263 
1533579015103 0.181306 0.933856 -0.308289 -0.609426 -0.94982 0.247535 0.191228 -0.253821 0.254892 0.258148 0.931874 0.380305 
1533579015154 0.181009 0.933899 -0.308333 -0.609262 -0.949881 0.24726 0.191283 -0.253802 0.254878 0.258255 0.931849 0.380281 
1533579015170 0.180963 0.933901 -0.308352 -0.609214 -0.949891 0.24722 0.191286 -0.253812 0.254872 0.258285 0.931842 0.380273 
1533579015187 0.180916 0.9339 -0.308382 -0.609149 -0.949901 0.24718 0.191285 -0.253832 0.254867 0.258326 0.931832 0.380266 
1533579015204 0.180875 0.933897 -0.308415 -0.60909 -0.94991 0.247147 0.191284 -0.253852 0.254864 0.258368 0.931821 0.380261 
1533579015220 0.180839 0.933894 -0.308448 -0.609026 -0.949919 0.247117 0.191277 -0.253878 0.254855 0.25841 0.931812 0.380254 
1533579015237 0.180815 0.933897 -0.308453 -0.608986 -0.949928 0.247092 0.191267 -0.253891 0.25484 0.258424 0.931812 0.380249 
1533579015254 0.18078 0.933904 -0.308451 -0.608969 -0.94994 0.247053 0.191256 -0.253887 0.254818 0.258435 0.931815 0.38024 
1533579015343 0.180476 0.934185 -0.307779 -0.60884 -0.950138 0.246486 0.191003 -0.253769 0.254295 0.257961 0.932089 0.380164 
1533579015363 0.180226 0.934315 -0.30753 -0.608733 -0.950233 0.246152 0.190963 -0.253709 0.254119 0.257809 0.932179 0.380176 
1533579015389 0.18 0.934436 -0.307292 -0.608596 -0.950322 0.245843 0.190914 -0.25367 0.253943 0.257662 0.932268 0.380192 
1533579015432 0.179994 0.934477 -0.307173 -0.608442 -0.950393 0.245742 0.190692 -0.253769 0.253683 0.257612 0.932353 0.380135 
1533579015453 0.18001 0.934481 -0.30715 -0.608387 -0.950416 0.245727 0.190599 -0.253819 0.253587 0.257611 0.932379 0.380108 
1533579015469 0.180009 0.934496 -0.307104 -0.608323 -0.950443 0.245689 0.190513 -0.253862 0.253486 0.257591 0.932412 0.380087 
1533579015486 0.179981 0.93453 -0.307019 -0.608246 -0.950483 0.24561 0.190416 -0.253898 0.253356 0.257545 0.93246 0.380066 
1533579015503 0.179922 0.934569 -0.306935 -0.608184 -0.950524 0.245508 0.190344 -0.253909 0.253245 0.257501 0.932502 0.380049 
1533579015519 0.179862 0.934604 -0.306863 -0.608132 -0.95056 0.245411 0.190287 -0.253907 0.253151 0.257467 0.932537 0.380034 
1533579015536 0.179758 0.934637 -0.306823 -0.608099 -0.9506 0.245284 0.190252 -0.253879 0.253075 0.257467 0.932558 0.380016 
1533579015631 0.179388 0.934738 -0.306731 -0.608033 -0.950643 0.244943 0.190472 -0.253807 0.253173 0.257423 0.932543 0.379967 
1533579015658 0.179171 0.934827 -0.306588 -0.607911 -0.950633 0.244762 0.190757 -0.253752 0.253366 0.257274 0.932532 0.379957 
1533579015683 0.178978 0.934921 -0.306414 -0.607797 -0.950645 0.244569 0.190944 -0.253714 0.253457 0.257117 0.932551 0.379948 
1533579015715 0.178761 0.934995 -0.306317 -0.607679 -0.950707 0.244323 0.19095 -0.253702 0.253378 0.257083 0.932581 0.379872 
1533579015735 0.178629 0.935023 -0.306307 -0.607609 -0.950759 0.24417 0.190891 -0.253699 0.253278 0.257126 0.932597 0.379798 
1533579015751 0.178556 0.935045 -0.306283 -0.607547 -0.9508 0.244068 0.190815 -0.253713 0.253174 0.257143 0.93262 0.379748 
1533579015772 0.178484 0.935079 -0.306221 -0.607462 -0.950854 0.243946 0.190701 -0.253748 0.253022 0.257134 0.932664 0.379698 
1533579015788 0.178448 0.935102 -0.30617 -0.607396 -0.950889 0.243873 0.19062 -0.253782 0.252916 0.257118 0.932697 0.379666 
1533579015883 0.178317 0.935125 -0.306176 -0.607259 -0.950914 0.24375 0.190653 -0.253811 0.252915 0.25715 0.932689 0.379659 
1533579015947 0.177743 0.935086 -0.306628 -0.607167 -0.95102 0.243303 0.190694 -0.253646 0.252919 0.257715 0.932532 0.379699 
1533579015995 0.177657 0.935095 -0.306652 -0.607023 -0.951073 0.24319 0.190577 -0.253696 0.252783 0.257791 0.932547 0.379721 
1533579016035 0.177527 0.935112 -0.306676 -0.606901 -0.951122 0.243047 0.190512 -0.253692 0.252687 0.257866 0.932553 0.379672 
1533579016052 0.177472 0.935112 -0.306709 -0.606846 -0.95115 0.242983 0.190453 -0.253695 0.25262 0.257926 0.932554 0.379631 
1533579016072 0.1774 0.935113 -0.306747 -0.606766 -0.951186 0.2429 0.19038 -0.253703 0.252535 0.258 0.932557 0.379582 
1533579016089 0.177358 0.935109 -0.306783 -0.606696 -0.951214 0.242847 0.19031 -0.25372 0.252462 0.258063 0.932559 0.379544 
1533579016105 0.177357 0.935098 -0.306816 -0.606632 -0.95123 0.242837 0.190241 -0.253754 0.252401 0.258112 0.932562 0.379512 
1533579016122 0.177419 0.93507 -0.306867 -0.606588 -0.95122 0.242903 0.190204 -0.253811 0.252393 0.258152 0.932553 0.379493 
1533579016169 0.177373 0.935048 -0.30696 -0.606577 -0.951176 0.242933 0.190387 -0.253883 0.252592 0.258204 0.932485 0.379505 
1533579016193 0.177135 0.935101 -0.306935 -0.606555 -0.951152 0.242774 0.190712 -0.253883 0.252851 0.25816 0.932427 0.379551 
1533579016262 0.17667 0.935206 -0.306884 -0.606354 -0.950945 0.242625 0.19193 -0.253899 0.253951 0.257922 0.932194 0.379533 
1533579016275 0.176602 0.935215 -0.306896 -0.606294 -0.950928 0.242592 0.192053 -0.253923 0.254061 0.257919 0.932165 0.379517 
1533579016292 0.176501 0.935226 -0.306921 -0.606227 -0.950922 0.242527 0.192164 -0.253956 0.254153 0.257941 0.932133 0.379495 
1533579016309 0.176385 0.935236 -0.306956 -0.606168 -0.950923 0.242446 0.192261 -0.253989 0.25423 0.25798 0.932102 0.37947 
1533579016325 0.176281 0.935243 -0.306995 -0.606116 -0.950924 0.242375 0.192348 -0.254015 0.2543 0.258021 0.932071 0.379444 
1533579016342 0.176218 0.935248 -0.307016 -0.606063 -0.950922 0.242335 0.192411 -0.254051 0.254353 0.258042 0.932051 0.379429 
1533579016359 0.176211 0.935256 -0.306993 -0.606041 -0.95092 0.242326 0.19243 -0.254073 0.254364 0.258018 0.932055 0.379437 
1533579016431 0.17623 0.935345 -0.306714 -0.606066 -0.950859 0.242345 0.192708 -0.254074 0.254579 0.257681 0.932089 0.379454 
1533579016451 0.175951 0.935457 -0.306532 -0.606039 -0.95086 0.242096 0.193017 -0.254032 0.254769 0.257507 0.932085 0.379428 
1533579016487 0.175595 0.935554 -0.30644 -0.605957 -0.950799 0.241869 0.193597 -0.254024 0.255238 0.257368 0.931995 0.379327 
1533579016513 0.175516 0.935581 -0.306401 -0.605868 -0.95075 0.241852 0.193863 -0.254081 0.255479 0.257285 0.931952 0.379275 
1533579016530 0.175489 0.935598 -0.306367 -0.605802 -0.950727 0.241847 0.193979 -0.254144 0.255581 0.25723 0.93194 0.379253 
1533579016547 0.175458 0.935615 -0.306333 -0.605747 -0.950703 0.24184 0.194105 -0.254196 0.255691 0.257174 0.931924 0.379234 
1533579016564 0.175374 0.935643 -0.306293 -0.605691 -0.950683 0.241789 0.194269 -0.254232 0.255825 0.257117 0.931903 0.379218 
1533579016580 0.17526 0.935675 -0.306262 -0.605648 -0.950671 0.241708 0.194427 -0.254248 0.255946 0.257079 0.931881 0.379203 
1533579016600 0.175131 0.935703 -0.306249 -0.605609 -0.95066 0.241618 0.194592 -0.254257 0.256076 0.25706 0.931851 0.379188 
1533579016620 0.175053 0.935726 -0.306225 -0.605579 -0.950657 0.241558 0.19468 -0.254265 0.256139 0.257036 0.93184 0.379194 
1533579016637 0.175068 0.935725 -0.306219 -0.605563 -0.950656 0.241569 0.194672 -0.254271 0.256132 0.257028 0.931844 0.379205 
1533579016726 0.174649 0.935803 -0.306221 -0.605481 -0.95071 0.241197 0.194868 -0.254128 0.256217 0.257094 0.931802 0.379212 
1533579016739 0.174438 0.935822 -0.306281 -0.605444 -0.950739 0.241021 0.194946 -0.254138 0.256255 0.257187 0.931766 0.379178 
1533579016756 0.174209 0.935841 -0.306355 -0.60539 -0.950735 0.240868 0.195158 -0.25416 0.256428 0.257264 0.931697 0.379124 
1533579016773 0.174102 0.935834 -0.306435 -0.605328 -0.950693 0.240845 0.195388 -0.254203 0.256655 0.257308 0.931623 0.379066 
1533579016789 0.174035 0.935828 -0.306493 -0.605279 -0.950665 0.240835 0.195539 -0.254244 0.256805 0.257341 0.931572 0.379026 
1533579016807 0.174082 0.935813 -0.306511 -0.605231 -0.950625 0.240914 0.195633 -0.254298 0.256919 0.257321 0.931546 0.379009 
1533579016823 0.174177 0.935805 -0.306482 -0.605211 -0.950613 0.240992 0.195597 -0.254333 0.2569 0.257277 0.931564 0.379026 
1533579016839 0.174259 0.935814 -0.306408 -0.605215 -0.950619 0.241033 0.195517 -0.254353 0.256822 0.257206 0.931605 0.379059 
1533579016856 0.174378 0.935854 -0.306219 -0.60522 -0.950643 0.24106 0.195369 -0.254342 0.256654 0.257037 0.931698 0.379111 
1533579016873 0.174511 0.935897 -0.30601 -0.605238 -0.950676 0.241083 0.195175 -0.254292 0.256438 0.256856 0.931807 0.379173 
1533579016889 0.174542 0.935934 -0.305879 -0.605251 -0.950712 0.241044 0.195051 -0.254248 0.256286 0.256758 0.931876 0.379206 
1533579016910 0.174539 0.935988 -0.305717 -0.605263 -0.950765 0.240955 0.194903 -0.254193 0.256091 0.256647 0.93196 0.379226 
1533579016930 0.174486 0.936054 -0.305545 -0.605221 -0.950826 0.240818 0.194773 -0.254176 0.255898 0.256535 0.932044 0.379195 
1533579016946 0.17442 0.936104 -0.30543 -0.605156 -0.950874 0.240696 0.194692 -0.254184 0.255767 0.256467 0.932099 0.379156 
1533579016963 0.174426 0.936147 -0.305294 -0.60505 -0.950918 0.240627 0.194558 -0.254234 0.255597 0.256374 0.932171 0.379096 
1533579016980 0.174423 0.936174 -0.305214 -0.604979 -0.950948 0.240578 0.194473 -0.254282 0.255489 0.256322 0.932215 0.379061 
1533579016997 0.174374 0.936206 -0.305144 -0.604913 -0.950984 0.24049 0.194405 -0.254327 0.255387 0.256288 0.932252 0.37903 
1533579017013 0.174391 0.936215 -0.305105 -0.60486 -0.950997 0.240482 0.194353 -0.254376 0.255328 0.25626 0.932276 0.379015 
1533579017030 0.174437 0.936205 -0.30511 -0.604846 -0.95099 0.240525 0.194333 -0.254408 0.255322 0.256258 0.932278 0.379015 
1533579017046 0.17447 0.936192 -0.30513 -0.604851 -0.950984 0.24056 0.194318 -0.25442 0.255321 0.256271 0.932275 0.379013 
1533579017066 0.174463 0.936185 -0.305157 -0.604863 -0.950994 0.240551 0.194283 -0.254406 0.255291 0.256307 0.932273 0.379013 
1533579017083 0.174455 0.936177 -0.305184 -0.604873 -0.951027 0.240517 0.194162 -0.254393 0.255172 0.256366 0.93229 0.379019 
1533579017103 0.174463 0.936165 -0.305218 -0.604866 -0.951075 0.240482 0.19397 -0.254348 0.254987 0.256445 0.932318 0.379027 
1533579017198 0.17398 0.936322 -0.305012 -0.604665 -0.951212 0.239935 0.193977 -0.254253 0.254808 0.256383 0.932385 0.378885 
1533579017212 0.173877 0.936333 -0.305036 -0.604634 -0.951162 0.239912 0.19425 -0.254298 0.255064 0.256364 0.93232 0.378852 
1533579017230 0.17377 0.936327 -0.305118 -0.604593 -0.951054 0.239957 0.194724 -0.254374 0.25554 0.256346 0.932194 0.378829 
1533579017260 0.173757 0.93631 -0.305175 -0.604538 -0.95092 0.240094 0.195208 -0.254483 0.256046 0.256279 0.932074 0.37887 
1533579017294 0.173839 0.936296 -0.305171 -0.604468 -0.950824 0.240251 0.195483 -0.254632 0.256348 0.256181 0.932018 0.378975 
1533579017320 0.173832 0.936286 -0.305206 -0.604396 -0.950784 0.240292 0.195624 -0.254718 0.256498 0.25618 0.931977 0.379 
1533579017337 0.173787 0.936289 -0.305222 -0.604335 -0.950772 0.240274 0.195706 -0.254763 0.256574 0.256185 0.931954 0.378999 
1533579017353 0.173694 0.936301 -0.305239 -0.604268 -0.950761 0.240218 0.195829 -0.254798 0.256679 0.256195 0.931923 0.378989 
1533579017370 0.173612 0.936304 -0.305276 -0.604199 -0.950737 0.240187 0.195983 -0.254839 0.256823 0.256212 0.931878 0.378966 
1533579017387 0.173419 0.936321 -0.305333 -0.604125 -0.950726 0.240064 0.196189 -0.254865 0.256996 0.256265 0.931816 0.378923 
1533579017403 0.173331 0.936326 -0.30537 -0.604093 -0.950707 0.240023 0.196329 -0.254853 0.257123 0.256288 0.931775 0.37889 
1533579017429 0.173211 0.93634 -0.305392 -0.604086 -0.950704 0.23994 0.196447 -0.25479 0.257217 0.256311 0.931743 0.378859 
1533579017461 0.173181 0.936368 -0.305324 -0.604111 -0.950762 0.239844 0.19628 -0.254737 0.257021 0.256299 0.9318 0.378893 
1533579017475 0.173296 0.936359 -0.305287 -0.604125 -0.950774 0.239912 0.196139 -0.254726 0.256898 0.256269 0.931842 0.378905 
1533579017491 0.173526 0.936333 -0.305236 -0.604137 -0.950808 0.240042 0.195816 -0.254728 0.256618 0.256242 0.931927 0.378915 
1533579017508 0.173753 0.936302 -0.305203 -0.604149 -0.950866 0.24015 0.195402 -0.254734 0.25625 0.256255 0.932024 0.378901 
1533579017531 0.17382 0.936306 -0.305153 -0.604147 -0.950986 0.240071 0.194915 -0.254711 0.255758 0.256316 0.932143 0.378858 
1533579017548 0.173744 0.936333 -0.305111 -0.604123 -0.951069 0.23992 0.194694 -0.254684 0.255501 0.256355 0.932203 0.378833 
1533579017565 0.173619 0.93638 -0.305041 -0.604074 -0.951153 0.239726 0.194522 -0.254634 0.255272 0.256368 0.932261 0.378787 
1533579017581 0.173536 0.936435 -0.304918 -0.604017 -0.951217 0.239574 0.194398 -0.254601 0.255091 0.256309 0.932327 0.378748 
1533579017598 0.173468 0.936493 -0.304778 -0.603953 -0.951271 0.23944 0.194299 -0.254575 0.254936 0.256222 0.932394 0.378722 
1533579017615 0.173446 0.936516 -0.304719 -0.603919 -0.95129 0.239392 0.194267 -0.254568 0.254881 0.256181 0.93242 0.378721 
1533579017655 0.173603 0.936466 -0.304785 -0.603919 -0.951229 0.239586 0.194324 -0.25462 0.254999 0.256186 0.932386 0.378775 
1533579017685 0.173865 0.936373 -0.30492 -0.603933 -0.951138 0.239904 0.194379 -0.254644 0.255163 0.256226 0.932331 0.37882 
1533579017745 0.174005 0.936182 -0.305428 -0.60394 -0.951052 0.240201 0.194431 -0.2545 0.255387 0.256646 0.932154 0.378944 
1533579017762 0.174037 0.936188 -0.305389 -0.603912 -0.951077 0.240193 0.19432 -0.254465 0.255272 0.256629 0.93219 0.378981 
1533579017779 0.174148 0.936196 -0.305302 -0.603857 -0.951114 0.240222 0.194102 -0.254436 0.255058 0.256574 0.932263 0.379028 
1533579017796 0.174252 0.936188 -0.305268 -0.603818 -0.95114 0.240267 0.193917 -0.254431 0.254889 0.256562 0.932313 0.379042 
1533579017812 0.174257 0.936189 -0.305261 -0.603785 -0.951193 0.240216 0.19372 -0.254429 0.254687 0.256605 0.932356 0.379043 
1533579017829 0.174219 0.936202 -0.305242 -0.603756 -0.951236 0.24014 0.193605 -0.254418 0.254554 0.256628 0.932386 0.379038 
1533579017846 0.174228 0.936199 -0.305247 -0.603745 -0.951244 0.24014 0.193565 -0.254426 0.254517 0.25664 0.932393 0.379025 
1533579017862 0.174236 0.936182 -0.305294 -0.603749 -0.951238 0.240161 0.193566 -0.254446 0.254533 0.256681 0.932377 0.378997 
1533579017879 0.174269 0.936145 -0.30539 -0.603759 -0.951212 0.240233 0.193609 -0.254479 0.254611 0.25675 0.932337 0.378952 
1533579017895 0.174174 0.936132 -0.305485 -0.603767 -0.9512 0.240193 0.193716 -0.254506 0.254719 0.256837 0.932284 0.378905 
1533579017945 0.173783 0.936173 -0.305579 -0.603734 -0.951229 0.239887 0.193953 -0.254501 0.254878 0.25697 0.932204 0.378858 
1533579017965 0.173652 0.936211 -0.305539 -0.603687 -0.951251 0.239756 0.194006 -0.254444 0.254885 0.256954 0.932206 0.378868 
1533579017982 0.173493 0.936252 -0.305504 -0.603642 -0.95129 0.239589 0.194021 -0.254384 0.254848 0.256961 0.932214 0.378884 
1533579018002 0.173349 0.936287 -0.305479 -0.603597 -0.95135 0.239415 0.193944 -0.254331 0.254724 0.256998 0.932238 0.378907 
1533579018098 0.173801 0.936021 -0.306035 -0.603586 -0.951197 0.240027 0.193935 -0.254571 0.254984 0.257394 0.932058 0.378811 
1533579018158 0.173609 0.935786 -0.306864 -0.603547 -0.950932 0.24032 0.194868 -0.254661 0.2561 0.257976 0.931591 0.378781 
1533579018185 0.173308 0.935767 -0.307092 -0.60348 -0.950883 0.24019 0.195271 -0.254643 0.256489 0.258167 0.931431 0.378843 
1533579018257 0.172758 0.935697 -0.307615 -0.603321 -0.950727 0.240039 0.196211 -0.254569 0.257434 0.258561 0.931061 0.378989 
1533579018274 0.17268 0.93567 -0.30774 -0.603276 -0.950696 0.240037 0.196366 -0.25457 0.257603 0.258658 0.930987 0.378991 
1533579018290 0.17263 0.935609 -0.307954 -0.603225 -0.950648 0.240092 0.196529 -0.254596 0.257811 0.258829 0.930882 0.378982 
1533579018416 0.172732 0.93562 -0.307863 -0.603149 -0.950608 0.240191 0.196605 -0.254707 0.257893 0.258697 0.930896 0.378905 
1533579018430 0.172712 0.935712 -0.307592 -0.603162 -0.950671 0.240056 0.196465 -0.254667 0.257674 0.258487 0.931015 0.378894 
1533579018455 0.172656 0.935847 -0.307213 -0.603204 -0.950776 0.239828 0.196233 -0.254589 0.257322 0.25821 0.931189 0.378863 
1533579018555 0.172824 0.936034 -0.306548 -0.603213 -0.950908 0.239684 0.195769 -0.254613 0.256721 0.257665 0.931506 0.378724 
1533579018572 0.172807 0.936148 -0.30621 -0.603164 -0.950947 0.239561 0.195731 -0.254619 0.256589 0.257366 0.931625 0.378702 
1533579018596 0.17275 0.936264 -0.305889 -0.603117 -0.951 0.239397 0.195673 -0.25462 0.25643 0.257098 0.931743 0.378663 
1533579018669 0.172645 0.93637 -0.305621 -0.603072 -0.951078 0.239184 0.195555 -0.254626 0.256211 0.256908 0.931855 0.378533 
1533579018685 0.172649 0.936442 -0.305399 -0.603043 -0.951104 0.239114 0.195513 -0.254632 0.256112 0.256711 0.931937 0.378519 
1533579018699 0.172649 0.93652 -0.305159 -0.603012 -0.951135 0.239033 0.195461 -0.254639 0.255996 0.256501 0.932026 0.3785 
1533579018716 0.172645 0.936581 -0.304976 -0.602987 -0.951161 0.238967 0.195419 -0.254645 0.255905 0.256343 0.932095 0.378481 
1533579018733 0.172634 0.936613 -0.304883 -0.602975 -0.951177 0.238922 0.195391 -0.254648 0.255849 0.256267 0.932131 0.378462 
1533579018749 0.172619 0.936617 -0.30488 -0.602973 -0.951187 0.2389 0.195374 -0.25465 0.255826 0.256272 0.932136 0.378444 
1533579018766 0.172602 0.93661 -0.304911 -0.602975 -0.951196 0.238884 0.195346 -0.254649 0.255802 0.256313 0.932131 0.378423 
1533579018783 0.172589 0.936595 -0.304965 -0.60298 -0.951201 0.238881 0.195328 -0.254649 0.255794 0.256371 0.932118 0.378407 
1533579018799 0.172574 0.93657 -0.30505 -0.602988 -0.951206 0.238882 0.1953 -0.254646 0.255783 0.256462 0.932096 0.378383 
1533579018816 0.172553 0.936505 -0.305262 -0.603012 -0.951205 0.238912 0.195272 -0.254645 0.255803 0.256672 0.932032 0.378356 
1533579018833 0.172537 0.936443 -0.305459 -0.603032 -0.951206 0.23894 0.195232 -0.254638 0.25581 0.256869 0.931976 0.378327 
1533579018856 0.172451 0.936424 -0.305568 -0.603031 -0.951279 0.238824 0.195019 -0.254621 0.255597 0.257049 0.931985 0.378299 
1533579018873 0.172383 0.936465 -0.305478 -0.603001 -0.951375 0.238657 0.194755 -0.254594 0.255285 0.257052 0.93207 0.378302 
1533579018893 0.172399 0.936496 -0.305374 -0.602965 -0.951458 0.238563 0.19446 -0.254564 0.254962 0.257026 0.932165 0.378292 
1533579018910 0.1724 0.936574 -0.305134 -0.602916 -0.951547 0.238425 0.194197 -0.254541 0.254632 0.25687 0.932298 0.378275 
1533579018926 0.172367 0.936662 -0.304885 -0.602866 -0.951646 0.238249 0.193928 -0.254518 0.254283 0.256715 0.932436 0.37824 
1533579018943 0.172357 0.936691 -0.304799 -0.602845 -0.951698 0.23817 0.193767 -0.254513 0.254094 0.25668 0.932498 0.378198 
1533579018960 0.172385 0.936694 -0.304776 -0.60284 -0.951713 0.238171 0.193691 -0.254524 0.254018 0.25667 0.932521 0.378169 
1533579018976 0.172398 0.936675 -0.304825 -0.602848 -0.951699 0.238206 0.19372 -0.254535 0.254063 0.256704 0.932499 0.378159 
1533579018993 0.172401 0.936658 -0.304877 -0.602855 -0.951674 0.238244 0.193794 -0.254543 0.254153 0.256733 0.932467 0.378184 
1533579019013 0.172422 0.936595 -0.305058 -0.602862 -0.951629 0.238343 0.193894 -0.254566 0.254308 0.256871 0.932387 0.378221 
1533579019030 0.172441 0.936521 -0.305275 -0.602875 -0.951586 0.238446 0.19398 -0.254589 0.254458 0.257045 0.932298 0.37825 
1533579019046 0.172457 0.936468 -0.305427 -0.602875 -0.951554 0.238521 0.194043 -0.254609 0.254566 0.257166 0.932235 0.378275 
1533579019063 0.172411 0.936437 -0.305549 -0.602861 -0.951543 0.238523 0.194093 -0.254605 0.254636 0.257279 0.932184 0.378302 
1533579019080 0.172356 0.936452 -0.305534 -0.602829 -0.951571 0.23845 0.194048 -0.254603 0.254571 0.257292 0.932199 0.378331 
1533579019131 0.172294 0.93653 -0.305331 -0.602706 -0.951694 0.238236 0.193705 -0.254646 0.254152 0.257207 0.932337 0.378331 
1533579019178 0.172282 0.936638 -0.305004 -0.602543 -0.951782 0.238071 0.193479 -0.254682 0.253832 0.256965 0.93249 0.378247 
1533579019206 0.172147 0.936642 -0.30507 -0.602454 -0.951818 0.237945 0.193455 -0.254665 0.253788 0.257068 0.932474 0.378183 
1533579019230 0.17202 0.936623 -0.305199 -0.602375 -0.951843 0.23785 0.193446 -0.254652 0.253778 0.257225 0.932433 0.378128 
1533579019257 0.171893 0.936531 -0.305553 -0.60231 -0.951848 0.237821 0.193456 -0.254655 0.253845 0.257586 0.932315 0.378071 
1533579019278 0.171827 0.936486 -0.305729 -0.602264 -0.951847 0.23781 0.193478 -0.254661 0.253895 0.257762 0.932253 0.378052 
1533579019294 0.171805 0.936476 -0.305769 -0.602215 -0.951847 0.237802 0.19349 -0.254675 0.253911 0.257803 0.932238 0.37805 
1533579019311 0.171769 0.936482 -0.305773 -0.602158 -0.951849 0.237772 0.193513 -0.254682 0.253926 0.25781 0.932232 0.378056 
1533579019328 0.171714 0.936493 -0.305771 -0.602121 -0.951859 0.23772 0.193528 -0.254679 0.253926 0.257819 0.932229 0.378061 
1533579019344 0.171658 0.936501 -0.305777 -0.60209 -0.951872 0.237666 0.193534 -0.254674 0.253918 0.257839 0.932226 0.378066 
1533579019405 0.171578 0.936466 -0.305928 -0.602017 -0.951869 0.237639 0.193579 -0.254788 0.253981 0.257989 0.932167 0.378061 
1533579019465 0.171194 0.936401 -0.306344 -0.601916 -0.951805 0.237499 0.194065 -0.254911 0.254479 0.258357 0.931929 0.378175 
1533579019490 0.170793 0.93643 -0.306478 -0.601827 -0.951797 0.237231 0.194434 -0.254866 0.25478 0.258497 0.931808 0.378225 
1533579019520 0.170523 0.93643 -0.306628 -0.601709 -0.951761 0.237093 0.194775 -0.254859 0.255093 0.258623 0.931688 0.378281 
1533579019552 0.170492 0.936374 -0.306816 -0.601611 -0.951705 0.237166 0.194963 -0.254945 0.255324 0.258758 0.931587 0.378307 
1533579019569 0.170485 0.936331 -0.306951 -0.601576 -0.95168 0.237214 0.195024 -0.254994 0.25542 0.258871 0.931529 0.378297 
1533579019585 0.17046 0.936287 -0.307099 -0.601538 -0.951661 0.237244 0.195078 -0.255036 0.255507 0.259001 0.931469 0.378279 
1533579019602 0.170416 0.93625 -0.307238 -0.601496 -0.951644 0.237257 0.195147 -0.255072 0.255601 0.259125 0.931409 0.378263 
1533579019619 0.170371 0.936227 -0.307331 -0.601442 -0.951624 0.237263 0.195239 -0.255105 0.255706 0.2592 0.931359 0.378256 
1533579019636 0.170318 0.93621 -0.307413 -0.601392 -0.951609 0.237255 0.195323 -0.255128 0.255799 0.25927 0.931314 0.378255 
1533579019652 0.170251 0.936223 -0.307412 -0.601352 -0.951608 0.237204 0.195387 -0.255125 0.255845 0.259271 0.931301 0.37827 
1533579019669 0.170196 0.936246 -0.307371 -0.601337 -0.951617 0.237145 0.195415 -0.25511 0.255848 0.259241 0.931309 0.37828 
1533579019712 0.169897 0.936407 -0.307047 -0.601293 -0.951697 0.236769 0.195481 -0.255048 0.255749 0.259004 0.931402 0.378316 
1533579019752 0.169532 0.936594 -0.306677 -0.601207 -0.951789 0.236321 0.195576 -0.255066 0.25565 0.258736 0.931504 0.378329 
1533579019776 0.169248 0.936649 -0.306667 -0.601111 -0.951803 0.236089 0.195787 -0.255074 0.255784 0.25875 0.931463 0.378307 
1533579019793 0.169076 0.936674 -0.306684 -0.601038 -0.951808 0.235956 0.195924 -0.255095 0.255881 0.258778 0.931428 0.378289 
1533579019810 0.168916 0.936699 -0.306696 -0.600971 -0.951814 0.235831 0.196047 -0.255119 0.255965 0.258802 0.931399 0.378279 
1533579019826 0.168856 0.936708 -0.3067 -0.600905 -0.951796 0.235805 0.196164 -0.255151 0.25607 0.258793 0.931372 0.378281 
1533579019843 0.168838 0.936713 -0.306697 -0.600841 -0.951774 0.235813 0.196263 -0.255188 0.256165 0.25877 0.931353 0.37829 
1533579019859 0.168871 0.936701 -0.306714 -0.600795 -0.951749 0.235867 0.19632 -0.255242 0.256236 0.258762 0.931335 0.378295 
1533579019876 0.168894 0.936687 -0.306743 -0.600786 -0.95173 0.235909 0.196359 -0.255274 0.256291 0.258773 0.931317 0.378294 
1533579019893 0.168901 0.936691 -0.30673 -0.600792 -0.951726 0.235915 0.19637 -0.255273 0.2563 0.258756 0.931319 0.378306 
1533579019968 0.168599 0.936797 -0.306571 -0.600811 -0.951859 0.235518 0.196202 -0.255125 0.256004 0.258734 0.931407 0.378382 
1533579020000 0.168362 0.936866 -0.30649 -0.60069 -0.951946 0.235233 0.196124 -0.255097 0.255838 0.258742 0.93145 0.378421 
1533579020024 0.168143 0.936869 -0.306602 -0.600601 -0.951994 0.23504 0.196119 -0.255138 0.255801 0.258907 0.931414 0.37845 
1533579020044 0.168087 0.936853 -0.306681 -0.60053 -0.952001 0.235007 0.196126 -0.255196 0.255814 0.258994 0.931387 0.378458 
1533579020061 0.168044 0.936839 -0.306746 -0.600469 -0.952003 0.234986 0.196142 -0.25524 0.255834 0.259063 0.931362 0.378456 
1533579020077 0.167987 0.936844 -0.306763 -0.600408 -0.95201 0.234939 0.196163 -0.255262 0.255845 0.259089 0.931352 0.378456 
1533579020094 0.167961 0.936844 -0.306778 -0.600357 -0.952014 0.234918 0.196171 -0.255296 0.255849 0.259108 0.931346 0.378453 
1533579020163 0.168005 0.936827 -0.306804 -0.600305 -0.952001 0.234971 0.196171 -0.255346 0.255868 0.25912 0.931337 0.378435 
1533579020210 0.167973 0.936854 -0.30674 -0.600282 -0.951978 0.234956 0.196298 -0.255169 0.255973 0.259037 0.931331 0.378458 
1533579020238 0.167913 0.936837 -0.306825 -0.600253 -0.951951 0.234956 0.196432 -0.255027 0.256115 0.259099 0.931275 0.378484 
1533579020262 0.167848 0.936836 -0.306862 -0.6002 -0.951939 0.234925 0.196523 -0.254945 0.2562 0.259128 0.931243 0.378504 
1533579020296 0.167939 0.936797 -0.306933 -0.600094 -0.951911 0.235039 0.196527 -0.254954 0.256247 0.259168 0.931219 0.378518 
1533579020313 0.168009 0.936777 -0.306957 -0.600037 -0.9519 0.235108 0.196497 -0.254983 0.256242 0.259179 0.931218 0.378519 
1533579020330 0.168035 0.936764 -0.30698 -0.599968 -0.951899 0.235134 0.196471 -0.255015 0.256228 0.2592 0.931215 0.37852 
1533579020346 0.16804 0.93676 -0.30699 -0.599895 -0.951901 0.235137 0.196455 -0.255038 0.256215 0.259212 0.931216 0.378526 
1533579020363 0.168056 0.936757 -0.306991 -0.599833 -0.951902 0.235149 0.196437 -0.255061 0.256203 0.259213 0.931219 0.378539 
1533579020379 0.168094 0.936738 -0.307029 -0.599805 -0.951893 0.235195 0.196426 -0.255082 0.256211 0.259241 0.931209 0.378543 
1533579020451 0.168073 0.936767 -0.30695 -0.599843 -0.951922 0.235132 0.196358 -0.255002 0.256116 0.259191 0.931249 0.378465 
1533579020465 0.168102 0.936828 -0.306749 -0.599826 -0.951949 0.235085 0.196285 -0.25499 0.255998 0.259013 0.931331 0.37843 
