1535378727077 0.250895 0.927339 -0.277659 -0.637452 -0.936713 0.304932 0.172003 -0.241762 0.244172 0.216932 0.945156 0.374078 
1535378733077 0.250895 0.927339 -0.277659 -0.637452 -0.936713 0.304932 0.172003 -0.241762 0.244172 0.216932 0.945156 0.374078 
1535378733086 0.250893 0.927338 -0.277663 -0.637453 -0.936713 0.304931 0.172006 -0.241762 0.244176 0.216935 0.945154 0.374076 
1535378733110 0.250893 0.927338 -0.277663 -0.637453 -0.936713 0.304931 0.172006 -0.241762 0.244176 0.216935 0.945155 0.374076 
1535378733265 0.250796 0.927292 -0.277904 -0.637475 -0.936718 0.304902 0.17203 -0.241738 0.244255 0.217173 0.945079 0.374059 
1535378733300 0.250415 0.927202 -0.278546 -0.63753 -0.936802 0.304673 0.171979 -0.241689 0.244325 0.217876 0.9449 0.374035 
1535378733365 0.250181 0.927182 -0.278824 -0.637523 -0.936925 0.304446 0.171709 -0.2417 0.244092 0.218279 0.944867 0.37403 
1535378733451 0.249874 0.927142 -0.279232 -0.637509 -0.937049 0.304191 0.171485 -0.241745 0.243931 0.218805 0.944787 0.374011 
1535378733555 0.249519 0.926953 -0.280176 -0.637539 -0.937153 0.304018 0.171223 -0.241831 0.243894 0.219845 0.944555 0.374006 
1535378733657 0.249076 0.926829 -0.280981 -0.637546 -0.937282 0.303732 0.171022 -0.241867 0.243851 0.220761 0.944352 0.374013 
1535378733682 0.248811 0.92683 -0.281209 -0.637563 -0.937382 0.303495 0.170898 -0.241832 0.243739 0.221079 0.944307 0.374018 
1535378733996 0.248787 0.926834 -0.281219 -0.637561 -0.937396 0.303467 0.17087 -0.241824 0.243708 0.221103 0.944309 0.374022 
1535378734397 0.247349 0.926906 -0.282249 -0.637488 -0.937339 0.302681 0.172568 -0.241955 0.245386 0.221879 0.943693 0.374013 
1535378734811 0.24578 0.926882 -0.283693 -0.63736 -0.937158 0.30199 0.174748 -0.242192 0.247643 0.222916 0.942858 0.37407 
1535378735097 0.244093 0.926947 -0.284935 -0.637236 -0.937068 0.301094 0.176763 -0.242347 0.249643 0.223857 0.942108 0.374145 
1535378735493 0.242463 0.926922 -0.286406 -0.637096 -0.936922 0.300332 0.178822 -0.242588 0.251771 0.224982 0.941273 0.374192 
1535378735775 0.241505 0.926966 -0.287069 -0.636977 -0.936798 0.29988 0.180224 -0.242669 0.253148 0.2254 0.940803 0.374305 
1535378736001 0.242522 0.926909 -0.286395 -0.6371 -0.936938 0.300359 0.178696 -0.242621 0.251656 0.224997 0.9413 0.374209 
1535378736406 0.241703 0.926867 -0.287225 -0.637079 -0.936967 0.299902 0.179309 -0.2427 0.252335 0.225781 0.94093 0.374442 
1535378736942 0.240999 0.926758 -0.288165 -0.637058 -0.937033 0.299517 0.179605 -0.242835 0.252761 0.226736 0.940586 0.374617 
1535378737373 0.240268 0.92668 -0.289026 -0.637041 -0.937091 0.299106 0.179991 -0.242971 0.253243 0.227598 0.940249 0.374824 
1535378737693 0.239388 0.926646 -0.289862 -0.637045 -0.937127 0.298601 0.180637 -0.242967 0.25394 0.228396 0.939867 0.374957 
