1533739390080 0.0851762 0.565186 -0.820554 -0.532311 -0.94744 0.300841 0.108867 -0.195528 0.308386 0.768153 0.561105 0.442371 
1533739402042 0.0851743 0.565187 -0.820554 -0.53231 -0.947442 0.300836 0.108866 -0.195528 0.308382 0.768155 0.561105 0.44237 
1533739403792 0.123835 0.638849 -0.7593 -0.54392 -0.948506 0.301028 0.098581 -0.193449 0.291549 0.707993 0.64323 0.428251 
1533739405021 0.142913 0.673802 -0.72496 -0.549764 -0.949075 0.301088 0.0927471 -0.192763 0.28077 0.674787 0.682518 0.421464 
1533739406153 0.1611 0.706991 -0.68863 -0.555847 -0.949605 0.301132 0.0870077 -0.19232 0.268882 0.639909 0.719874 0.414175 
1533739407188 0.178675 0.738284 -0.650394 -0.561993 -0.949978 0.301544 0.0813165 -0.192023 0.256157 0.603331 0.755232 0.406773 
1533739408121 0.195478 0.767412 -0.610629 -0.568136 -0.950225 0.30224 0.0756504 -0.191588 0.242611 0.565447 0.788295 0.399269 
1533739409054 0.21146 0.794538 -0.569205 -0.574266 -0.950321 0.303241 0.0702413 -0.190963 0.228416 0.526075 0.81919 0.391873 
1533739409977 0.226931 0.819626 -0.526037 -0.580291 -0.950242 0.304694 0.064816 -0.190393 0.213405 0.485154 0.847988 0.384647 
1533739410883 0.24162 0.842176 -0.482037 -0.585124 -0.950046 0.306447 0.059191 -0.188568 0.197568 0.443656 0.874149 0.37799 
1533739410906 0.241361 0.842372 -0.481824 -0.585208 -0.950132 0.306158 0.0593041 -0.188413 0.197471 0.443482 0.874259 0.377837 
1533739411206 0.24289 0.84408 -0.478052 -0.585716 -0.949997 0.306671 0.058802 -0.18862 0.196238 0.439866 0.876361 0.377322 
1533739411503 0.244454 0.84625 -0.473395 -0.586441 -0.949974 0.306887 0.0580459 -0.188742 0.1944 0.435524 0.878935 0.376519 
1533739411797 0.245683 0.848473 -0.468757 -0.587208 -0.949975 0.30695 0.0576971 -0.188751 0.192839 0.431133 0.881441 0.375689 
1533739412089 0.246865 0.850668 -0.464135 -0.587971 -0.95002 0.306904 0.0571952 -0.18872 0.191099 0.426818 0.883916 0.374863 
1533739412397 0.248333 0.852841 -0.45934 -0.588733 -0.949958 0.307179 0.0567536 -0.188781 0.189502 0.42226 0.886445 0.374049 
1533739412704 0.249778 0.854874 -0.454753 -0.589477 -0.949914 0.307424 0.0561654 -0.188923 0.187817 0.417948 0.888845 0.373206 
1533739413011 0.250663 0.857139 -0.449978 -0.590262 -0.950001 0.307194 0.0559519 -0.188699 0.186189 0.413455 0.891285 0.372383 
1533739413316 0.252233 0.859057 -0.44542 -0.590993 -0.949901 0.307609 0.0553577 -0.188858 0.184571 0.409142 0.893609 0.37149 
1533739413622 0.253456 0.861145 -0.440669 -0.591737 -0.949945 0.307588 0.0547101 -0.188978 0.182658 0.404744 0.896001 0.3707 
1533739413652 0.253515 0.861281 -0.44037 -0.591817 -0.949945 0.307588 0.0547148 -0.18895 0.182577 0.404456 0.896148 0.370623 
1533739413769 0.253467 0.861404 -0.440156 -0.591896 -0.949964 0.307518 0.0547826 -0.188804 0.182546 0.404247 0.896248 0.370517 
1533739413899 0.254507 0.861127 -0.440099 -0.591787 -0.949847 0.308097 0.0535517 -0.188994 0.181708 0.404397 0.896351 0.370549 
1533739414014 0.25505 0.861177 -0.439686 -0.591881 -0.949821 0.308294 0.0528645 -0.188855 0.181078 0.40414 0.896594 0.370373 
1533739414129 0.25598 0.861153 -0.439192 -0.591917 -0.94972 0.30877 0.0518886 -0.188917 0.180293 0.403827 0.896894 0.370261 
1533739414244 0.256868 0.861083 -0.438811 -0.591965 -0.949611 0.309256 0.0509797 -0.18896 0.179603 0.403604 0.897132 0.37011 
1533739414354 0.257612 0.861041 -0.438456 -0.59208 -0.949515 0.309671 0.0502534 -0.188862 0.179048 0.403375 0.897346 0.369913 
1533739414467 0.258414 0.861099 -0.437871 -0.592098 -0.949427 0.310068 0.0494521 -0.18886 0.178353 0.402947 0.897677 0.369834 
1533739414594 0.259386 0.861047 -0.437399 -0.592141 -0.94928 0.310654 0.0486004 -0.188862 0.177727 0.402607 0.897953 0.369718 
1533739414708 0.259914 0.861133 -0.436915 -0.592197 -0.949302 0.310727 0.0477003 -0.188818 0.176838 0.402366 0.898237 0.369598 
1533739414737 0.260129 0.861143 -0.436767 -0.592202 -0.949275 0.31084 0.0474948 -0.188814 0.176665 0.402257 0.89832 0.369569 
1533739414752 0.260272 0.861148 -0.436672 -0.592205 -0.949251 0.310929 0.0473882 -0.188807 0.176582 0.402177 0.898372 0.36955 
1533739414772 0.2604 0.861142 -0.436608 -0.592214 -0.949229 0.311012 0.0472888 -0.188798 0.176513 0.402127 0.898408 0.369526 
1533739414931 0.260641 0.861061 -0.436625 -0.592319 -0.94924 0.311055 0.0467829 -0.188871 0.176097 0.402268 0.898426 0.369417 
1533739414961 0.261142 0.861107 -0.436233 -0.592308 -0.949157 0.311362 0.0464242 -0.188929 0.175803 0.40193 0.898635 0.36942 
1533739415034 0.261871 0.860934 -0.436137 -0.59239 -0.948964 0.311997 0.0460944 -0.188946 0.175758 0.401808 0.898699 0.36938 
1533739415080 0.262289 0.860966 -0.435822 -0.592419 -0.948918 0.312201 0.0456686 -0.189018 0.175383 0.401581 0.898873 0.36936 
1533739415178 0.26309 0.860982 -0.43531 -0.59246 -0.948773 0.312721 0.0451051 -0.189004 0.174965 0.401143 0.89915 0.369318 
1533739415195 0.263326 0.860992 -0.435147 -0.592468 -0.94873 0.312877 0.0449494 -0.188987 0.174848 0.401 0.899237 0.369307 
1533739415212 0.263519 0.860995 -0.435023 -0.59248 -0.9487 0.31299 0.044784 -0.188973 0.174717 0.400905 0.899305 0.369297 
1533739415229 0.263629 0.861008 -0.43493 -0.592492 -0.948693 0.313031 0.0446494 -0.188964 0.17459 0.400844 0.899356 0.369286 
1533739415245 0.263679 0.860994 -0.434928 -0.592517 -0.948694 0.31304 0.0445485 -0.188965 0.174506 0.400868 0.899362 0.369266 
1533739415262 0.263701 0.860965 -0.434973 -0.59254 -0.948692 0.313053 0.0445008 -0.18897 0.174483 0.400921 0.899343 0.369248 
1533739415279 0.263709 0.860943 -0.43501 -0.592556 -0.948692 0.313059 0.0444759 -0.188975 0.174475 0.400962 0.899326 0.369235 
1533739415295 0.263697 0.860925 -0.435054 -0.592567 -0.948689 0.313065 0.0444973 -0.188978 0.174509 0.400997 0.899304 0.369223 
1533739415312 0.263704 0.860911 -0.435078 -0.592569 -0.948675 0.3131 0.0445486 -0.188988 0.174575 0.401 0.89929 0.369215 
1533739415329 0.26367 0.860867 -0.435185 -0.592574 -0.948654 0.313144 0.044679 -0.188988 0.174738 0.40106 0.899232 0.369206 
1533739415345 0.263522 0.860806 -0.435395 -0.592586 -0.948659 0.313105 0.0448559 -0.189 0.174936 0.40122 0.899122 0.369189 
1533739415365 0.263478 0.860777 -0.435479 -0.592586 -0.948639 0.313142 0.0450086 -0.189014 0.175109 0.401254 0.899073 0.369178 
1533739415382 0.263514 0.860778 -0.435456 -0.592577 -0.948615 0.313206 0.0450724 -0.189024 0.175185 0.401203 0.899081 0.369174 
1533739415399 0.263597 0.860771 -0.43542 -0.59257 -0.948578 0.313311 0.0451193 -0.189037 0.175259 0.401136 0.899096 0.369167 
1533739415417 0.263677 0.860744 -0.435425 -0.592577 -0.948545 0.313408 0.0451392 -0.189055 0.175319 0.401118 0.899093 0.369154 
1533739415433 0.26378 0.860713 -0.435424 -0.592587 -0.948509 0.313519 0.0451343 -0.189086 0.175361 0.401098 0.899093 0.369136 
1533739415449 0.263961 0.860699 -0.435342 -0.592585 -0.948461 0.313673 0.0450704 -0.189119 0.175347 0.401008 0.899136 0.369126 
1533739415465 0.26412 0.86068 -0.435282 -0.592583 -0.948419 0.313808 0.0450093 -0.189142 0.175334 0.400942 0.899168 0.369118 
1533739415482 0.264236 0.860656 -0.435258 -0.592587 -0.948392 0.313899 0.044938 -0.189155 0.175303 0.400921 0.899183 0.369109 
1533739415499 0.264281 0.860633 -0.435277 -0.592598 -0.948386 0.313928 0.0448819 -0.189156 0.175272 0.400949 0.899177 0.369101 
1533739415515 0.264302 0.860598 -0.435333 -0.592616 -0.948391 0.313923 0.0447945 -0.189157 0.175211 0.401027 0.899154 0.36909 
1533739415535 0.264326 0.860561 -0.435392 -0.592635 -0.948391 0.313934 0.04473 -0.189145 0.175177 0.401099 0.899129 0.369078 
1533739415552 0.264359 0.860534 -0.435425 -0.592648 -0.948381 0.313965 0.0447029 -0.189135 0.175177 0.401131 0.899114 0.369069 
1533739415569 0.264416 0.860505 -0.435449 -0.592658 -0.948361 0.314028 0.0446904 -0.189127 0.175199 0.401146 0.899103 0.369061 
1533739415673 0.264487 0.860501 -0.435413 -0.592675 -0.948247 0.314306 0.0451561 -0.189096 0.17571 0.400936 0.899097 0.369059 
1533739415687 0.264334 0.860552 -0.435406 -0.592668 -0.948287 0.314172 0.0452385 -0.189105 0.175723 0.400932 0.899097 0.369066 
1533739415703 0.26416 0.860597 -0.435422 -0.592659 -0.948326 0.314037 0.0453587 -0.189125 0.175774 0.40094 0.899083 0.36907 
1533739415720 0.263995 0.860623 -0.435471 -0.592641 -0.948352 0.313937 0.0455171 -0.189173 0.175884 0.400964 0.899051 0.369058 
1533739415750 0.263958 0.860525 -0.435687 -0.592625 -0.948295 0.314069 0.0457997 -0.18926 0.176247 0.40107 0.898932 0.369032 
1533739415795 0.263955 0.860434 -0.435868 -0.592606 -0.94818 0.314339 0.0463225 -0.189336 0.176868 0.401054 0.898818 0.369012 
1533739415816 0.263829 0.860442 -0.435928 -0.592604 -0.948156 0.314361 0.0466572 -0.189346 0.177185 0.401018 0.898771 0.369007 
1533739415833 0.263698 0.860461 -0.435971 -0.592604 -0.948149 0.314344 0.0469197 -0.189346 0.177417 0.400993 0.898737 0.369001 
1533739415850 0.263584 0.86048 -0.436002 -0.592603 -0.948132 0.314353 0.0472072 -0.189348 0.17768 0.400944 0.898707 0.369004 
1533739415867 0.263512 0.860484 -0.436037 -0.592602 -0.948092 0.314425 0.0475286 -0.189356 0.177999 0.400879 0.898673 0.369015 
1533739415883 0.263468 0.860494 -0.436045 -0.592597 -0.948049 0.314508 0.0478218 -0.189366 0.17829 0.400792 0.898654 0.369037 
1533739415949 0.263405 0.860505 -0.436061 -0.592597 -0.94803 0.314535 0.048028 -0.189403 0.178485 0.400748 0.898635 0.369039 
1533739415977 0.263458 0.86057 -0.4359 -0.592614 -0.948105 0.314374 0.0476123 -0.189374 0.178009 0.400735 0.898735 0.369009 
1533739415991 0.263502 0.860651 -0.435714 -0.592612 -0.948154 0.314264 0.0473516 -0.189356 0.177683 0.400647 0.898839 0.368996 
1533739416007 0.263622 0.860687 -0.43557 -0.592618 -0.948168 0.314258 0.047111 -0.189327 0.177429 0.400574 0.898921 0.368971 
1533739416024 0.263744 0.860718 -0.435435 -0.592624 -0.948168 0.314284 0.0469325 -0.189295 0.177246 0.400487 0.898996 0.368945 
1533739416041 0.263819 0.860747 -0.435333 -0.59263 -0.94817 0.314295 0.0468213 -0.189273 0.177124 0.400417 0.899051 0.368927 
1533739416057 0.26389 0.860769 -0.435245 -0.592637 -0.948166 0.314319 0.0467414 -0.189265 0.177039 0.40035 0.899098 0.368912 
1533739416074 0.263977 0.860804 -0.435122 -0.592635 -0.948126 0.314427 0.0468291 -0.189266 0.177125 0.400189 0.899153 0.368919 
1533739416091 0.264111 0.860834 -0.434982 -0.592634 -0.948064 0.314595 0.0469439 -0.189283 0.177254 0.399992 0.899215 0.368925 
1533739416213 0.263841 0.86089 -0.435035 -0.592635 -0.948128 0.314379 0.0471017 -0.189301 0.177315 0.400042 0.899181 0.368947 
1533739416226 0.263689 0.860819 -0.435269 -0.592637 -0.948156 0.314286 0.0471569 -0.18928 0.177393 0.400268 0.899065 0.368951 
1533739416243 0.263497 0.860741 -0.435539 -0.592631 -0.948199 0.314152 0.0471955 -0.189258 0.177448 0.400542 0.898932 0.368961 
1533739416260 0.263359 0.860684 -0.435735 -0.592626 -0.948225 0.314065 0.0472469 -0.189245 0.177514 0.400732 0.898834 0.368976 
1533739416287 0.263379 0.860618 -0.435853 -0.592619 -0.948189 0.314159 0.0473513 -0.189259 0.177679 0.400799 0.898772 0.369003 
1533739416327 0.263384 0.860527 -0.43603 -0.592619 -0.948134 0.314294 0.0475542 -0.189286 0.177963 0.40089 0.898675 0.369039 
1533739416351 0.263336 0.860447 -0.436216 -0.592622 -0.948101 0.314366 0.0477433 -0.189297 0.178212 0.401004 0.898574 0.369068 
1533739416371 0.263247 0.860338 -0.436486 -0.592636 -0.94807 0.314425 0.0479628 -0.189297 0.178506 0.401193 0.898432 0.369071 
1533739416530 0.263199 0.860458 -0.436278 -0.592601 -0.948121 0.314286 0.0478722 -0.189285 0.178308 0.401044 0.898538 0.369146 
1533739416547 0.26325 0.860597 -0.435972 -0.592599 -0.948185 0.314139 0.0475652 -0.189249 0.17789 0.400861 0.898702 0.369116 
1533739416570 0.263364 0.860695 -0.435711 -0.59262 -0.948232 0.314049 0.0472103 -0.189215 0.177468 0.400722 0.898848 0.369058 
1533739416649 0.263894 0.860657 -0.435464 -0.592714 -0.948187 0.314284 0.0465466 -0.189166 0.17692 0.400618 0.899002 0.368937 
1533739416687 0.264189 0.860778 -0.435046 -0.592723 -0.948186 0.314345 0.0461594 -0.189163 0.176488 0.40031 0.899224 0.368949 
1533739416752 0.264665 0.860953 -0.43441 -0.592713 -0.948189 0.314434 0.0454886 -0.189167 0.175757 0.399864 0.899566 0.36899 
1533739416796 0.264891 0.861095 -0.433992 -0.592699 -0.948259 0.314313 0.044859 -0.189198 0.175037 0.399654 0.899799 0.368966 
1533739416868 0.265011 0.861183 -0.433742 -0.592773 -0.94835 0.314123 0.0442534 -0.189105 0.174359 0.399612 0.89995 0.368883 
1533739416895 0.265077 0.861218 -0.433632 -0.592793 -0.948365 0.3141 0.0440907 -0.189075 0.174176 0.399555 0.900011 0.368867 
1533739416915 0.265152 0.86128 -0.433464 -0.592802 -0.948384 0.314069 0.0439146 -0.189046 0.17396 0.399446 0.9001 0.368857 
1533739416932 0.265191 0.861335 -0.43333 -0.592809 -0.948402 0.31403 0.043795 -0.189021 0.173801 0.399357 0.90017 0.368859 
1533739416948 0.265226 0.861384 -0.433212 -0.592812 -0.948416 0.314003 0.0437027 -0.189004 0.173675 0.399274 0.900232 0.368863 
1533739416983 0.265275 0.861345 -0.43326 -0.592815 -0.948405 0.314043 0.0436477 -0.189018 0.173658 0.399327 0.900212 0.36886 
1533739417046 0.265293 0.86111 -0.433715 -0.592775 -0.948368 0.314156 0.0436406 -0.189076 0.173833 0.399744 0.899993 0.368875 
1533739417065 0.265298 0.861028 -0.433875 -0.592763 -0.948388 0.314118 0.0434663 -0.189115 0.173714 0.39995 0.899924 0.36888 
1533739417082 0.2654 0.860961 -0.433946 -0.592746 -0.948383 0.31416 0.0432745 -0.189151 0.173586 0.400062 0.899899 0.368889 
1533739417104 0.265469 0.860912 -0.434 -0.592729 -0.948389 0.314167 0.0430937 -0.189156 0.173448 0.400161 0.899881 0.368904 
1533739417128 0.265496 0.860891 -0.434025 -0.592715 -0.948398 0.314155 0.0429877 -0.189124 0.173359 0.400215 0.899875 0.368921 
1533739417144 0.265523 0.860886 -0.43402 -0.592704 -0.948393 0.314173 0.0429652 -0.189094 0.173346 0.400213 0.899878 0.368934 
1533739417161 0.265507 0.860889 -0.434023 -0.592695 -0.948406 0.31414 0.0429268 -0.189071 0.173299 0.400233 0.899878 0.368945 
1533739417178 0.265543 0.860861 -0.434058 -0.592693 -0.948409 0.314144 0.0428304 -0.189066 0.173228 0.400291 0.899866 0.36895 
1533739417194 0.265604 0.860815 -0.43411 -0.5927 -0.948405 0.31417 0.0427143 -0.18908 0.173154 0.400367 0.899847 0.368947 
1533739417211 0.265638 0.860785 -0.43415 -0.592705 -0.948407 0.314177 0.0426262 -0.189091 0.173092 0.400428 0.899831 0.368945 
1533739417235 0.265663 0.860757 -0.434189 -0.592712 -0.948414 0.31417 0.0425273 -0.189105 0.173015 0.400493 0.899817 0.368941 
1533739417252 0.265678 0.860763 -0.434168 -0.592713 -0.948407 0.314188 0.0425419 -0.189109 0.173029 0.400465 0.899827 0.368939 
1533739417269 0.265692 0.860761 -0.434163 -0.592718 -0.9484 0.314208 0.0425539 -0.189115 0.173046 0.400454 0.899829 0.368933 
1533739417285 0.265758 0.860778 -0.43409 -0.592715 -0.948375 0.314278 0.0425846 -0.189122 0.173081 0.400363 0.899863 0.368931 
1533739417309 0.26588 0.860854 -0.433864 -0.592693 -0.948355 0.314344 0.0425385 -0.189137 0.173002 0.400147 0.899974 0.368937 
1533739417325 0.265915 0.860892 -0.433767 -0.592686 -0.948362 0.314334 0.0424752 -0.18914 0.172914 0.400073 0.900023 0.36894 
1533739417448 0.265995 0.860662 -0.434175 -0.592767 -0.948389 0.31431 0.0420303 -0.189052 0.17264 0.400587 0.899847 0.368867 
1533739417462 0.265902 0.860599 -0.434357 -0.59278 -0.948383 0.314311 0.0421741 -0.189033 0.172818 0.400722 0.899753 0.368865 
1533739417480 0.265745 0.860559 -0.434532 -0.592783 -0.948389 0.314265 0.0423767 -0.189018 0.173026 0.400844 0.899659 0.368872 
1533739417509 0.265571 0.86055 -0.434657 -0.592765 -0.948412 0.314173 0.0425405 -0.189045 0.173166 0.400936 0.899591 0.368901 
1533739417565 0.265551 0.860496 -0.434775 -0.592723 -0.948397 0.31421 0.0426161 -0.189101 0.173281 0.401022 0.89953 0.368977 
1533739417593 0.265487 0.860406 -0.434992 -0.592722 -0.948418 0.314154 0.042547 -0.189125 0.173262 0.401259 0.899428 0.369013 
1533739417619 0.265531 0.86024 -0.435294 -0.592727 -0.948398 0.314227 0.0424581 -0.189135 0.173305 0.401558 0.899286 0.36905 
1533739417641 0.265531 0.860122 -0.435527 -0.592728 -0.948385 0.314268 0.042439 -0.18913 0.173375 0.401779 0.899174 0.369079 
1533739417661 0.265521 0.860039 -0.435696 -0.592725 -0.948381 0.314284 0.0424194 -0.189132 0.173415 0.401942 0.899094 0.369101 
1533739417678 0.265531 0.859991 -0.435785 -0.592717 -0.948379 0.314296 0.0423777 -0.189139 0.17341 0.402037 0.899053 0.369117 
1533739417694 0.265518 0.859947 -0.43588 -0.59271 -0.94838 0.314294 0.0423614 -0.189146 0.173423 0.402132 0.899007 0.369143 
1533739417711 0.265513 0.859907 -0.435962 -0.592706 -0.948375 0.314309 0.042368 -0.189149 0.173459 0.402206 0.898967 0.36917 
1533739417728 0.265495 0.859882 -0.436021 -0.592706 -0.948377 0.314301 0.0423662 -0.189143 0.173472 0.402264 0.898939 0.369195 
1533739417744 0.265472 0.859867 -0.436065 -0.592706 -0.948384 0.314281 0.042358 -0.189135 0.173469 0.402313 0.898918 0.369217 
1533739417761 0.265438 0.859867 -0.436086 -0.592705 -0.948397 0.314244 0.0423501 -0.18913 0.173453 0.402341 0.898908 0.369228 
1533739417778 0.265423 0.859873 -0.436084 -0.592701 -0.9484 0.314233 0.042361 -0.189124 0.173457 0.402338 0.898909 0.369239 
1533739417839 0.265504 0.859783 -0.436212 -0.592691 -0.948374 0.31432 0.042295 -0.189092 0.173475 0.402463 0.898849 0.369284 
1533739417852 0.265537 0.859692 -0.436371 -0.592702 -0.948368 0.314351 0.0422075 -0.189089 0.173459 0.402633 0.898776 0.369286 
1533739417869 0.265537 0.859692 -0.436371 -0.592702 -0.948368 0.314351 0.0422075 -0.189089 0.173459 0.402633 0.898776 0.369286 
1533739417886 0.265586 0.859491 -0.436738 -0.592729 -0.948355 0.314413 0.0420511 -0.18908 0.173458 0.403014 0.898606 0.369286 
1533739417902 0.265463 0.859405 -0.436981 -0.592733 -0.948407 0.314272 0.0419252 -0.189052 0.173362 0.403306 0.898493 0.369296 
1533739417919 0.265375 0.859422 -0.437001 -0.592718 -0.948436 0.314183 0.0419336 -0.189021 0.173337 0.403339 0.898483 0.369315 
