1530308309572 -0.0142012 -0.155224 0.987777 0.386051 -0.994402 0.105638 0.00230393 -0.492575 -0.104704 -0.982215 -0.155855 0.442735 
1530308315329 -0.0142012 -0.155224 0.987777 0.386051 -0.994402 0.105638 0.00230393 -0.492575 -0.104704 -0.982215 -0.155855 0.442735 
1530308315346 -0.0142012 -0.155224 0.987777 0.386051 -0.994402 0.105638 0.00230393 -0.492575 -0.104704 -0.982215 -0.155855 0.442735 
1530308315362 -0.0142012 -0.155224 0.987777 0.386051 -0.994402 0.105638 0.00230393 -0.492575 -0.104704 -0.982215 -0.155855 0.442735 
1530308315379 -0.0142012 -0.155224 0.987777 0.386051 -0.994402 0.105638 0.00230393 -0.492575 -0.104704 -0.982215 -0.155855 0.442735 
1530308315397 -0.0142012 -0.155224 0.987777 0.386051 -0.994402 0.105638 0.00230393 -0.492575 -0.104704 -0.982215 -0.155855 0.442735 
1530308315412 -0.0142012 -0.155224 0.987777 0.386051 -0.994402 0.105638 0.00230393 -0.492575 -0.104704 -0.982215 -0.155855 0.442735 
1530308315553 -0.0145531 -0.155159 0.987782 0.386123 -0.994427 0.105409 0.00190647 -0.492576 -0.104417 -0.98225 -0.155829 0.442632 
1530308315587 -0.0147029 -0.155083 0.987792 0.386174 -0.994484 0.104874 0.00166259 -0.492579 -0.103851 -0.982319 -0.155769 0.442604 
1530308315603 -0.0147774 -0.155037 0.987798 0.386204 -0.994529 0.104451 0.00151576 -0.492581 -0.103411 -0.982371 -0.155733 0.442588 
1530308315617 -0.0148274 -0.155006 0.987802 0.386225 -0.994562 0.104139 0.00141271 -0.492582 -0.103088 -0.982409 -0.155707 0.442577 
1530308315741 -0.0155962 -0.154659 0.987845 0.386448 -0.994809 0.101763 0.0002261 -0.492629 -0.100561 -0.982713 -0.155443 0.442482 
1530308315757 -0.0156856 -0.154625 0.987849 0.386476 -0.994818 0.101676 0.00011865 -0.492631 -0.100458 -0.982727 -0.155418 0.44247 
1530308315774 -0.0157409 -0.154602 0.987851 0.386495 -0.994823 0.101624 5.23934e-05 -0.492631 -0.100397 -0.982736 -0.155401 0.442462 
1530308315790 -0.0157837 -0.154584 0.987854 0.386511 -0.994827 0.101583 1.13563e-06 -0.492631 -0.10035 -0.982743 -0.155388 0.442456 
1530308315807 -0.0158047 -0.154575 0.987855 0.386519 -0.994829 0.101564 -2.40952e-05 -0.492631 -0.100326 -0.982747 -0.155381 0.442453 
1530308315824 -0.0158192 -0.154569 0.987855 0.386524 -0.99483 0.10155 -4.14357e-05 -0.492631 -0.10031 -0.982749 -0.155377 0.442451 
1530308315840 -0.015828 -0.154566 0.987856 0.386527 -0.994831 0.101542 -5.20003e-05 -0.492631 -0.1003 -0.982751 -0.155374 0.442449 
1530308315857 -0.0158326 -0.154564 0.987856 0.386529 -0.994832 0.101537 -5.74467e-05 -0.492631 -0.100295 -0.982751 -0.155372 0.442449 
1530308315874 -0.0158374 -0.154562 0.987856 0.386531 -0.994832 0.101533 -6.32431e-05 -0.492631 -0.10029 -0.982752 -0.155371 0.442448 
1530308315890 -0.0158405 -0.15456 0.987856 0.386532 -0.994832 0.10153 -6.70232e-05 -0.492631 -0.100287 -0.982753 -0.15537 0.442447 
1530308316010 -0.0158445 -0.154559 0.987857 0.386533 -0.994833 0.101526 -7.18287e-05 -0.492631 -0.100282 -0.982753 -0.155369 0.442447 
1530308316027 -0.0158446 -0.154559 0.987857 0.386533 -0.994833 0.101526 -7.19043e-05 -0.492631 -0.100282 -0.982753 -0.155369 0.442447 
1530308316044 -0.0158446 -0.154559 0.987857 0.386533 -0.994833 0.101526 -7.19501e-05 -0.492631 -0.100282 -0.982753 -0.155369 0.442447 
1530308316064 -0.0158447 -0.154559 0.987857 0.386533 -0.994833 0.101526 -7.19855e-05 -0.492631 -0.100282 -0.982753 -0.155369 0.442447 
1530308316081 -0.0158447 -0.154559 0.987857 0.386533 -0.994833 0.101526 -7.20031e-05 -0.492631 -0.100282 -0.982753 -0.155369 0.442447 
1530308316097 -0.0158447 -0.154559 0.987857 0.386533 -0.994833 0.101526 -7.20146e-05 -0.492631 -0.100282 -0.982753 -0.155369 0.442447 
1530308316114 -0.0158447 -0.154559 0.987857 0.386533 -0.994833 0.101526 -7.20225e-05 -0.492631 -0.100282 -0.982753 -0.155369 0.442447 
1530308316131 -0.0158447 -0.154559 0.987857 0.386533 -0.994833 0.101526 -7.20276e-05 -0.492631 -0.100282 -0.982753 -0.155369 0.442447 
1530308316147 -0.0158447 -0.154559 0.987857 0.386533 -0.994833 0.101526 -7.20309e-05 -0.492631 -0.100282 -0.982753 -0.155369 0.442447 
1530308316267 -0.0158447 -0.154559 0.987857 0.386533 -0.994833 0.101526 -7.20362e-05 -0.492631 -0.100282 -0.982753 -0.155369 0.442447 
1530308316284 -0.0158447 -0.154559 0.987857 0.386533 -0.994833 0.101526 -7.20363e-05 -0.492631 -0.100282 -0.982753 -0.155369 0.442447 
1530308316301 -0.0158447 -0.154559 0.987857 0.386533 -0.994833 0.101526 -7.20364e-05 -0.492631 -0.100282 -0.982753 -0.155369 0.442447 
1530308316317 -0.0158447 -0.154559 0.987857 0.386533 -0.994833 0.101526 -7.20364e-05 -0.492631 -0.100282 -0.982753 -0.155369 0.442447 
1530308316334 -0.0158447 -0.154559 0.987857 0.386533 -0.994833 0.101526 -7.20364e-05 -0.492631 -0.100282 -0.982753 -0.155369 0.442447 
1530308316351 -0.0158447 -0.154559 0.987857 0.386533 -0.994833 0.101526 -7.20364e-05 -0.492631 -0.100282 -0.982753 -0.155369 0.442447 
1530308316367 -0.0158447 -0.154559 0.987857 0.386533 -0.994833 0.101526 -7.20364e-05 -0.492631 -0.100282 -0.982753 -0.155369 0.442447 
1530308316384 -0.0158447 -0.154559 0.987857 0.386533 -0.994833 0.101526 -7.20364e-05 -0.492631 -0.100282 -0.982753 -0.155369 0.442447 
1530308316401 -0.0158447 -0.154559 0.987857 0.386533 -0.994833 0.101526 -7.20364e-05 -0.492631 -0.100282 -0.982753 -0.155369 0.442447 
1530308316417 -0.0158447 -0.154559 0.987857 0.386533 -0.994833 0.101526 -7.20364e-05 -0.492631 -0.100282 -0.982753 -0.155369 0.442447 
1530308316571 -0.0158447 -0.154559 0.987857 0.386533 -0.994833 0.101526 -7.20365e-05 -0.492631 -0.100282 -0.982753 -0.155369 0.442447 
1530308316587 -0.0158447 -0.154559 0.987857 0.386533 -0.994833 0.101526 -7.20365e-05 -0.492631 -0.100282 -0.982753 -0.155369 0.442447 
1530308316604 -0.0158447 -0.154559 0.987857 0.386533 -0.994833 0.101526 -7.20365e-05 -0.492631 -0.100282 -0.982753 -0.155369 0.442447 
1530308316621 -0.0158447 -0.154559 0.987857 0.386533 -0.994833 0.101526 -7.20365e-05 -0.492631 -0.100282 -0.982753 -0.155369 0.442447 
1530308316637 -0.0158447 -0.154559 0.987857 0.386533 -0.994833 0.101526 -7.20365e-05 -0.492631 -0.100282 -0.982753 -0.155369 0.442447 
1530308316654 -0.0158447 -0.154559 0.987857 0.386533 -0.994833 0.101526 -7.20365e-05 -0.492631 -0.100282 -0.982753 -0.155369 0.442447 
1530308316671 -0.0158447 -0.154559 0.987857 0.386533 -0.994833 0.101526 -7.20365e-05 -0.492631 -0.100282 -0.982753 -0.155369 0.442447 
1530308316687 -0.0158447 -0.154559 0.987857 0.386533 -0.994833 0.101526 -7.20365e-05 -0.492631 -0.100282 -0.982753 -0.155369 0.442447 
1530308316704 -0.0158447 -0.154559 0.987857 0.386533 -0.994833 0.101526 -7.20365e-05 -0.492631 -0.100282 -0.982753 -0.155369 0.442447 
1530308316721 -0.0158447 -0.154559 0.987857 0.386533 -0.994833 0.101526 -7.20365e-05 -0.492631 -0.100282 -0.982753 -0.155369 0.442447 
1530308316847 -0.0158447 -0.154559 0.987857 0.386533 -0.994833 0.101526 -7.20365e-05 -0.492631 -0.100282 -0.982753 -0.155369 0.442447 
1530308316864 -0.0158447 -0.154559 0.987857 0.386533 -0.994833 0.101526 -7.20365e-05 -0.492631 -0.100282 -0.982753 -0.155369 0.442447 
1530308316881 -0.0158447 -0.154559 0.987857 0.386533 -0.994833 0.101526 -7.20365e-05 -0.492631 -0.100282 -0.982753 -0.155369 0.442447 
1530308316897 -0.0158447 -0.154559 0.987857 0.386533 -0.994833 0.101526 -7.20365e-05 -0.492631 -0.100282 -0.982753 -0.155369 0.442447 
1530308316914 -0.0158447 -0.154559 0.987857 0.386533 -0.994833 0.101526 -7.20365e-05 -0.492631 -0.100282 -0.982753 -0.155369 0.442447 
1530308316931 -0.0158447 -0.154559 0.987857 0.386533 -0.994833 0.101526 -7.20365e-05 -0.492631 -0.100282 -0.982753 -0.155369 0.442447 
1530308316947 -0.0158447 -0.154559 0.987857 0.386533 -0.994833 0.101526 -7.20365e-05 -0.492631 -0.100282 -0.982753 -0.155369 0.442447 
1530308316964 -0.0158447 -0.154559 0.987857 0.386533 -0.994833 0.101526 -7.20365e-05 -0.492631 -0.100282 -0.982753 -0.155369 0.442447 
1530308316981 -0.0158447 -0.154559 0.987857 0.386533 -0.994833 0.101526 -7.20365e-05 -0.492631 -0.100282 -0.982753 -0.155369 0.442447 
1530308316997 -0.0158447 -0.154559 0.987857 0.386533 -0.994833 0.101526 -7.20365e-05 -0.492631 -0.100282 -0.982753 -0.155369 0.442447 
1530308317117 -0.0158447 -0.154559 0.987857 0.386533 -0.994833 0.101526 -7.20365e-05 -0.492631 -0.100282 -0.982753 -0.155369 0.442447 
1530308317134 -0.0158447 -0.154559 0.987857 0.386533 -0.994833 0.101526 -7.20365e-05 -0.492631 -0.100282 -0.982753 -0.155369 0.442447 
1530308317151 -0.0158447 -0.154559 0.987857 0.386533 -0.994833 0.101526 -7.20365e-05 -0.492631 -0.100282 -0.982753 -0.155369 0.442447 
1530308317167 -0.0158447 -0.154559 0.987857 0.386533 -0.994833 0.101526 -7.20365e-05 -0.492631 -0.100282 -0.982753 -0.155369 0.442447 
1530308317184 -0.0158447 -0.154559 0.987857 0.386533 -0.994833 0.101526 -7.20365e-05 -0.492631 -0.100282 -0.982753 -0.155369 0.442447 
1530308317201 -0.0158447 -0.154559 0.987857 0.386533 -0.994833 0.101526 -7.20365e-05 -0.492631 -0.100282 -0.982753 -0.155369 0.442447 
1530308317217 -0.0158447 -0.154559 0.987857 0.386533 -0.994833 0.101526 -7.20365e-05 -0.492631 -0.100282 -0.982753 -0.155369 0.442447 
1530308317234 -0.0158447 -0.154559 0.987857 0.386533 -0.994833 0.101526 -7.20365e-05 -0.492631 -0.100282 -0.982753 -0.155369 0.442447 
1530308317251 -0.0158447 -0.154559 0.987857 0.386533 -0.994833 0.101526 -7.20365e-05 -0.492631 -0.100282 -0.982753 -0.155369 0.442447 
1530308317267 -0.0158447 -0.154559 0.987857 0.386533 -0.994833 0.101526 -7.20365e-05 -0.492631 -0.100282 -0.982753 -0.155369 0.442447 
1530308317387 -0.0158447 -0.154559 0.987857 0.386533 -0.994833 0.101526 -7.20365e-05 -0.492631 -0.100282 -0.982753 -0.155369 0.442447 
1530308317404 -0.0158447 -0.154559 0.987857 0.386533 -0.994833 0.101526 -7.20365e-05 -0.492631 -0.100282 -0.982753 -0.155369 0.442447 
1530308317420 -0.0158447 -0.154559 0.987857 0.386533 -0.994833 0.101526 -7.20365e-05 -0.492631 -0.100282 -0.982753 -0.155369 0.442447 
1530308317437 -0.0158447 -0.154559 0.987857 0.386533 -0.994833 0.101526 -7.20365e-05 -0.492631 -0.100282 -0.982753 -0.155369 0.442447 
1530308317454 -0.0158447 -0.154559 0.987857 0.386533 -0.994833 0.101526 -7.20365e-05 -0.492631 -0.100282 -0.982753 -0.155369 0.442447 
1530308317471 -0.0158447 -0.154559 0.987857 0.386533 -0.994833 0.101526 -7.20365e-05 -0.492631 -0.100282 -0.982753 -0.155369 0.442447 
1530308317487 -0.0158447 -0.154559 0.987857 0.386533 -0.994833 0.101526 -7.20365e-05 -0.492631 -0.100282 -0.982753 -0.155369 0.442447 
1530308317504 -0.0158447 -0.154559 0.987857 0.386533 -0.994833 0.101526 -7.20365e-05 -0.492631 -0.100282 -0.982753 -0.155369 0.442447 
1530308317520 -0.0158447 -0.154559 0.987857 0.386533 -0.994833 0.101526 -7.20365e-05 -0.492631 -0.100282 -0.982753 -0.155369 0.442447 
1530308317543 -0.0158447 -0.154559 0.987857 0.386533 -0.994833 0.101526 -7.20365e-05 -0.492631 -0.100282 -0.982753 -0.155369 0.442447 
1530308317663 -0.0158447 -0.154559 0.987857 0.386533 -0.994833 0.101526 -7.20365e-05 -0.492631 -0.100282 -0.982753 -0.155369 0.442447 
1530308317680 -0.0158447 -0.154559 0.987857 0.386533 -0.994833 0.101526 -7.20365e-05 -0.492631 -0.100282 -0.982753 -0.155369 0.442447 
1530308317696 -0.0158447 -0.154559 0.987857 0.386533 -0.994833 0.101526 -7.20365e-05 -0.492631 -0.100282 -0.982753 -0.155369 0.442447 
1530308317713 -0.0158447 -0.154559 0.987857 0.386533 -0.994833 0.101526 -7.20365e-05 -0.492631 -0.100282 -0.982753 -0.155369 0.442447 
1530308317730 -0.0158447 -0.154559 0.987857 0.386533 -0.994833 0.101526 -7.20365e-05 -0.492631 -0.100282 -0.982753 -0.155369 0.442447 
1530308317747 -0.0158447 -0.154559 0.987857 0.386533 -0.994833 0.101526 -7.20365e-05 -0.492631 -0.100282 -0.982753 -0.155369 0.442447 
1530308317763 -0.0158447 -0.154559 0.987857 0.386533 -0.994833 0.101526 -7.20365e-05 -0.492631 -0.100282 -0.982753 -0.155369 0.442447 
1530308317780 -0.0158447 -0.154559 0.987857 0.386533 -0.994833 0.101526 -7.20365e-05 -0.492631 -0.100282 -0.982753 -0.155369 0.442447 
1530308317799 -0.0158447 -0.154559 0.987857 0.386533 -0.994833 0.101526 -7.20365e-05 -0.492631 -0.100282 -0.982753 -0.155369 0.442447 
1530308317813 -0.0158447 -0.154559 0.987857 0.386533 -0.994833 0.101526 -7.20365e-05 -0.492631 -0.100282 -0.982753 -0.155369 0.442447 
1530308317930 -0.0158447 -0.154559 0.987857 0.386533 -0.994833 0.101526 -7.20365e-05 -0.492631 -0.100282 -0.982753 -0.155369 0.442447 
1530308317946 -0.0158447 -0.154559 0.987857 0.386533 -0.994833 0.101526 -7.20365e-05 -0.492631 -0.100282 -0.982753 -0.155369 0.442447 
1530308317963 -0.0158447 -0.154559 0.987857 0.386533 -0.994833 0.101526 -7.20365e-05 -0.492631 -0.100282 -0.982753 -0.155369 0.442447 
1530308317980 -0.0158447 -0.154559 0.987857 0.386533 -0.994833 0.101526 -7.20365e-05 -0.492631 -0.100282 -0.982753 -0.155369 0.442447 
1530308317996 -0.0158447 -0.154559 0.987857 0.386533 -0.994833 0.101526 -7.20365e-05 -0.492631 -0.100282 -0.982753 -0.155369 0.442447 
1530308318013 -0.0158447 -0.154559 0.987857 0.386533 -0.994833 0.101526 -7.20365e-05 -0.492631 -0.100282 -0.982753 -0.155369 0.442447 
1530308318030 -0.0158447 -0.154559 0.987857 0.386533 -0.994833 0.101526 -7.20365e-05 -0.492631 -0.100282 -0.982753 -0.155369 0.442447 
1530308318050 -0.0158447 -0.154559 0.987857 0.386533 -0.994833 0.101526 -7.20365e-05 -0.492631 -0.100282 -0.982753 -0.155369 0.442447 
1530308318067 -0.0158447 -0.154559 0.987857 0.386533 -0.994833 0.101526 -7.20365e-05 -0.492631 -0.100282 -0.982753 -0.155369 0.442447 
1530308318190 -0.0158447 -0.154559 0.987857 0.386533 -0.994833 0.101526 -7.20365e-05 -0.492631 -0.100282 -0.982753 -0.155369 0.442447 
1530308318207 -0.0158447 -0.154559 0.987857 0.386533 -0.994833 0.101526 -7.20365e-05 -0.492631 -0.100282 -0.982753 -0.155369 0.442447 
1530308318223 -0.0158447 -0.154559 0.987857 0.386533 -0.994833 0.101526 -7.20365e-05 -0.492631 -0.100282 -0.982753 -0.155369 0.442447 
1530308318240 -0.0158447 -0.154559 0.987857 0.386533 -0.994833 0.101526 -7.20365e-05 -0.492631 -0.100282 -0.982753 -0.155369 0.442447 
1530308318257 -0.0158447 -0.154559 0.987857 0.386533 -0.994833 0.101526 -7.20365e-05 -0.492631 -0.100282 -0.982753 -0.155369 0.442447 
1530308318273 -0.0158447 -0.154559 0.987857 0.386533 -0.994833 0.101526 -7.20365e-05 -0.492631 -0.100282 -0.982753 -0.155369 0.442447 
1530308318290 -0.0158447 -0.154559 0.987857 0.386533 -0.994833 0.101526 -7.20365e-05 -0.492631 -0.100282 -0.982753 -0.155369 0.442447 
1530308318307 -0.0158447 -0.154559 0.987857 0.386533 -0.994833 0.101526 -7.20365e-05 -0.492631 -0.100282 -0.982753 -0.155369 0.442447 
1530308318323 -0.0158447 -0.154559 0.987857 0.386533 -0.994833 0.101526 -7.20365e-05 -0.492631 -0.100282 -0.982753 -0.155369 0.442447 
1530308318340 -0.0158447 -0.154559 0.987857 0.386533 -0.994833 0.101526 -7.20365e-05 -0.492631 -0.100282 -0.982753 -0.155369 0.442447 
1530308318467 -0.0158447 -0.154559 0.987857 0.386533 -0.994833 0.101526 -7.20365e-05 -0.492631 -0.100282 -0.982753 -0.155369 0.442447 
1530308318483 -0.0158447 -0.154559 0.987857 0.386533 -0.994833 0.101526 -7.20365e-05 -0.492631 -0.100282 -0.982753 -0.155369 0.442447 
1530308318500 -0.0158447 -0.154559 0.987857 0.386533 -0.994833 0.101526 -7.20365e-05 -0.492631 -0.100282 -0.982753 -0.155369 0.442447 
1530308318517 -0.0158447 -0.154559 0.987857 0.386533 -0.994833 0.101526 -7.20365e-05 -0.492631 -0.100282 -0.982753 -0.155369 0.442447 
1530308318534 -0.0158447 -0.154559 0.987857 0.386533 -0.994833 0.101526 -7.20365e-05 -0.492631 -0.100282 -0.982753 -0.155369 0.442447 
1530308318550 -0.0158447 -0.154559 0.987857 0.386533 -0.994833 0.101526 -7.20365e-05 -0.492631 -0.100282 -0.982753 -0.155369 0.442447 
1530308318567 -0.0158447 -0.154559 0.987857 0.386533 -0.994833 0.101526 -7.20365e-05 -0.492631 -0.100282 -0.982753 -0.155369 0.442447 
1530308318583 -0.0158447 -0.154559 0.987857 0.386533 -0.994833 0.101526 -7.20365e-05 -0.492631 -0.100282 -0.982753 -0.155369 0.442447 
1530308318600 -0.0158447 -0.154559 0.987857 0.386533 -0.994833 0.101526 -7.20365e-05 -0.492631 -0.100282 -0.982753 -0.155369 0.442447 
1530308318617 -0.0158447 -0.154559 0.987857 0.386533 -0.994833 0.101526 -7.20365e-05 -0.492631 -0.100282 -0.982753 -0.155369 0.442447 
1530308318750 -0.0158447 -0.154559 0.987857 0.386533 -0.994833 0.101526 -7.20365e-05 -0.492631 -0.100282 -0.982753 -0.155369 0.442447 
1530308318767 -0.0158447 -0.154559 0.987857 0.386533 -0.994833 0.101526 -7.20365e-05 -0.492631 -0.100282 -0.982753 -0.155369 0.442447 
1530308318787 -0.0158447 -0.154559 0.987857 0.386533 -0.994833 0.101526 -7.20365e-05 -0.492631 -0.100282 -0.982753 -0.155369 0.442447 
1530308318803 -0.0158447 -0.154559 0.987857 0.386533 -0.994833 0.101526 -7.20365e-05 -0.492631 -0.100282 -0.982753 -0.155369 0.442447 
1530308318820 -0.0158447 -0.154559 0.987857 0.386533 -0.994833 0.101526 -7.20365e-05 -0.492631 -0.100282 -0.982753 -0.155369 0.442447 
1530308318837 -0.0158447 -0.154559 0.987857 0.386533 -0.994833 0.101526 -7.20365e-05 -0.492631 -0.100282 -0.982753 -0.155369 0.442447 
1530308318853 -0.0158447 -0.154559 0.987857 0.386533 -0.994833 0.101526 -7.20365e-05 -0.492631 -0.100282 -0.982753 -0.155369 0.442447 
1530308318871 -0.0158447 -0.154559 0.987857 0.386533 -0.994833 0.101526 -7.20365e-05 -0.492631 -0.100282 -0.982753 -0.155369 0.442447 
1530308318887 -0.0158447 -0.154559 0.987857 0.386533 -0.994833 0.101526 -7.20365e-05 -0.492631 -0.100282 -0.982753 -0.155369 0.442447 
1530308319007 -0.0158447 -0.154559 0.987857 0.386533 -0.994833 0.101526 -7.20365e-05 -0.492631 -0.100282 -0.982753 -0.155369 0.442447 
1530308319023 -0.0158447 -0.154559 0.987857 0.386533 -0.994833 0.101526 -7.20365e-05 -0.492631 -0.100282 -0.982753 -0.155369 0.442447 
1530308319040 -0.0158447 -0.154559 0.987857 0.386533 -0.994833 0.101526 -7.20365e-05 -0.492631 -0.100282 -0.982753 -0.155369 0.442447 
1530308319057 -0.0158447 -0.154559 0.987857 0.386533 -0.994833 0.101526 -7.20365e-05 -0.492631 -0.100282 -0.982753 -0.155369 0.442447 
1530308319073 -0.0158447 -0.154559 0.987857 0.386533 -0.994833 0.101526 -7.20365e-05 -0.492631 -0.100282 -0.982753 -0.155369 0.442447 
1530308319097 -0.0158447 -0.154559 0.987857 0.386533 -0.994833 0.101526 -7.20365e-05 -0.492631 -0.100282 -0.982753 -0.155369 0.442447 
1530308319114 -0.0158447 -0.154559 0.987857 0.386533 -0.994833 0.101526 -7.20365e-05 -0.492631 -0.100282 -0.982753 -0.155369 0.442447 
1530308319130 -0.0158447 -0.154559 0.987857 0.386533 -0.994833 0.101526 -7.20365e-05 -0.492631 -0.100282 -0.982753 -0.155369 0.442447 
1530308319250 -0.0158447 -0.154559 0.987857 0.386533 -0.994833 0.101526 -7.20365e-05 -0.492631 -0.100282 -0.982753 -0.155369 0.442447 
1530308319267 -0.0158447 -0.154559 0.987857 0.386533 -0.994833 0.101526 -7.20365e-05 -0.492631 -0.100282 -0.982753 -0.155369 0.442447 
1530308319284 -0.0158447 -0.154559 0.987857 0.386533 -0.994833 0.101526 -7.20365e-05 -0.492631 -0.100282 -0.982753 -0.155369 0.442447 
1530308319300 -0.0158447 -0.154559 0.987857 0.386533 -0.994833 0.101526 -7.20365e-05 -0.492631 -0.100282 -0.982753 -0.155369 0.442447 
1530308319317 -0.0158447 -0.154559 0.987857 0.386533 -0.994833 0.101526 -7.20365e-05 -0.492631 -0.100282 -0.982753 -0.155369 0.442447 
1530308319334 -0.0158447 -0.154559 0.987857 0.386533 -0.994833 0.101526 -7.20365e-05 -0.492631 -0.100282 -0.982753 -0.155369 0.442447 
1530308319350 -0.0158447 -0.154559 0.987857 0.386533 -0.994833 0.101526 -7.20365e-05 -0.492631 -0.100282 -0.982753 -0.155369 0.442447 
1530308319367 -0.0158447 -0.154559 0.987857 0.386533 -0.994833 0.101526 -7.20365e-05 -0.492631 -0.100282 -0.982753 -0.155369 0.442447 
1530308319384 -0.0158447 -0.154559 0.987857 0.386533 -0.994833 0.101526 -7.20365e-05 -0.492631 -0.100282 -0.982753 -0.155369 0.442447 
1530308319400 -0.0158447 -0.154559 0.987857 0.386533 -0.994833 0.101526 -7.20365e-05 -0.492631 -0.100282 -0.982753 -0.155369 0.442447 
1530308319520 -0.0158447 -0.154559 0.987857 0.386533 -0.994833 0.101526 -7.20365e-05 -0.492631 -0.100282 -0.982753 -0.155369 0.442447 
1530308319537 -0.0158447 -0.154559 0.987857 0.386533 -0.994833 0.101526 -7.20365e-05 -0.492631 -0.100282 -0.982753 -0.155369 0.442447 
1530308319554 -0.0158447 -0.154559 0.987857 0.386533 -0.994833 0.101526 -7.20365e-05 -0.492631 -0.100282 -0.982753 -0.155369 0.442447 
1530308319570 -0.0158447 -0.154559 0.987857 0.386533 -0.994833 0.101526 -7.20365e-05 -0.492631 -0.100282 -0.982753 -0.155369 0.442447 
1530308319592 -0.0158447 -0.154559 0.987857 0.386533 -0.994833 0.101526 -7.20365e-05 -0.492631 -0.100282 -0.982753 -0.155369 0.442447 
1530308319604 -0.0158447 -0.154559 0.987857 0.386533 -0.994833 0.101526 -7.20365e-05 -0.492631 -0.100282 -0.982753 -0.155369 0.442447 
1530308319620 -0.0158447 -0.154559 0.987857 0.386533 -0.994833 0.101526 -7.20365e-05 -0.492631 -0.100282 -0.982753 -0.155369 0.442447 
1530308319638 -0.0158447 -0.154559 0.987857 0.386533 -0.994833 0.101526 -7.20365e-05 -0.492631 -0.100282 -0.982753 -0.155369 0.442447 
1530308319654 -0.0158447 -0.154559 0.987857 0.386533 -0.994833 0.101526 -7.20365e-05 -0.492631 -0.100282 -0.982753 -0.155369 0.442447 
1530308319670 -0.0158447 -0.154559 0.987857 0.386533 -0.994833 0.101526 -7.20365e-05 -0.492631 -0.100282 -0.982753 -0.155369 0.442447 
1530308319797 -0.0158447 -0.154559 0.987857 0.386533 -0.994833 0.101526 -7.20365e-05 -0.492631 -0.100282 -0.982753 -0.155369 0.442447 
1530308319814 -0.0158447 -0.154559 0.987857 0.386533 -0.994833 0.101526 -7.20365e-05 -0.492631 -0.100282 -0.982753 -0.155369 0.442447 
1530308319830 -0.0158447 -0.154559 0.987857 0.386533 -0.994833 0.101526 -7.20365e-05 -0.492631 -0.100282 -0.982753 -0.155369 0.442447 
1530308319847 -0.0158447 -0.154559 0.987857 0.386533 -0.994833 0.101526 -7.20365e-05 -0.492631 -0.100282 -0.982753 -0.155369 0.442447 
1530308319864 -0.0158447 -0.154559 0.987857 0.386533 -0.994833 0.101526 -7.20365e-05 -0.492631 -0.100282 -0.982753 -0.155369 0.442447 
1530308319880 -0.0158447 -0.154559 0.987857 0.386533 -0.994833 0.101526 -7.20365e-05 -0.492631 -0.100282 -0.982753 -0.155369 0.442447 
1530308319897 -0.0158447 -0.154559 0.987857 0.386533 -0.994833 0.101526 -7.20365e-05 -0.492631 -0.100282 -0.982753 -0.155369 0.442447 
1530308319914 -0.0158447 -0.154559 0.987857 0.386533 -0.994833 0.101526 -7.20365e-05 -0.492631 -0.100282 -0.982753 -0.155369 0.442447 
1530308319930 -0.0158447 -0.154559 0.987857 0.386533 -0.994833 0.101526 -7.20365e-05 -0.492631 -0.100282 -0.982753 -0.155369 0.442447 
1530308319947 -0.0158447 -0.154559 0.987857 0.386533 -0.994833 0.101526 -7.20365e-05 -0.492631 -0.100282 -0.982753 -0.155369 0.442447 
1530308320070 -0.0158447 -0.154559 0.987857 0.386533 -0.994833 0.101526 -7.20365e-05 -0.492631 -0.100282 -0.982753 -0.155369 0.442447 
1530308320087 -0.0158447 -0.154559 0.987857 0.386533 -0.994833 0.101526 -7.20365e-05 -0.492631 -0.100282 -0.982753 -0.155369 0.442447 
1530308320104 -0.0158447 -0.154559 0.987857 0.386533 -0.994833 0.101526 -7.20365e-05 -0.492631 -0.100282 -0.982753 -0.155369 0.442447 
1530308320120 -0.0158447 -0.154559 0.987857 0.386533 -0.994833 0.101526 -7.20365e-05 -0.492631 -0.100282 -0.982753 -0.155369 0.442447 
1530308320137 -0.0158447 -0.154559 0.987857 0.386533 -0.994833 0.101526 -7.20365e-05 -0.492631 -0.100282 -0.982753 -0.155369 0.442447 
1530308320154 -0.0158447 -0.154559 0.987857 0.386533 -0.994833 0.101526 -7.20365e-05 -0.492631 -0.100282 -0.982753 -0.155369 0.442447 
1530308320170 -0.0158447 -0.154559 0.987857 0.386533 -0.994833 0.101526 -7.20365e-05 -0.492631 -0.100282 -0.982753 -0.155369 0.442447 
1530308320187 -0.0158447 -0.154559 0.987857 0.386533 -0.994833 0.101526 -7.20365e-05 -0.492631 -0.100282 -0.982753 -0.155369 0.442447 
1530308320204 -0.0158447 -0.154559 0.987857 0.386533 -0.994833 0.101526 -7.20365e-05 -0.492631 -0.100282 -0.982753 -0.155369 0.442447 
1530308320220 -0.0158447 -0.154559 0.987857 0.386533 -0.994833 0.101526 -7.20365e-05 -0.492631 -0.100282 -0.982753 -0.155369 0.442447 
1530308320350 -0.0158447 -0.154559 0.987857 0.386533 -0.994833 0.101526 -7.20365e-05 -0.492631 -0.100282 -0.982753 -0.155369 0.442447 
1530308320367 -0.0158447 -0.154559 0.987857 0.386533 -0.994833 0.101526 -7.20365e-05 -0.492631 -0.100282 -0.982753 -0.155369 0.442447 
1530308320384 -0.0158447 -0.154559 0.987857 0.386533 -0.994833 0.101526 -7.20365e-05 -0.492631 -0.100282 -0.982753 -0.155369 0.442447 
1530308320400 -0.0158447 -0.154559 0.987857 0.386533 -0.994833 0.101526 -7.20365e-05 -0.492631 -0.100282 -0.982753 -0.155369 0.442447 
1530308320417 -0.0158447 -0.154559 0.987857 0.386533 -0.994833 0.101526 -7.20365e-05 -0.492631 -0.100282 -0.982753 -0.155369 0.442447 
1530308320434 -0.0158447 -0.154559 0.987857 0.386533 -0.994833 0.101526 -7.20365e-05 -0.492631 -0.100282 -0.982753 -0.155369 0.442447 
1530308320450 -0.0158447 -0.154559 0.987857 0.386533 -0.994833 0.101526 -7.20365e-05 -0.492631 -0.100282 -0.982753 -0.155369 0.442447 
1530308320467 -0.0158447 -0.154559 0.987857 0.386533 -0.994833 0.101526 -7.20365e-05 -0.492631 -0.100282 -0.982753 -0.155369 0.442447 
1530308320484 -0.0158447 -0.154559 0.987857 0.386533 -0.994833 0.101526 -7.20365e-05 -0.492631 -0.100282 -0.982753 -0.155369 0.442447 
1530308320500 -0.0158447 -0.154559 0.987857 0.386533 -0.994833 0.101526 -7.20365e-05 -0.492631 -0.100282 -0.982753 -0.155369 0.442447 
1530308320632 -0.0158447 -0.154559 0.987857 0.386533 -0.994833 0.101526 -7.20365e-05 -0.492631 -0.100282 -0.982753 -0.155369 0.442447 
1530308320647 -0.0158447 -0.154559 0.987857 0.386533 -0.994833 0.101526 -7.20365e-05 -0.492631 -0.100282 -0.982753 -0.155369 0.442447 
1530308320664 -0.0158447 -0.154559 0.987857 0.386533 -0.994833 0.101526 -7.20365e-05 -0.492631 -0.100282 -0.982753 -0.155369 0.442447 
1530308320689 -0.0158447 -0.154559 0.987857 0.386533 -0.994833 0.101526 -7.20365e-05 -0.492631 -0.100282 -0.982753 -0.155369 0.442447 
1530308320697 -0.0158447 -0.154559 0.987857 0.386533 -0.994833 0.101526 -7.20365e-05 -0.492631 -0.100282 -0.982753 -0.155369 0.442447 
1530308320714 -0.0158447 -0.154559 0.987857 0.386533 -0.994833 0.101526 -7.20365e-05 -0.492631 -0.100282 -0.982753 -0.155369 0.442447 
1530308320730 -0.0158447 -0.154559 0.987857 0.386533 -0.994833 0.101526 -7.20365e-05 -0.492631 -0.100282 -0.982753 -0.155369 0.442447 
1530308320747 -0.0158447 -0.154559 0.987857 0.386533 -0.994833 0.101526 -7.20365e-05 -0.492631 -0.100282 -0.982753 -0.155369 0.442447 
1530308320764 -0.0158447 -0.154559 0.987857 0.386533 -0.994833 0.101526 -7.20365e-05 -0.492631 -0.100282 -0.982753 -0.155369 0.442447 
1530308320780 -0.0158447 -0.154559 0.987857 0.386533 -0.994833 0.101526 -7.20365e-05 -0.492631 -0.100282 -0.982753 -0.155369 0.442447 
1530308320907 -0.0158447 -0.154559 0.987857 0.386533 -0.994833 0.101526 -7.20365e-05 -0.492631 -0.100282 -0.982753 -0.155369 0.442447 
1530308320924 -0.0158447 -0.154559 0.987857 0.386533 -0.994833 0.101526 -7.20365e-05 -0.492631 -0.100282 -0.982753 -0.155369 0.442447 
1530308320940 -0.0158447 -0.154559 0.987857 0.386533 -0.994833 0.101526 -7.20365e-05 -0.492631 -0.100282 -0.982753 -0.155369 0.442447 
1530308320957 -0.0158447 -0.154559 0.987857 0.386533 -0.994833 0.101526 -7.20365e-05 -0.492631 -0.100282 -0.982753 -0.155369 0.442447 
1530308320974 -0.0158447 -0.154559 0.987857 0.386533 -0.994833 0.101526 -7.20365e-05 -0.492631 -0.100282 -0.982753 -0.155369 0.442447 
1530308320990 -0.0158447 -0.154559 0.987857 0.386533 -0.994833 0.101526 -7.20365e-05 -0.492631 -0.100282 -0.982753 -0.155369 0.442447 
1530308321007 -0.0158447 -0.154559 0.987857 0.386533 -0.994833 0.101526 -7.20365e-05 -0.492631 -0.100282 -0.982753 -0.155369 0.442447 
1530308321024 -0.0158447 -0.154559 0.987857 0.386533 -0.994833 0.101526 -7.20365e-05 -0.492631 -0.100282 -0.982753 -0.155369 0.442447 
1530308321040 -0.0158447 -0.154559 0.987857 0.386533 -0.994833 0.101526 -7.20365e-05 -0.492631 -0.100282 -0.982753 -0.155369 0.442447 
1530308321057 -0.0158447 -0.154559 0.987857 0.386533 -0.994833 0.101526 -7.20365e-05 -0.492631 -0.100282 -0.982753 -0.155369 0.442447 
1530308321177 -0.0158447 -0.154559 0.987857 0.386533 -0.994833 0.101526 -7.20365e-05 -0.492631 -0.100282 -0.982753 -0.155369 0.442447 
1530308321194 -0.0158447 -0.154559 0.987857 0.386533 -0.994833 0.101526 -7.20365e-05 -0.492631 -0.100282 -0.982753 -0.155369 0.442447 
1530308321210 -0.0158447 -0.154559 0.987857 0.386533 -0.994833 0.101526 -7.20365e-05 -0.492631 -0.100282 -0.982753 -0.155369 0.442447 
1530308321227 -0.0158447 -0.154559 0.987857 0.386533 -0.994833 0.101526 -7.20365e-05 -0.492631 -0.100282 -0.982753 -0.155369 0.442447 
1530308321244 -0.0158447 -0.154559 0.987857 0.386533 -0.994833 0.101526 -7.20365e-05 -0.492631 -0.100282 -0.982753 -0.155369 0.442447 
1530308321260 -0.0158447 -0.154559 0.987857 0.386533 -0.994833 0.101526 -7.20365e-05 -0.492631 -0.100282 -0.982753 -0.155369 0.442447 
1530308321277 -0.0158447 -0.154559 0.987857 0.386533 -0.994833 0.101526 -7.20365e-05 -0.492631 -0.100282 -0.982753 -0.155369 0.442447 
1530308321294 -0.0158447 -0.154559 0.987857 0.386533 -0.994833 0.101526 -7.20365e-05 -0.492631 -0.100282 -0.982753 -0.155369 0.442447 
1530308321310 -0.0158447 -0.154559 0.987857 0.386533 -0.994833 0.101526 -7.20365e-05 -0.492631 -0.100282 -0.982753 -0.155369 0.442447 
1530308321327 -0.0158447 -0.154559 0.987857 0.386533 -0.994833 0.101526 -7.20365e-05 -0.492631 -0.100282 -0.982753 -0.155369 0.442447 
1530308321450 -0.0158447 -0.154559 0.987857 0.386533 -0.994833 0.101526 -7.20365e-05 -0.492631 -0.100282 -0.982753 -0.155369 0.442447 
1530308321467 -0.0158447 -0.154559 0.987857 0.386533 -0.994833 0.101526 -7.20365e-05 -0.492631 -0.100282 -0.982753 -0.155369 0.442447 
1530308321484 -0.0158447 -0.154559 0.987857 0.386533 -0.994833 0.101526 -7.20365e-05 -0.492631 -0.100282 -0.982753 -0.155369 0.442447 
1530308321500 -0.0158447 -0.154559 0.987857 0.386533 -0.994833 0.101526 -7.20365e-05 -0.492631 -0.100282 -0.982753 -0.155369 0.442447 
1530308321517 -0.0158447 -0.154559 0.987857 0.386533 -0.994833 0.101526 -7.20365e-05 -0.492631 -0.100282 -0.982753 -0.155369 0.442447 
1530308321534 -0.0158447 -0.154559 0.987857 0.386533 -0.994833 0.101526 -7.20365e-05 -0.492631 -0.100282 -0.982753 -0.155369 0.442447 
1530308321550 -0.0158447 -0.154559 0.987857 0.386533 -0.994833 0.101526 -7.20365e-05 -0.492631 -0.100282 -0.982753 -0.155369 0.442447 
1530308321568 -0.0158447 -0.154559 0.987857 0.386533 -0.994833 0.101526 -7.20365e-05 -0.492631 -0.100282 -0.982753 -0.155369 0.442447 
1530308321584 -0.0158447 -0.154559 0.987857 0.386533 -0.994833 0.101526 -7.20365e-05 -0.492631 -0.100282 -0.982753 -0.155369 0.442447 
1530308321600 -0.0158447 -0.154559 0.987857 0.386533 -0.994833 0.101526 -7.20365e-05 -0.492631 -0.100282 -0.982753 -0.155369 0.442447 
1530308321717 -0.0158447 -0.154559 0.987857 0.386533 -0.994833 0.101526 -7.20365e-05 -0.492631 -0.100282 -0.982753 -0.155369 0.442447 
1530308321734 -0.0158447 -0.154559 0.987857 0.386533 -0.994833 0.101526 -7.20365e-05 -0.492631 -0.100282 -0.982753 -0.155369 0.442447 
1530308321750 -0.0158447 -0.154559 0.987857 0.386533 -0.994833 0.101526 -7.20365e-05 -0.492631 -0.100282 -0.982753 -0.155369 0.442447 
1530308321767 -0.0158447 -0.154559 0.987857 0.386533 -0.994833 0.101526 -7.20365e-05 -0.492631 -0.100282 -0.982753 -0.155369 0.442447 
1530308321784 -0.0158447 -0.154559 0.987857 0.386533 -0.994833 0.101526 -7.20365e-05 -0.492631 -0.100282 -0.982753 -0.155369 0.442447 
1530308321800 -0.0158447 -0.154559 0.987857 0.386533 -0.994833 0.101526 -7.20365e-05 -0.492631 -0.100282 -0.982753 -0.155369 0.442447 
1530308321817 -0.0158447 -0.154559 0.987857 0.386533 -0.994833 0.101526 -7.20365e-05 -0.492631 -0.100282 -0.982753 -0.155369 0.442447 
1530308321834 -0.0158447 -0.154559 0.987857 0.386533 -0.994833 0.101526 -7.20365e-05 -0.492631 -0.100282 -0.982753 -0.155369 0.442447 
1530308321850 -0.0158447 -0.154559 0.987857 0.386533 -0.994833 0.101526 -7.20365e-05 -0.492631 -0.100282 -0.982753 -0.155369 0.442447 
1530308321867 -0.0158447 -0.154559 0.987857 0.386533 -0.994833 0.101526 -7.20365e-05 -0.492631 -0.100282 -0.982753 -0.155369 0.442447 
1530308321994 -0.0158447 -0.154559 0.987857 0.386533 -0.994833 0.101526 -7.20365e-05 -0.492631 -0.100282 -0.982753 -0.155369 0.442447 
1530308322010 -0.0158447 -0.154559 0.987857 0.386533 -0.994833 0.101526 -7.20365e-05 -0.492631 -0.100282 -0.982753 -0.155369 0.442447 
1530308322028 -0.0158447 -0.154559 0.987857 0.386533 -0.994833 0.101526 -7.20365e-05 -0.492631 -0.100282 -0.982753 -0.155369 0.442447 
1530308322044 -0.0158447 -0.154559 0.987857 0.386533 -0.994833 0.101526 -7.20365e-05 -0.492631 -0.100282 -0.982753 -0.155369 0.442447 
1530308322060 -0.0158447 -0.154559 0.987857 0.386533 -0.994833 0.101526 -7.20365e-05 -0.492631 -0.100282 -0.982753 -0.155369 0.442447 
1530308322077 -0.0158447 -0.154559 0.987857 0.386533 -0.994833 0.101526 -7.20365e-05 -0.492631 -0.100282 -0.982753 -0.155369 0.442447 
1530308322095 -0.0158447 -0.154559 0.987857 0.386533 -0.994833 0.101526 -7.20365e-05 -0.492631 -0.100282 -0.982753 -0.155369 0.442447 
1530308322110 -0.0158447 -0.154559 0.987857 0.386533 -0.994833 0.101526 -7.20365e-05 -0.492631 -0.100282 -0.982753 -0.155369 0.442447 
1530308322130 -0.0158447 -0.154559 0.987857 0.386533 -0.994833 0.101526 -7.20365e-05 -0.492631 -0.100282 -0.982753 -0.155369 0.442447 
1530308322144 -0.0158447 -0.154559 0.987857 0.386533 -0.994833 0.101526 -7.20365e-05 -0.492631 -0.100282 -0.982753 -0.155369 0.442447 
1530308322267 -0.0158447 -0.154559 0.987857 0.386533 -0.994833 0.101526 -7.20365e-05 -0.492631 -0.100282 -0.982753 -0.155369 0.442447 
1530308322285 -0.0158447 -0.154559 0.987857 0.386533 -0.994833 0.101526 -7.20365e-05 -0.492631 -0.100282 -0.982753 -0.155369 0.442447 
1530308322300 -0.0158447 -0.154559 0.987857 0.386533 -0.994833 0.101526 -7.20365e-05 -0.492631 -0.100282 -0.982753 -0.155369 0.442447 
1530308322317 -0.0158447 -0.154559 0.987857 0.386533 -0.994833 0.101526 -7.20365e-05 -0.492631 -0.100282 -0.982753 -0.155369 0.442447 
1530308322334 -0.0158447 -0.154559 0.987857 0.386533 -0.994833 0.101526 -7.20365e-05 -0.492631 -0.100282 -0.982753 -0.155369 0.442447 
1530308322350 -0.0158447 -0.154559 0.987857 0.386533 -0.994833 0.101526 -7.20365e-05 -0.492631 -0.100282 -0.982753 -0.155369 0.442447 
1530308322367 -0.0158447 -0.154559 0.987857 0.386533 -0.994833 0.101526 -7.20365e-05 -0.492631 -0.100282 -0.982753 -0.155369 0.442447 
1530308322384 -0.0158447 -0.154559 0.987857 0.386533 -0.994833 0.101526 -7.20365e-05 -0.492631 -0.100282 -0.982753 -0.155369 0.442447 
1530308322400 -0.0158447 -0.154559 0.987857 0.386533 -0.994833 0.101526 -7.20365e-05 -0.492631 -0.100282 -0.982753 -0.155369 0.442447 
1530308322417 -0.0158447 -0.154559 0.987857 0.386533 -0.994833 0.101526 -7.20365e-05 -0.492631 -0.100282 -0.982753 -0.155369 0.442447 
1530308322540 -0.0158447 -0.154559 0.987857 0.386533 -0.994833 0.101526 -7.20365e-05 -0.492631 -0.100282 -0.982753 -0.155369 0.442447 
1530308322557 -0.0158447 -0.154559 0.987857 0.386533 -0.994833 0.101526 -7.20365e-05 -0.492631 -0.100282 -0.982753 -0.155369 0.442447 
1530308322574 -0.0158447 -0.154559 0.987857 0.386533 -0.994833 0.101526 -7.20365e-05 -0.492631 -0.100282 -0.982753 -0.155369 0.442447 
1530308322590 -0.0158447 -0.154559 0.987857 0.386533 -0.994833 0.101526 -7.20365e-05 -0.492631 -0.100282 -0.982753 -0.155369 0.442447 
1530308322607 -0.0158447 -0.154559 0.987857 0.386533 -0.994833 0.101526 -7.20365e-05 -0.492631 -0.100282 -0.982753 -0.155369 0.442447 
1530308322624 -0.0158447 -0.154559 0.987857 0.386533 -0.994833 0.101526 -7.20365e-05 -0.492631 -0.100282 -0.982753 -0.155369 0.442447 
1530308322640 -0.0158447 -0.154559 0.987857 0.386533 -0.994833 0.101526 -7.20365e-05 -0.492631 -0.100282 -0.982753 -0.155369 0.442447 
1530308322657 -0.0158447 -0.154559 0.987857 0.386533 -0.994833 0.101526 -7.20365e-05 -0.492631 -0.100282 -0.982753 -0.155369 0.442447 
1530308322674 -0.0158447 -0.154559 0.987857 0.386533 -0.994833 0.101526 -7.20365e-05 -0.492631 -0.100282 -0.982753 -0.155369 0.442447 
1530308322690 -0.0158447 -0.154559 0.987857 0.386533 -0.994833 0.101526 -7.20365e-05 -0.492631 -0.100282 -0.982753 -0.155369 0.442447 
1530308322810 -0.0158447 -0.154559 0.987857 0.386533 -0.994833 0.101526 -7.20365e-05 -0.492631 -0.100282 -0.982753 -0.155369 0.442447 
1530308322827 -0.0158447 -0.154559 0.987857 0.386533 -0.994833 0.101526 -7.20365e-05 -0.492631 -0.100282 -0.982753 -0.155369 0.442447 
1530308322844 -0.0158447 -0.154559 0.987857 0.386533 -0.994833 0.101526 -7.20365e-05 -0.492631 -0.100282 -0.982753 -0.155369 0.442447 
1530308322860 -0.0158447 -0.154559 0.987857 0.386533 -0.994833 0.101526 -7.20365e-05 -0.492631 -0.100282 -0.982753 -0.155369 0.442447 
1530308322879 -0.0158447 -0.154559 0.987857 0.386533 -0.994833 0.101526 -7.20365e-05 -0.492631 -0.100282 -0.982753 -0.155369 0.442447 
1530308322894 -0.0158447 -0.154559 0.987857 0.386533 -0.994833 0.101526 -7.20365e-05 -0.492631 -0.100282 -0.982753 -0.155369 0.442447 
1530308322910 -0.0158447 -0.154559 0.987857 0.386533 -0.994833 0.101526 -7.20365e-05 -0.492631 -0.100282 -0.982753 -0.155369 0.442447 
1530308322927 -0.0158447 -0.154559 0.987857 0.386533 -0.994833 0.101526 -7.20365e-05 -0.492631 -0.100282 -0.982753 -0.155369 0.442447 
1530308322944 -0.0158447 -0.154559 0.987857 0.386533 -0.994833 0.101526 -7.20365e-05 -0.492631 -0.100282 -0.982753 -0.155369 0.442447 
1530308322961 -0.0158447 -0.154559 0.987857 0.386533 -0.994833 0.101526 -7.20365e-05 -0.492631 -0.100282 -0.982753 -0.155369 0.442447 
1530308323100 -0.0158447 -0.154559 0.987857 0.386533 -0.994833 0.101526 -7.20365e-05 -0.492631 -0.100282 -0.982753 -0.155369 0.442447 
1530308323117 -0.0158447 -0.154559 0.987857 0.386533 -0.994833 0.101526 -7.20365e-05 -0.492631 -0.100282 -0.982753 -0.155369 0.442447 
1530308323134 -0.0158447 -0.154559 0.987857 0.386533 -0.994833 0.101526 -7.20365e-05 -0.492631 -0.100282 -0.982753 -0.155369 0.442447 
1530308323150 -0.0158447 -0.154559 0.987857 0.386533 -0.994833 0.101526 -7.20365e-05 -0.492631 -0.100282 -0.982753 -0.155369 0.442447 
1530308323167 -0.0158447 -0.154559 0.987857 0.386533 -0.994833 0.101526 -7.20365e-05 -0.492631 -0.100282 -0.982753 -0.155369 0.442447 
1530308323187 -0.0158447 -0.154559 0.987857 0.386533 -0.994833 0.101526 -7.20365e-05 -0.492631 -0.100282 -0.982753 -0.155369 0.442447 
1530308323204 -0.0158447 -0.154559 0.987857 0.386533 -0.994833 0.101526 -7.20365e-05 -0.492631 -0.100282 -0.982753 -0.155369 0.442447 
1530308323221 -0.0158447 -0.154559 0.987857 0.386533 -0.994833 0.101526 -7.20365e-05 -0.492631 -0.100282 -0.982753 -0.155369 0.442447 
1530308323237 -0.0158447 -0.154559 0.987857 0.386533 -0.994833 0.101526 -7.20365e-05 -0.492631 -0.100282 -0.982753 -0.155369 0.442447 
1530308323391 -0.0158447 -0.154559 0.987857 0.386533 -0.994833 0.101526 -7.20365e-05 -0.492631 -0.100282 -0.982753 -0.155369 0.442447 
1530308323407 -0.0158447 -0.154559 0.987857 0.386533 -0.994833 0.101526 -7.20365e-05 -0.492631 -0.100282 -0.982753 -0.155369 0.442447 
1530308323425 -0.0158447 -0.154559 0.987857 0.386533 -0.994833 0.101526 -7.20365e-05 -0.492631 -0.100282 -0.982753 -0.155369 0.442447 
1530308323441 -0.0158447 -0.154559 0.987857 0.386533 -0.994833 0.101526 -7.20365e-05 -0.492631 -0.100282 -0.982753 -0.155369 0.442447 
1530308323457 -0.0158447 -0.154559 0.987857 0.386533 -0.994833 0.101526 -7.20365e-05 -0.492631 -0.100282 -0.982753 -0.155369 0.442447 
1530308323474 -0.0158447 -0.154559 0.987857 0.386533 -0.994833 0.101526 -7.20365e-05 -0.492631 -0.100282 -0.982753 -0.155369 0.442447 
1530308323491 -0.0158447 -0.154559 0.987857 0.386533 -0.994833 0.101526 -7.20365e-05 -0.492631 -0.100282 -0.982753 -0.155369 0.442447 
1530308323507 -0.0158447 -0.154559 0.987857 0.386533 -0.994833 0.101526 -7.20365e-05 -0.492631 -0.100282 -0.982753 -0.155369 0.442447 
1530308323524 -0.0158447 -0.154559 0.987857 0.386533 -0.994833 0.101526 -7.20365e-05 -0.492631 -0.100282 -0.982753 -0.155369 0.442447 
1530308323541 -0.0158447 -0.154559 0.987857 0.386533 -0.994833 0.101526 -7.20365e-05 -0.492631 -0.100282 -0.982753 -0.155369 0.442447 
1530308323661 -0.0158447 -0.154559 0.987857 0.386533 -0.994833 0.101526 -7.20365e-05 -0.492631 -0.100282 -0.982753 -0.155369 0.442447 
