1534166547690 0.282744 0.87304 -0.397311 -0.565633 -0.942306 0.330205 0.0549967 -0.208238 0.179208 0.358838 0.916035 0.3684 
1534166554359 0.282745 0.87304 -0.397311 -0.565633 -0.942306 0.330205 0.0549958 -0.208238 0.179208 0.358839 0.916034 0.3684 
1534166555031 0.283391 0.876548 -0.389041 -0.568422 -0.942488 0.329529 0.0559196 -0.209378 0.177217 0.35082 0.919522 0.367164 
1534166555464 0.283996 0.879563 -0.381728 -0.571365 -0.942675 0.328894 0.0564999 -0.210673 0.175243 0.3438 0.922546 0.36565 
1534166555895 0.284534 0.882834 -0.37369 -0.574265 -0.942923 0.328075 0.0571129 -0.211895 0.17302 0.33611 0.925794 0.364131 
1534166556334 0.284838 0.886157 -0.365504 -0.577221 -0.943224 0.32707 0.0579192 -0.212933 0.170871 0.328254 0.929006 0.362624 
1534166556767 0.285167 0.889385 -0.357315 -0.580142 -0.943529 0.326068 0.0585951 -0.214082 0.168622 0.320427 0.932144 0.361161 
1534166557215 0.285732 0.892486 -0.349037 -0.583063 -0.943751 0.32531 0.0592324 -0.215287 0.166409 0.312479 0.935235 0.359733 
1534166557654 0.28595 0.895623 -0.340722 -0.585992 -0.944016 0.324342 0.0603025 -0.216311 0.164519 0.304403 0.938228 0.358241 
1534166558107 0.28625 0.898671 -0.332344 -0.588949 -0.944316 0.323341 0.060981 -0.217437 0.162262 0.296382 0.941185 0.35681 
1534166558513 0.286722 0.901506 -0.324156 -0.591095 -0.944514 0.322612 0.0617715 -0.218295 0.160264 0.288458 0.943985 0.355679 
1534166558537 0.286513 0.90171 -0.323774 -0.591201 -0.944588 0.322368 0.061911 -0.218205 0.1602 0.288094 0.944107 0.355659 
1534166558679 0.286362 0.901918 -0.323328 -0.591335 -0.944646 0.322171 0.0620466 -0.218168 0.160128 0.287663 0.944251 0.355633 
1534166558843 0.286825 0.901984 -0.322732 -0.591678 -0.944551 0.322488 0.0618421 -0.218544 0.159858 0.287099 0.944468 0.355423 
1534166559081 0.28702 0.90257 -0.320914 -0.592462 -0.944547 0.322451 0.0621048 -0.218874 0.159533 0.285293 0.94507 0.354998 
1534166559250 0.286558 0.903039 -0.320009 -0.592894 -0.944747 0.321842 0.0622205 -0.218857 0.15918 0.284497 0.945369 0.354813 
1534166559428 0.286561 0.903429 -0.318902 -0.59327 -0.944807 0.321658 0.0622474 -0.219035 0.158814 0.283463 0.945741 0.354625 
1534166559596 0.286665 0.903678 -0.318102 -0.593669 -0.944777 0.3217 0.0624921 -0.219174 0.158806 0.282621 0.945995 0.354471 
1534166559766 0.286701 0.904054 -0.317 -0.594034 -0.944807 0.321585 0.0626278 -0.219341 0.158561 0.281548 0.946356 0.354378 
1534166559937 0.286565 0.904379 -0.316194 -0.594447 -0.944895 0.321318 0.0626813 -0.219454 0.158286 0.280807 0.946622 0.354151 
1534166559957 0.28658 0.904397 -0.316129 -0.594534 -0.944891 0.321326 0.0626924 -0.21949 0.158279 0.280741 0.946643 0.354096 
1534166559975 0.286548 0.904432 -0.316059 -0.594603 -0.944906 0.321282 0.0626964 -0.219504 0.158249 0.280681 0.946665 0.354057 
1534166559990 0.286486 0.904482 -0.315972 -0.594656 -0.944929 0.321209 0.0627232 -0.219487 0.158225 0.280601 0.946693 0.354035 
1534166560097 0.286707 0.904583 -0.315483 -0.59457 -0.944891 0.321334 0.0626548 -0.21943 0.158052 0.280133 0.946861 0.354072 
1534166560139 0.287236 0.904602 -0.314946 -0.594488 -0.944819 0.321643 0.0621457 -0.219476 0.157517 0.279716 0.947073 0.353984 
1534166560225 0.287695 0.904594 -0.314549 -0.594541 -0.944807 0.321827 0.0613796 -0.219569 0.156754 0.27953 0.947255 0.353784 
1534166560262 0.287943 0.904716 -0.313972 -0.594552 -0.9448 0.321902 0.0610933 -0.219584 0.15634 0.279049 0.947465 0.35377 
1534166560396 0.288714 0.904841 -0.312901 -0.594629 -0.944716 0.322295 0.0603177 -0.219685 0.155424 0.278188 0.947869 0.353567 
1534166560457 0.288942 0.904942 -0.312398 -0.594726 -0.944717 0.322352 0.0599925 -0.219631 0.154992 0.277793 0.948055 0.353436 
1534166560477 0.289028 0.904933 -0.312344 -0.594742 -0.9447 0.322413 0.0599267 -0.219646 0.154933 0.277751 0.948077 0.353408 
1534166560494 0.289095 0.904924 -0.312309 -0.594748 -0.944686 0.322463 0.0598781 -0.219664 0.154893 0.277724 0.948091 0.35339 
1534166560512 0.289167 0.904927 -0.312232 -0.594743 -0.944676 0.322506 0.059815 -0.219683 0.154825 0.277662 0.948121 0.353374 
1534166560527 0.289221 0.904937 -0.312155 -0.594739 -0.944668 0.322536 0.0597679 -0.219696 0.154768 0.277597 0.948149 0.353359 
1534166560544 0.289267 0.904952 -0.312068 -0.594732 -0.944664 0.322556 0.0597227 -0.219706 0.154706 0.277524 0.948181 0.353347 
1534166560566 0.289337 0.904995 -0.311879 -0.594716 -0.944665 0.322571 0.0596321 -0.21972 0.15457 0.277367 0.948249 0.353334 
1534166560661 0.289588 0.904948 -0.311781 -0.594817 -0.944602 0.322778 0.0595021 -0.219773 0.154482 0.277278 0.948289 0.35325 
1534166560684 0.289793 0.904985 -0.311484 -0.594837 -0.944561 0.322915 0.0594112 -0.219817 0.154349 0.276999 0.948392 0.353232 
1534166560712 0.289974 0.90502 -0.311214 -0.59485 -0.944525 0.323035 0.0593313 -0.219857 0.154229 0.276745 0.948486 0.353224 
1534166560779 0.290342 0.904993 -0.310949 -0.59493 -0.944421 0.323353 0.0592584 -0.219935 0.154175 0.276462 0.948577 0.353204 
1534166560802 0.29044 0.905051 -0.310687 -0.594922 -0.944414 0.323388 0.0591824 -0.219946 0.154036 0.276228 0.948668 0.353213 
1534166560822 0.290563 0.905102 -0.310425 -0.594921 -0.944398 0.323448 0.0590997 -0.219963 0.153898 0.275993 0.948759 0.353211 
1534166560839 0.29066 0.905114 -0.310298 -0.59493 -0.94438 0.323513 0.0590474 -0.219983 0.15383 0.275876 0.948804 0.353204 
1534166560856 0.290737 0.905114 -0.310226 -0.594941 -0.944362 0.323571 0.0590133 -0.219999 0.153794 0.275808 0.948829 0.353198 
1534166560873 0.290773 0.905108 -0.31021 -0.594951 -0.944352 0.323603 0.0590033 -0.220005 0.153789 0.275791 0.948835 0.353193 
1534166560889 0.290799 0.905089 -0.310242 -0.594968 -0.944342 0.323633 0.0589966 -0.220007 0.153802 0.275818 0.948825 0.353184 
1534166560977 0.291056 0.905046 -0.310124 -0.594994 -0.944313 0.323781 0.0586493 -0.220002 0.153493 0.275784 0.948885 0.353176 
1534166560998 0.291227 0.905095 -0.309822 -0.594979 -0.944302 0.323848 0.0584424 -0.220006 0.153231 0.275546 0.948997 0.353182 
1534166561011 0.291329 0.905119 -0.309658 -0.594983 -0.944296 0.323889 0.0583149 -0.220008 0.153077 0.27542 0.949058 0.353178 
1534166561038 0.291467 0.905132 -0.309489 -0.595011 -0.944284 0.323956 0.0581427 -0.220004 0.152887 0.275298 0.949124 0.353163 
1534166561054 0.291525 0.905105 -0.309512 -0.595038 -0.94427 0.324005 0.0580927 -0.220001 0.152864 0.275328 0.949119 0.35315 
1534166561071 0.29159 0.905081 -0.309522 -0.595063 -0.944255 0.324058 0.0580385 -0.219999 0.152833 0.275344 0.949119 0.353138 
1534166561088 0.291652 0.905065 -0.309511 -0.595083 -0.944241 0.324109 0.0579937 -0.219994 0.152803 0.275339 0.949126 0.353128 
1534166561104 0.291725 0.90508 -0.309399 -0.59509 -0.944232 0.324147 0.0579272 -0.219988 0.152719 0.275245 0.949166 0.353124 
1534166561121 0.291801 0.905106 -0.309251 -0.595093 -0.944224 0.324181 0.0578591 -0.219975 0.152622 0.275119 0.949219 0.353123 
1534166561169 0.29188 0.905147 -0.309057 -0.595089 -0.944222 0.324203 0.0577646 -0.219974 0.152483 0.274958 0.949288 0.353124 
1534166561213 0.292287 0.905079 -0.308868 -0.595084 -0.944107 0.324561 0.0576397 -0.219978 0.152415 0.274757 0.949357 0.353128 
1534166561255 0.292778 0.905122 -0.308277 -0.595084 -0.94401 0.324892 0.0573566 -0.21995 0.152072 0.274224 0.949566 0.353178 
1534166561279 0.292943 0.905157 -0.308019 -0.595103 -0.94399 0.324978 0.0572049 -0.21992 0.151879 0.274009 0.949659 0.353205 
1534166561296 0.293022 0.90514 -0.307992 -0.595156 -0.943979 0.325027 0.057107 -0.219885 0.151796 0.274004 0.949673 0.353213 
1534166561312 0.293083 0.905128 -0.307969 -0.595203 -0.94397 0.325066 0.0570348 -0.219854 0.151734 0.273998 0.949685 0.353213 
1534166561332 0.293209 0.905106 -0.307916 -0.595236 -0.943944 0.325159 0.0569342 -0.219859 0.151653 0.273962 0.949708 0.353213 
1534166561349 0.293382 0.905096 -0.30778 -0.595235 -0.943907 0.325285 0.0568204 -0.219902 0.151544 0.273846 0.949759 0.353215 
1534166561366 0.29348 0.905103 -0.307666 -0.595221 -0.943889 0.325348 0.0567541 -0.219925 0.151467 0.273746 0.9498 0.353221 
1534166561382 0.293504 0.905118 -0.307598 -0.595205 -0.943888 0.325357 0.0567362 -0.219923 0.151432 0.273685 0.949824 0.353213 
1534166561420 0.293401 0.905154 -0.307591 -0.595167 -0.943917 0.325264 0.0567877 -0.219903 0.15145 0.273679 0.949823 0.353158 
1534166561459 0.29328 0.905217 -0.307519 -0.595142 -0.943961 0.325132 0.0568105 -0.219881 0.15141 0.273625 0.949844 0.353095 
1534166561476 0.293223 0.905268 -0.307425 -0.595129 -0.94399 0.325051 0.0567901 -0.219877 0.151339 0.273554 0.949876 0.353077 
1534166561496 0.293166 0.905322 -0.307321 -0.595121 -0.944022 0.324964 0.0567549 -0.219885 0.15125 0.273479 0.949912 0.353049 
1534166561513 0.293189 0.905337 -0.307255 -0.59512 -0.944023 0.324967 0.0567199 -0.219904 0.151198 0.273427 0.949935 0.353019 
1534166561616 0.293225 0.905247 -0.307483 -0.595169 -0.943989 0.325058 0.0567725 -0.219896 0.151343 0.273614 0.949858 0.352944 
1534166561630 0.293156 0.905205 -0.307674 -0.595185 -0.943988 0.325044 0.0568644 -0.219867 0.151482 0.273771 0.949791 0.352968 
1534166561646 0.293114 0.905194 -0.307748 -0.595189 -0.943992 0.325024 0.056905 -0.219851 0.151536 0.273832 0.949765 0.352983 
1534166561663 0.293114 0.905194 -0.307748 -0.595189 -0.943992 0.325024 0.056905 -0.219851 0.151536 0.273832 0.949765 0.352983 
1534166561687 0.293095 0.905189 -0.307778 -0.59519 -0.943994 0.325014 0.0569228 -0.219844 0.151558 0.273857 0.949754 0.35299 
1534166561700 0.292872 0.905177 -0.308027 -0.595118 -0.944033 0.324871 0.0570911 -0.219801 0.151747 0.274068 0.949663 0.353102 
1534166561720 0.292926 0.90516 -0.308024 -0.595089 -0.944017 0.324922 0.0570707 -0.219844 0.151742 0.274063 0.949665 0.353119 
1534166561737 0.292996 0.905122 -0.30807 -0.595074 -0.943991 0.325 0.0570623 -0.219895 0.151771 0.274097 0.949651 0.353129 
1534166561754 0.293067 0.905075 -0.308142 -0.595058 -0.943959 0.325091 0.0570793 -0.219951 0.151835 0.274145 0.949627 0.353146 
1534166561770 0.293087 0.905053 -0.308185 -0.595056 -0.943943 0.32513 0.057118 -0.219971 0.151895 0.274169 0.94961 0.353168 
1534166561787 0.29308 0.905047 -0.308212 -0.595058 -0.943936 0.325142 0.0571682 -0.219974 0.151952 0.274178 0.949598 0.353196 
1534166561876 0.292899 0.90516 -0.30805 -0.595167 -0.944002 0.324941 0.0572204 -0.219815 0.151892 0.27404 0.949648 0.353204 
1534166561889 0.292939 0.905198 -0.3079 -0.595188 -0.944008 0.324936 0.057144 -0.219806 0.151774 0.273921 0.949701 0.353185 
1534166561906 0.293016 0.905239 -0.307708 -0.595225 -0.944012 0.324946 0.0570148 -0.219803 0.151601 0.273774 0.949771 0.353142 
1534166561922 0.29309 0.905264 -0.307563 -0.595258 -0.944012 0.324967 0.0568983 -0.219802 0.151456 0.273667 0.949825 0.353092 
1534166561939 0.293112 0.905288 -0.307473 -0.595272 -0.944018 0.324959 0.056846 -0.219791 0.151378 0.273598 0.949857 0.353068 
1534166561972 0.293113 0.90531 -0.307406 -0.595285 -0.94402 0.324952 0.0568555 -0.219765 0.151364 0.273532 0.949879 0.353044 
1534166561989 0.293148 0.905321 -0.307341 -0.595291 -0.944008 0.324984 0.0568783 -0.219761 0.151374 0.273458 0.949898 0.353036 
1534166562100 0.293288 0.905357 -0.307102 -0.595316 -0.944022 0.324999 0.056561 -0.219749 0.151016 0.273322 0.949994 0.353025 
1534166562134 0.293296 0.9052 -0.307557 -0.59533 -0.944054 0.324972 0.056177 -0.219701 0.150799 0.273874 0.94987 0.35306 
1534166562255 0.293272 0.905082 -0.307925 -0.595243 -0.944169 0.324776 0.0553746 -0.219671 0.150125 0.274493 0.949798 0.353162 
1534166562285 0.293367 0.905012 -0.308041 -0.595235 -0.9442 0.324761 0.0549146 -0.219682 0.149738 0.274742 0.949787 0.353186 
1534166562377 0.293598 0.904901 -0.308147 -0.595197 -0.944181 0.324892 0.0544705 -0.219615 0.149405 0.274955 0.949778 0.353243 
1534166562415 0.293682 0.90483 -0.308276 -0.595196 -0.944217 0.324866 0.0540084 -0.219626 0.149017 0.275218 0.949763 0.353263 
1534166562495 0.293768 0.90476 -0.3084 -0.595182 -0.944253 0.324839 0.053536 -0.219602 0.148618 0.27548 0.949749 0.353299 
1534166562512 0.293809 0.904733 -0.30844 -0.595181 -0.944255 0.324852 0.0534101 -0.219602 0.148519 0.275553 0.949743 0.353305 
1534166562528 0.29384 0.9047 -0.308506 -0.595183 -0.944274 0.324833 0.0531956 -0.219611 0.148339 0.275683 0.949734 0.353312 
1534166562545 0.293853 0.904679 -0.308554 -0.595184 -0.944292 0.324807 0.0530306 -0.219618 0.148196 0.275782 0.949727 0.353317 
1534166562564 0.293857 0.904654 -0.308624 -0.595186 -0.944324 0.324754 0.0527958 -0.21963 0.147989 0.275926 0.949718 0.353324 
1534166562578 0.29387 0.904648 -0.30863 -0.595184 -0.944321 0.324764 0.0527798 -0.219626 0.147979 0.275936 0.949717 0.353327 
1534166562640 0.293876 0.904648 -0.308626 -0.595168 -0.94424 0.324918 0.053292 -0.219568 0.148489 0.275755 0.949689 0.353331 
1534166562663 0.293857 0.904608 -0.30876 -0.595173 -0.944181 0.325028 0.0536614 -0.219537 0.148898 0.275756 0.949625 0.353329 
1534166562684 0.293719 0.904572 -0.308996 -0.595178 -0.944189 0.324975 0.0538427 -0.219558 0.149121 0.275936 0.949538 0.353334 
1534166562706 0.293581 0.904556 -0.309174 -0.595167 -0.944208 0.324897 0.053971 -0.219613 0.149269 0.276079 0.949473 0.353368 
1534166562732 0.293407 0.904549 -0.309359 -0.595152 -0.944239 0.324786 0.0541058 -0.219645 0.149417 0.276233 0.949405 0.353431 
1534166562750 0.293327 0.904518 -0.309525 -0.595144 -0.944251 0.324742 0.0541513 -0.219667 0.149497 0.276386 0.949348 0.353483 
1534166562769 0.2933 0.904477 -0.309672 -0.595135 -0.944242 0.324758 0.0542187 -0.21969 0.149608 0.276503 0.949296 0.353529 
1534166562906 0.293252 0.904531 -0.30956 -0.595131 -0.944188 0.324833 0.0547087 -0.21968 0.150041 0.27624 0.949305 0.353476 
1534166562919 0.29323 0.904607 -0.309357 -0.595138 -0.944207 0.324776 0.0547099 -0.219663 0.149963 0.276054 0.949371 0.353455 
1534166562936 0.293163 0.90474 -0.309032 -0.595156 -0.944252 0.324648 0.0546972 -0.219629 0.149814 0.275769 0.949477 0.353421 
1534166562953 0.293068 0.904794 -0.308962 -0.595184 -0.944292 0.324534 0.0546824 -0.219602 0.149745 0.275725 0.949501 0.353388 
1534166562991 0.293136 0.904765 -0.308984 -0.595227 -0.944272 0.324598 0.0546449 -0.219624 0.149736 0.275746 0.949496 0.353302 
1534166563029 0.293143 0.904826 -0.308798 -0.595217 -0.944278 0.324579 0.0546609 -0.21966 0.149688 0.275568 0.949556 0.353256 
1534166563047 0.293063 0.904917 -0.308608 -0.595202 -0.944317 0.324465 0.0546632 -0.219679 0.149598 0.275404 0.949617 0.35324 
1534166563069 0.292965 0.905031 -0.308367 -0.595184 -0.944349 0.324353 0.0547661 -0.219696 0.149585 0.275161 0.94969 0.353211 
1534166563086 0.292954 0.905088 -0.308212 -0.595177 -0.94435 0.324337 0.0548408 -0.219716 0.1496 0.274994 0.949736 0.353187 
1534166563103 0.292958 0.905114 -0.308131 -0.595178 -0.944347 0.324341 0.0548836 -0.219736 0.149615 0.274904 0.949759 0.353169 
1534166563216 0.29312 0.905163 -0.307832 -0.595225 -0.944343 0.324393 0.0546462 -0.219727 0.149322 0.274681 0.94987 0.353178 
1534166563230 0.293302 0.90512 -0.307786 -0.59523 -0.94432 0.324502 0.0543963 -0.219716 0.149112 0.274694 0.949899 0.353202 
1534166563334 0.293659 0.905123 -0.307437 -0.595258 -0.944393 0.324481 0.0532323 -0.219584 0.147939 0.274709 0.950078 0.353119 
1534166563377 0.293806 0.905221 -0.307007 -0.595223 -0.944414 0.324473 0.0529147 -0.219555 0.147515 0.274395 0.950235 0.353088 
1534166563442 0.294092 0.905226 -0.306718 -0.595233 -0.944385 0.324618 0.0525435 -0.219567 0.14713 0.274208 0.950349 0.353044 
1534166563504 0.294147 0.905307 -0.306426 -0.595283 -0.944445 0.324509 0.0521321 -0.219521 0.146634 0.274068 0.950466 0.352984 
1534166563570 0.294152 0.905404 -0.306136 -0.595354 -0.944527 0.324341 0.0516922 -0.219429 0.146095 0.273948 0.950583 0.352932 
1534166563585 0.294165 0.905427 -0.306052 -0.595347 -0.944537 0.324322 0.0516249 -0.219425 0.146002 0.273891 0.950614 0.35293 
1534166563600 0.294259 0.905457 -0.305876 -0.59533 -0.944535 0.324351 0.0514846 -0.219429 0.145828 0.273761 0.950678 0.352927 
1534166563617 0.294343 0.905474 -0.305744 -0.595317 -0.944526 0.32439 0.051391 -0.21943 0.145714 0.273657 0.950726 0.352926 
1534166563634 0.294418 0.905503 -0.305587 -0.595304 -0.944524 0.324414 0.05129 -0.219428 0.14558 0.273533 0.950782 0.352923 
1534166563686 0.294416 0.905516 -0.30555 -0.595315 -0.944533 0.324394 0.0512464 -0.219396 0.145523 0.273514 0.950796 0.352903 
1534166563709 0.294364 0.90551 -0.305617 -0.595324 -0.944533 0.324379 0.0513461 -0.219394 0.14563 0.273551 0.950769 0.352911 
1534166563733 0.294234 0.905414 -0.306027 -0.595359 -0.944485 0.324444 0.051813 -0.219413 0.146201 0.273793 0.950612 0.352947 
1534166563747 0.294118 0.905413 -0.306142 -0.595359 -0.944484 0.324409 0.0520494 -0.219433 0.146441 0.273837 0.950562 0.352964 
1534166563764 0.293997 0.905423 -0.306228 -0.595343 -0.944473 0.324389 0.0523714 -0.219478 0.146755 0.273827 0.950516 0.352988 
1534166563780 0.293913 0.90545 -0.306227 -0.595314 -0.944462 0.324377 0.0526332 -0.219527 0.14699 0.273751 0.950502 0.353001 
1534166563800 0.293856 0.905465 -0.306238 -0.595279 -0.944436 0.324405 0.0529279 -0.219586 0.14727 0.273669 0.950482 0.353004 
1534166563817 0.29385 0.90546 -0.306257 -0.595265 -0.944408 0.324457 0.0531214 -0.219616 0.147467 0.273622 0.950466 0.353015 
1534166563833 0.2938 0.905469 -0.306279 -0.595263 -0.9444 0.324454 0.0532795 -0.219623 0.147616 0.273597 0.950449 0.353025 
1534166563850 0.293713 0.90549 -0.3063 -0.595265 -0.944404 0.324414 0.0534426 -0.219615 0.14776 0.273574 0.950434 0.353034 
1534166563867 0.29362 0.905514 -0.306319 -0.595271 -0.944411 0.324368 0.0536099 -0.219597 0.147905 0.27355 0.950418 0.353038 
1534166563883 0.293562 0.905528 -0.306333 -0.595275 -0.944414 0.324341 0.0537178 -0.219581 0.147999 0.273536 0.950407 0.353038 
1534166563900 0.293545 0.905528 -0.306349 -0.595278 -0.94441 0.324342 0.0537741 -0.219571 0.148056 0.273534 0.950399 0.353035 
1534166563917 0.29358 0.905515 -0.306355 -0.595279 -0.944403 0.324368 0.0537356 -0.219578 0.14803 0.273547 0.950399 0.353041 
1534166563934 0.293623 0.905501 -0.306356 -0.595277 -0.944405 0.324381 0.053623 -0.219595 0.147932 0.27358 0.950405 0.353046 
1534166563950 0.293749 0.905443 -0.306406 -0.595282 -0.944395 0.324451 0.0533808 -0.219619 0.147747 0.273688 0.950403 0.353043 
1534166563973 0.293866 0.905359 -0.306544 -0.595281 -0.944388 0.324515 0.0531065 -0.21962 0.147559 0.27389 0.950374 0.353031 
1534166563990 0.293854 0.905337 -0.306619 -0.595274 -0.944405 0.324484 0.0529959 -0.219595 0.147472 0.274 0.950356 0.353022 
1534166564007 0.293775 0.90535 -0.306656 -0.595262 -0.944433 0.324405 0.0529864 -0.219554 0.147452 0.27405 0.950344 0.35302 
1534166564027 0.293668 0.905376 -0.30668 -0.59525 -0.944468 0.324302 0.0530046 -0.219515 0.147446 0.274084 0.950336 0.35302 
1534166564070 0.293558 0.905392 -0.306739 -0.595252 -0.94446 0.324278 0.0532874 -0.21947 0.147715 0.27406 0.950301 0.352992 
1534166564093 0.293484 0.905392 -0.30681 -0.595263 -0.944433 0.324304 0.0536058 -0.219507 0.148034 0.274029 0.95026 0.352991 
1534166564107 0.293439 0.905394 -0.306848 -0.595265 -0.944417 0.324318 0.0537933 -0.219539 0.14822 0.274008 0.950237 0.353008 
1534166564123 0.293404 0.905384 -0.306909 -0.595263 -0.944387 0.324365 0.0540491 -0.219585 0.148486 0.273982 0.950203 0.353038 
1534166564141 0.293427 0.905345 -0.307003 -0.595254 -0.944312 0.324518 0.0544419 -0.219647 0.148917 0.273932 0.95015 0.353093 
1534166564160 0.293452 0.90531 -0.307084 -0.595236 -0.944246 0.324652 0.0547749 -0.219688 0.149284 0.273889 0.950105 0.353152 
1534166564177 0.293442 0.905285 -0.307166 -0.595219 -0.944203 0.324733 0.0550421 -0.219713 0.149576 0.273875 0.950063 0.353202 
1534166564193 0.293371 0.905275 -0.307263 -0.595194 -0.944172 0.324769 0.0553667 -0.219719 0.149911 0.273866 0.950013 0.353256 
1534166564211 0.293286 0.905271 -0.307355 -0.595178 -0.944162 0.324759 0.0555886 -0.21971 0.150139 0.273889 0.94997 0.353275 
1534166564227 0.293172 0.905262 -0.30749 -0.595165 -0.94416 0.324727 0.0558134 -0.219692 0.150376 0.273957 0.949913 0.353278 
1534166564243 0.293076 0.905238 -0.307655 -0.595159 -0.944163 0.324693 0.0559487 -0.219677 0.15054 0.274079 0.949852 0.353255 
1534166564262 0.293037 0.905194 -0.30782 -0.595165 -0.944164 0.324687 0.0559762 -0.219679 0.150615 0.27423 0.949796 0.353216 
1534166564277 0.293064 0.905174 -0.307853 -0.595164 -0.94416 0.324707 0.0559236 -0.219698 0.150583 0.274274 0.949789 0.353194 
1534166564294 0.293116 0.905154 -0.307863 -0.595155 -0.944167 0.324714 0.0557564 -0.219726 0.150436 0.274331 0.949795 0.35316 
1534166564310 0.293123 0.905139 -0.3079 -0.595156 -0.944206 0.324648 0.0554836 -0.219746 0.150179 0.274457 0.9498 0.353124 
1534166564330 0.29309 0.905123 -0.30798 -0.595164 -0.94426 0.324541 0.0551863 -0.219747 0.149902 0.274638 0.949791 0.353062 
1534166564347 0.293144 0.905081 -0.308049 -0.595167 -0.944267 0.324553 0.0549943 -0.219745 0.149753 0.27476 0.94978 0.353013 
1534166564365 0.293171 0.905064 -0.308075 -0.59516 -0.944269 0.324561 0.0549104 -0.219729 0.149687 0.274807 0.949776 0.352984 
1534166564403 0.293029 0.905078 -0.30817 -0.595124 -0.944295 0.324466 0.0550384 -0.219637 0.149805 0.274875 0.949738 0.353021 
1534166564480 0.293004 0.904913 -0.308676 -0.595084 -0.944283 0.324509 0.0549898 -0.219707 0.149929 0.275365 0.949576 0.353156 
1534166564504 0.292974 0.904845 -0.308903 -0.595092 -0.944326 0.324431 0.0546991 -0.219736 0.149712 0.27568 0.949519 0.353197 
1534166564536 0.29298 0.904782 -0.309082 -0.595102 -0.944371 0.324362 0.0543375 -0.219738 0.149418 0.275968 0.949482 0.353269 
1534166564607 0.293053 0.904664 -0.30936 -0.595075 -0.944412 0.324331 0.0538147 -0.219676 0.149019 0.276392 0.949421 0.353308 
1534166564633 0.292962 0.904615 -0.30959 -0.595064 -0.944488 0.324169 0.0534543 -0.219626 0.148715 0.276744 0.949366 0.353327 
1534166564675 0.292763 0.904583 -0.309872 -0.595032 -0.944619 0.323865 0.0529679 -0.219542 0.14827 0.277204 0.949302 0.353355 
1534166564689 0.292744 0.904579 -0.309898 -0.595022 -0.944635 0.32383 0.0528999 -0.219531 0.148207 0.277254 0.949297 0.353362 
1534166564705 0.292776 0.904552 -0.309947 -0.595012 -0.944634 0.323848 0.0528189 -0.219534 0.148153 0.277323 0.949285 0.353379 
1534166564722 0.292831 0.904508 -0.310025 -0.595006 -0.944624 0.323891 0.0527276 -0.219559 0.148107 0.277416 0.949265 0.353396 
1534166564739 0.292851 0.904441 -0.310202 -0.595011 -0.944618 0.32392 0.0526549 -0.219581 0.148104 0.277602 0.949212 0.353409 
1534166564755 0.292839 0.904366 -0.310432 -0.595019 -0.944622 0.323922 0.0525786 -0.219599 0.148106 0.277843 0.949141 0.353423 
1534166564772 0.292826 0.904311 -0.310605 -0.595024 -0.944629 0.323913 0.0524999 -0.219616 0.148085 0.278033 0.949088 0.353429 
1534166564789 0.29283 0.904301 -0.310628 -0.595017 -0.944637 0.3239 0.0524283 -0.219631 0.148024 0.278079 0.949084 0.35343 
1534166564806 0.292828 0.904304 -0.310621 -0.595015 -0.944648 0.32388 0.0523702 -0.219635 0.147963 0.278092 0.94909 0.35343 
1534166564822 0.292817 0.904317 -0.310595 -0.595017 -0.944651 0.323867 0.0523801 -0.219621 0.14796 0.278066 0.949098 0.353432 
1534166564839 0.29282 0.904372 -0.310433 -0.595014 -0.944657 0.323849 0.052396 -0.219593 0.147919 0.27791 0.94915 0.353437 
1534166564855 0.292857 0.904462 -0.310134 -0.595006 -0.944661 0.323837 0.05239 -0.219564 0.147818 0.277629 0.949248 0.35345 
1534166564872 0.292931 0.904529 -0.30987 -0.595009 -0.944638 0.323892 0.0524616 -0.21954 0.147818 0.277348 0.94933 0.353462 
1534166564889 0.292978 0.904544 -0.309781 -0.595035 -0.944609 0.323959 0.0525705 -0.219516 0.147909 0.27722 0.949353 0.353477 
1534166564905 0.293025 0.904546 -0.30973 -0.595073 -0.944578 0.324032 0.0526822 -0.219486 0.148016 0.277127 0.949364 0.353514 
1534166564922 0.293079 0.904545 -0.309681 -0.595099 -0.944563 0.324077 0.052669 -0.219483 0.148002 0.277077 0.949381 0.353558 
1534166564939 0.293115 0.904544 -0.309652 -0.595098 -0.944555 0.324104 0.052651 -0.219495 0.147985 0.277051 0.949391 0.353588 
1534166564955 0.293126 0.904507 -0.309747 -0.595098 -0.944547 0.324129 0.0526429 -0.219515 0.148014 0.27714 0.94936 0.353605 
1534166564972 0.293104 0.904453 -0.309926 -0.595091 -0.944553 0.32412 0.0525891 -0.219544 0.148018 0.277328 0.949305 0.353607 
1534166564992 0.293111 0.904392 -0.310098 -0.595079 -0.944548 0.324142 0.0525449 -0.21958 0.148037 0.277501 0.949251 0.353583 
1534166565016 0.293227 0.904339 -0.310144 -0.595054 -0.944517 0.324246 0.0524613 -0.219639 0.148005 0.277553 0.949241 0.353546 
1534166565032 0.293415 0.904272 -0.310161 -0.595036 -0.944455 0.324434 0.052423 -0.219671 0.148031 0.277551 0.949238 0.353506 
1534166565049 0.293518 0.904246 -0.310139 -0.595031 -0.944424 0.324529 0.0523918 -0.21967 0.148024 0.277525 0.949246 0.353484 
1534166565066 0.29368 0.904289 -0.30986 -0.595002 -0.944384 0.324647 0.0523728 -0.219644 0.147955 0.277246 0.949339 0.353468 
1534166565082 0.293762 0.904319 -0.309693 -0.594993 -0.944353 0.324726 0.0524396 -0.219605 0.147987 0.277055 0.949389 0.353463 
1534166565161 0.293574 0.904334 -0.30983 -0.595048 -0.944393 0.324589 0.052568 -0.219518 0.148106 0.277169 0.949338 0.353446 
1534166565175 0.293479 0.904276 -0.31009 -0.595072 -0.944412 0.324534 0.0525769 -0.219524 0.148179 0.277423 0.949252 0.35345 
1534166565191 0.293315 0.904226 -0.310389 -0.595089 -0.944452 0.324415 0.0525872 -0.21955 0.148245 0.277723 0.949154 0.353462 
1534166565208 0.293157 0.904197 -0.310622 -0.595085 -0.94449 0.324298 0.052622 -0.219577 0.148315 0.277953 0.949076 0.353493 
1534166565225 0.29308 0.904207 -0.310667 -0.595054 -0.944509 0.324236 0.0526596 -0.219609 0.148345 0.277994 0.949059 0.353533 
1534166565245 0.29307 0.904217 -0.310648 -0.595014 -0.944505 0.324239 0.0527141 -0.219638 0.148389 0.27796 0.949062 0.35357 
1534166565262 0.2931 0.904208 -0.310646 -0.594983 -0.944487 0.324284 0.0527623 -0.219662 0.148446 0.277936 0.94906 0.353591 
1534166565278 0.293138 0.904184 -0.310678 -0.594951 -0.944464 0.324343 0.0528122 -0.219694 0.148518 0.277943 0.949047 0.353609 
1534166565295 0.293138 0.904173 -0.31071 -0.594933 -0.944454 0.324364 0.0528654 -0.219703 0.148583 0.277954 0.949034 0.353625 
1534166565396 0.293051 0.904169 -0.310805 -0.594998 -0.944385 0.324465 0.0534674 -0.21967 0.149189 0.277851 0.948969 0.353604 
1534166565409 0.292904 0.904206 -0.310835 -0.595019 -0.944411 0.324364 0.0536322 -0.21968 0.149318 0.277846 0.94895 0.353575 
1534166565426 0.292783 0.904272 -0.310757 -0.595031 -0.94443 0.324279 0.0538155 -0.219701 0.149436 0.277732 0.948965 0.353539 
1534166565443 0.292742 0.904325 -0.310642 -0.595032 -0.944434 0.324248 0.0539227 -0.219722 0.149489 0.277595 0.948996 0.353516 
1534166565470 0.292677 0.904374 -0.310561 -0.595041 -0.94445 0.32419 0.0539965 -0.219751 0.149514 0.277506 0.949019 0.353494 
1534166565484 0.292616 0.904398 -0.310547 -0.595043 -0.944466 0.324136 0.0540392 -0.21975 0.149532 0.277488 0.949021 0.35349 
1534166565500 0.292616 0.904398 -0.310547 -0.595043 -0.944466 0.324136 0.0540392 -0.21975 0.149532 0.277488 0.949021 0.35349 
1534166565517 0.292305 0.904485 -0.310587 -0.595056 -0.94454 0.323883 0.054263 -0.219727 0.149674 0.2775 0.948995 0.353476 
1534166565534 0.292149 0.904531 -0.3106 -0.595062 -0.944574 0.323761 0.0543967 -0.219715 0.149764 0.277493 0.948983 0.35347 
1534166565634 0.292227 0.904537 -0.31051 -0.595074 -0.944511 0.323903 0.0546523 -0.219716 0.15001 0.277309 0.948998 0.353471 
1534166565648 0.292513 0.904445 -0.310507 -0.595074 -0.944452 0.32412 0.0543768 -0.219747 0.149822 0.277353 0.949015 0.353477 
1534166565664 0.292766 0.904369 -0.31049 -0.595081 -0.944414 0.324286 0.0540487 -0.219768 0.149567 0.277407 0.949039 0.353483 
1534166565681 0.292945 0.904321 -0.310464 -0.595096 -0.944401 0.324375 0.0537308 -0.219766 0.149297 0.277462 0.949065 0.353489 
1534166565698 0.292924 0.904335 -0.310442 -0.595113 -0.944449 0.324277 0.0534804 -0.219745 0.149033 0.277531 0.949087 0.353489 
1534166565714 0.292924 0.904335 -0.310442 -0.595113 -0.944449 0.324277 0.0534804 -0.219745 0.149033 0.277531 0.949087 0.353489 
1534166565734 0.292872 0.904403 -0.310291 -0.595142 -0.944521 0.324114 0.053194 -0.21967 0.148679 0.277498 0.949152 0.353502 
1534166565751 0.292844 0.904425 -0.310256 -0.595154 -0.944546 0.324054 0.0531115 -0.219633 0.148575 0.277497 0.949168 0.353493 
1534166565768 0.292835 0.904429 -0.31025 -0.595161 -0.944556 0.324033 0.0530732 -0.219611 0.148532 0.277507 0.949172 0.353477 
1534166565784 0.29285 0.904427 -0.310244 -0.595161 -0.944553 0.324044 0.0530613 -0.21961 0.148523 0.277503 0.949175 0.353474 
1534166565801 0.292883 0.904422 -0.310225 -0.595155 -0.944544 0.324072 0.0530501 -0.219622 0.148515 0.277484 0.949182 0.353478 
