1535391298253 0.306293 0.887233 -0.344967 -0.514343 -0.906755 0.382242 0.178005 -0.211208 0.289792 0.258279 0.921581 0.448328 
1535391323127 0.306293 0.887233 -0.344967 -0.514343 -0.906755 0.382242 0.178005 -0.211208 0.289792 0.258279 0.921581 0.448328 
1535391324303 0.30629 0.887236 -0.344963 -0.514343 -0.906756 0.38224 0.178008 -0.211206 0.289794 0.258275 0.921582 0.44833 
1535391325715 0.335221 0.910719 -0.241285 -0.530593 -0.907392 0.381002 0.177419 -0.211548 0.253508 0.159465 0.954099 0.431294 
1535391327318 0.359155 0.923523 -0.134585 -0.547152 -0.908412 0.378998 0.176488 -0.21178 0.213998 0.0588719 0.975058 0.413645 
