1533745377264 0.304026 0.902974 -0.303655 -0.507271 -0.936969 0.34104 0.0760321 -0.186046 0.172213 0.261399 0.949744 0.350692 
1533745382958 0.304023 0.902975 -0.303655 -0.507271 -0.936969 0.341038 0.0760356 -0.186044 0.172216 0.261399 0.949743 0.350691 
1533745384065 0.291865 0.902331 -0.317198 -0.517779 -0.939042 0.333335 0.0841887 -0.18868 0.181699 0.273291 0.944615 0.355746 
1533745384692 0.280962 0.90088 -0.33087 -0.528372 -0.94055 0.327029 0.0917425 -0.191192 0.190853 0.285423 0.939206 0.360194 
1533745385338 0.268736 0.89953 -0.344421 -0.539104 -0.94222 0.319747 0.0999173 -0.193642 0.200006 0.297669 0.933483 0.364923 
1533745385936 0.256515 0.89788 -0.357788 -0.549787 -0.94367 0.312704 0.108179 -0.196108 0.209013 0.309884 0.927516 0.369502 
1533745386551 0.2444 0.896027 -0.370681 -0.56052 -0.944718 0.306196 0.117273 -0.198575 0.218581 0.321527 0.921327 0.374313 
1533745387166 0.231941 0.893881 -0.38364 -0.571183 -0.945835 0.299348 0.125648 -0.201146 0.227157 0.333717 0.914895 0.37905 
1533745387799 0.219395 0.891574 -0.396183 -0.581885 -0.946734 0.292661 0.134331 -0.2037 0.235713 0.345609 0.908292 0.383973 
1533745388422 0.206616 0.888927 -0.408801 -0.5926 -0.94748 0.286025 0.143078 -0.206265 0.244113 0.357769 0.901338 0.388792 
1533745389037 0.193777 0.885937 -0.421385 -0.602526 -0.948075 0.27953 0.151715 -0.208274 0.2522 0.370106 0.894101 0.393871 
1533745389063 0.193237 0.885892 -0.421729 -0.602757 -0.948143 0.27916 0.151968 -0.208172 0.252357 0.370493 0.893896 0.394002 
1533745389286 0.192764 0.885632 -0.42249 -0.603433 -0.948167 0.278968 0.152169 -0.208571 0.252627 0.371259 0.893502 0.394247 
1533745389542 0.191415 0.885356 -0.42368 -0.604582 -0.948178 0.278337 0.153256 -0.208865 0.253611 0.372389 0.892753 0.394628 
1533745389777 0.190152 0.88498 -0.425032 -0.605782 -0.948229 0.277725 0.154043 -0.209237 0.254368 0.373736 0.891974 0.395086 
1533745390004 0.188802 0.884637 -0.426346 -0.606961 -0.948261 0.277084 0.155005 -0.209542 0.255256 0.375022 0.891181 0.39553 
1533745390219 0.187249 0.884439 -0.42744 -0.608199 -0.948407 0.276109 0.155844 -0.209731 0.255855 0.376206 0.89051 0.396027 
1533745390448 0.185814 0.884127 -0.42871 -0.609385 -0.948463 0.275371 0.15681 -0.21006 0.256694 0.377478 0.889729 0.39652 
1533745390669 0.184641 0.883792 -0.429907 -0.61058 -0.948445 0.274888 0.15776 -0.210397 0.257603 0.378614 0.888984 0.397024 
1533745390885 0.183188 0.883468 -0.431191 -0.611759 -0.948525 0.274106 0.158642 -0.210753 0.258347 0.379934 0.888204 0.397511 
1533745391113 0.181869 0.883123 -0.432455 -0.612961 -0.948545 0.273487 0.159582 -0.211046 0.259201 0.38118 0.887421 0.398019 
1533745391132 0.181651 0.883127 -0.432539 -0.613072 -0.94858 0.273317 0.159668 -0.211049 0.259227 0.381294 0.887365 0.398059 
1533745391148 0.181351 0.883171 -0.432575 -0.613183 -0.948619 0.273079 0.15984 -0.21099 0.259293 0.381362 0.887316 0.398124 
1533745391263 0.181561 0.883068 -0.432698 -0.613253 -0.94857 0.273304 0.159747 -0.211053 0.259326 0.38144 0.887273 0.39815 
1533745391277 0.181858 0.882982 -0.432747 -0.613236 -0.948515 0.273578 0.159608 -0.211101 0.259321 0.381441 0.887274 0.398097 
1533745391294 0.182206 0.88288 -0.432808 -0.613207 -0.948458 0.273888 0.159414 -0.211166 0.259285 0.381454 0.887279 0.398023 
1533745391310 0.182481 0.882807 -0.432843 -0.613183 -0.948424 0.274115 0.159229 -0.211214 0.259217 0.381462 0.887296 0.397954 
1533745391418 0.182792 0.882777 -0.432772 -0.613362 -0.948487 0.274201 0.158703 -0.211122 0.258766 0.381469 0.887424 0.397847 
1533745391432 0.182894 0.88273 -0.432825 -0.613421 -0.948474 0.274292 0.158622 -0.21113 0.258741 0.381512 0.887413 0.39783 
1533745391461 0.18306 0.882652 -0.432914 -0.613507 -0.948457 0.274436 0.158476 -0.211165 0.258687 0.381589 0.887395 0.397803 
1533745391514 0.183353 0.88253 -0.43304 -0.613618 -0.948443 0.274659 0.158174 -0.211208 0.258531 0.381712 0.887388 0.397739 
1533745391538 0.1835 0.882469 -0.4331 -0.613658 -0.948425 0.274786 0.158058 -0.211216 0.258491 0.381759 0.887379 0.3977 
1533745391555 0.183654 0.882404 -0.433168 -0.613699 -0.948406 0.274922 0.157939 -0.211235 0.258453 0.381812 0.887368 0.39766 
1533745391692 0.183732 0.882598 -0.43274 -0.613844 -0.948424 0.274867 0.157926 -0.21125 0.258331 0.381404 0.887579 0.397572 
1533745391745 0.183586 0.883022 -0.431936 -0.613722 -0.948401 0.274665 0.158409 -0.211261 0.258517 0.380567 0.887884 0.397677 
1533745391848 0.183812 0.883242 -0.431389 -0.61372 -0.94831 0.274842 0.158653 -0.211476 0.258693 0.379928 0.888106 0.397667 
1533745391902 0.184087 0.883481 -0.430782 -0.613743 -0.948236 0.27501 0.158801 -0.211579 0.258767 0.37925 0.888374 0.39761 
1533745392001 0.184149 0.88372 -0.430265 -0.613849 -0.94822 0.27498 0.158952 -0.211561 0.258783 0.378715 0.888598 0.397519 
1533745392057 0.184281 0.883991 -0.429652 -0.613883 -0.948163 0.275033 0.159196 -0.211559 0.258897 0.378044 0.888851 0.397459 
1533745392155 0.184439 0.884138 -0.429281 -0.613975 -0.948113 0.275137 0.159313 -0.21172 0.258965 0.377623 0.889009 0.397308 
1533745392204 0.184431 0.884442 -0.428659 -0.613988 -0.948108 0.275028 0.159536 -0.211741 0.258993 0.376991 0.88927 0.397283 
1533745392225 0.184455 0.884464 -0.428602 -0.614016 -0.948072 0.275085 0.159651 -0.211722 0.259107 0.376897 0.889276 0.397261 
1533745392244 0.184469 0.884472 -0.42858 -0.614044 -0.94804 0.275136 0.159749 -0.21171 0.259211 0.376842 0.889269 0.397239 
1533745392261 0.184511 0.884481 -0.428544 -0.614059 -0.948009 0.2752 0.159822 -0.211722 0.259295 0.376774 0.889273 0.397219 
1533745392281 0.184621 0.884522 -0.428411 -0.614061 -0.947983 0.275283 0.159838 -0.211767 0.259314 0.376616 0.889335 0.397212 
1533745392298 0.18472 0.884584 -0.42824 -0.614052 -0.947974 0.275325 0.159814 -0.211803 0.259274 0.37644 0.889421 0.397214 
1533745392321 0.184822 0.884657 -0.428044 -0.61404 -0.947978 0.275348 0.159752 -0.211843 0.259187 0.376251 0.889526 0.397217 
1533745392400 0.184772 0.884796 -0.42778 -0.614008 -0.947988 0.275255 0.159855 -0.211814 0.259188 0.375994 0.889635 0.397225 
1533745392417 0.184838 0.884907 -0.427522 -0.61398 -0.947962 0.275287 0.159954 -0.211804 0.259236 0.375709 0.889741 0.39723 
1533745392437 0.184918 0.88501 -0.427274 -0.613966 -0.947928 0.275341 0.160063 -0.211818 0.259304 0.375427 0.889841 0.397226 
1533745392454 0.18498 0.885073 -0.427116 -0.613964 -0.947903 0.275387 0.160131 -0.211844 0.25935 0.375244 0.889904 0.397218 
1533745392470 0.185035 0.885117 -0.427002 -0.613966 -0.947902 0.275402 0.160111 -0.21188 0.259314 0.37513 0.889963 0.397207 
1533745392489 0.185081 0.885108 -0.426999 -0.613984 -0.9479 0.275433 0.160072 -0.211925 0.25929 0.375126 0.889971 0.397189 
1533745392504 0.185107 0.885096 -0.427012 -0.613994 -0.947895 0.275459 0.160055 -0.211948 0.259288 0.375135 0.889968 0.39718 
1533745392524 0.185134 0.885082 -0.427031 -0.614004 -0.947889 0.275488 0.160041 -0.211969 0.259291 0.375149 0.889962 0.397171 
1533745392541 0.185116 0.885088 -0.427027 -0.614001 -0.947892 0.275471 0.16005 -0.211963 0.259292 0.375148 0.889962 0.397171 
1533745392557 0.185007 0.885127 -0.426993 -0.613981 -0.947913 0.275368 0.160107 -0.211918 0.259295 0.375131 0.889968 0.397183 
1533745392603 0.184553 0.885265 -0.426902 -0.613893 -0.947941 0.275027 0.160521 -0.211769 0.259513 0.375054 0.889937 0.397301 
1533745392621 0.184457 0.885275 -0.426924 -0.613858 -0.94792 0.275002 0.160689 -0.211775 0.259658 0.37505 0.889896 0.397338 
1533745392637 0.184346 0.885294 -0.426933 -0.613818 -0.947887 0.274983 0.160918 -0.211814 0.259859 0.37502 0.88985 0.397355 
1533745392655 0.184306 0.885311 -0.426914 -0.613775 -0.947838 0.275026 0.161136 -0.211889 0.260068 0.374947 0.88982 0.397364 
1533745392670 0.1843 0.885314 -0.42691 -0.613734 -0.947788 0.275093 0.161313 -0.211985 0.260253 0.37489 0.88979 0.397371 
1533745392805 0.183798 0.885232 -0.427297 -0.613765 -0.948095 0.274408 0.160676 -0.212116 0.25949 0.375586 0.889719 0.397381 
1533745392834 0.183384 0.885104 -0.42774 -0.613763 -0.948203 0.274073 0.160607 -0.212212 0.259386 0.376132 0.889519 0.397357 
1533745392878 0.183122 0.885046 -0.427971 -0.613686 -0.948319 0.273784 0.160415 -0.212386 0.259146 0.376478 0.889442 0.397372 
1533745392932 0.182821 0.885081 -0.428028 -0.613608 -0.948395 0.273497 0.160456 -0.212504 0.259081 0.376605 0.889408 0.397461 
1533745392965 0.18259 0.885092 -0.428103 -0.61355 -0.948452 0.273284 0.160484 -0.212626 0.259037 0.376733 0.889366 0.397537 
1533745392988 0.182451 0.885084 -0.42818 -0.613519 -0.948483 0.273166 0.1605 -0.212703 0.259021 0.376838 0.889326 0.397584 
1533745393005 0.182377 0.885067 -0.428247 -0.613496 -0.948495 0.273114 0.160515 -0.212762 0.259027 0.376916 0.889291 0.397621 
1533745393092 0.18219 0.884972 -0.428522 -0.613386 -0.948546 0.272973 0.160455 -0.213044 0.258973 0.377239 0.88917 0.397661 
1533745393191 0.181187 0.885143 -0.428594 -0.6134 -0.948662 0.272193 0.161095 -0.212907 0.259252 0.377402 0.88902 0.397544 
1533745393293 0.180798 0.885146 -0.428751 -0.613277 -0.948696 0.271929 0.16134 -0.213248 0.259399 0.377585 0.888899 0.397628 
1533745393470 0.179587 0.885006 -0.42955 -0.613152 -0.948871 0.271063 0.161768 -0.213676 0.2596 0.378536 0.888436 0.397518 
1533745393648 0.178287 0.885073 -0.429953 -0.612973 -0.948998 0.270137 0.162569 -0.214016 0.260031 0.379041 0.888094 0.397592 
1533745393759 0.177755 0.884999 -0.430325 -0.612886 -0.949065 0.269774 0.162781 -0.214274 0.260152 0.379471 0.887875 0.3976 
1533745393779 0.177635 0.885001 -0.430371 -0.612871 -0.949087 0.269674 0.162815 -0.214313 0.260151 0.379538 0.887847 0.397606 
1533745393793 0.17751 0.885008 -0.430409 -0.612855 -0.949115 0.269563 0.162841 -0.214356 0.260138 0.379602 0.887824 0.397613 
1533745393809 0.177417 0.885009 -0.430444 -0.612837 -0.949133 0.269484 0.162862 -0.214401 0.260132 0.379654 0.887803 0.397619 
1533745393826 0.177349 0.885 -0.430491 -0.612818 -0.949143 0.269435 0.162886 -0.214453 0.260143 0.379709 0.887776 0.397624 
1533745393846 0.177305 0.884986 -0.430537 -0.612801 -0.949148 0.26941 0.1629 -0.214503 0.260156 0.37976 0.887751 0.397626 
1533745393953 0.177524 0.884908 -0.430607 -0.612687 -0.94905 0.269702 0.162984 -0.214527 0.260362 0.379734 0.887701 0.397619 
1533745393975 0.177622 0.884865 -0.430656 -0.612601 -0.94903 0.269802 0.162937 -0.214644 0.260369 0.379765 0.887686 0.397616 
1533745393995 0.177701 0.88483 -0.430696 -0.612527 -0.949017 0.269878 0.162886 -0.214757 0.260362 0.379793 0.887676 0.397617 
1533745394020 0.177557 0.884838 -0.430737 -0.612441 -0.949072 0.269716 0.162837 -0.214879 0.260261 0.379887 0.887665 0.397618 
1533745394041 0.177477 0.884842 -0.430763 -0.612398 -0.949098 0.269632 0.162823 -0.214934 0.26022 0.379939 0.887655 0.397617 
1533745394057 0.177358 0.884854 -0.430788 -0.612359 -0.94913 0.269515 0.16283 -0.214965 0.260184 0.379995 0.887642 0.397616 
1533745394074 0.177216 0.88487 -0.430813 -0.612325 -0.949167 0.269376 0.162843 -0.214988 0.260145 0.380056 0.887627 0.397614 
1533745394091 0.17714 0.884868 -0.430849 -0.612282 -0.949182 0.269313 0.162861 -0.215016 0.260144 0.380105 0.887607 0.397611 
1533745394176 0.177167 0.88476 -0.43106 -0.612106 -0.949138 0.269434 0.162921 -0.215186 0.260288 0.380271 0.887493 0.397572 
1533745394228 0.177398 0.884644 -0.431202 -0.611945 -0.948949 0.269881 0.163281 -0.215214 0.260819 0.380223 0.887358 0.397538 
1533745394271 0.17752 0.884609 -0.431224 -0.611783 -0.948826 0.270141 0.163564 -0.215211 0.261181 0.380121 0.887295 0.397529 
1533745394378 0.177361 0.884525 -0.431462 -0.611438 -0.94876 0.270181 0.163882 -0.215335 0.26153 0.380287 0.887121 0.397477 
1533745394411 0.177444 0.88445 -0.43158 -0.611301 -0.948709 0.270329 0.163932 -0.215476 0.261658 0.380355 0.887054 0.397451 
1533745394431 0.177486 0.884421 -0.431623 -0.611232 -0.948678 0.270408 0.163979 -0.215537 0.261741 0.380368 0.887024 0.397449 
1533745394448 0.177532 0.884391 -0.431666 -0.611165 -0.948646 0.270492 0.164027 -0.215599 0.261826 0.380378 0.886995 0.397448 
1533745394464 0.177529 0.884376 -0.431698 -0.611121 -0.948627 0.270522 0.164084 -0.215624 0.261896 0.380391 0.886969 0.397446 
1533745394500 0.177386 0.884385 -0.431737 -0.61105 -0.948621 0.270449 0.164242 -0.215595 0.262016 0.38042 0.88692 0.397435 
1533745394604 0.176807 0.88452 -0.431698 -0.610803 -0.948648 0.270039 0.164762 -0.215609 0.262311 0.380398 0.886843 0.397455 
1533745394635 0.176653 0.884525 -0.431752 -0.610653 -0.948625 0.269985 0.164982 -0.21569 0.262498 0.380426 0.886776 0.397497 
1533745394697 0.176425 0.884509 -0.431876 -0.610464 -0.948516 0.270023 0.165546 -0.215729 0.263044 0.380435 0.88661 0.39753 
1533745394755 0.176078 0.88455 -0.431934 -0.610264 -0.948476 0.269872 0.166021 -0.215739 0.263421 0.380447 0.886493 0.397531 
1533745394814 0.175675 0.884642 -0.431912 -0.61004 -0.948447 0.269655 0.166538 -0.215719 0.263794 0.380388 0.886407 0.397555 
1533745394878 0.17541 0.884666 -0.431969 -0.609846 -0.948401 0.269564 0.166945 -0.215794 0.264134 0.380396 0.886302 0.397554 
1533745394902 0.175329 0.884669 -0.431995 -0.609779 -0.948388 0.269537 0.167064 -0.21583 0.264235 0.380408 0.886267 0.39755 
1533745394919 0.175259 0.884671 -0.43202 -0.60971 -0.948378 0.269512 0.167162 -0.215876 0.264318 0.380421 0.886237 0.397549 
1533745394944 0.175198 0.884673 -0.432041 -0.609641 -0.94837 0.269488 0.167245 -0.215924 0.264387 0.380433 0.886211 0.39755 
1533745395059 0.174888 0.884664 -0.432186 -0.609584 -0.948401 0.269275 0.167412 -0.215775 0.26448 0.380607 0.886109 0.397633 
1533745395114 0.174557 0.884625 -0.432399 -0.609475 -0.948551 0.268889 0.167183 -0.215667 0.264161 0.38097 0.886048 0.397623 
1533745395179 0.17443 0.884592 -0.432517 -0.609266 -0.948604 0.268755 0.167098 -0.21574 0.264055 0.38114 0.886006 0.397654 
1533745395239 0.174305 0.884607 -0.432536 -0.609063 -0.948642 0.268623 0.167091 -0.215785 0.263999 0.381198 0.885998 0.397715 
1533745395292 0.174055 0.884662 -0.432526 -0.608881 -0.948696 0.268386 0.16717 -0.21575 0.263972 0.381239 0.885989 0.397783 
1533745395367 0.174141 0.884497 -0.432827 -0.608641 -0.948693 0.268501 0.166999 -0.215993 0.263925 0.381539 0.885874 0.397837 
1533745395423 0.173748 0.884521 -0.432936 -0.608495 -0.94877 0.268161 0.167108 -0.215907 0.263907 0.381723 0.8858 0.397898 
1533745395446 0.173565 0.884549 -0.432952 -0.60844 -0.948807 0.267995 0.167167 -0.21585 0.263896 0.381773 0.885781 0.397925 
1533745395463 0.173457 0.884565 -0.432964 -0.608402 -0.948829 0.267897 0.167199 -0.215822 0.263888 0.381807 0.885769 0.397942 
1533745395479 0.173403 0.884567 -0.432981 -0.608378 -0.94884 0.26785 0.167212 -0.215813 0.263884 0.381834 0.885758 0.397952 
1533745395496 0.173346 0.884566 -0.433005 -0.608344 -0.948851 0.267801 0.167223 -0.215809 0.263879 0.38187 0.885744 0.397964 
1533745395627 0.17294 0.884486 -0.433331 -0.608071 -0.9489 0.267535 0.167374 -0.215999 0.263971 0.382242 0.885556 0.397872 
1533745395654 0.172925 0.884434 -0.433443 -0.607926 -0.948878 0.267579 0.167429 -0.216124 0.26406 0.382332 0.885491 0.397848 
1533745395694 0.172807 0.884432 -0.433495 -0.607772 -0.948836 0.267574 0.167674 -0.216169 0.264289 0.38234 0.885419 0.397836 
1533745395765 0.172186 0.884517 -0.433568 -0.607658 -0.948881 0.267127 0.168128 -0.216036 0.26453 0.382455 0.885298 0.397835 
1533745395805 0.171994 0.884506 -0.433666 -0.607516 -0.948893 0.267008 0.168253 -0.216101 0.264613 0.382564 0.885226 0.397816 
1533745395822 0.171937 0.884504 -0.433695 -0.607465 -0.9489 0.266966 0.16828 -0.216134 0.264626 0.382599 0.885207 0.397811 
1533745395844 0.171883 0.884489 -0.433746 -0.607384 -0.948902 0.266939 0.168312 -0.216195 0.264654 0.382653 0.885175 0.397802 
1533745395859 0.171871 0.884469 -0.433792 -0.607313 -0.948898 0.266946 0.168324 -0.216261 0.264676 0.382695 0.885151 0.397796 
1533745395967 0.171342 0.8847 -0.433529 -0.607164 -0.948972 0.266452 0.168689 -0.216165 0.264754 0.382503 0.88521 0.397818 
1533745395991 0.171332 0.884935 -0.433054 -0.60711 -0.948974 0.266352 0.168834 -0.216142 0.264752 0.382031 0.885415 0.397823 
1533745396005 0.171306 0.885042 -0.432846 -0.607086 -0.948981 0.266285 0.1689 -0.216125 0.264744 0.381829 0.885504 0.397821 
1533745396066 0.171147 0.885184 -0.432619 -0.607056 -0.948973 0.266151 0.169154 -0.216062 0.264874 0.381593 0.885566 0.397745 
1533745396105 0.170981 0.885281 -0.432484 -0.606968 -0.948993 0.265992 0.169295 -0.216089 0.264911 0.381478 0.885605 0.397676 
1533745396129 0.170818 0.885441 -0.432222 -0.606852 -0.949024 0.265793 0.169434 -0.216115 0.264905 0.381246 0.885707 0.39765 
1533745396145 0.170703 0.885587 -0.431968 -0.606757 -0.949045 0.26564 0.169555 -0.216126 0.264903 0.381013 0.885808 0.397636 
1533745396166 0.17052 0.885731 -0.431745 -0.606651 -0.949056 0.265464 0.169769 -0.216127 0.264983 0.380801 0.885875 0.397615 
1533745396183 0.170463 0.885755 -0.431717 -0.606599 -0.949045 0.265438 0.16987 -0.216131 0.265058 0.380763 0.885869 0.397598 
1533745396200 0.170449 0.885753 -0.431729 -0.606572 -0.949043 0.265435 0.169889 -0.216139 0.265076 0.380771 0.88586 0.397587 
1533745396311 0.170309 0.885427 -0.432452 -0.606601 -0.949051 0.265472 0.169785 -0.216058 0.265136 0.381503 0.885527 0.397555 
1533745396331 0.170095 0.885507 -0.432371 -0.606506 -0.949087 0.265267 0.169902 -0.215983 0.265143 0.381459 0.885544 0.397597 
1533745396353 0.169963 0.885576 -0.432282 -0.606404 -0.949109 0.265134 0.169989 -0.215946 0.265151 0.381391 0.885571 0.397637 
1533745396383 0.169812 0.885599 -0.432294 -0.6063 -0.949135 0.265002 0.170048 -0.215971 0.265153 0.381429 0.885554 0.397633 
1533745396404 0.169834 0.885553 -0.432379 -0.606259 -0.949124 0.265048 0.170037 -0.216037 0.265178 0.381503 0.885515 0.3976 
1533745396421 0.169875 0.885507 -0.432458 -0.606209 -0.949118 0.265099 0.169994 -0.216117 0.265175 0.381576 0.885484 0.397563 
1533745396440 0.169886 0.885484 -0.4325 -0.606154 -0.949104 0.265134 0.170017 -0.21617 0.265218 0.381604 0.885459 0.397532 
1533745396468 0.169779 0.885511 -0.432488 -0.606065 -0.949098 0.265071 0.170146 -0.216162 0.265306 0.381586 0.88544 0.397509 
1533745396502 0.16951 0.8856 -0.43241 -0.605989 -0.949138 0.264826 0.170304 -0.216047 0.265335 0.381549 0.885448 0.397515 
1533745396546 0.169232 0.885704 -0.432308 -0.605913 -0.949228 0.264498 0.170313 -0.215928 0.265191 0.381536 0.885496 0.397549 
1533745396587 0.168979 0.885745 -0.432322 -0.605842 -0.94944 0.264034 0.169855 -0.215884 0.264596 0.381762 0.885577 0.397547 
1533745396629 0.16898 0.885676 -0.432463 -0.605754 -0.949536 0.263922 0.169488 -0.215865 0.264248 0.382 0.885579 0.397468 
1533745396668 0.169008 0.885621 -0.432564 -0.605638 -0.949599 0.26387 0.16922 -0.215923 0.264005 0.382163 0.88558 0.3974 
1533745396688 0.169025 0.885606 -0.432587 -0.605585 -0.949611 0.263867 0.169156 -0.215962 0.263951 0.382198 0.885581 0.397388 
1533745396705 0.169037 0.885595 -0.432605 -0.605534 -0.949618 0.263868 0.169115 -0.215998 0.263918 0.382223 0.88558 0.397389 
1533745396721 0.169034 0.885588 -0.43262 -0.605484 -0.949627 0.263856 0.169082 -0.216025 0.263886 0.382247 0.885579 0.397393 
1533745396738 0.168995 0.885598 -0.432617 -0.605432 -0.949645 0.263804 0.16906 -0.216032 0.263845 0.382262 0.885585 0.3974 
1533745396754 0.168908 0.885623 -0.432599 -0.605385 -0.949674 0.263703 0.169058 -0.21601 0.263799 0.382273 0.885594 0.397406 
1533745396771 0.168807 0.885655 -0.432572 -0.60536 -0.949701 0.263595 0.169076 -0.215968 0.263767 0.382273 0.885604 0.397411 
1533745396894 0.168608 0.885634 -0.432693 -0.60536 -0.949866 0.263249 0.168682 -0.215898 0.263297 0.382559 0.88562 0.397341 
1533745396917 0.168452 0.885713 -0.432593 -0.605263 -0.94994 0.263023 0.16862 -0.21584 0.263131 0.382533 0.885681 0.397384 
1533745396936 0.168376 0.885761 -0.432524 -0.605181 -0.949987 0.262894 0.16856 -0.215825 0.263012 0.382511 0.885726 0.397419 
1533745396969 0.16833 0.885798 -0.432466 -0.605071 -0.950041 0.262774 0.168439 -0.215844 0.262844 0.382507 0.885777 0.397444 
1533745396990 0.168373 0.885783 -0.432479 -0.605022 -0.950058 0.26278 0.168335 -0.215889 0.262755 0.382537 0.885791 0.39744 
1533745397007 0.168406 0.885773 -0.432488 -0.604988 -0.95007 0.262784 0.168257 -0.215924 0.262689 0.382559 0.885801 0.397438 
1533745397023 0.168426 0.885764 -0.432499 -0.604944 -0.950095 0.262764 0.168152 -0.215961 0.262588 0.382594 0.885816 0.397431 
1533745397040 0.168397 0.885761 -0.432515 -0.604909 -0.950141 0.262681 0.168022 -0.215977 0.262441 0.382656 0.885833 0.397416 
1533745397059 0.168305 0.885781 -0.432511 -0.60487 -0.950196 0.26254 0.167927 -0.215959 0.262298 0.382708 0.885852 0.397404 
1533745397088 0.168081 0.885837 -0.432483 -0.604802 -0.950288 0.262258 0.16785 -0.215879 0.26211 0.382771 0.885881 0.397383 
1533745397189 0.168169 0.88569 -0.432751 -0.604747 -0.950242 0.262432 0.167838 -0.215875 0.26222 0.382993 0.885752 0.397413 
1533745397211 0.1681 0.885695 -0.432767 -0.604663 -0.950248 0.262382 0.167881 -0.215853 0.262242 0.383015 0.885736 0.397447 
1533745397233 0.1681 0.885693 -0.43277 -0.604574 -0.950247 0.262384 0.167884 -0.215857 0.262245 0.383017 0.885734 0.397483 
1533745397254 0.168168 0.885666 -0.432798 -0.604502 -0.950234 0.262452 0.167852 -0.215893 0.262249 0.383032 0.885726 0.397504 
1533745397270 0.168208 0.885641 -0.432835 -0.604458 -0.950231 0.262489 0.167812 -0.215915 0.262236 0.383066 0.885716 0.397506 
1533745397287 0.168203 0.885622 -0.432875 -0.604422 -0.950245 0.262472 0.167755 -0.215914 0.262185 0.38312 0.885707 0.397495 
1533745397304 0.168159 0.885613 -0.432912 -0.604394 -0.950269 0.262417 0.16771 -0.215893 0.26213 0.383181 0.885698 0.397479 
1533745397320 0.168073 0.885612 -0.432946 -0.60437 -0.950299 0.262324 0.167682 -0.215854 0.262073 0.383245 0.885687 0.397461 
1533745397337 0.168011 0.885618 -0.432959 -0.604354 -0.950318 0.262259 0.167678 -0.215823 0.262045 0.383277 0.885681 0.397454 
1533745397354 0.167968 0.885612 -0.432987 -0.604343 -0.950334 0.262214 0.167659 -0.215807 0.262016 0.38332 0.885671 0.397442 
1533745397370 0.167964 0.885609 -0.432995 -0.604339 -0.950343 0.262199 0.16763 -0.215816 0.261986 0.383338 0.885672 0.397433 
1533745397389 0.167967 0.885603 -0.433005 -0.604332 -0.95035 0.262194 0.167601 -0.215841 0.261959 0.383355 0.885673 0.397431 
1533745397466 0.168156 0.885569 -0.433003 -0.604222 -0.950293 0.262397 0.167603 -0.215992 0.262043 0.383296 0.885674 0.397476 
1533745397483 0.168096 0.885571 -0.433022 -0.604159 -0.950292 0.262363 0.167661 -0.21599 0.262084 0.383314 0.885653 0.397486 
1533745397500 0.167991 0.885551 -0.433104 -0.604092 -0.950288 0.262318 0.167758 -0.215976 0.262169 0.383392 0.885595 0.397493 
1533745397517 0.167932 0.885535 -0.433159 -0.604029 -0.950282 0.2623 0.16782 -0.21598 0.262228 0.38344 0.885556 0.397503 
1533745397533 0.167903 0.88552 -0.433201 -0.60398 -0.950275 0.262299 0.167859 -0.215991 0.262271 0.383476 0.885528 0.39751 
1533745397623 0.167831 0.885547 -0.433173 -0.60401 -0.950316 0.262187 0.167801 -0.216097 0.262168 0.383489 0.885553 0.397466 
1533745397637 0.167644 0.885638 -0.433059 -0.604011 -0.950354 0.261991 0.167894 -0.216094 0.262151 0.383413 0.885591 0.397442 
1533745397659 0.167475 0.885735 -0.432928 -0.60401 -0.950366 0.261839 0.168059 -0.216089 0.262213 0.383294 0.885624 0.397435 
1533745397705 0.167216 0.885825 -0.432843 -0.604003 -0.950359 0.261667 0.168367 -0.216065 0.262404 0.383202 0.885607 0.39745 
1533745397743 0.167026 0.885857 -0.432852 -0.603955 -0.950331 0.261588 0.168648 -0.216094 0.262627 0.383184 0.885549 0.397444 
1533745397772 0.166864 0.885886 -0.432854 -0.60388 -0.950321 0.261499 0.168842 -0.216163 0.262766 0.383177 0.885511 0.397451 
1533745397792 0.166781 0.885906 -0.432844 -0.603828 -0.950311 0.261459 0.168962 -0.21621 0.262855 0.383157 0.885493 0.397458 
1533745397809 0.166728 0.885921 -0.432835 -0.60377 -0.950281 0.261467 0.169119 -0.216265 0.262998 0.383118 0.885468 0.397462 
1533745397825 0.166688 0.885928 -0.432835 -0.603728 -0.950258 0.261474 0.169235 -0.216307 0.263105 0.383096 0.885445 0.397462 
1533745397842 0.166606 0.88594 -0.432842 -0.603693 -0.950246 0.261441 0.169355 -0.216338 0.263201 0.383091 0.885419 0.397458 
1533745397862 0.166526 0.885952 -0.432848 -0.603676 -0.950237 0.261403 0.169462 -0.216344 0.263283 0.383088 0.885396 0.397453 
1533745397879 0.166428 0.885973 -0.432844 -0.603671 -0.95024 0.261336 0.169553 -0.216319 0.263337 0.383087 0.88538 0.397446 
1533745397896 0.166364 0.885989 -0.432836 -0.603673 -0.950247 0.261282 0.169593 -0.216287 0.26335 0.383087 0.885376 0.397436 
1533745397912 0.166324 0.885998 -0.432833 -0.603678 -0.950253 0.261247 0.169615 -0.216255 0.263355 0.38309 0.885374 0.397421 
1533745397929 0.166338 0.886 -0.432823 -0.603681 -0.950257 0.261249 0.169591 -0.216223 0.263333 0.383084 0.885383 0.397397 
1533745397947 0.166341 0.886003 -0.432816 -0.60368 -0.95027 0.26123 0.169544 -0.216204 0.263281 0.38309 0.885395 0.39737 
1533745397966 0.166491 0.885981 -0.432803 -0.603668 -0.950243 0.261363 0.169492 -0.216182 0.263285 0.383049 0.885412 0.397332 
1533745397982 0.16658 0.885978 -0.432775 -0.60365 -0.950226 0.26144 0.169466 -0.216168 0.263288 0.383004 0.88543 0.397309 
1533745398001 0.166596 0.886005 -0.432713 -0.6036 -0.950226 0.261439 0.16947 -0.216156 0.263279 0.382942 0.88546 0.397301 
1533745398016 0.166553 0.886034 -0.432671 -0.603526 -0.950229 0.261399 0.169516 -0.21615 0.263296 0.382903 0.885472 0.397278 
1533745398033 0.166483 0.886047 -0.432671 -0.60345 -0.950226 0.261358 0.169594 -0.21615 0.26335 0.382901 0.885457 0.397238 
1533745398049 0.166449 0.886053 -0.432672 -0.603394 -0.950208 0.261362 0.169688 -0.216147 0.263437 0.382884 0.885438 0.397203 
1533745398066 0.166442 0.886036 -0.432709 -0.603355 -0.950189 0.261393 0.169751 -0.216179 0.263512 0.382902 0.885408 0.397162 
1533745398082 0.166419 0.886021 -0.432749 -0.603345 -0.950188 0.261386 0.169761 -0.216225 0.263527 0.382942 0.885386 0.397145 
1533745398099 0.166409 0.88602 -0.432755 -0.603358 -0.950202 0.261361 0.169726 -0.216255 0.263486 0.382961 0.88539 0.397156 
1533745398116 0.166435 0.886027 -0.432731 -0.603381 -0.950212 0.261359 0.169672 -0.21628 0.263432 0.382947 0.885412 0.397193 
1533745398139 0.166436 0.886051 -0.432681 -0.603415 -0.950228 0.261327 0.169632 -0.216274 0.263373 0.382913 0.885445 0.397251 
1533745398156 0.166395 0.886081 -0.432635 -0.60342 -0.950259 0.261246 0.169582 -0.216251 0.263288 0.382898 0.885476 0.397296 
1533745398173 0.166312 0.886127 -0.432572 -0.603402 -0.950291 0.261134 0.169575 -0.216208 0.263225 0.382867 0.885509 0.397336 
1533745398189 0.16619 0.886194 -0.432482 -0.603354 -0.950328 0.260985 0.169598 -0.216154 0.263168 0.382814 0.885548 0.397379 
1533745398206 0.166131 0.88625 -0.43239 -0.603291 -0.95034 0.260911 0.169642 -0.216109 0.263161 0.382735 0.885585 0.397417 
1533745398228 0.166134 0.8863 -0.432287 -0.603204 -0.950334 0.260902 0.169691 -0.216091 0.263182 0.382626 0.885626 0.397455 
1533745398262 0.166321 0.886265 -0.432286 -0.603139 -0.950246 0.261151 0.169803 -0.216176 0.263382 0.382536 0.885605 0.397415 
1533745398294 0.166412 0.886185 -0.432415 -0.603116 -0.950133 0.261398 0.170052 -0.216253 0.26373 0.382554 0.885494 0.397278 
1533745398309 0.166266 0.886174 -0.432493 -0.603103 -0.950129 0.261325 0.170187 -0.216275 0.263837 0.382628 0.88543 0.397198 
1533745398329 0.166148 0.886157 -0.432575 -0.603072 -0.950124 0.261271 0.170297 -0.216329 0.26393 0.382706 0.885369 0.397117 
1533745398348 0.16608 0.886162 -0.432591 -0.60303 -0.950123 0.261233 0.170363 -0.216374 0.263977 0.382721 0.885348 0.397066 
1533745398364 0.166004 0.886169 -0.432605 -0.602966 -0.950122 0.261187 0.170438 -0.216426 0.264028 0.382734 0.885327 0.397013 
1533745398381 0.165908 0.886203 -0.432573 -0.602902 -0.950135 0.2611 0.170498 -0.216449 0.264041 0.382716 0.885331 0.396995 
1533745398452 0.165844 0.886249 -0.432502 -0.602761 -0.950134 0.261048 0.170587 -0.216461 0.264087 0.382643 0.885349 0.39704 
1533745398472 0.165753 0.886232 -0.432573 -0.602754 -0.95013 0.261009 0.170669 -0.216422 0.264158 0.382711 0.885298 0.397057 
1533745398482 0.165707 0.88618 -0.432696 -0.60276 -0.950109 0.261032 0.170746 -0.216397 0.26426 0.382815 0.885223 0.397072 
1533745398505 0.165619 0.886074 -0.432947 -0.60277 -0.950049 0.261111 0.170961 -0.216348 0.264531 0.383007 0.885059 0.397131 
1533745398561 0.165528 0.886029 -0.433075 -0.602683 -0.949944 0.261228 0.171364 -0.216328 0.264965 0.383032 0.884918 0.397297 
1533745398579 0.165538 0.886007 -0.433114 -0.602632 -0.949911 0.26129 0.171454 -0.216363 0.265078 0.383038 0.884882 0.397313 
1533745398597 0.165545 0.885958 -0.433213 -0.602553 -0.949862 0.261385 0.171581 -0.216425 0.265249 0.383089 0.884809 0.39732 
1533745398612 0.16546 0.885944 -0.433275 -0.602503 -0.949859 0.261347 0.171658 -0.216463 0.265314 0.383147 0.884764 0.397323 
1533745398629 0.165296 0.885955 -0.433314 -0.60244 -0.949855 0.261254 0.17182 -0.216492 0.26543 0.383184 0.884713 0.397331 
1533745398645 0.165183 0.885975 -0.433317 -0.602402 -0.949846 0.261195 0.17196 -0.216493 0.265533 0.383179 0.884684 0.397327 
1533745398662 0.165168 0.885978 -0.433315 -0.602396 -0.949827 0.261211 0.172038 -0.216477 0.265609 0.383159 0.88467 0.397315 
1533745398678 0.165165 0.885978 -0.433317 -0.602414 -0.949816 0.261226 0.172076 -0.21645 0.265649 0.38315 0.884662 0.3973 
1533745398695 0.165138 0.885985 -0.433314 -0.60246 -0.949844 0.261167 0.17201 -0.216408 0.265565 0.383175 0.884676 0.39728 
1533745398712 0.165122 0.885989 -0.433311 -0.602479 -0.94986 0.261134 0.171975 -0.216392 0.26552 0.383188 0.884684 0.397273 
1533745398729 0.165178 0.886022 -0.433223 -0.602558 -0.949901 0.261094 0.171809 -0.216313 0.265338 0.383139 0.88476 0.397276 
1533745398752 0.165244 0.886032 -0.433176 -0.602601 -0.949918 0.261102 0.171701 -0.216266 0.265236 0.383109 0.884804 0.397283 
1533745398768 0.165265 0.886094 -0.433042 -0.602616 -0.949972 0.261012 0.17154 -0.216234 0.26503 0.383028 0.8849 0.3973 
1533745398785 0.165267 0.886189 -0.432847 -0.602581 -0.95003 0.260892 0.171401 -0.216236 0.26482 0.382891 0.885023 0.397324 
1533745398883 0.165332 0.886226 -0.432745 -0.602366 -0.95004 0.2609 0.171334 -0.216428 0.264744 0.382798 0.885085 0.397324 
1533745398896 0.165256 0.886122 -0.432987 -0.60238 -0.949998 0.260958 0.17148 -0.21642 0.264944 0.382999 0.884939 0.397296 
1533745398913 0.165145 0.886008 -0.433263 -0.602395 -0.949944 0.261018 0.171686 -0.216405 0.265205 0.383222 0.884764 0.397272 
1533745398930 0.165072 0.88595 -0.433411 -0.602402 -0.949914 0.261043 0.171816 -0.216395 0.265359 0.383341 0.884666 0.397269 
1533745398946 0.164997 0.885891 -0.433558 -0.602406 -0.949878 0.261074 0.171963 -0.21639 0.265531 0.383454 0.884566 0.397283 
1533745398963 0.16495 0.885868 -0.433623 -0.602395 -0.949849 0.261098 0.172087 -0.216394 0.265664 0.38349 0.88451 0.397319 
1533745399008 0.164855 0.885832 -0.433733 -0.602337 -0.94981 0.261115 0.172279 -0.216422 0.265864 0.383563 0.884418 0.397391 
1533745399026 0.164747 0.885827 -0.433784 -0.602295 -0.949813 0.26105 0.172358 -0.216413 0.265919 0.383618 0.884378 0.397429 
1533745399042 0.164588 0.885793 -0.433914 -0.602237 -0.94981 0.260977 0.172485 -0.216403 0.266028 0.383747 0.884289 0.39747 
1533745399059 0.164449 0.88576 -0.434034 -0.602185 -0.949811 0.26091 0.172586 -0.216397 0.266114 0.383869 0.88421 0.3975 
1533745399076 0.164345 0.885723 -0.434149 -0.602133 -0.949802 0.260877 0.172683 -0.216403 0.266209 0.383976 0.884135 0.397527 
1533745399093 0.164321 0.885676 -0.434254 -0.602093 -0.949783 0.26091 0.172739 -0.216438 0.266292 0.384062 0.884073 0.397543 
1533745399109 0.164395 0.88565 -0.434278 -0.602075 -0.949772 0.260979 0.172696 -0.216495 0.266285 0.384075 0.884069 0.397543 
1533745399126 0.164464 0.885623 -0.434308 -0.602096 -0.94977 0.261032 0.172625 -0.216531 0.266249 0.384102 0.884068 0.397524 
1533745399142 0.164515 0.885601 -0.434335 -0.602137 -0.949783 0.26105 0.172523 -0.216546 0.26617 0.384141 0.884075 0.397494 
1533745399159 0.164577 0.885653 -0.434204 -0.602177 -0.949837 0.260987 0.172322 -0.216541 0.265939 0.384063 0.884179 0.397459 
1533745399176 0.164605 0.885714 -0.434069 -0.602207 -0.949893 0.260898 0.172147 -0.216526 0.265721 0.383983 0.884279 0.397444 
1533745399199 0.16463 0.885761 -0.433963 -0.602236 -0.949956 0.260802 0.171944 -0.216483 0.26548 0.383939 0.884371 0.397442 
1533745399216 0.164662 0.885774 -0.433925 -0.602227 -0.949977 0.260787 0.171856 -0.216438 0.265387 0.383921 0.884406 0.397456 
1533745399232 0.164656 0.8858 -0.433875 -0.602195 -0.950017 0.260714 0.171742 -0.216397 0.265246 0.38391 0.884453 0.397481 
1533745399249 0.164578 0.885787 -0.433931 -0.602158 -0.950077 0.260588 0.171603 -0.21635 0.265081 0.384026 0.884452 0.397501 
1533745399266 0.164434 0.885731 -0.434099 -0.602127 -0.950135 0.260444 0.171502 -0.216318 0.264963 0.384251 0.88439 0.397515 
1533745399283 0.164276 0.885683 -0.434258 -0.602091 -0.950196 0.260284 0.171408 -0.216313 0.264843 0.384472 0.88433 0.397525 
1533745399303 0.164314 0.885641 -0.434327 -0.602067 -0.950195 0.260324 0.171352 -0.216364 0.264823 0.38454 0.884307 0.397529 
1533745399320 0.164371 0.885626 -0.434338 -0.602054 -0.950191 0.260367 0.171304 -0.216445 0.264799 0.384546 0.884311 0.397527 
1533745399336 0.164372 0.885605 -0.43438 -0.602051 -0.950198 0.260367 0.171271 -0.21651 0.264776 0.384595 0.884296 0.397514 
1533745399359 0.164478 0.885619 -0.434312 -0.602027 -0.950167 0.260467 0.17129 -0.216626 0.264822 0.384495 0.884326 0.397499 
1533745399376 0.1646 0.885647 -0.434208 -0.602007 -0.950147 0.260554 0.171266 -0.216676 0.264816 0.384371 0.884382 0.3975 
1533745399394 0.164642 0.885663 -0.434159 -0.601985 -0.95015 0.260568 0.17123 -0.216693 0.26478 0.384324 0.884413 0.397509 
1533745399409 0.164565 0.885686 -0.434142 -0.601953 -0.950182 0.260469 0.171204 -0.216668 0.264713 0.38434 0.884426 0.397527 
1533745399426 0.164368 0.885731 -0.434124 -0.601904 -0.950269 0.260211 0.171109 -0.216616 0.264521 0.38441 0.884453 0.397559 
1533745399554 0.163609 0.885861 -0.434146 -0.601707 -0.950434 0.259486 0.171298 -0.216481 0.264401 0.384601 0.884406 0.397399 
1533745399571 0.163573 0.885969 -0.433938 -0.601655 -0.950408 0.259459 0.171481 -0.216493 0.264516 0.384369 0.884473 0.397331 
1533745399597 0.163549 0.886073 -0.433736 -0.601589 -0.95036 0.259474 0.171722 -0.21652 0.264701 0.384121 0.884525 0.397235 
1533745399616 0.163509 0.886065 -0.433767 -0.60157 -0.950342 0.259481 0.171815 -0.216546 0.264793 0.384134 0.884492 0.397187 
1533745399633 0.163451 0.886054 -0.433812 -0.601542 -0.95034 0.259454 0.171863 -0.216583 0.264834 0.384178 0.884461 0.397146 
1533745399650 0.163401 0.886069 -0.4338 -0.601505 -0.950346 0.259411 0.171896 -0.216607 0.264844 0.384172 0.88446 0.397134 
1533745399666 0.163312 0.886113 -0.433742 -0.601444 -0.95036 0.259322 0.171952 -0.216622 0.264848 0.384129 0.884478 0.397132 
1533745399683 0.163208 0.886164 -0.433678 -0.601389 -0.95038 0.259213 0.172006 -0.216628 0.26484 0.384086 0.884498 0.397134 
1533745399700 0.163095 0.886212 -0.433623 -0.601342 -0.950398 0.259102 0.172072 -0.216621 0.264845 0.38405 0.884513 0.397137 
1533745399795 0.162901 0.886264 -0.433589 -0.601235 -0.95037 0.259012 0.172367 -0.216601 0.265067 0.383992 0.884472 0.397092 
1533745399822 0.162731 0.886311 -0.433556 -0.601134 -0.950379 0.258881 0.17251 -0.21665 0.265137 0.38397 0.88446 0.397098 
1533745399840 0.162576 0.886367 -0.433501 -0.601039 -0.95039 0.258754 0.172642 -0.216696 0.265195 0.383927 0.884461 0.397122 
1533745399855 0.162526 0.886393 -0.433467 -0.60098 -0.950385 0.258722 0.172717 -0.216733 0.265243 0.383889 0.884463 0.397138 
1533745399873 0.162529 0.886421 -0.433407 -0.600881 -0.950355 0.258756 0.172832 -0.216803 0.265349 0.383801 0.88447 0.397164 
1533745399889 0.162525 0.886444 -0.433362 -0.600822 -0.95033 0.258781 0.172934 -0.216828 0.265442 0.38373 0.884472 0.397178 
1533745399905 0.162473 0.88647 -0.433328 -0.600781 -0.950318 0.258757 0.173032 -0.216829 0.265514 0.383686 0.88447 0.397181 
1533745399922 0.162319 0.88651 -0.433304 -0.600732 -0.95032 0.25865 0.173183 -0.216798 0.265603 0.383667 0.884452 0.397171 
1533745399939 0.162222 0.886524 -0.433313 -0.600706 -0.950329 0.258575 0.173243 -0.216787 0.265628 0.383686 0.884436 0.397159 
1533745400034 0.161915 0.886517 -0.433442 -0.600646 -0.95038 0.258328 0.173335 -0.216846 0.265635 0.383869 0.884355 0.397137 
1533745400071 0.161485 0.886541 -0.433552 -0.60051 -0.950449 0.25797 0.173491 -0.216879 0.26565 0.384053 0.88427 0.397173 
1533745400100 0.161271 0.886505 -0.433706 -0.600413 -0.950463 0.257839 0.173605 -0.216927 0.265728 0.384224 0.884172 0.397191 
1533745400123 0.161291 0.88646 -0.433791 -0.600313 -0.950431 0.257916 0.17367 -0.217027 0.265833 0.384277 0.884118 0.397218 
1533745400141 0.161343 0.886443 -0.433806 -0.600264 -0.95041 0.257982 0.173682 -0.217102 0.265873 0.384271 0.884108 0.397235 
1533745400156 0.161348 0.886431 -0.433827 -0.600227 -0.950397 0.258008 0.173714 -0.217155 0.265917 0.38428 0.884091 0.397243 
1533745400173 0.161292 0.886433 -0.433845 -0.600188 -0.950388 0.257989 0.173795 -0.217186 0.265984 0.384289 0.884067 0.397246 
1533745400191 0.161189 0.886458 -0.433831 -0.600148 -0.950369 0.257946 0.17396 -0.217184 0.266114 0.38426 0.884041 0.397247 
1533745400286 0.16057 0.886633 -0.433704 -0.59997 -0.950557 0.257246 0.17397 -0.217054 0.265816 0.384326 0.884101 0.397263 
1533745400301 0.160555 0.886643 -0.433688 -0.59994 -0.950665 0.257077 0.173629 -0.217063 0.265438 0.384415 0.884176 0.397262 
1533745400344 0.160872 0.886555 -0.433752 -0.599871 -0.950821 0.257071 0.172786 -0.217061 0.264689 0.384624 0.88431 0.397202 
1533745400386 0.160791 0.886565 -0.433761 -0.599799 -0.950962 0.256813 0.17239 -0.217017 0.26423 0.384772 0.884383 0.397147 
1533745400426 0.160679 0.886601 -0.433728 -0.599701 -0.95106 0.256592 0.17218 -0.217012 0.263947 0.384836 0.88444 0.397177 
1533745400444 0.160664 0.886609 -0.433718 -0.59965 -0.951086 0.256541 0.172108 -0.217031 0.263859 0.384852 0.884459 0.397196 
1533745400463 0.160612 0.886613 -0.43373 -0.599592 -0.95112 0.256461 0.172043 -0.217035 0.26377 0.384897 0.884466 0.397203 
1533745400480 0.160567 0.886617 -0.433738 -0.599553 -0.951145 0.256397 0.172 -0.217028 0.263707 0.38493 0.88447 0.397202 
1533745400587 0.160517 0.886488 -0.434021 -0.599372 -0.951235 0.256288 0.171666 -0.217124 0.263414 0.3853 0.884396 0.397195 
1533745400610 0.160424 0.886366 -0.434304 -0.599377 -0.951222 0.256301 0.171717 -0.217114 0.263517 0.385572 0.884247 0.397186 
1533745400666 0.16015 0.886219 -0.434705 -0.599322 -0.951204 0.256227 0.171927 -0.217039 0.263748 0.385959 0.884009 0.397235 
1533745400720 0.1601 0.886171 -0.43482 -0.59921 -0.951187 0.256241 0.171998 -0.21704 0.263838 0.386058 0.883939 0.397307 
1533745400769 0.159891 0.886086 -0.435071 -0.599106 -0.951179 0.256166 0.172154 -0.216952 0.263994 0.386305 0.883785 0.397357 
1533745400798 0.159641 0.886041 -0.435254 -0.599058 -0.951206 0.256 0.172256 -0.216856 0.264051 0.386517 0.883675 0.397373 
1533745400815 0.159569 0.886024 -0.435315 -0.59903 -0.951216 0.25595 0.172273 -0.216836 0.264057 0.386589 0.883642 0.397379 
1533745400832 0.159546 0.885991 -0.43539 -0.598988 -0.951223 0.255938 0.172249 -0.21685 0.264044 0.386672 0.883609 0.397387 
1533745400957 0.159489 0.88589 -0.435618 -0.598803 -0.951139 0.25607 0.172521 -0.216915 0.264383 0.386818 0.883444 0.397393 
1533745400972 0.159377 0.885932 -0.435573 -0.598812 -0.951087 0.256064 0.172816 -0.216874 0.264637 0.386725 0.883409 0.397356 
1533745400995 0.15919 0.885982 -0.435539 -0.598827 -0.951036 0.25601 0.173175 -0.216851 0.264932 0.386646 0.883355 0.397335 
1533745401013 0.159139 0.886092 -0.435335 -0.598823 -0.950993 0.256 0.173428 -0.216862 0.265119 0.386401 0.883406 0.397346 
1533745401078 0.159141 0.886207 -0.4351 -0.598792 -0.950845 0.256169 0.173985 -0.216883 0.265646 0.386025 0.883412 0.397402 
1533745401103 0.159093 0.886229 -0.435072 -0.59871 -0.950757 0.25626 0.174332 -0.216922 0.26599 0.385913 0.883358 0.397419 
1533745401125 0.158966 0.886275 -0.435024 -0.598617 -0.950684 0.256274 0.174711 -0.21696 0.266328 0.385798 0.883306 0.397429 
