1533576171882 0.201352 0.956984 -0.208898 -0.501083 -0.973458 0.219191 0.0658417 -0.236549 0.108798 0.190096 0.975718 0.338872 
1533576175127 0.201355 0.956983 -0.208899 -0.501083 -0.973457 0.219193 0.0658388 -0.236549 0.108796 0.190097 0.975718 0.338871 
1533576175702 0.201833 0.954568 -0.219235 -0.511959 -0.971996 0.22273 0.0749401 -0.237564 0.120365 0.19797 0.97279 0.342614 
1533576176282 0.201826 0.951999 -0.230139 -0.523273 -0.970467 0.226083 0.0841456 -0.238728 0.132137 0.20636 0.969513 0.346721 
1533576176874 0.201681 0.949375 -0.240856 -0.53465 -0.968815 0.229507 0.0934056 -0.239845 0.143955 0.214506 0.966056 0.350968 
1533576177475 0.201561 0.946594 -0.251659 -0.54597 -0.967008 0.23318 0.102582 -0.241007 0.155786 0.22268 0.962364 0.35509 
1533576178081 0.201216 0.943742 -0.262418 -0.557296 -0.965137 0.236792 0.111539 -0.242168 0.167402 0.230825 0.958486 0.359224 
1533576178694 0.200895 0.940815 -0.272963 -0.568596 -0.9631 0.240631 0.120558 -0.243305 0.179106 0.238671 0.954441 0.363436 
1533576179316 0.200297 0.937746 -0.283749 -0.579932 -0.960955 0.244472 0.12961 -0.244446 0.19091 0.24671 0.950099 0.367553 
1533576179945 0.19954 0.934677 -0.294215 -0.591166 -0.95874 0.24827 0.138489 -0.245646 0.202487 0.254442 0.945652 0.371791 
1533576180554 0.198642 0.931362 -0.305132 -0.601749 -0.956385 0.252242 0.147316 -0.246622 0.214171 0.26256 0.940847 0.375842 
1533576180568 0.198531 0.931369 -0.305183 -0.60185 -0.956367 0.252195 0.147512 -0.246591 0.214354 0.262581 0.940799 0.375975 
1533576180780 0.198462 0.931116 -0.306 -0.602711 -0.956225 0.25245 0.147993 -0.24673 0.215048 0.263234 0.940459 0.376213 
1533576180998 0.198526 0.930711 -0.307189 -0.603924 -0.955963 0.253005 0.148738 -0.246903 0.216152 0.264133 0.939953 0.376513 
1533576181220 0.198501 0.930406 -0.308128 -0.605149 -0.955718 0.253437 0.149575 -0.247059 0.217257 0.264793 0.939513 0.376995 
1533576181446 0.198244 0.930135 -0.309108 -0.606449 -0.955461 0.25373 0.150717 -0.247161 0.218617 0.265462 0.939008 0.377586 
1533576181679 0.19816 0.929771 -0.310257 -0.607734 -0.955182 0.254195 0.151695 -0.247321 0.219907 0.266292 0.938472 0.378013 
1533576181898 0.19822 0.929416 -0.311278 -0.608867 -0.954934 0.254704 0.152402 -0.247544 0.220929 0.267041 0.938019 0.378447 
1533576182119 0.19795 0.929076 -0.312462 -0.610148 -0.954687 0.25501 0.153437 -0.24761 0.222236 0.267931 0.937456 0.378893 
1533576182341 0.197754 0.928775 -0.313481 -0.611432 -0.954418 0.255365 0.154514 -0.247688 0.223561 0.268636 0.936939 0.379397 
1533576182549 0.197639 0.928486 -0.314409 -0.612554 -0.95421 0.25569 0.155261 -0.247817 0.224549 0.269327 0.936505 0.379851 
1533576182562 0.197565 0.928474 -0.314489 -0.612654 -0.954202 0.255661 0.155355 -0.247796 0.224646 0.269394 0.936462 0.379897 
1533576182579 0.197421 0.928479 -0.314565 -0.61276 -0.954207 0.255568 0.155481 -0.24776 0.224754 0.269465 0.936416 0.379961 
1533576182596 0.197295 0.928487 -0.314621 -0.612833 -0.954212 0.255482 0.155587 -0.247729 0.224841 0.269519 0.936379 0.380016 
1533576182734 0.197932 0.928542 -0.314058 -0.612836 -0.953978 0.256113 0.155987 -0.247904 0.225274 0.268729 0.936502 0.379825 
1533576182771 0.198381 0.928432 -0.314101 -0.612924 -0.953809 0.256636 0.156165 -0.248038 0.225598 0.268612 0.936458 0.37969 
1533576182833 0.198559 0.928446 -0.313946 -0.613057 -0.953674 0.256894 0.15656 -0.248017 0.226009 0.268315 0.936444 0.379631 
1533576182892 0.198619 0.928478 -0.313814 -0.613174 -0.953593 0.25701 0.156863 -0.248038 0.226297 0.268095 0.936437 0.379593 
1533576182944 0.198783 0.92845 -0.313794 -0.613303 -0.953474 0.257262 0.157175 -0.248059 0.226657 0.26795 0.936392 0.379522 
1533576182993 0.198863 0.928463 -0.313703 -0.613443 -0.953357 0.25744 0.15759 -0.248023 0.227076 0.267732 0.936353 0.379485 
1533576183006 0.198877 0.928472 -0.313668 -0.613479 -0.953329 0.257478 0.157702 -0.248017 0.227184 0.267666 0.936345 0.379481 
1533576183025 0.198922 0.92848 -0.313616 -0.613535 -0.953279 0.257559 0.157867 -0.248016 0.227351 0.26756 0.936335 0.379472 
1533576183147 0.19897 0.928787 -0.312676 -0.613561 -0.953183 0.257545 0.158468 -0.248022 0.227711 0.266507 0.936548 0.379474 
1533576183242 0.198797 0.929103 -0.311846 -0.613549 -0.953242 0.257213 0.158656 -0.24815 0.227619 0.265724 0.936793 0.379392 
1533576183345 0.199107 0.929324 -0.310986 -0.61356 -0.953089 0.257463 0.15917 -0.248293 0.227988 0.264706 0.936991 0.379272 
1533576183513 0.198868 0.929951 -0.309263 -0.613672 -0.953037 0.257058 0.160131 -0.248324 0.228412 0.262894 0.937398 0.379184 
1533576183613 0.19911 0.930134 -0.308553 -0.61375 -0.952868 0.257301 0.160747 -0.2485 0.228907 0.262004 0.937526 0.379083 
1533576183709 0.199171 0.930439 -0.307594 -0.613763 -0.952753 0.257309 0.161411 -0.248508 0.22933 0.260913 0.937727 0.379086 
1533576183799 0.199223 0.930698 -0.306774 -0.613814 -0.952672 0.257295 0.16191 -0.248649 0.229621 0.259999 0.93791 0.379031 
1533576183816 0.199267 0.930722 -0.306673 -0.613826 -0.952652 0.257331 0.161969 -0.248669 0.229665 0.259878 0.937933 0.379012 
1533576183835 0.199291 0.930756 -0.306556 -0.613836 -0.952638 0.257344 0.162035 -0.248685 0.229706 0.259745 0.937959 0.378995 
1533576183849 0.199305 0.930794 -0.306431 -0.613843 -0.952626 0.257346 0.1621 -0.248698 0.22974 0.259607 0.937989 0.378982 
1533576183866 0.199317 0.930844 -0.306273 -0.613849 -0.952616 0.257338 0.16217 -0.248709 0.229771 0.259437 0.938029 0.378971 
1533576183883 0.199289 0.930894 -0.306138 -0.613848 -0.952618 0.257292 0.162232 -0.248693 0.229787 0.259301 0.938062 0.378972 
1533576183900 0.199216 0.930922 -0.306099 -0.61385 -0.952627 0.257224 0.16229 -0.248655 0.229815 0.259267 0.938065 0.37898 
1533576183920 0.199082 0.930954 -0.306091 -0.61385 -0.952655 0.257095 0.162328 -0.248586 0.229814 0.259282 0.938061 0.379003 
1533576183938 0.198968 0.930975 -0.306101 -0.613836 -0.952689 0.256978 0.162317 -0.248532 0.229775 0.259323 0.938059 0.379031 
1533576183949 0.198857 0.930949 -0.306252 -0.613839 -0.952732 0.256876 0.162222 -0.24851 0.22969 0.259517 0.938026 0.379058 
1533576183966 0.198837 0.930895 -0.306429 -0.613842 -0.952768 0.256851 0.162048 -0.248499 0.229557 0.259735 0.937999 0.379107 
1533576183983 0.198942 0.930838 -0.306534 -0.613832 -0.952782 0.256929 0.161846 -0.248508 0.22941 0.259862 0.937999 0.37917 
1533576184000 0.199082 0.930836 -0.306448 -0.613798 -0.952805 0.256987 0.161616 -0.248529 0.229192 0.25981 0.938067 0.379259 
1533576184016 0.199224 0.930858 -0.30629 -0.613758 -0.95281 0.257055 0.161478 -0.248545 0.229047 0.259666 0.938142 0.379352 
1533576184033 0.199311 0.930896 -0.306117 -0.613717 -0.952818 0.257079 0.161397 -0.248558 0.22894 0.259505 0.938213 0.379441 
1533576184049 0.199322 0.930933 -0.305998 -0.613689 -0.952831 0.257051 0.161362 -0.248568 0.228874 0.259402 0.938258 0.379503 
1533576184126 0.198921 0.930913 -0.306319 -0.613679 -0.952896 0.256748 0.161461 -0.248553 0.228953 0.259773 0.938136 0.379455 
1533576184146 0.198676 0.93085 -0.306669 -0.613692 -0.952933 0.256593 0.161491 -0.248502 0.229013 0.260151 0.938016 0.379428 
1533576184173 0.198304 0.93081 -0.307032 -0.613687 -0.953023 0.256288 0.16144 -0.248415 0.228959 0.260594 0.937907 0.379415 
1533576184202 0.198077 0.930847 -0.307066 -0.613647 -0.953123 0.256019 0.161277 -0.248357 0.228739 0.260726 0.937923 0.379453 
1533576184260 0.197936 0.930843 -0.30717 -0.613532 -0.953239 0.255805 0.160934 -0.248357 0.22838 0.260951 0.937948 0.379592 
1533576184273 0.197922 0.930816 -0.307259 -0.613511 -0.953253 0.255795 0.160869 -0.248362 0.228334 0.261056 0.93793 0.379622 
1533576184290 0.197889 0.930788 -0.307366 -0.613487 -0.953272 0.255768 0.160798 -0.248364 0.228284 0.261183 0.937907 0.37966 
1533576184308 0.197831 0.930764 -0.307476 -0.613464 -0.953297 0.255717 0.160728 -0.248357 0.228226 0.261319 0.937883 0.379698 
1533576184440 0.19745 0.930598 -0.308221 -0.613435 -0.953391 0.255468 0.160569 -0.248563 0.228166 0.262151 0.937666 0.379729 
1533576184581 0.196783 0.930378 -0.309311 -0.613249 -0.953373 0.255203 0.161092 -0.248884 0.228814 0.263188 0.937217 0.380026 
1533576184635 0.19641 0.930234 -0.30998 -0.61323 -0.953414 0.255008 0.161162 -0.248952 0.228965 0.263885 0.936984 0.380048 
1533576184714 0.195917 0.930128 -0.310609 -0.613169 -0.953505 0.254662 0.161169 -0.249063 0.229008 0.264592 0.936775 0.380079 
1533576184775 0.195457 0.93002 -0.311223 -0.613144 -0.953583 0.254352 0.161197 -0.249048 0.229077 0.26527 0.936566 0.380133 
1533576184849 0.195089 0.929925 -0.311737 -0.613037 -0.95363 0.254126 0.161276 -0.249179 0.229196 0.265819 0.936381 0.380272 
1533576184862 0.195021 0.929904 -0.311842 -0.613024 -0.953637 0.254088 0.161293 -0.2492 0.229222 0.265928 0.936344 0.380291 
1533576184880 0.194945 0.929869 -0.311995 -0.613013 -0.953643 0.254054 0.161313 -0.249234 0.229263 0.266085 0.936289 0.380314 
1533576184982 0.194686 0.929832 -0.312266 -0.612946 -0.953676 0.253879 0.161392 -0.249437 0.229345 0.266379 0.936185 0.38039 
1533576185034 0.19462 0.930074 -0.311584 -0.612899 -0.953731 0.253651 0.161429 -0.249557 0.229175 0.26575 0.936406 0.380343 
1533576185119 0.194172 0.930162 -0.311603 -0.612927 -0.95378 0.253279 0.161722 -0.249617 0.22935 0.265798 0.936349 0.380217 
1533576185164 0.193626 0.930301 -0.311526 -0.612887 -0.953902 0.252736 0.16185 -0.249676 0.229304 0.265826 0.936353 0.380183 
1533576185254 0.193461 0.930293 -0.311652 -0.612786 -0.953915 0.252626 0.161947 -0.249985 0.22939 0.265959 0.936294 0.380099 
1533576185314 0.193126 0.930361 -0.311657 -0.612733 -0.953973 0.252321 0.162078 -0.250152 0.229428 0.266011 0.93627 0.380049 
1533576185384 0.192617 0.930465 -0.311661 -0.612726 -0.95407 0.251847 0.162244 -0.250227 0.229453 0.266096 0.936239 0.38 
1533576185437 0.192176 0.930576 -0.311602 -0.612704 -0.954156 0.251424 0.162395 -0.250319 0.229465 0.266108 0.936233 0.38 
1533576185450 0.192154 0.930589 -0.311577 -0.612691 -0.954159 0.2514 0.162414 -0.250355 0.229471 0.266086 0.936238 0.380002 
1533576185467 0.192145 0.930597 -0.311559 -0.612676 -0.954159 0.251391 0.16243 -0.250401 0.22948 0.266066 0.936241 0.380003 
1533576185484 0.192117 0.93061 -0.311537 -0.612646 -0.95416 0.251365 0.162461 -0.250484 0.229498 0.266045 0.936243 0.380002 
1533576185500 0.192085 0.930619 -0.31153 -0.612626 -0.954164 0.251337 0.162484 -0.250535 0.22951 0.26604 0.936241 0.380001 
1533576185568 0.191986 0.930674 -0.311429 -0.612572 -0.954183 0.251227 0.162542 -0.250662 0.229513 0.265954 0.936265 0.379983 
1533576185591 0.192041 0.930771 -0.311105 -0.612532 -0.954189 0.251203 0.162546 -0.250664 0.229444 0.265637 0.936372 0.379978 
1533576185612 0.192089 0.930846 -0.310849 -0.612497 -0.954193 0.251187 0.162544 -0.250671 0.229384 0.265387 0.936457 0.37996 
1533576185649 0.192058 0.930918 -0.310653 -0.612451 -0.954219 0.251101 0.162526 -0.250711 0.229304 0.265217 0.936525 0.379873 
1533576185693 0.191926 0.931012 -0.310455 -0.612376 -0.954273 0.250909 0.162503 -0.250815 0.229188 0.26507 0.936595 0.379784 
1533576185712 0.191921 0.931065 -0.310297 -0.6123 -0.954277 0.250873 0.162533 -0.250939 0.229174 0.264916 0.936642 0.379698 
1533576185723 0.191934 0.931076 -0.310255 -0.612276 -0.954275 0.250878 0.16254 -0.250992 0.229173 0.264871 0.936655 0.379665 
1533576185739 0.191977 0.931085 -0.310204 -0.612237 -0.954263 0.250913 0.162554 -0.251078 0.229186 0.264809 0.93667 0.379611 
1533576185756 0.192031 0.931088 -0.310159 -0.6122 -0.954248 0.250962 0.162569 -0.251159 0.229204 0.264751 0.936682 0.379562 
1533576185774 0.192111 0.931091 -0.3101 -0.612152 -0.954227 0.251033 0.162582 -0.251261 0.229224 0.264672 0.936699 0.37951 
1533576185856 0.191862 0.931219 -0.309871 -0.611999 -0.954287 0.250746 0.162674 -0.251334 0.229184 0.264495 0.936759 0.379455 
1533576185909 0.19132 0.931257 -0.310091 -0.611845 -0.954265 0.250423 0.163302 -0.251225 0.22973 0.264666 0.936577 0.379471 
1533576185947 0.191095 0.931262 -0.310215 -0.611694 -0.954231 0.250322 0.16365 -0.251285 0.230055 0.264744 0.936475 0.379456 
1533576185994 0.191198 0.931225 -0.310264 -0.611567 -0.954155 0.250492 0.163835 -0.251453 0.230286 0.264715 0.936426 0.37941 
1533576186035 0.191272 0.931244 -0.310159 -0.611415 -0.954097 0.250594 0.164017 -0.251608 0.230464 0.26455 0.936429 0.379386 
1533576186064 0.1913 0.931257 -0.310105 -0.61128 -0.954045 0.250663 0.164213 -0.251762 0.230656 0.264441 0.936413 0.379366 
1533576186077 0.191314 0.931261 -0.310083 -0.611226 -0.954024 0.250693 0.164288 -0.251821 0.230731 0.264396 0.936407 0.379358 
1533576186094 0.191293 0.931277 -0.310049 -0.611158 -0.954003 0.250697 0.164407 -0.251884 0.230837 0.264338 0.936397 0.379347 
1533576186117 0.191223 0.931311 -0.30999 -0.611077 -0.953984 0.250659 0.164577 -0.25193 0.230974 0.264254 0.936387 0.379337 
1533576186198 0.190893 0.931416 -0.309877 -0.610897 -0.954005 0.250378 0.164881 -0.251979 0.231159 0.26415 0.936371 0.37931 
1533576186256 0.190541 0.931525 -0.309766 -0.610699 -0.954021 0.250087 0.16523 -0.252024 0.231384 0.26404 0.936346 0.3793 
1533576186288 0.190432 0.931591 -0.309634 -0.610496 -0.953956 0.250059 0.165643 -0.25207 0.231739 0.263833 0.936317 0.379318 
1533576186335 0.190265 0.931648 -0.309568 -0.610306 -0.953918 0.249971 0.165997 -0.25213 0.232033 0.263719 0.936276 0.37931 
1533576186396 0.189928 0.931702 -0.30961 -0.610138 -0.95392 0.249733 0.166341 -0.252199 0.2323 0.26375 0.936201 0.379241 
1533576186436 0.189604 0.9318 -0.309515 -0.609941 -0.953919 0.249485 0.166721 -0.252234 0.23257 0.263641 0.936165 0.37923 
1533576186449 0.189548 0.93182 -0.309489 -0.609873 -0.953913 0.249446 0.166811 -0.252271 0.232638 0.263607 0.936158 0.379225 
1533576186466 0.189531 0.931847 -0.309417 -0.609784 -0.953903 0.249432 0.166889 -0.252336 0.232694 0.263524 0.936167 0.379219 
1533576186482 0.1895 0.931881 -0.309336 -0.6097 -0.953897 0.249402 0.166969 -0.252386 0.232744 0.263434 0.93618 0.379217 
1533576186499 0.189447 0.93191 -0.309279 -0.609643 -0.953895 0.249356 0.167048 -0.252418 0.232795 0.263373 0.936184 0.379209 
1533576186561 0.189192 0.931978 -0.309229 -0.609581 -0.953883 0.249176 0.167385 -0.252334 0.233051 0.263301 0.936141 0.379174 
1533576186620 0.188854 0.932099 -0.309071 -0.609428 -0.953914 0.24887 0.167668 -0.252293 0.233202 0.263162 0.936142 0.379204 
1533576186654 0.188672 0.932169 -0.308973 -0.609251 -0.95393 0.248702 0.167822 -0.252365 0.233281 0.263075 0.936147 0.37923 
1533576186693 0.188585 0.932206 -0.308913 -0.609063 -0.953925 0.248634 0.167952 -0.252479 0.233372 0.263007 0.936144 0.379228 
1533576186736 0.188365 0.932271 -0.308852 -0.608883 -0.953943 0.248444 0.168129 -0.252545 0.233475 0.262958 0.936132 0.379205 
1533576186772 0.187941 0.932388 -0.308758 -0.608744 -0.953993 0.248064 0.168409 -0.25249 0.233615 0.262902 0.936113 0.379186 
1533576186786 0.18772 0.932443 -0.308725 -0.608697 -0.954018 0.24787 0.168554 -0.252445 0.233691 0.262888 0.936098 0.379169 
1533576186802 0.187488 0.932503 -0.308683 -0.608652 -0.954043 0.247666 0.168709 -0.252396 0.233772 0.262866 0.936083 0.37915 
1533576186818 0.187307 0.932562 -0.308617 -0.608593 -0.954064 0.2475 0.168839 -0.252382 0.233836 0.262816 0.936082 0.379131 
1533576186835 0.187188 0.932608 -0.30855 -0.608527 -0.954086 0.247376 0.168893 -0.252398 0.233839 0.262769 0.936094 0.379115 
1533576186897 0.187366 0.932574 -0.308544 -0.608344 -0.954063 0.24753 0.168796 -0.25259 0.233788 0.262743 0.936114 0.37906 
1533576186960 0.187363 0.932567 -0.308567 -0.608213 -0.954166 0.247417 0.168383 -0.252608 0.233373 0.262875 0.93618 0.379044 
1533576186989 0.187286 0.932597 -0.308525 -0.608102 -0.95421 0.247303 0.168297 -0.252556 0.233253 0.262878 0.93621 0.379062 
1533576187029 0.187205 0.932647 -0.308421 -0.607949 -0.954249 0.247182 0.168255 -0.252546 0.233159 0.262812 0.936251 0.379069 
1533576187088 0.187164 0.932662 -0.308401 -0.60777 -0.954299 0.247092 0.168102 -0.252634 0.232986 0.262844 0.936285 0.379019 
1533576187122 0.186915 0.932737 -0.308325 -0.60765 -0.954378 0.246809 0.16807 -0.252591 0.232863 0.262844 0.936316 0.378997 
1533576187136 0.186839 0.932765 -0.308285 -0.60759 -0.954398 0.246724 0.168082 -0.25258 0.232842 0.262823 0.936327 0.378991 
1533576187153 0.186776 0.932795 -0.308235 -0.607513 -0.954412 0.246654 0.168105 -0.25258 0.232834 0.262786 0.93634 0.378988 
1533576187169 0.186748 0.932809 -0.308208 -0.607443 -0.954415 0.246625 0.16813 -0.252594 0.232844 0.26276 0.936344 0.378981 
1533576187186 0.186744 0.93281 -0.308208 -0.607391 -0.954415 0.246622 0.168136 -0.252619 0.23285 0.26276 0.936343 0.378968 
1533576187203 0.18676 0.932802 -0.308223 -0.60735 -0.954412 0.24664 0.168128 -0.252652 0.23285 0.262772 0.93634 0.378953 
1533576187281 0.186453 0.9328 -0.308414 -0.607291 -0.954461 0.246396 0.168205 -0.252664 0.232894 0.263007 0.936263 0.378902 
1533576187327 0.186048 0.932812 -0.308622 -0.607188 -0.954524 0.24607 0.168328 -0.252668 0.232961 0.263269 0.936172 0.378901 
1533576187357 0.185825 0.93284 -0.308671 -0.60707 -0.954559 0.245877 0.16841 -0.252683 0.232995 0.26335 0.936141 0.37892 
1533576187390 0.185637 0.932885 -0.30865 -0.606934 -0.95459 0.245701 0.168488 -0.2527 0.233016 0.263357 0.936134 0.37894 
1533576187427 0.185438 0.932948 -0.308579 -0.606803 -0.954627 0.245502 0.168568 -0.252695 0.233022 0.263319 0.936143 0.378958 
1533576187440 0.185383 0.932963 -0.308567 -0.60675 -0.95464 0.245445 0.168577 -0.25271 0.233012 0.263319 0.936145 0.378957 
1533576187457 0.18533 0.932973 -0.308567 -0.606687 -0.954656 0.245389 0.168568 -0.252737 0.232989 0.263335 0.936147 0.378946 
1533576187474 0.185281 0.932978 -0.308582 -0.606629 -0.954671 0.24534 0.168558 -0.252764 0.232968 0.263364 0.936144 0.37893 
1533576187490 0.185196 0.932989 -0.308601 -0.606591 -0.954694 0.245256 0.168552 -0.252782 0.232943 0.263404 0.936139 0.378918 
1533576187507 0.185078 0.933004 -0.308624 -0.606538 -0.954725 0.245139 0.168544 -0.252807 0.232908 0.263458 0.936133 0.378903 
1533576187589 0.184853 0.933003 -0.308763 -0.606448 -0.954773 0.244946 0.168551 -0.252762 0.232888 0.263642 0.936085 0.378844 
1533576187625 0.184544 0.933053 -0.308797 -0.606396 -0.954831 0.244662 0.168635 -0.25261 0.232896 0.263729 0.936059 0.37883 
1533576187657 0.184367 0.933063 -0.308873 -0.606305 -0.954861 0.244513 0.168682 -0.252542 0.232914 0.263832 0.936025 0.37882 
1533576187690 0.184277 0.933056 -0.308948 -0.606194 -0.954915 0.2444 0.168539 -0.252573 0.232764 0.263962 0.936026 0.378805 
1533576187735 0.184276 0.932993 -0.309138 -0.606052 -0.954945 0.244399 0.168369 -0.25268 0.232641 0.264184 0.935994 0.378774 
1533576187750 0.184258 0.932981 -0.309185 -0.606016 -0.954951 0.244389 0.168354 -0.252696 0.232633 0.264236 0.935982 0.378767 
1533576187765 0.184231 0.932968 -0.309241 -0.605963 -0.954956 0.244374 0.168349 -0.252716 0.232635 0.264296 0.935964 0.378757 
1533576187782 0.184175 0.932965 -0.309282 -0.605921 -0.954967 0.244327 0.16835 -0.252729 0.232631 0.264348 0.93595 0.37875 
1533576187799 0.184017 0.93298 -0.309333 -0.605856 -0.955005 0.244179 0.16835 -0.252745 0.232599 0.264435 0.935934 0.378741 
1533576187815 0.18394 0.932989 -0.30935 -0.605824 -0.955025 0.244103 0.168348 -0.252749 0.23258 0.264471 0.935928 0.378736 
1533576187832 0.183857 0.933004 -0.309356 -0.605789 -0.955048 0.244017 0.16834 -0.252747 0.23255 0.2645 0.935928 0.378726 
1533576187916 0.183664 0.93302 -0.30942 -0.605807 -0.955102 0.243827 0.168309 -0.252618 0.232481 0.264615 0.935912 0.378615 
1533576187965 0.183459 0.933112 -0.309266 -0.605672 -0.955148 0.243598 0.16838 -0.252452 0.232454 0.264504 0.93595 0.378608 
1533576187988 0.183419 0.933139 -0.309207 -0.605581 -0.955164 0.243541 0.168374 -0.252441 0.23242 0.264461 0.935971 0.378607 
1533576188001 0.183426 0.933143 -0.309192 -0.605535 -0.955167 0.243539 0.168357 -0.252456 0.232401 0.26445 0.935979 0.378603 
1533576188018 0.183449 0.933138 -0.309193 -0.605476 -0.955171 0.243552 0.168319 -0.252496 0.232369 0.264454 0.935985 0.378589 
1533576188034 0.183469 0.933134 -0.309192 -0.605424 -0.955173 0.243564 0.168287 -0.252529 0.232343 0.264457 0.935991 0.378579 
1533576188051 0.183482 0.933135 -0.309181 -0.605357 -0.955179 0.243565 0.168254 -0.252564 0.23231 0.264452 0.936001 0.378569 
1533576188068 0.183492 0.933139 -0.309164 -0.605299 -0.955183 0.243564 0.168231 -0.252593 0.232284 0.26444 0.936011 0.378566 
1533576188088 0.183474 0.933148 -0.309146 -0.605252 -0.955193 0.243536 0.168213 -0.252603 0.232256 0.264432 0.93602 0.37856 
1533576188105 0.183428 0.933159 -0.309141 -0.605242 -0.955207 0.243487 0.16821 -0.252584 0.232238 0.264439 0.936022 0.37855 
1533576188121 0.183369 0.933168 -0.30915 -0.605244 -0.955221 0.243429 0.16821 -0.252558 0.232224 0.264463 0.936019 0.378532 
1533576188138 0.183328 0.933166 -0.30918 -0.605269 -0.955232 0.243392 0.168201 -0.252534 0.232211 0.264503 0.936011 0.378501 
1533576188155 0.183273 0.933168 -0.309207 -0.605287 -0.955247 0.24334 0.168191 -0.252519 0.232193 0.264544 0.936004 0.378468 
1533576188171 0.18318 0.933205 -0.309149 -0.605285 -0.955278 0.243226 0.16818 -0.252503 0.23214 0.264516 0.936025 0.378436 
1533576188212 0.1831 0.933367 -0.308707 -0.605184 -0.955303 0.243061 0.168279 -0.252466 0.232101 0.264097 0.936153 0.378391 
1533576188289 0.182629 0.933532 -0.308487 -0.604952 -0.955322 0.242656 0.168752 -0.252434 0.232392 0.263886 0.93614 0.378428 
1533576188326 0.182395 0.933558 -0.308546 -0.604897 -0.95524 0.242591 0.169314 -0.252546 0.232915 0.263854 0.936019 0.378447 
1533576188357 0.18245 0.933512 -0.308653 -0.604874 -0.955102 0.242806 0.169783 -0.252649 0.233437 0.263818 0.935899 0.378421 
1533576188395 0.182386 0.93349 -0.308758 -0.604847 -0.954975 0.242921 0.170329 -0.252688 0.234004 0.26379 0.935765 0.378378 
1533576188440 0.182231 0.933504 -0.308807 -0.60479 -0.954872 0.242933 0.17089 -0.252728 0.234546 0.26373 0.935647 0.378321 
1533576188468 0.182067 0.933527 -0.308834 -0.604718 -0.954841 0.242853 0.171175 -0.252818 0.234798 0.263722 0.935586 0.378279 
1533576188481 0.181998 0.933557 -0.308785 -0.604673 -0.954837 0.242798 0.171275 -0.252861 0.234867 0.263668 0.935584 0.378269 
1533576188498 0.181923 0.933636 -0.308589 -0.604584 -0.954841 0.242703 0.171389 -0.252928 0.234911 0.263474 0.935627 0.378262 
1533576188515 0.181939 0.93369 -0.308416 -0.604496 -0.954816 0.24271 0.171515 -0.25299 0.234997 0.263275 0.935661 0.378258 
1533576188531 0.18193 0.933726 -0.308314 -0.604448 -0.954794 0.24271 0.171639 -0.253014 0.235095 0.26315 0.935672 0.378251 
1533576188629 0.181531 0.933688 -0.308663 -0.604457 -0.95484 0.242431 0.171779 -0.25283 0.235218 0.263541 0.935531 0.378285 
1533576188642 0.181636 0.933634 -0.308766 -0.604464 -0.954843 0.242523 0.171632 -0.252828 0.235125 0.263649 0.935524 0.378303 
1533576188659 0.181837 0.933533 -0.308952 -0.604474 -0.954847 0.2427 0.171359 -0.252816 0.234952 0.263842 0.935513 0.378323 
1533576188693 0.182 0.933448 -0.309114 -0.604467 -0.954849 0.242847 0.171141 -0.252764 0.234819 0.26401 0.935499 0.378312 
1533576188731 0.18187 0.933474 -0.309112 -0.6044 -0.954892 0.242702 0.171102 -0.252719 0.234741 0.26405 0.935507 0.378298 
1533576188759 0.181904 0.933468 -0.30911 -0.604309 -0.954894 0.242725 0.171061 -0.252757 0.234708 0.264051 0.935515 0.378305 
1533576188772 0.181953 0.933456 -0.309118 -0.604265 -0.954888 0.242769 0.171034 -0.25279 0.234697 0.264053 0.935518 0.378308 
1533576188789 0.182041 0.933429 -0.309146 -0.604196 -0.95487 0.242859 0.171006 -0.252825 0.234701 0.264064 0.935514 0.378318 
1533576188806 0.182078 0.933401 -0.309208 -0.604157 -0.954858 0.242911 0.171001 -0.252838 0.234722 0.264114 0.935494 0.378325 
1533576188822 0.182071 0.933384 -0.309266 -0.604114 -0.954864 0.242909 0.170967 -0.25284 0.234701 0.264178 0.935481 0.378337 
1533576188839 0.182048 0.933377 -0.309298 -0.604086 -0.954874 0.242888 0.170944 -0.252833 0.23468 0.26422 0.935475 0.378346 
1533576188856 0.18201 0.933379 -0.309314 -0.604058 -0.954887 0.242848 0.170925 -0.252824 0.234654 0.26425 0.935473 0.378354 
1533576188872 0.182004 0.933381 -0.309314 -0.604039 -0.954897 0.242831 0.170891 -0.252828 0.234618 0.26426 0.935479 0.378353 
1533576188889 0.182037 0.933368 -0.309334 -0.604046 -0.954898 0.242858 0.170848 -0.252843 0.234589 0.264282 0.93548 0.378339 
1533576188980 0.181816 0.933409 -0.309338 -0.603962 -0.954998 0.242585 0.170678 -0.252711 0.234353 0.264385 0.93551 0.378248 
1533576189000 0.181656 0.933402 -0.309455 -0.60389 -0.955035 0.242449 0.170668 -0.252649 0.234329 0.264537 0.935473 0.378202 
1533576189017 0.181606 0.933351 -0.309637 -0.603829 -0.955041 0.242438 0.170646 -0.252624 0.234341 0.264726 0.935417 0.378158 
1533576189033 0.181632 0.933293 -0.309798 -0.603786 -0.955033 0.242496 0.170612 -0.252634 0.234355 0.264878 0.93537 0.378121 
1533576189050 0.181729 0.933233 -0.309922 -0.603754 -0.955013 0.242611 0.170557 -0.252684 0.23436 0.264984 0.935339 0.378088 
1533576189066 0.181871 0.933184 -0.309985 -0.603726 -0.954991 0.242752 0.170481 -0.252766 0.234339 0.265027 0.935332 0.378055 
1533576189084 0.181958 0.933158 -0.310013 -0.603735 -0.95498 0.242832 0.170427 -0.252811 0.234317 0.265046 0.935332 0.378026 
1533576189100 0.181984 0.933145 -0.310035 -0.603753 -0.954981 0.242854 0.17039 -0.252836 0.234292 0.265069 0.935332 0.378013 
1533576189116 0.18196 0.933175 -0.309959 -0.603764 -0.954995 0.242807 0.17038 -0.252831 0.234254 0.265007 0.935359 0.378021 
1533576189191 0.181464 0.933419 -0.309515 -0.603717 -0.955048 0.242305 0.170799 -0.252716 0.234424 0.264608 0.935429 0.378128 
1533576189204 0.181402 0.93345 -0.309457 -0.603663 -0.955054 0.242241 0.170853 -0.252713 0.234446 0.264555 0.935439 0.378151 
1533576189221 0.181333 0.933485 -0.309393 -0.603582 -0.955063 0.24217 0.170906 -0.252715 0.234464 0.264499 0.93545 0.378188 
1533576189238 0.181293 0.933467 -0.309472 -0.603531 -0.955057 0.242161 0.17095 -0.252729 0.234518 0.264571 0.935416 0.378211 
1533576189346 0.181438 0.933427 -0.309506 -0.603409 -0.95503 0.242304 0.170899 -0.252911 0.234516 0.26458 0.935414 0.378192 
1533576189365 0.18157 0.933492 -0.309234 -0.603444 -0.955036 0.242344 0.170809 -0.252947 0.23439 0.264316 0.93552 0.378161 
1533576189395 0.181612 0.933588 -0.308917 -0.603512 -0.955037 0.242316 0.170845 -0.252906 0.234355 0.264 0.935619 0.378106 
1533576189460 0.181308 0.933756 -0.308588 -0.603563 -0.955077 0.241988 0.171085 -0.25272 0.234426 0.263706 0.935683 0.378057 
1533576189486 0.181282 0.933877 -0.308238 -0.603519 -0.955105 0.241873 0.171088 -0.252714 0.23433 0.263384 0.935798 0.378024 
1533576189561 0.181299 0.934076 -0.307625 -0.603402 -0.955146 0.241727 0.171066 -0.252806 0.23415 0.262813 0.936004 0.377923 
1533576189591 0.181237 0.934186 -0.307328 -0.603359 -0.955186 0.241583 0.171048 -0.252821 0.234035 0.262555 0.936105 0.377878 
1533576189605 0.181206 0.934226 -0.307222 -0.603344 -0.955202 0.241522 0.171043 -0.252825 0.233994 0.262465 0.93614 0.377862 
1533576189624 0.181132 0.934295 -0.307057 -0.603321 -0.955233 0.241403 0.171038 -0.25283 0.233925 0.26233 0.936195 0.377829 
1533576189638 0.181089 0.934326 -0.306988 -0.603311 -0.955248 0.241343 0.171041 -0.252831 0.233897 0.262276 0.936218 0.377807 
1533576189655 0.181024 0.934384 -0.306849 -0.603292 -0.955274 0.24124 0.171041 -0.252831 0.233842 0.262163 0.936263 0.377773 
1533576189672 0.180988 0.934428 -0.306738 -0.603277 -0.955292 0.241173 0.171033 -0.252828 0.233795 0.26207 0.936301 0.377751 
1533576189688 0.180968 0.934457 -0.306661 -0.603266 -0.955305 0.24113 0.171023 -0.252825 0.233759 0.262005 0.936328 0.377733 
1533576189705 0.180968 0.934454 -0.306671 -0.603263 -0.955305 0.241132 0.17102 -0.252828 0.233758 0.262015 0.936325 0.37772 
1533576189722 0.181019 0.934423 -0.306733 -0.603251 -0.955291 0.241196 0.171007 -0.252855 0.233775 0.262064 0.936307 0.377694 
1533576189738 0.181059 0.934401 -0.306777 -0.603241 -0.955282 0.241244 0.170992 -0.252879 0.233783 0.262099 0.936296 0.377677 
1533576189755 0.18109 0.934373 -0.306843 -0.603197 -0.955271 0.241291 0.170985 -0.252915 0.233802 0.262155 0.936275 0.37766 
1533576189772 0.181068 0.934352 -0.306921 -0.603158 -0.955267 0.241293 0.171004 -0.252925 0.233836 0.262228 0.936246 0.377647 
1533576189792 0.181014 0.934349 -0.306961 -0.603097 -0.955268 0.241261 0.171046 -0.252923 0.233874 0.262269 0.936225 0.377627 
1533576189809 0.180952 0.934353 -0.306986 -0.603056 -0.955269 0.241218 0.171098 -0.252907 0.233917 0.262294 0.936208 0.377591 
1533576189825 0.180892 0.934361 -0.306997 -0.603013 -0.955272 0.241173 0.171145 -0.252892 0.233951 0.262307 0.936196 0.377545 
1533576189842 0.180828 0.934362 -0.307033 -0.602976 -0.955278 0.241126 0.171179 -0.252877 0.233977 0.262348 0.936178 0.377492 
1533576189858 0.180821 0.934367 -0.307023 -0.602956 -0.955285 0.24111 0.17116 -0.252881 0.233952 0.262345 0.936184 0.377454 
1533576189875 0.180879 0.934387 -0.306926 -0.602939 -0.955296 0.241123 0.171082 -0.252909 0.233864 0.26226 0.93623 0.377437 
1533576189892 0.180955 0.934402 -0.306835 -0.602934 -0.955306 0.241151 0.170987 -0.252941 0.233764 0.262181 0.936278 0.377433 
1533576189908 0.181017 0.934415 -0.306759 -0.602937 -0.955325 0.241162 0.170867 -0.252968 0.233639 0.262125 0.936324 0.377437 
1533576189932 0.18102 0.934436 -0.306695 -0.60294 -0.955372 0.241099 0.170693 -0.252978 0.233445 0.262109 0.936377 0.377447 
1533576189948 0.180987 0.934438 -0.306706 -0.60294 -0.955421 0.241022 0.170526 -0.252989 0.233269 0.262171 0.936404 0.377448 
1533576189965 0.18091 0.934455 -0.3067 -0.60293 -0.955476 0.240902 0.170386 -0.252977 0.233102 0.26222 0.936432 0.377452 
1533576189982 0.180748 0.934501 -0.306657 -0.602906 -0.955552 0.240691 0.170261 -0.252924 0.232919 0.262252 0.936468 0.377458 
1533576190031 0.180539 0.934582 -0.306531 -0.602834 -0.955605 0.240455 0.170294 -0.252835 0.232861 0.262178 0.936503 0.377475 
1533576190047 0.180628 0.934564 -0.306534 -0.602826 -0.955558 0.240574 0.170393 -0.252861 0.232988 0.262133 0.936484 0.377462 
1533576190061 0.180741 0.934558 -0.306486 -0.602811 -0.955499 0.240714 0.170524 -0.252892 0.23314 0.262026 0.936476 0.377449 
1533576190077 0.180941 0.934559 -0.306365 -0.602785 -0.955418 0.24093 0.170675 -0.252958 0.233318 0.261825 0.936488 0.37743 
1533576190094 0.181048 0.934559 -0.306303 -0.602764 -0.95536 0.241062 0.170812 -0.253027 0.233472 0.261704 0.936484 0.377397 
1533576190111 0.181014 0.934575 -0.306274 -0.602736 -0.955334 0.241061 0.170959 -0.253123 0.233604 0.261648 0.936467 0.377351 
1533576190127 0.181022 0.934583 -0.306246 -0.602709 -0.955315 0.241083 0.171036 -0.25319 0.233678 0.2616 0.936462 0.377319 
1533576190144 0.180972 0.934619 -0.306165 -0.602673 -0.955316 0.24103 0.171103 -0.253234 0.233711 0.261519 0.936476 0.377292 
1533576190278 0.180529 0.934741 -0.306052 -0.602573 -0.955422 0.240566 0.171165 -0.253053 0.233621 0.261508 0.936501 0.377355 
1533576190296 0.180634 0.934595 -0.306438 -0.602612 -0.955401 0.240736 0.171041 -0.25305 0.233625 0.261875 0.936398 0.377366 
1533576190316 0.180736 0.934491 -0.306694 -0.602636 -0.955393 0.240867 0.170902 -0.253053 0.233579 0.262125 0.936339 0.377397 
1533576190379 0.180872 0.934423 -0.30682 -0.602606 -0.955427 0.240952 0.17059 -0.253056 0.233332 0.26229 0.936355 0.377492 
1533576190420 0.180914 0.934315 -0.307125 -0.602548 -0.955451 0.241011 0.170373 -0.253088 0.233202 0.26262 0.936294 0.37749 
1533576190456 0.18084 0.934241 -0.307393 -0.602471 -0.95549 0.240961 0.170223 -0.253063 0.233099 0.262928 0.936234 0.377493 
1533576190486 0.18071 0.934167 -0.307694 -0.60244 -0.955549 0.240855 0.170042 -0.253015 0.232958 0.263289 0.936168 0.377497 
1533576190510 0.180546 0.934119 -0.307935 -0.602417 -0.955609 0.240711 0.16991 -0.252967 0.23284 0.263589 0.936112 0.377498 
1533576190523 0.180473 0.934097 -0.308044 -0.602392 -0.955644 0.240638 0.169815 -0.252953 0.232751 0.263734 0.936094 0.3775 
1533576190540 0.180454 0.934068 -0.308145 -0.602364 -0.955666 0.240617 0.169723 -0.252955 0.232678 0.263856 0.936078 0.377499 
1533576190556 0.180474 0.934027 -0.308258 -0.602337 -0.955672 0.240646 0.16965 -0.252966 0.232638 0.263976 0.936053 0.377497 
1533576190573 0.180492 0.933986 -0.308372 -0.602309 -0.955678 0.240673 0.169578 -0.25298 0.2326 0.264096 0.936029 0.377498 
1533576190590 0.180495 0.933949 -0.308481 -0.60229 -0.955681 0.240692 0.169534 -0.252988 0.232585 0.264209 0.936001 0.377505 
1533576190606 0.180463 0.933925 -0.308572 -0.602277 -0.955687 0.240678 0.169518 -0.252992 0.232584 0.264306 0.935974 0.377517 
1533576190716 0.180363 0.933805 -0.308993 -0.6022 -0.955577 0.240806 0.169956 -0.253038 0.233114 0.264613 0.935755 0.377505 
1533576190745 0.180328 0.933699 -0.309336 -0.60218 -0.955547 0.240877 0.170023 -0.253073 0.233262 0.264925 0.93563 0.377474 
1533576190770 0.180232 0.933625 -0.309615 -0.602133 -0.955535 0.240871 0.170101 -0.253078 0.233388 0.26519 0.935524 0.377476 
1533576190782 0.18018 0.933606 -0.309701 -0.602098 -0.955548 0.240834 0.170078 -0.253087 0.233373 0.26529 0.935499 0.377485 
1533576190799 0.180125 0.933595 -0.309765 -0.602048 -0.955571 0.240779 0.170026 -0.253104 0.233321 0.265377 0.935487 0.377499 
1533576190816 0.180071 0.933586 -0.309826 -0.602003 -0.955587 0.240733 0.170003 -0.253114 0.233297 0.265454 0.935471 0.377512 
1533576190949 0.180074 0.933575 -0.309855 -0.602032 -0.955506 0.240833 0.170319 -0.253092 0.233629 0.265398 0.935404 0.377459 
1533576190962 0.180117 0.933624 -0.309685 -0.602032 -0.955504 0.240835 0.170324 -0.253098 0.233602 0.265227 0.93546 0.377454 
1533576190979 0.180195 0.933691 -0.309437 -0.602046 -0.9555 0.240851 0.170322 -0.253114 0.233556 0.264976 0.935542 0.377438 
1533576190996 0.180231 0.933747 -0.309247 -0.602065 -0.95551 0.240833 0.170298 -0.253119 0.233492 0.264795 0.93561 0.377426 
1533576191012 0.180196 0.933786 -0.309149 -0.602076 -0.955525 0.240771 0.170295 -0.253101 0.233453 0.264713 0.935642 0.377422 
1533576191029 0.180091 0.933837 -0.309057 -0.60209 -0.955552 0.240647 0.170321 -0.253054 0.233426 0.264646 0.935668 0.377422 
1533576191046 0.180025 0.933875 -0.308981 -0.602087 -0.955568 0.240566 0.170343 -0.25303 0.23341 0.264586 0.935689 0.377426 
1533576191062 0.179994 0.933911 -0.308889 -0.602076 -0.955579 0.240515 0.170356 -0.253028 0.233389 0.264505 0.935717 0.37743 
1533576191079 0.179972 0.933947 -0.308791 -0.602057 -0.955587 0.240472 0.170371 -0.253041 0.233373 0.264415 0.935747 0.377432 
1533576191096 0.179958 0.93398 -0.308701 -0.602035 -0.955593 0.240439 0.170387 -0.25306 0.233362 0.26433 0.935773 0.377434 
1533576191112 0.179961 0.934027 -0.308556 -0.602011 -0.955601 0.240406 0.170389 -0.253072 0.233326 0.264193 0.935821 0.377439 
1533576191129 0.17996 0.934074 -0.308415 -0.601988 -0.955609 0.24037 0.170393 -0.25308 0.233294 0.26406 0.935867 0.377444 
1533576191155 0.179965 0.93409 -0.308365 -0.601966 -0.955602 0.240372 0.170427 -0.253097 0.233317 0.264004 0.935877 0.377439 
1533576191181 0.179964 0.934071 -0.308422 -0.601905 -0.955591 0.240394 0.17046 -0.253136 0.233364 0.264049 0.935852 0.377424 
1533576191194 0.179928 0.934083 -0.308407 -0.601837 -0.955596 0.24036 0.170479 -0.253151 0.23337 0.264039 0.935854 0.377418 
1533576191211 0.179871 0.934077 -0.308459 -0.601775 -0.955596 0.240328 0.170527 -0.25316 0.233416 0.264089 0.935828 0.377411 
1533576191228 0.179767 0.934072 -0.308534 -0.601713 -0.955599 0.240262 0.170602 -0.253151 0.233484 0.264166 0.935789 0.377403 
1533576191244 0.179641 0.934086 -0.308566 -0.60166 -0.955609 0.240164 0.170683 -0.253125 0.233539 0.264207 0.935764 0.377391 
1533576191261 0.179544 0.934099 -0.308582 -0.601607 -0.955613 0.240092 0.170765 -0.253116 0.233599 0.264225 0.935744 0.377359 
1533576191278 0.179511 0.934103 -0.30859 -0.601564 -0.955613 0.240068 0.170793 -0.253134 0.233621 0.264233 0.935736 0.377331 
1533576191294 0.179477 0.934093 -0.308638 -0.601514 -0.955618 0.240047 0.170797 -0.253188 0.233627 0.264286 0.93572 0.377289 
1533576191368 0.179521 0.934078 -0.308658 -0.601404 -0.955632 0.240067 0.170691 -0.25335 0.233538 0.264321 0.935732 0.377245 
1533576191411 0.179242 0.934107 -0.308734 -0.601303 -0.95567 0.239833 0.170806 -0.253333 0.233596 0.264433 0.935686 0.377322 
1533576191435 0.17901 0.934078 -0.308954 -0.60124 -0.955687 0.239685 0.17092 -0.253311 0.233705 0.264667 0.935593 0.37737 
1533576191461 0.178767 0.934067 -0.30913 -0.601162 -0.955717 0.239504 0.171005 -0.253312 0.233768 0.264871 0.935519 0.377411 
1533576191498 0.178553 0.934087 -0.309193 -0.601041 -0.955762 0.239309 0.171028 -0.253382 0.233748 0.264977 0.935494 0.377456 
1533576191511 0.178522 0.934093 -0.309193 -0.601015 -0.95577 0.239276 0.171028 -0.253401 0.233739 0.264985 0.935494 0.377465 
1533576191528 0.178411 0.934111 -0.309201 -0.600967 -0.955793 0.23917 0.171045 -0.253415 0.233727 0.265016 0.935488 0.377481 
1533576191545 0.178238 0.934132 -0.309238 -0.600923 -0.955824 0.239015 0.171092 -0.253404 0.233736 0.265082 0.935467 0.377485 
1533576191562 0.178098 0.934128 -0.30933 -0.600889 -0.955843 0.238908 0.171133 -0.253411 0.233762 0.265193 0.935429 0.377481 
1533576191578 0.177961 0.934114 -0.309452 -0.600845 -0.955862 0.238809 0.171169 -0.253439 0.233791 0.265331 0.935383 0.377477 
1533576191635 0.178025 0.934093 -0.30948 -0.60074 -0.955847 0.238877 0.171154 -0.253565 0.233801 0.265346 0.935376 0.377473 
1533576191651 0.178003 0.934138 -0.309357 -0.600717 -0.955841 0.238845 0.171233 -0.253556 0.233844 0.265216 0.935402 0.377473 
1533576191670 0.177932 0.934242 -0.309082 -0.600675 -0.955843 0.238741 0.171367 -0.253529 0.233888 0.264942 0.935469 0.377475 
1533576191700 0.177736 0.934428 -0.308632 -0.600604 -0.955893 0.238458 0.171483 -0.253501 0.233834 0.264541 0.935596 0.37748 
1533576191725 0.177515 0.934549 -0.308393 -0.600548 -0.95595 0.238188 0.171543 -0.253487 0.233771 0.264357 0.935664 0.377461 
1533576191738 0.17744 0.934575 -0.308358 -0.600521 -0.955967 0.238106 0.171558 -0.253498 0.233756 0.264339 0.935673 0.377445 
1533576191755 0.177339 0.934605 -0.308323 -0.600468 -0.955992 0.237998 0.17157 -0.253536 0.233731 0.264329 0.935682 0.377421 
1533576191776 0.177253 0.934635 -0.308282 -0.600385 -0.956016 0.2379 0.171574 -0.253615 0.2337 0.264311 0.935695 0.377392 
1533576191854 0.177052 0.934692 -0.308227 -0.600184 -0.956082 0.237667 0.171529 -0.253765 0.233582 0.26432 0.935721 0.377329 
1533576191904 0.176944 0.934607 -0.308546 -0.600184 -0.956174 0.237542 0.171187 -0.253635 0.233285 0.264733 0.935678 0.377318 
1533576191937 0.176918 0.934484 -0.308934 -0.60019 -0.956202 0.237563 0.171003 -0.253514 0.233191 0.26515 0.935584 0.377315 
1533576191974 0.176768 0.934508 -0.308946 -0.600119 -0.956277 0.237369 0.170852 -0.253432 0.232997 0.265237 0.935608 0.377328 
1533576192012 0.176692 0.934529 -0.308927 -0.600003 -0.956324 0.237256 0.170744 -0.253452 0.23286 0.265265 0.935634 0.377341 
1533576192046 0.17666 0.934534 -0.308929 -0.599873 -0.956362 0.23719 0.170627 -0.253502 0.232732 0.265305 0.935654 0.377354 
1533576192059 0.176658 0.934535 -0.308927 -0.599823 -0.956375 0.237173 0.170576 -0.253526 0.232678 0.265317 0.935664 0.377357 
1533576192077 0.176655 0.934533 -0.308935 -0.599759 -0.956393 0.237152 0.170504 -0.253559 0.232606 0.265343 0.935675 0.377358 
1533576192093 0.176637 0.934515 -0.309001 -0.599709 -0.956409 0.237132 0.17044 -0.253584 0.232553 0.265425 0.935665 0.377354 
1533576192110 0.176614 0.934502 -0.309053 -0.599669 -0.956423 0.237108 0.170394 -0.2536 0.232512 0.265492 0.935656 0.377351 
1533576192172 0.176573 0.934498 -0.309089 -0.599601 -0.956456 0.237048 0.170296 -0.253622 0.23241 0.26556 0.935662 0.377339 
1533576192196 0.176581 0.93455 -0.308925 -0.599602 -0.956438 0.237045 0.170401 -0.25359 0.232478 0.265378 0.935697 0.377327 
1533576192210 0.176577 0.934604 -0.308764 -0.599591 -0.956426 0.237026 0.170495 -0.25356 0.23253 0.265204 0.935733 0.377311 
1533576192226 0.176557 0.934682 -0.30854 -0.599571 -0.956401 0.236999 0.170674 -0.253513 0.232649 0.264954 0.935774 0.37728 
1533576192243 0.176534 0.934736 -0.308389 -0.599557 -0.956374 0.236985 0.170844 -0.25347 0.232777 0.264776 0.935793 0.377248 
1533576192259 0.176489 0.934784 -0.308269 -0.599543 -0.956358 0.236948 0.170982 -0.253434 0.232875 0.264639 0.935807 0.377214 
