1533679115482 0.138018 0.564842 -0.813575 -0.533079 -0.917775 0.38175 0.109342 -0.203847 0.372343 0.731588 0.571086 0.442034 
1533679121337 0.13802 0.564844 -0.813574 -0.533079 -0.917775 0.38175 0.109343 -0.203847 0.372343 0.731586 0.571089 0.442035 
1533679122019 0.121177 0.563388 -0.817258 -0.544427 -0.922618 0.367655 0.116649 -0.207256 0.366187 0.739881 0.564343 0.443724 
1533679122745 0.104042 0.562125 -0.820482 -0.556168 -0.927193 0.353298 0.124476 -0.210732 0.359845 0.747794 0.557956 0.445746 
1533679123438 0.0862943 0.560311 -0.823775 -0.567793 -0.931595 0.338444 0.132613 -0.214029 0.353106 0.755981 0.551189 0.447525 
1533679124147 0.068876 0.558295 -0.826778 -0.579437 -0.935603 0.323802 0.140711 -0.217412 0.346271 0.763844 0.544645 0.449453 
1533679125217 0.0341529 0.553364 -0.832239 -0.60259 -0.942668 0.294445 0.157095 -0.223924 0.331979 0.77916 0.531695 0.453475 
