1534185232786 0.342556 0.903409 -0.257891 -0.531702 -0.929732 0.365449 0.0452329 -0.183812 0.13511 0.224275 0.965115 0.345144 
1534185236455 0.342555 0.90341 -0.25789 -0.531703 -0.929732 0.365449 0.0452344 -0.183811 0.135111 0.224273 0.965115 0.345145 
1534185236904 0.342301 0.903409 -0.258228 -0.536812 -0.929606 0.365581 0.0467202 -0.1838 0.136611 0.224058 0.964954 0.345023 
1534185237351 0.341916 0.903572 -0.258169 -0.542222 -0.929556 0.365517 0.0481905 -0.183777 0.137909 0.223506 0.964897 0.34504 
1534185237807 0.34138 0.90374 -0.258289 -0.547671 -0.929552 0.365328 0.0496801 -0.183735 0.139258 0.223133 0.96479 0.345043 
1534185238449 0.340343 0.904073 -0.258493 -0.55853 -0.929512 0.365001 0.0527458 -0.183675 0.142036 0.222321 0.964572 0.345019 
1534185238906 0.339937 0.904289 -0.25827 -0.563952 -0.929453 0.364916 0.0543372 -0.183711 0.143384 0.221579 0.964543 0.345212 
1534185239366 0.33931 0.904536 -0.258232 -0.569392 -0.929473 0.364627 0.0559142 -0.183648 0.144735 0.221048 0.964463 0.345299 
1534185239838 0.338766 0.904726 -0.258281 -0.574833 -0.929461 0.364422 0.0574281 -0.183602 0.14608 0.220608 0.964361 0.345295 
1534185240273 0.338227 0.90488 -0.258448 -0.579621 -0.929454 0.364217 0.0588339 -0.183323 0.147369 0.220316 0.964232 0.345409 
1534185240297 0.338074 0.904963 -0.258357 -0.579778 -0.929515 0.364055 0.0588755 -0.183282 0.147336 0.220242 0.964254 0.345463 
1534185240446 0.338097 0.905029 -0.258094 -0.579954 -0.9295 0.36407 0.0590203 -0.183379 0.147379 0.219943 0.964315 0.345628 
1534185240687 0.338184 0.904912 -0.25839 -0.581252 -0.929426 0.364236 0.0591535 -0.183401 0.147644 0.22015 0.964228 0.345359 
1534185240857 0.338104 0.904948 -0.258368 -0.581881 -0.929423 0.364204 0.0593896 -0.183456 0.147843 0.220054 0.964219 0.345412 
1534185241098 0.337797 0.905078 -0.258314 -0.583149 -0.929506 0.363946 0.0596782 -0.183496 0.148026 0.219946 0.964216 0.345405 
1534185241269 0.337893 0.905098 -0.258121 -0.583778 -0.929466 0.364034 0.0597643 -0.18355 0.148057 0.21972 0.964262 0.345465 
1534185241438 0.337619 0.905212 -0.258081 -0.584417 -0.929529 0.363821 0.0600908 -0.183556 0.14829 0.219606 0.964253 0.345508 
1534185241608 0.337449 0.905259 -0.258136 -0.585088 -0.929573 0.363685 0.0602201 -0.183455 0.148395 0.219635 0.96423 0.345457 
1534185241621 0.337521 0.905221 -0.258176 -0.585154 -0.929544 0.363763 0.0602114 -0.183496 0.148419 0.219663 0.96422 0.34544 
1534185241638 0.337585 0.905187 -0.258212 -0.585233 -0.929517 0.363833 0.0602032 -0.183537 0.148441 0.219688 0.964211 0.345423 
1534185241655 0.337597 0.90518 -0.25822 -0.585303 -0.929511 0.363847 0.0602069 -0.183553 0.148451 0.219692 0.964208 0.345421 
1534185241749 0.337434 0.905279 -0.258087 -0.585279 -0.929633 0.363586 0.0598891 -0.183482 0.148053 0.219717 0.964264 0.34553 
1534185241772 0.337686 0.905141 -0.258242 -0.585247 -0.929605 0.363746 0.0593504 -0.183498 0.147655 0.220021 0.964256 0.345497 
1534185241803 0.337848 0.904994 -0.258543 -0.585223 -0.929624 0.363807 0.0586822 -0.183502 0.147167 0.220522 0.964216 0.345393 
1534185241876 0.338137 0.90467 -0.2593 -0.585259 -0.929572 0.364057 0.0579574 -0.183524 0.146832 0.22144 0.964056 0.345206 
1534185241905 0.338337 0.904535 -0.259508 -0.585283 -0.929557 0.364176 0.0574393 -0.183589 0.146462 0.221794 0.964031 0.345171 
1534185241943 0.338553 0.904389 -0.259734 -0.585306 -0.929535 0.364313 0.0569204 -0.183645 0.146103 0.222162 0.964001 0.345121 
1534185241991 0.33867 0.904265 -0.260016 -0.585346 -0.92956 0.364342 0.0563357 -0.183662 0.145677 0.222621 0.96396 0.345048 
1534185242008 0.338708 0.904224 -0.260106 -0.585361 -0.92957 0.364348 0.0561311 -0.183667 0.145524 0.222774 0.963947 0.34503 
1534185242024 0.338794 0.904165 -0.260198 -0.585377 -0.929571 0.364388 0.0558547 -0.183693 0.145315 0.22295 0.963938 0.34502 
1534185242041 0.338881 0.904104 -0.260299 -0.585397 -0.929574 0.364424 0.0555587 -0.183723 0.14509 0.223139 0.963928 0.345012 
1534185242058 0.338959 0.904043 -0.260409 -0.585421 -0.929584 0.364447 0.0552401 -0.183749 0.144845 0.223348 0.963917 0.345 
1534185242097 0.339024 0.90401 -0.26044 -0.585436 -0.929601 0.364449 0.0549397 -0.183747 0.144583 0.223479 0.963926 0.34498 
1534185242169 0.339426 0.903969 -0.260058 -0.585522 -0.92956 0.364652 0.0542824 -0.1837 0.1439 0.223314 0.964066 0.344979 
1534185242225 0.339891 0.903994 -0.259363 -0.585629 -0.929651 0.364654 0.052686 -0.183653 0.142205 0.223209 0.964342 0.345095 
1534185242281 0.340297 0.903839 -0.25937 -0.585723 -0.929597 0.364899 0.0519371 -0.183676 0.141587 0.223435 0.964381 0.345084 
1534185242322 0.340665 0.903718 -0.259307 -0.585773 -0.929583 0.365061 0.0510418 -0.183768 0.14079 0.22366 0.964445 0.345045 
1534185242339 0.340828 0.903674 -0.259246 -0.585787 -0.929585 0.365117 0.0506006 -0.183816 0.140382 0.223745 0.964485 0.345039 
1534185242356 0.341069 0.903605 -0.259173 -0.58581 -0.929562 0.365242 0.0501203 -0.18386 0.13995 0.223823 0.96453 0.345035 
1534185242372 0.341223 0.903565 -0.259108 -0.585835 -0.929558 0.365303 0.0497442 -0.183878 0.1396 0.223882 0.964567 0.345037 
1534185242389 0.341319 0.903546 -0.259049 -0.585858 -0.929575 0.365311 0.0493857 -0.18388 0.139256 0.223949 0.964601 0.345037 
1534185242406 0.341389 0.90353 -0.259011 -0.585883 -0.929601 0.365293 0.0490224 -0.183874 0.138908 0.224042 0.964629 0.345026 
1534185242422 0.341408 0.903523 -0.25901 -0.585899 -0.9296 0.365301 0.0489751 -0.18385 0.138867 0.224056 0.964632 0.34501 
1534185242439 0.341389 0.903527 -0.25902 -0.58591 -0.929594 0.365304 0.0490635 -0.183816 0.138951 0.224034 0.964625 0.344997 
1534185242547 0.341636 0.903543 -0.258641 -0.585936 -0.929569 0.365418 0.0487017 -0.183712 0.138516 0.223786 0.964745 0.345156 
1534185242562 0.341736 0.903547 -0.258495 -0.585952 -0.929621 0.365362 0.0481119 -0.183713 0.137916 0.223861 0.964814 0.345197 
1534185242577 0.341801 0.903553 -0.258388 -0.585972 -0.929674 0.365295 0.0476021 -0.183693 0.137399 0.223946 0.964868 0.345225 
1534185242598 0.341856 0.903562 -0.258284 -0.586003 -0.929736 0.365208 0.0470507 -0.183648 0.136841 0.224051 0.964923 0.345238 
1534185242614 0.341882 0.903571 -0.258217 -0.586031 -0.929761 0.365173 0.0468283 -0.183586 0.136607 0.22407 0.964951 0.345213 
1534185242632 0.341953 0.903558 -0.258169 -0.586056 -0.92976 0.365198 0.0466499 -0.183541 0.136434 0.224083 0.964973 0.345182 
1534185242647 0.342048 0.903534 -0.258126 -0.586068 -0.92975 0.365248 0.0464692 -0.183527 0.136267 0.224098 0.964993 0.345155 
1534185242706 0.342238 0.90345 -0.258168 -0.586076 -0.929723 0.365364 0.0460991 -0.183628 0.135974 0.224248 0.964999 0.34519 
1534185242720 0.342234 0.903416 -0.258292 -0.586076 -0.92971 0.365389 0.0461484 -0.183648 0.136068 0.224343 0.964964 0.345222 
1534185242757 0.342126 0.903315 -0.258789 -0.586054 -0.929698 0.365396 0.0463449 -0.183688 0.136425 0.22474 0.964821 0.34529 
1534185242794 0.342066 0.903259 -0.259063 -0.586 -0.929719 0.365353 0.0462577 -0.183744 0.136432 0.225032 0.964752 0.345358 
1534185242832 0.341921 0.903259 -0.259256 -0.585991 -0.929793 0.365188 0.0460704 -0.183689 0.136291 0.225302 0.964709 0.345399 
1534185242856 0.341879 0.903227 -0.259424 -0.586013 -0.929829 0.365122 0.0458664 -0.183665 0.136149 0.225539 0.964674 0.345409 
1534185242873 0.341875 0.903213 -0.259477 -0.586021 -0.929843 0.365101 0.0457601 -0.183664 0.136066 0.225628 0.964665 0.345418 
1534185242889 0.341943 0.903165 -0.259553 -0.586034 -0.929852 0.365114 0.045469 -0.183675 0.135832 0.225798 0.964658 0.345452 
1534185242906 0.341992 0.903136 -0.259589 -0.58604 -0.929858 0.365123 0.0452706 -0.183685 0.135667 0.225899 0.964658 0.345474 
1534185242923 0.34204 0.903105 -0.259635 -0.586047 -0.929872 0.365119 0.0450135 -0.183696 0.13545 0.226031 0.964657 0.345501 
1534185242939 0.342064 0.90309 -0.259655 -0.58605 -0.929884 0.365108 0.0448529 -0.183699 0.135309 0.226107 0.964659 0.345521 
1534185242960 0.342067 0.903093 -0.25964 -0.586049 -0.929892 0.365095 0.0447903 -0.183693 0.135243 0.226116 0.964666 0.345536 
1534185242977 0.342033 0.903103 -0.25965 -0.586049 -0.929905 0.365062 0.0447907 -0.183673 0.135239 0.22613 0.964663 0.34553 
1534185242993 0.341999 0.903113 -0.259661 -0.58605 -0.929914 0.365036 0.0448226 -0.18365 0.135266 0.226133 0.964659 0.345517 
1534185243009 0.341963 0.903126 -0.259664 -0.58605 -0.929918 0.365017 0.0448992 -0.183619 0.135332 0.226112 0.964655 0.345496 
1534185243030 0.341933 0.903143 -0.259644 -0.586049 -0.92992 0.365001 0.0449779 -0.183586 0.135392 0.226069 0.964656 0.345484 
1534185243046 0.341915 0.903164 -0.259594 -0.586045 -0.92992 0.364993 0.0450497 -0.183555 0.135437 0.225998 0.964667 0.345481 
1534185243063 0.341908 0.903178 -0.259555 -0.586042 -0.929923 0.364984 0.0450664 -0.183532 0.135436 0.225957 0.964676 0.345476 
1534185243080 0.341913 0.903175 -0.259557 -0.586046 -0.929928 0.364976 0.0450101 -0.183515 0.135384 0.22598 0.964678 0.345469 
1534185243096 0.341916 0.903168 -0.25958 -0.586052 -0.929953 0.364937 0.0448156 -0.183512 0.135206 0.226074 0.964681 0.345459 
1534185243201 0.342133 0.903086 -0.259577 -0.586066 -0.929878 0.365139 0.0447266 -0.183699 0.135174 0.226073 0.964686 0.345502 
1534185243215 0.342067 0.903127 -0.259522 -0.58606 -0.92986 0.365143 0.0450673 -0.183701 0.135464 0.225903 0.964685 0.345511 
1534185243231 0.341939 0.903195 -0.259456 -0.586051 -0.929844 0.365121 0.0455781 -0.183705 0.135899 0.225668 0.964679 0.345521 
1534185243248 0.34188 0.903227 -0.259421 -0.586045 -0.929807 0.365158 0.04602 -0.183725 0.136296 0.225478 0.964667 0.345528 
1534185243265 0.34184 0.903217 -0.259507 -0.586055 -0.92978 0.365194 0.0462933 -0.183754 0.136583 0.22546 0.964631 0.345535 
1534185243285 0.341813 0.903191 -0.259632 -0.586071 -0.929744 0.365249 0.0465689 -0.183793 0.136891 0.225474 0.964584 0.345549 
1534185243301 0.341809 0.903174 -0.259698 -0.586084 -0.929713 0.365302 0.0467763 -0.183826 0.137115 0.225456 0.964556 0.345566 
1534185243318 0.341778 0.903174 -0.259738 -0.5861 -0.9297 0.365314 0.0469365 -0.183843 0.137278 0.225437 0.964538 0.345574 
1534185243335 0.341709 0.903196 -0.259755 -0.586114 -0.929701 0.365288 0.0471196 -0.183849 0.137444 0.225393 0.964524 0.345584 
1534185243428 0.341946 0.90318 -0.259499 -0.586102 -0.929615 0.365503 0.0471542 -0.183844 0.137436 0.22511 0.964592 0.34556 
1534185243441 0.342123 0.903131 -0.259436 -0.58609 -0.92959 0.365605 0.0468524 -0.183832 0.137165 0.22514 0.964623 0.34554 
1534185243458 0.342296 0.903084 -0.259371 -0.586077 -0.929592 0.365662 0.0463742 -0.1838 0.136722 0.225235 0.964664 0.345519 
1534185243475 0.342374 0.903065 -0.259331 -0.586069 -0.929624 0.365635 0.0459362 -0.183755 0.136304 0.225353 0.964695 0.3455 
1534185243491 0.342401 0.903066 -0.259292 -0.586064 -0.929662 0.36558 0.0456078 -0.183716 0.135979 0.225438 0.964721 0.345489 
1534185243508 0.342411 0.903081 -0.259229 -0.586062 -0.929686 0.365541 0.0454353 -0.183672 0.135791 0.225444 0.964746 0.345497 
1534185243528 0.342443 0.903093 -0.259142 -0.586062 -0.929689 0.365543 0.0453549 -0.183606 0.135687 0.22539 0.964774 0.345512 
1534185243545 0.342528 0.903076 -0.259092 -0.586062 -0.929662 0.365616 0.0453251 -0.183574 0.13566 0.225342 0.964789 0.34552 
1534185243561 0.342651 0.903044 -0.259041 -0.586065 -0.929622 0.365723 0.0452747 -0.183561 0.135622 0.225297 0.964805 0.345527 
1534185243672 0.342772 0.902935 -0.259259 -0.586052 -0.92958 0.365846 0.0451334 -0.183654 0.135601 0.225532 0.964753 0.345498 
1534185243686 0.342492 0.902967 -0.25952 -0.586052 -0.92967 0.365611 0.045199 -0.183678 0.135696 0.225787 0.96468 0.345478 
1534185243703 0.342127 0.903016 -0.259827 -0.586038 -0.929787 0.365301 0.0452897 -0.183711 0.135813 0.226089 0.964592 0.345462 
1534185243725 0.341878 0.903024 -0.260131 -0.586014 -0.929853 0.365118 0.0454157 -0.183755 0.13599 0.226357 0.964505 0.345468 
1534185243784 0.341607 0.903042 -0.260423 -0.585962 -0.929922 0.364921 0.0455818 -0.183779 0.136196 0.226602 0.964418 0.345541 
1534185243813 0.341339 0.903044 -0.260766 -0.585968 -0.92999 0.364729 0.0457269 -0.183747 0.136402 0.226902 0.964318 0.345566 
1534185243831 0.341064 0.903074 -0.261023 -0.585975 -0.930072 0.364507 0.0458265 -0.183726 0.136529 0.227141 0.964244 0.345579 
1534185243847 0.340893 0.903086 -0.261205 -0.585976 -0.930123 0.36437 0.0458848 -0.183723 0.136613 0.227311 0.964192 0.345588 
1534185243863 0.340733 0.903092 -0.261392 -0.58597 -0.93017 0.364245 0.0459352 -0.18373 0.136694 0.227487 0.964139 0.345599 
1534185243880 0.340592 0.9031 -0.261549 -0.585956 -0.930217 0.364123 0.0459374 -0.183748 0.136722 0.227652 0.964096 0.345602 
1534185243897 0.340568 0.903102 -0.261572 -0.585953 -0.930227 0.3641 0.0459306 -0.183752 0.136718 0.227679 0.96409 0.345601 
1534185243913 0.340433 0.903094 -0.261775 -0.58592 -0.930266 0.363996 0.0459526 -0.18378 0.136784 0.227876 0.964034 0.345604 
1534185243983 0.340626 0.903013 -0.261804 -0.585927 -0.930156 0.36425 0.0461654 -0.18384 0.13705 0.227793 0.964016 0.345602 
1534185243997 0.340734 0.903008 -0.26168 -0.585939 -0.9301 0.364376 0.0463058 -0.183845 0.137164 0.227611 0.964043 0.345589 
1534185244013 0.34086 0.903013 -0.261499 -0.585957 -0.930032 0.364524 0.0464965 -0.183842 0.13731 0.227354 0.964083 0.345574 
1534185244030 0.341056 0.903027 -0.261195 -0.585959 -0.929954 0.364709 0.046614 -0.183839 0.137354 0.227002 0.96416 0.345566 
1534185244047 0.341278 0.903017 -0.260941 -0.585968 -0.929872 0.364912 0.046664 -0.183846 0.137359 0.226716 0.964226 0.345553 
1534185244070 0.341428 0.903006 -0.260782 -0.58598 -0.929817 0.365048 0.0466871 -0.183851 0.137357 0.22654 0.964268 0.345539 
1534185244087 0.341454 0.903003 -0.260759 -0.58599 -0.929797 0.36509 0.046768 -0.183839 0.137432 0.226484 0.96427 0.345532 
1534185244103 0.341432 0.903009 -0.260766 -0.585999 -0.929787 0.365099 0.046896 -0.183817 0.137553 0.226445 0.964262 0.345513 
1534185244120 0.341412 0.90301 -0.260789 -0.586007 -0.929772 0.365117 0.0470478 -0.183796 0.137703 0.226412 0.964249 0.345485 
1534185244137 0.341404 0.903008 -0.260805 -0.586013 -0.92976 0.365135 0.0471457 -0.183786 0.137802 0.22639 0.96424 0.345467 
1534185244175 0.34121 0.903079 -0.260816 -0.586023 -0.929817 0.364971 0.0472913 -0.183778 0.137898 0.226375 0.96423 0.345449 
1534185244209 0.341077 0.90315 -0.260742 -0.58603 -0.929866 0.364839 0.0473562 -0.183796 0.137898 0.226303 0.964246 0.34546 
1534185244235 0.340981 0.903243 -0.260547 -0.586024 -0.929909 0.364721 0.0474036 -0.183823 0.137844 0.226122 0.964297 0.345469 
1534185244256 0.34085 0.903339 -0.260385 -0.58602 -0.929963 0.364577 0.0474609 -0.183845 0.137804 0.225971 0.964338 0.345474 
1534185244276 0.340746 0.903436 -0.260185 -0.586017 -0.929996 0.364474 0.047606 -0.183868 0.137839 0.225749 0.964385 0.345477 
1534185244292 0.340724 0.903482 -0.260054 -0.586025 -0.929996 0.364459 0.047721 -0.183898 0.137894 0.22559 0.964414 0.345475 
1534185244308 0.340725 0.90352 -0.259921 -0.586034 -0.929988 0.364466 0.0478313 -0.183936 0.137949 0.225426 0.964445 0.345476 
1534185244325 0.340738 0.903559 -0.259767 -0.586041 -0.929976 0.364482 0.0479382 -0.183973 0.137995 0.225242 0.964481 0.34547 
1534185244342 0.340739 0.903596 -0.259637 -0.586046 -0.929967 0.364489 0.0480504 -0.184003 0.138053 0.225081 0.96451 0.345451 
1534185244359 0.340732 0.903624 -0.25955 -0.586053 -0.929959 0.364496 0.0481621 -0.184025 0.138125 0.22496 0.964528 0.345425 
1534185244413 0.340535 0.903689 -0.259582 -0.586052 -0.929988 0.364376 0.0484994 -0.183979 0.138414 0.224892 0.964503 0.345379 
1534185244430 0.340421 0.90371 -0.259659 -0.58605 -0.930014 0.364295 0.0486045 -0.183953 0.138517 0.224941 0.964476 0.345375 
1534185244443 0.340276 0.903697 -0.25989 -0.58606 -0.930033 0.364223 0.0487849 -0.183931 0.138745 0.225106 0.964405 0.34537 
1534185244471 0.34002 0.903669 -0.260324 -0.586076 -0.930044 0.364132 0.0492488 -0.183923 0.139297 0.225367 0.964265 0.345389 
1534185244504 0.339825 0.90371 -0.260437 -0.586043 -0.930029 0.36409 0.0498562 -0.183983 0.139878 0.225272 0.964203 0.345462 
1534185244522 0.339702 0.903767 -0.260398 -0.586018 -0.930032 0.364035 0.0501883 -0.184007 0.140153 0.22513 0.964196 0.345486 
1534185244538 0.339582 0.903812 -0.260398 -0.586 -0.930031 0.363991 0.0505285 -0.18403 0.140451 0.22502 0.964178 0.345485 
1534185244555 0.339515 0.903832 -0.260416 -0.585994 -0.930015 0.363992 0.0508184 -0.184055 0.140721 0.224937 0.964158 0.345473 
1534185244658 0.33962 0.903742 -0.260594 -0.586018 -0.929932 0.364175 0.0510242 -0.184163 0.141015 0.225006 0.964099 0.345504 
1534185244672 0.339821 0.90365 -0.260649 -0.58603 -0.929902 0.364304 0.0506527 -0.184163 0.140728 0.225165 0.964104 0.345522 
1534185244688 0.33996 0.903579 -0.260715 -0.586037 -0.929897 0.364368 0.0502766 -0.184143 0.140425 0.225346 0.964106 0.345533 
1534185244709 0.340081 0.903533 -0.260716 -0.586028 -0.929896 0.364416 0.0499494 -0.184091 0.14014 0.225452 0.964122 0.34555 
1534185244725 0.340098 0.90353 -0.260704 -0.586013 -0.929912 0.364396 0.0497943 -0.184049 0.13999 0.225497 0.964134 0.345556 
1534185244742 0.340022 0.903551 -0.26073 -0.586001 -0.929951 0.364305 0.0497234 -0.184012 0.139913 0.22556 0.96413 0.345551 
1534185244762 0.339941 0.903556 -0.260821 -0.585993 -0.929984 0.364226 0.0496837 -0.183971 0.13989 0.22567 0.964108 0.345536 
1534185244779 0.339892 0.903515 -0.261023 -0.586003 -0.929985 0.364217 0.0497299 -0.183932 0.140001 0.225845 0.964051 0.345526 
1534185244795 0.339892 0.903461 -0.261211 -0.586017 -0.929967 0.364257 0.0497825 -0.183903 0.140124 0.225997 0.963997 0.345532 
1534185244813 0.339912 0.903412 -0.261354 -0.586027 -0.929947 0.364305 0.049806 -0.183881 0.140208 0.226116 0.963957 0.345549 
1534185244829 0.339917 0.903376 -0.261472 -0.586035 -0.929942 0.364321 0.0497786 -0.183868 0.140229 0.226234 0.963927 0.345564 
1534185244845 0.339902 0.903352 -0.261575 -0.58604 -0.929947 0.364313 0.0497446 -0.183854 0.140232 0.226343 0.9639 0.34557 
1534185244872 0.339897 0.903344 -0.261609 -0.586039 -0.929958 0.364295 0.0496676 -0.183848 0.14017 0.226404 0.963895 0.345573 
1534185244886 0.339941 0.903342 -0.261558 -0.586038 -0.92995 0.364321 0.0496201 -0.18386 0.140115 0.226368 0.963911 0.345573 
1534185244902 0.340027 0.90334 -0.261454 -0.586036 -0.92993 0.36438 0.0495619 -0.183881 0.14004 0.226282 0.963943 0.34558 
1534185244925 0.340314 0.903344 -0.261065 -0.586019 -0.929875 0.364558 0.0493025 -0.183955 0.13971 0.225979 0.964061 0.345629 
1534185244936 0.34043 0.903337 -0.26094 -0.586012 -0.929849 0.364635 0.0492069 -0.183977 0.139598 0.225884 0.9641 0.345643 
1534185244952 0.340693 0.903319 -0.260659 -0.585996 -0.929795 0.364807 0.0489614 -0.184022 0.139318 0.225678 0.964189 0.345676 
1534185244969 0.340874 0.903303 -0.260477 -0.585996 -0.929763 0.364916 0.0487502 -0.18403 0.139088 0.225564 0.964249 0.345689 
1534185244986 0.341037 0.903247 -0.260458 -0.586014 -0.929726 0.365037 0.0485609 -0.184023 0.138939 0.225593 0.964263 0.345684 
1534185245006 0.341188 0.903185 -0.260475 -0.586035 -0.929698 0.36514 0.0483242 -0.184017 0.138755 0.225675 0.964271 0.345675 
1534185245024 0.341321 0.90313 -0.26049 -0.586048 -0.929683 0.365214 0.0480466 -0.183994 0.138527 0.225774 0.96428 0.345665 
1534185245039 0.341285 0.903133 -0.260528 -0.586052 -0.929706 0.365165 0.0479717 -0.183971 0.138461 0.225843 0.964274 0.345649 
1534185245056 0.341158 0.903157 -0.260611 -0.58606 -0.929752 0.365047 0.0479767 -0.183932 0.138466 0.225936 0.964251 0.345618 
1534185245072 0.341064 0.90316 -0.260724 -0.58607 -0.929778 0.364977 0.0480128 -0.18391 0.138521 0.22604 0.964219 0.345586 
1534185245089 0.340975 0.903149 -0.260878 -0.586082 -0.929798 0.364918 0.0480603 -0.183886 0.138605 0.226177 0.964175 0.345549 
1534185245106 0.340848 0.903176 -0.260953 -0.586084 -0.929844 0.364801 0.0480687 -0.183864 0.13861 0.226261 0.964154 0.345528 
1534185245122 0.340764 0.903193 -0.261004 -0.586084 -0.929879 0.364715 0.0480403 -0.183841 0.138582 0.226332 0.964142 0.345513 
1534185245139 0.340757 0.903193 -0.261013 -0.586083 -0.929893 0.36469 0.0479567 -0.183833 0.138503 0.226372 0.964143 0.345509 
1534185245156 0.340782 0.903185 -0.261006 -0.58608 -0.929903 0.364682 0.0478193 -0.183834 0.138374 0.226414 0.964152 0.345506 
1534185245299 0.34056 0.903277 -0.260979 -0.586032 -0.929855 0.364677 0.0487864 -0.183854 0.139241 0.226058 0.964111 0.345575 
1534185245312 0.340387 0.903321 -0.261053 -0.586028 -0.929874 0.364586 0.0491129 -0.183896 0.139541 0.226029 0.964074 0.345605 
1534185245328 0.340257 0.903349 -0.261123 -0.586018 -0.929876 0.364536 0.0494283 -0.183945 0.13984 0.225994 0.964039 0.345633 
1534185245345 0.340172 0.903357 -0.261208 -0.586006 -0.929853 0.364547 0.0497949 -0.183995 0.140205 0.225946 0.963997 0.345659 
1534185245365 0.340149 0.90335 -0.26126 -0.585995 -0.929824 0.364588 0.0500348 -0.184028 0.140451 0.225906 0.963971 0.345672 
1534185245382 0.340106 0.903343 -0.26134 -0.585982 -0.929802 0.364611 0.0502694 -0.184067 0.140698 0.225898 0.963937 0.345665 
1534185245398 0.34007 0.903341 -0.261395 -0.585972 -0.929795 0.364612 0.0503986 -0.184105 0.140835 0.225904 0.963915 0.34566 
1534185245415 0.340017 0.903345 -0.26145 -0.585959 -0.929794 0.364597 0.0505291 -0.184153 0.140969 0.225914 0.963893 0.345657 
1534185245432 0.339926 0.903365 -0.261501 -0.585948 -0.929806 0.364545 0.0506727 -0.184196 0.141105 0.22592 0.963872 0.345662 
1534185245448 0.339802 0.903404 -0.261524 -0.58595 -0.929838 0.364447 0.0507878 -0.184202 0.141194 0.225918 0.96386 0.345667 
1534185245465 0.33972 0.903436 -0.261523 -0.585956 -0.92986 0.364381 0.050868 -0.184184 0.14125 0.225899 0.963856 0.345673 
1534185245533 0.339576 0.903542 -0.261344 -0.586002 -0.929901 0.364249 0.0510535 -0.184082 0.141323 0.225688 0.963895 0.34568 
1534185245553 0.339355 0.903663 -0.261212 -0.586015 -0.929987 0.36402 0.0511272 -0.184073 0.141288 0.225574 0.963926 0.34567 
1534185245575 0.339169 0.903752 -0.261144 -0.586016 -0.93003 0.363876 0.0513764 -0.184069 0.141455 0.225446 0.963932 0.345633 
1534185245592 0.33908 0.903788 -0.261138 -0.586017 -0.930029 0.363842 0.051625 -0.184084 0.141671 0.225361 0.96392 0.345603 
1534185245610 0.339045 0.9038 -0.261138 -0.586015 -0.930007 0.363863 0.0518694 -0.184114 0.141898 0.225274 0.963907 0.345582 
1534185245762 0.33905 0.903815 -0.261082 -0.586011 -0.930099 0.363716 0.0512554 -0.184139 0.141285 0.225454 0.963955 0.34567 
1534185245780 0.339219 0.90374 -0.261123 -0.586029 -0.930082 0.36381 0.0508858 -0.184088 0.140987 0.225604 0.963963 0.345655 
1534185245800 0.339339 0.903693 -0.261128 -0.586046 -0.930091 0.363843 0.0504974 -0.184011 0.140644 0.225737 0.963983 0.345643 
1534185245863 0.339624 0.903624 -0.260995 -0.586019 -0.930074 0.363971 0.0498756 -0.183972 0.140064 0.225806 0.964051 0.345681 
1534185245898 0.339914 0.903533 -0.260936 -0.586008 -0.930038 0.364135 0.0493439 -0.183996 0.1396 0.225908 0.964094 0.345759 
1534185245923 0.340115 0.903458 -0.260934 -0.586007 -0.930018 0.364243 0.048921 -0.184011 0.139241 0.226034 0.964116 0.345803 
1534185245959 0.340238 0.903413 -0.260926 -0.586015 -0.930053 0.364233 0.0483396 -0.183966 0.138708 0.226228 0.964148 0.345829 
1534185245994 0.340318 0.903376 -0.260951 -0.586029 -0.930106 0.364176 0.0477308 -0.183903 0.138151 0.226469 0.964171 0.345822 
1534185246011 0.34037 0.903352 -0.260965 -0.586033 -0.930122 0.36417 0.0474706 -0.183889 0.137918 0.226571 0.96418 0.345821 
1534185246028 0.340452 0.903315 -0.260989 -0.586039 -0.930136 0.364177 0.0471283 -0.183877 0.137618 0.226711 0.964191 0.345818 
1534185246145 0.341004 0.903216 -0.26061 -0.586033 -0.930063 0.36448 0.0462343 -0.18386 0.136747 0.226618 0.964336 0.345787 
1534185246172 0.341154 0.903291 -0.260153 -0.586027 -0.929993 0.364626 0.0464817 -0.183865 0.136845 0.226083 0.964448 0.345766 
1534185246217 0.341083 0.903425 -0.259779 -0.586057 -0.930017 0.364541 0.0466661 -0.183902 0.136859 0.225682 0.96454 0.345708 
1534185246265 0.34118 0.903493 -0.259414 -0.586073 -0.930015 0.364561 0.0465513 -0.183903 0.136631 0.225376 0.964644 0.345685 
1534185246346 0.341487 0.903588 -0.25868 -0.586125 -0.930026 0.364616 0.0458912 -0.183713 0.135786 0.224908 0.964872 0.345548 
1534185246381 0.34163 0.903653 -0.258264 -0.586145 -0.930051 0.364605 0.0454705 -0.183639 0.135254 0.224665 0.965004 0.345511 
1534185246399 0.341747 0.903658 -0.258093 -0.586143 -0.930039 0.364659 0.0452868 -0.183644 0.13504 0.22456 0.965058 0.345496 
1534185246415 0.341915 0.90364 -0.257934 -0.586145 -0.930005 0.364767 0.0451099 -0.183678 0.134849 0.224456 0.965109 0.345482 
1534185246432 0.342075 0.903629 -0.257758 -0.586144 -0.929974 0.364867 0.04494 -0.183712 0.134656 0.224335 0.965164 0.345474 
1534185246449 0.342182 0.903636 -0.257592 -0.586139 -0.929957 0.364925 0.0448181 -0.183731 0.134501 0.224213 0.965214 0.345454 
1534185246543 0.341795 0.903746 -0.257721 -0.58615 -0.92998 0.364756 0.0457267 -0.183665 0.13533 0.224046 0.965137 0.345421 
1534185246557 0.341585 0.903759 -0.257951 -0.586157 -0.929994 0.364668 0.0461303 -0.183659 0.135757 0.224136 0.965056 0.34542 
1534185246574 0.341389 0.903748 -0.25825 -0.586166 -0.929984 0.364628 0.0466451 -0.183678 0.136321 0.224244 0.964951 0.345421 
1534185246600 0.341263 0.90371 -0.25855 -0.586149 -0.929921 0.364701 0.0473267 -0.183765 0.137063 0.22428 0.964838 0.345438 
1534185246648 0.341411 0.903655 -0.258548 -0.586082 -0.929786 0.364976 0.047858 -0.183918 0.137611 0.224055 0.964812 0.345481 
1534185246677 0.341247 0.903719 -0.258539 -0.58607 -0.929788 0.364911 0.0483101 -0.183901 0.138002 0.223901 0.964792 0.345488 
1534185246697 0.34104 0.903797 -0.258537 -0.586061 -0.929811 0.364797 0.0487343 -0.18387 0.13836 0.223771 0.964771 0.345477 
1534185246714 0.340899 0.90384 -0.258574 -0.586055 -0.929819 0.364732 0.0490573 -0.183845 0.13865 0.223703 0.964745 0.345452 
1534185246731 0.340773 0.903871 -0.258633 -0.586048 -0.929807 0.364708 0.0494741 -0.183826 0.139044 0.22362 0.964708 0.345413 
1534185246827 0.340717 0.903801 -0.258953 -0.586053 -0.92973 0.364827 0.0500335 -0.183931 0.139693 0.223709 0.964593 0.345461 
1534185246865 0.340576 0.903692 -0.259516 -0.586055 -0.9298 0.364692 0.049716 -0.183913 0.139571 0.224366 0.964458 0.345503 
1534185246911 0.340617 0.903542 -0.259983 -0.586011 -0.929775 0.364774 0.0495848 -0.183929 0.139637 0.224836 0.964339 0.345542 
1534185246956 0.34061 0.903449 -0.260315 -0.585976 -0.929729 0.364863 0.0497845 -0.183967 0.139957 0.225065 0.964239 0.345575 
1534185247021 0.340416 0.903335 -0.260967 -0.585933 -0.929674 0.364914 0.0504427 -0.18403 0.140797 0.225442 0.964029 0.345577 
1534185247057 0.340355 0.903238 -0.261381 -0.585894 -0.929622 0.364997 0.0507996 -0.184107 0.141288 0.225696 0.963898 0.345566 
1534185247114 0.340311 0.903117 -0.261856 -0.585842 -0.929549 0.365124 0.0512241 -0.184208 0.141871 0.225976 0.963747 0.345605 
1534185247127 0.340234 0.903118 -0.26195 -0.585843 -0.92956 0.365082 0.0513236 -0.184201 0.141984 0.226036 0.963716 0.345627 
1534185247143 0.340146 0.903115 -0.262075 -0.585848 -0.92957 0.365039 0.051448 -0.184192 0.142131 0.226118 0.963675 0.34565 
1534185247160 0.340045 0.903104 -0.262245 -0.585853 -0.929575 0.365001 0.0516168 -0.184186 0.142335 0.226224 0.96362 0.345677 
1534185247177 0.339953 0.903089 -0.262417 -0.585853 -0.929576 0.364974 0.0517955 -0.184188 0.142551 0.226328 0.963563 0.345705 
1534185247193 0.339896 0.903081 -0.262517 -0.585849 -0.929574 0.36496 0.0519204 -0.184195 0.142697 0.226382 0.963529 0.34573 
1534185247210 0.339862 0.903078 -0.262573 -0.585846 -0.929576 0.364947 0.0519794 -0.1842 0.142767 0.226415 0.963511 0.34574 
1534185247227 0.339851 0.903083 -0.262569 -0.585838 -0.929583 0.364932 0.0519601 -0.184203 0.142744 0.226421 0.963513 0.345736 
1534185247247 0.339872 0.903085 -0.262536 -0.585829 -0.929589 0.364929 0.0518808 -0.184214 0.14266 0.226417 0.963527 0.345714 
1534185247265 0.339951 0.903066 -0.2625 -0.585829 -0.92958 0.364971 0.0517387 -0.184239 0.142528 0.226426 0.963544 0.345665 
1534185247280 0.339998 0.903076 -0.262402 -0.585822 -0.929581 0.364982 0.0516431 -0.184247 0.14241 0.226365 0.963576 0.345648 
1534185247297 0.340047 0.903104 -0.262244 -0.585815 -0.929593 0.364974 0.0514944 -0.184244 0.142217 0.226269 0.963627 0.345619 
1534185247313 0.34004 0.903127 -0.262173 -0.585815 -0.929611 0.364938 0.0514166 -0.184226 0.142112 0.226235 0.96365 0.345603 
1534185247330 0.340043 0.903122 -0.262187 -0.585824 -0.929615 0.364934 0.0513788 -0.184206 0.142082 0.226262 0.963648 0.34559 
1534185247347 0.340037 0.903113 -0.262226 -0.585833 -0.929616 0.364932 0.0513718 -0.184192 0.142089 0.226301 0.963638 0.345579 
1534185247363 0.340025 0.903114 -0.262238 -0.585837 -0.929619 0.364923 0.0513781 -0.184181 0.142097 0.226312 0.963635 0.34558 
1534185247380 0.339995 0.903094 -0.262344 -0.585855 -0.929616 0.364921 0.0514354 -0.184166 0.142186 0.226391 0.963603 0.345582 
1534185247397 0.339965 0.903059 -0.262504 -0.585879 -0.929608 0.364933 0.0515111 -0.18415 0.142314 0.226513 0.963555 0.345587 
1534185247414 0.339976 0.903036 -0.262567 -0.585892 -0.929599 0.364955 0.0515152 -0.184148 0.142345 0.226568 0.963538 0.345603 
1534185247430 0.339997 0.903011 -0.262628 -0.585906 -0.929594 0.364975 0.0514711 -0.184149 0.142331 0.226637 0.963523 0.345619 
1534185247450 0.340147 0.902961 -0.262606 -0.585914 -0.929554 0.365094 0.051332 -0.184162 0.142226 0.226646 0.963537 0.345657 
1534185247467 0.340221 0.902943 -0.262571 -0.585918 -0.92954 0.365143 0.0512424 -0.184165 0.142145 0.226636 0.963551 0.345685 
1534185247483 0.340293 0.902928 -0.262529 -0.585924 -0.929527 0.36519 0.0511511 -0.184163 0.142059 0.226621 0.963567 0.345715 
1534185247500 0.340348 0.902915 -0.262504 -0.585932 -0.929516 0.365227 0.0510858 -0.184157 0.142 0.226614 0.963578 0.345736 
1534185247553 0.340341 0.902947 -0.262401 -0.585952 -0.929544 0.365174 0.0509542 -0.184109 0.141831 0.226572 0.963613 0.34577 
1534185247594 0.340366 0.90306 -0.261979 -0.585933 -0.929617 0.365043 0.0505624 -0.18408 0.141295 0.226331 0.963748 0.345696 
1534185247613 0.340426 0.90309 -0.261798 -0.585936 -0.929631 0.365033 0.0503715 -0.184085 0.141055 0.226228 0.963807 0.345652 
1534185247629 0.340482 0.903126 -0.261602 -0.585947 -0.929639 0.365031 0.0502401 -0.184071 0.140866 0.226089 0.963868 0.345602 
1534185247665 0.340481 0.903187 -0.261393 -0.585994 -0.929682 0.364949 0.0500324 -0.184001 0.140584 0.225977 0.963935 0.345529 
1534185247677 0.340477 0.903215 -0.261303 -0.586014 -0.929703 0.364909 0.0499392 -0.183972 0.140458 0.225931 0.963964 0.345506 
1534185247693 0.340477 0.903245 -0.261195 -0.586038 -0.929727 0.364864 0.0498133 -0.183943 0.140294 0.22588 0.964 0.345483 
1534185247711 0.34051 0.903279 -0.261034 -0.586058 -0.92975 0.364832 0.0496316 -0.18393 0.140065 0.225797 0.964053 0.345478 
1534185247727 0.340575 0.903311 -0.260842 -0.586075 -0.929765 0.36482 0.0494209 -0.183931 0.139803 0.22569 0.964116 0.34549 
1534185247743 0.340651 0.903328 -0.260682 -0.58609 -0.929768 0.364836 0.0492561 -0.183934 0.139601 0.225595 0.964167 0.345503 
1534185247761 0.340739 0.903322 -0.260589 -0.586101 -0.929759 0.364878 0.049108 -0.183931 0.139443 0.225552 0.9642 0.345519 
1534185247777 0.340809 0.903303 -0.260564 -0.586094 -0.929747 0.364923 0.049007 -0.183928 0.139354 0.225557 0.964212 0.345523 
1534185247797 0.340809 0.90329 -0.260607 -0.586076 -0.929749 0.364921 0.0489753 -0.183922 0.13934 0.225608 0.964202 0.345505 
1534185247815 0.340793 0.903277 -0.260674 -0.586046 -0.929747 0.364922 0.0490057 -0.18392 0.139391 0.22566 0.964182 0.345493 
1534185247834 0.340777 0.903232 -0.26085 -0.586024 -0.929726 0.36496 0.0491261 -0.183917 0.139572 0.225778 0.964129 0.345481 
1534185247850 0.340752 0.90316 -0.26113 -0.58602 -0.929694 0.365018 0.0493007 -0.183913 0.139844 0.225972 0.964044 0.345483 
1534185247941 0.340934 0.903052 -0.261268 -0.586012 -0.929642 0.365177 0.0490974 -0.18396 0.139747 0.226147 0.964017 0.34555 
1534185247954 0.340959 0.903079 -0.261142 -0.586014 -0.929645 0.365176 0.0490583 -0.183969 0.139666 0.226042 0.964053 0.345543 
1534185247975 0.341008 0.903175 -0.260747 -0.586016 -0.929659 0.365149 0.048984 -0.183984 0.139453 0.225702 0.964164 0.345513 
1534185247988 0.340908 0.903252 -0.26061 -0.586023 -0.929703 0.365033 0.0490152 -0.18398 0.139404 0.22558 0.964199 0.34549 
1534185248005 0.340778 0.903338 -0.260483 -0.586032 -0.929756 0.364892 0.0490615 -0.183971 0.139367 0.225466 0.964231 0.345462 
1534185248021 0.340688 0.903404 -0.260372 -0.586047 -0.929794 0.364791 0.0491004 -0.183966 0.139339 0.225364 0.964259 0.345429 
1534185248038 0.340625 0.903449 -0.260298 -0.586058 -0.92982 0.364721 0.0491241 -0.183965 0.139317 0.225297 0.964278 0.345402 
1534185248058 0.340522 0.903515 -0.260202 -0.586059 -0.929864 0.364606 0.0491477 -0.183953 0.139277 0.225217 0.964303 0.345382 
1534185248074 0.340444 0.90357 -0.260114 -0.586056 -0.929898 0.364517 0.0491635 -0.183941 0.139239 0.225142 0.964325 0.345368 
1534185248091 0.340359 0.903638 -0.259987 -0.586049 -0.929939 0.364411 0.0491666 -0.183935 0.139171 0.225038 0.964359 0.345352 
1534185248108 0.340282 0.903705 -0.259855 -0.586041 -0.92998 0.364309 0.0491524 -0.183937 0.139087 0.224934 0.964396 0.345338 
1534185248125 0.340217 0.903763 -0.259738 -0.586032 -0.930016 0.36422 0.0491338 -0.183939 0.139007 0.224844 0.964428 0.345328 
1534185248188 0.340257 0.903753 -0.259721 -0.586051 -0.93002 0.364227 0.0489979 -0.183933 0.138879 0.224874 0.96444 0.345279 
1534185248202 0.340391 0.903705 -0.259715 -0.586057 -0.929977 0.364347 0.048924 -0.183938 0.138839 0.224876 0.964445 0.345278 
1534185248252 0.341118 0.903602 -0.259117 -0.586071 -0.929807 0.364863 0.0483101 -0.183913 0.138195 0.224449 0.964637 0.345387 
1534185248280 0.341233 0.903647 -0.258807 -0.586094 -0.929824 0.364862 0.0479897 -0.183857 0.137795 0.22427 0.964736 0.345408 
1534185248293 0.341273 0.903669 -0.258679 -0.586109 -0.929839 0.364845 0.0478225 -0.183833 0.137594 0.22421 0.964779 0.345401 
1534185248310 0.341326 0.903693 -0.258526 -0.586126 -0.929854 0.364833 0.0476298 -0.183804 0.137362 0.224135 0.964829 0.345387 
1534185248327 0.341344 0.903725 -0.25839 -0.586151 -0.929882 0.364786 0.0474353 -0.183764 0.137126 0.224081 0.964875 0.345355 
1534185248343 0.341381 0.903747 -0.258262 -0.586168 -0.929902 0.364761 0.047243 -0.183742 0.1369 0.224031 0.964919 0.345324 
1534185248360 0.341441 0.90375 -0.258173 -0.586175 -0.929904 0.364776 0.0470951 -0.183745 0.136738 0.223996 0.96495 0.3453 
1534185248377 0.341535 0.90374 -0.258084 -0.586171 -0.929892 0.364825 0.0469482 -0.183772 0.136584 0.223956 0.964981 0.345279 
1534185248393 0.341599 0.903718 -0.258078 -0.586173 -0.929872 0.364881 0.0469096 -0.183794 0.136561 0.223955 0.964985 0.345279 
1534185248411 0.341659 0.903696 -0.258074 -0.586164 -0.92985 0.364938 0.0468924 -0.183809 0.136557 0.223949 0.964987 0.345303 
1534185248443 0.341757 0.903665 -0.258055 -0.586143 -0.929829 0.365007 0.0467662 -0.183808 0.136453 0.223964 0.964998 0.345358 
1534185248463 0.341871 0.903619 -0.258064 -0.586137 -0.929805 0.365089 0.0466114 -0.18381 0.136336 0.224015 0.965003 0.345399 
1534185248480 0.342051 0.90356 -0.258032 -0.586132 -0.929759 0.36523 0.0464347 -0.183807 0.136197 0.224024 0.96502 0.34542 
1534185248496 0.342203 0.903514 -0.257993 -0.586133 -0.929733 0.365324 0.046196 -0.183788 0.13599 0.224056 0.965042 0.345423 
1534185248513 0.342317 0.90348 -0.257958 -0.586143 -0.929727 0.365374 0.045925 -0.183739 0.135743 0.22411 0.965064 0.345403 
1534185248530 0.342423 0.903501 -0.257745 -0.586135 -0.929747 0.365369 0.0455659 -0.183702 0.135341 0.224035 0.965138 0.345379 
1534185248546 0.34245 0.903541 -0.257568 -0.586129 -0.929781 0.365313 0.0453148 -0.183685 0.135037 0.223963 0.965197 0.345366 
1534185248563 0.342472 0.90357 -0.257436 -0.586129 -0.929809 0.365267 0.0451023 -0.183674 0.134786 0.223921 0.965242 0.345359 
1534185248580 0.342466 0.90359 -0.257376 -0.586127 -0.929827 0.365233 0.0450168 -0.183668 0.134679 0.223898 0.965262 0.345359 
1534185248596 0.342409 0.90361 -0.257383 -0.586136 -0.929844 0.365184 0.0450576 -0.183659 0.134707 0.223898 0.965258 0.345365 
1534185248613 0.342374 0.903609 -0.257433 -0.586154 -0.92983 0.365197 0.0452399 -0.183663 0.134893 0.22388 0.965237 0.345373 
1534185248630 0.342195 0.903666 -0.257468 -0.586165 -0.929868 0.365072 0.0454718 -0.183674 0.135086 0.223851 0.965216 0.345384 
1534185248646 0.342006 0.90371 -0.257565 -0.586182 -0.929891 0.364971 0.0458136 -0.183691 0.135406 0.223839 0.965174 0.345406 
1534185248663 0.341901 0.903728 -0.257643 -0.586194 -0.929877 0.364961 0.0461846 -0.183713 0.135768 0.223785 0.965136 0.345426 
1534185248680 0.341928 0.903706 -0.257684 -0.586203 -0.929823 0.365062 0.0464741 -0.183736 0.136069 0.22371 0.965111 0.345442 
1534185248696 0.342014 0.903682 -0.257652 -0.586206 -0.929757 0.365199 0.0467026 -0.183759 0.136298 0.223581 0.965108 0.345472 
1534185248713 0.342099 0.90367 -0.257582 -0.586203 -0.929718 0.365291 0.0467695 -0.183782 0.136357 0.223479 0.965124 0.345496 
1534185248730 0.342157 0.903663 -0.25753 -0.586198 -0.929707 0.365327 0.0466996 -0.183805 0.136283 0.223449 0.965141 0.345509 
1534185248746 0.342222 0.90363 -0.257558 -0.586199 -0.929699 0.365366 0.0465603 -0.183821 0.136176 0.223517 0.96514 0.34549 
1534185248763 0.342273 0.903606 -0.257576 -0.586199 -0.929695 0.365392 0.046437 -0.183825 0.136077 0.223573 0.965142 0.345465 
1534185248780 0.342315 0.903605 -0.257524 -0.58619 -0.92973 0.365346 0.0460854 -0.183835 0.135729 0.223653 0.965172 0.345431 
1534185248796 0.342302 0.90361 -0.257525 -0.586185 -0.929764 0.365286 0.0458813 -0.183836 0.135529 0.223732 0.965182 0.345413 
1534185248816 0.342273 0.903621 -0.257525 -0.586178 -0.929799 0.365217 0.0457164 -0.183835 0.135363 0.223799 0.96519 0.3454 
1534185248836 0.342235 0.903636 -0.257522 -0.586177 -0.929822 0.365166 0.0456619 -0.183839 0.1353 0.223822 0.965193 0.345402 
1534185248853 0.342223 0.903644 -0.257509 -0.586177 -0.929822 0.365161 0.0457009 -0.183838 0.135329 0.223797 0.965195 0.345414 
1534185248930 0.341804 0.903783 -0.257576 -0.586196 -0.929925 0.364842 0.0461448 -0.183815 0.13568 0.223754 0.965156 0.345529 
1534185248959 0.34173 0.903737 -0.257837 -0.586184 -0.929908 0.364857 0.0463775 -0.183807 0.135987 0.223916 0.965075 0.345546 
1534185248988 0.341667 0.903664 -0.258176 -0.586156 -0.92989 0.364881 0.0465473 -0.183832 0.136267 0.224172 0.964976 0.345538 
1534185249028 0.341704 0.903542 -0.258554 -0.586116 -0.929856 0.36497 0.0465312 -0.18392 0.136407 0.224518 0.964875 0.345534 
1534185249056 0.341685 0.903439 -0.258939 -0.586083 -0.929832 0.365022 0.0465961 -0.183996 0.136615 0.224849 0.964769 0.345536 
1534185249088 0.341518 0.903401 -0.259291 -0.586086 -0.929855 0.364941 0.0467677 -0.183966 0.136876 0.225131 0.964666 0.345541 
1534185249105 0.341447 0.903389 -0.259426 -0.586087 -0.929864 0.364908 0.0468501 -0.183952 0.136991 0.225234 0.964626 0.345549 
1534185249121 0.341373 0.903374 -0.259575 -0.586086 -0.929872 0.364876 0.0469502 -0.183942 0.137126 0.225344 0.964581 0.345561 
1534185249138 0.341307 0.903345 -0.259763 -0.586089 -0.929871 0.364863 0.0470635 -0.183939 0.137292 0.225483 0.964525 0.345571 
1534185249155 0.341248 0.903315 -0.259946 -0.586091 -0.929868 0.364856 0.0471793 -0.183942 0.137461 0.225616 0.96447 0.345584 
1534185249171 0.341131 0.903312 -0.26011 -0.586094 -0.929891 0.364784 0.0472868 -0.183941 0.137599 0.225743 0.96442 0.34561 
1534185249188 0.341056 0.903329 -0.260149 -0.586088 -0.929918 0.364713 0.0472889 -0.183941 0.137597 0.225789 0.96441 0.345617 
1534185249205 0.341012 0.903348 -0.260141 -0.586076 -0.92994 0.364661 0.0472613 -0.183942 0.137557 0.225799 0.964413 0.345613 
1534185249221 0.341039 0.903339 -0.260136 -0.586073 -0.929937 0.364676 0.0472126 -0.183956 0.137514 0.225809 0.964417 0.345595 
1534185249238 0.341079 0.903321 -0.260147 -0.586072 -0.929927 0.364708 0.0471612 -0.183967 0.137479 0.225832 0.964417 0.345573 
1534185249255 0.341129 0.903327 -0.26006 -0.586057 -0.929924 0.364726 0.0470735 -0.183979 0.137373 0.225778 0.964444 0.345559 
