1530627843260 0.00206215 -0.146526 0.989205 0.386101 -0.99909 0.0418446 0.00828098 -0.492645 -0.0426063 -0.988321 -0.146306 0.44336 
1530627872611 0.00206067 -0.146526 0.989205 0.386101 -0.99909 0.0418442 0.00827944 -0.492646 -0.0426056 -0.988321 -0.146307 0.443361 
1530627873099 6.31146e-05 -0.147453 0.989069 0.38618 -0.998846 0.0474921 0.00714398 -0.492452 -0.0480263 -0.987928 -0.14728 0.443278 
1530627873551 -0.00189632 -0.14851 0.988909 0.386233 -0.998568 0.0531431 0.00606594 -0.492267 -0.0534546 -0.987482 -0.148398 0.443141 
1530627873897 -0.00382687 -0.149475 0.988758 0.386221 -0.998265 0.0586611 0.00500438 -0.49215 -0.0587497 -0.987024 -0.14944 0.442978 
1530627874228 -0.00578141 -0.150498 0.988593 0.386286 -0.997932 0.0641644 0.00393202 -0.491963 -0.0640243 -0.986526 -0.150558 0.442889 
1530627874566 -0.00772191 -0.151515 0.988425 0.386379 -0.997552 0.0698654 0.00291641 -0.491806 -0.0694985 -0.985983 -0.151684 0.442698 
1530627874932 -0.0096847 -0.152498 0.988256 0.386426 -0.997147 0.0754657 0.00187331 -0.491607 -0.0748651 -0.985418 -0.152794 0.442559 
1530627875276 -0.011689 -0.153336 0.988105 0.386511 -0.996716 0.0809717 0.000774434 -0.491471 -0.0801273 -0.984851 -0.153779 0.442481 
1530627875623 -0.0138142 -0.154287 0.98793 0.386501 -0.99623 0.0867546 -0.000381624 -0.491354 -0.0856485 -0.98421 -0.154903 0.442267 
1530627876002 -0.0157067 -0.155069 0.987779 0.386515 -0.995736 0.0922401 -0.00135268 -0.491195 -0.090903 -0.983588 -0.155857 0.442106 
1530627876025 -0.0157155 -0.155084 0.987776 0.38652 -0.995731 0.0922968 -0.00135115 -0.491193 -0.090959 -0.98358 -0.155873 0.442098 
1530627876236 -0.0158659 -0.155163 0.987761 0.386535 -0.99569 0.0927327 -0.00142631 -0.49119 -0.0913765 -0.983527 -0.155966 0.442078 
1530627876424 -0.0161002 -0.155227 0.987748 0.386531 -0.995625 0.0934256 -0.00154658 -0.491176 -0.0920409 -0.983451 -0.156052 0.442079 
1530627876609 -0.0164054 -0.155374 0.987719 0.386526 -0.995568 0.0940298 -0.00174435 -0.491159 -0.092604 -0.98337 -0.156228 0.442048 
1530627876792 -0.0166055 -0.155446 0.987705 0.386539 -0.995519 0.094545 -0.00185731 -0.49114 -0.0930939 -0.98331 -0.156319 0.442056 
1530627876952 -0.016781 -0.155522 0.98769 0.386567 -0.99547 0.095053 -0.00194607 -0.491115 -0.0935802 -0.983249 -0.156413 0.442076 
1530627877117 -0.0168828 -0.155706 0.987659 0.386608 -0.995421 0.0955732 -0.00194815 -0.491068 -0.0940904 -0.983169 -0.156607 0.442072 
1530627877291 -0.01704 -0.155777 0.987645 0.38664 -0.995364 0.0961571 -0.00200669 -0.491017 -0.0946565 -0.983101 -0.156694 0.442094 
1530627877639 -0.0171428 -0.155868 0.987629 0.386663 -0.995285 0.0969706 -0.00197184 -0.490932 -0.0954636 -0.983007 -0.156795 0.442051 
1530627877793 -0.0173695 -0.155974 0.987608 0.386669 -0.995246 0.0973721 -0.00212567 -0.490935 -0.095834 -0.98295 -0.156924 0.442031 
1530627878059 -0.0174214 -0.156041 0.987597 0.386687 -0.995233 0.0975041 -0.00215044 -0.490912 -0.0959592 -0.982926 -0.156996 0.44201 
1530627878369 -0.018004 -0.15733 0.987382 0.386725 -0.995729 0.0922546 -0.00345632 -0.490719 -0.0905468 -0.983228 -0.158319 0.442387 
1530627878683 -0.0187012 -0.158554 0.987173 0.386746 -0.996183 0.0871536 -0.00487374 -0.490494 -0.0852629 -0.983496 -0.159579 0.442779 
1530627878996 -0.019408 -0.159959 0.986933 0.386732 -0.996616 0.0819595 -0.00631467 -0.490286 -0.0798784 -0.983715 -0.161009 0.443158 
1530627879325 -0.0198611 -0.161356 0.986696 0.386792 -0.997014 0.076861 -0.00749959 -0.489974 -0.0746284 -0.983899 -0.1624 0.443502 
1530627879667 -0.0204369 -0.162771 0.986452 0.386855 -0.997376 0.0718585 -0.00880612 -0.489726 -0.0694516 -0.984044 -0.163812 0.443772 
1530627879980 -0.0212626 -0.164113 0.986212 0.386797 -0.997725 0.0666029 -0.0104277 -0.489567 -0.0639733 -0.984191 -0.165155 0.444199 
1530627880404 -0.022498 -0.166757 0.985741 0.386908 -0.998324 0.0563428 -0.0132537 -0.489253 -0.0533293 -0.984387 -0.167745 0.444896 
1530627880728 -0.0231647 -0.168034 0.985509 0.386876 -0.998572 0.0513513 -0.0147161 -0.489244 -0.0481343 -0.984443 -0.168984 0.445267 
1530627880745 -0.0231231 -0.168045 0.985508 0.386892 -0.998574 0.0513217 -0.0146785 -0.48923 -0.0481113 -0.984442 -0.168992 0.445269 
1530627881021 -0.0226204 -0.166973 0.985702 0.386894 -0.998372 0.0554093 -0.0135251 -0.489341 -0.0523588 -0.984403 -0.167954 0.444988 
1530627881294 -0.0222062 -0.166045 0.985868 0.386825 -0.998145 0.0595937 -0.0124456 -0.48952 -0.056685 -0.984316 -0.16706 0.444647 
1530627881577 -0.0217435 -0.164837 0.986081 0.386823 -0.99791 0.0636149 -0.0113702 -0.489702 -0.0608552 -0.984267 -0.165876 0.444443 
1530627881936 -0.0212091 -0.163725 0.986278 0.386828 -0.997643 0.0678611 -0.0101883 -0.489844 -0.0652619 -0.984169 -0.164778 0.4441 
1530627882225 -0.020823 -0.162679 0.986459 0.386782 -0.997366 0.0719448 -0.00918868 -0.489992 -0.0694758 -0.984053 -0.163748 0.443854 
1530627882543 -0.0203274 -0.161439 0.986673 0.38675 -0.997075 0.0760017 -0.00810631 -0.490156 -0.0736801 -0.983952 -0.162512 0.443676 
1530627882852 -0.0200064 -0.160601 0.986817 0.386687 -0.996746 0.0802954 -0.00713987 -0.490319 -0.0780902 -0.983748 -0.161685 0.443279 
1530627883172 -0.0194121 -0.15949 0.987009 0.386695 -0.996416 0.0843775 -0.00596263 -0.490388 -0.0823304 -0.983587 -0.160556 0.442986 
1530627883499 -0.0189996 -0.158445 0.987185 0.386682 -0.996063 0.0885096 -0.00496455 -0.490382 -0.0865887 -0.983393 -0.159502 0.44272 
1530627883516 -0.0189672 -0.158415 0.98719 0.38669 -0.996063 0.0885087 -0.00493469 -0.49037 -0.0865933 -0.983398 -0.15947 0.442741 
1530627883845 -0.0188662 -0.158322 0.987207 0.386676 -0.996013 0.0890766 -0.004749 -0.490401 -0.0871852 -0.983361 -0.159372 0.442657 
1530627884009 -0.0189577 -0.158342 0.987202 0.386664 -0.995984 0.0894053 -0.00478612 -0.490449 -0.0875033 -0.983328 -0.159401 0.442607 
1530627884152 -0.0187206 -0.158171 0.987234 0.386684 -0.995955 0.0897386 -0.00450842 -0.49047 -0.0878799 -0.983325 -0.159211 0.442599 
1530627884360 -0.0187697 -0.158127 0.98724 0.386703 -0.995901 0.0903389 -0.00446468 -0.490512 -0.0884802 -0.983278 -0.159175 0.442558 
1530627884518 -0.0186116 -0.157983 0.987266 0.386707 -0.99588 0.0905803 -0.00427933 -0.490514 -0.0887508 -0.983279 -0.159018 0.442556 
1530627884720 -0.0185598 -0.157775 0.987301 0.386654 -0.995846 0.0909569 -0.0041851 -0.49059 -0.0891415 -0.983277 -0.158808 0.442596 
1530627884867 -0.0184933 -0.157766 0.987303 0.386672 -0.995811 0.091341 -0.00405681 -0.490596 -0.0895413 -0.983243 -0.158795 0.442545 
1530627885085 -0.018284 -0.157654 0.987325 0.386732 -0.99577 0.0917978 -0.00378231 -0.490594 -0.090038 -0.983218 -0.158665 0.442527 
1530627885226 -0.0183093 -0.157575 0.987337 0.386716 -0.995735 0.0921809 -0.00375334 -0.490623 -0.0904222 -0.983195 -0.15859 0.442515 
1530627885248 -0.0183324 -0.157568 0.987338 0.386706 -0.995732 0.0922111 -0.0037724 -0.490636 -0.0904491 -0.983193 -0.158586 0.442501 
1530627885264 -0.0183482 -0.157558 0.987339 0.3867 -0.99573 0.0922309 -0.00378613 -0.490644 -0.0904667 -0.983193 -0.158577 0.442493 
1530627885280 -0.0183631 -0.157542 0.987342 0.386694 -0.995729 0.0922473 -0.00379992 -0.490652 -0.0904809 -0.983194 -0.158563 0.442489 
1530627885344 -0.0184002 -0.157507 0.987346 0.38668 -0.995724 0.0923009 -0.00383189 -0.490674 -0.0905295 -0.983195 -0.158532 0.44248 
1530627885389 -0.0184137 -0.157496 0.987348 0.386677 -0.99572 0.092345 -0.00383954 -0.490684 -0.0905719 -0.983192 -0.158522 0.442479 
1530627885428 -0.0184258 -0.157488 0.987349 0.386676 -0.995716 0.0923856 -0.00384591 -0.490693 -0.0906111 -0.98319 -0.158515 0.442479 
1530627885464 -0.0184335 -0.157483 0.98735 0.386676 -0.995712 0.0924281 -0.00384726 -0.4907 -0.090653 -0.983187 -0.158512 0.442477 
1530627885512 -0.0184452 -0.157481 0.98735 0.386676 -0.995706 0.0924903 -0.00384924 -0.49071 -0.0907141 -0.983181 -0.158511 0.442469 
1530627885603 -0.0184532 -0.157484 0.987349 0.386677 -0.995695 0.0926091 -0.00383795 -0.490728 -0.0908331 -0.98317 -0.158515 0.442445 
1530627885668 -0.0184478 -0.157485 0.987349 0.386678 -0.99569 0.0926623 -0.00382375 -0.490738 -0.0908879 -0.983164 -0.158516 0.442427 
1530627885682 -0.0184458 -0.157485 0.987349 0.386678 -0.995689 0.0926706 -0.00382034 -0.490738 -0.0908966 -0.983164 -0.158516 0.442425 
1530627885698 -0.0184438 -0.157485 0.987349 0.386678 -0.995688 0.0926819 -0.00381655 -0.490741 -0.0909083 -0.983163 -0.158515 0.442421 
1530627885720 -0.0184443 -0.157485 0.987349 0.386676 -0.995687 0.0926941 -0.00381507 -0.490743 -0.0909206 -0.983161 -0.158516 0.442416 
1530627885737 -0.0184468 -0.157487 0.987349 0.386675 -0.995687 0.0927007 -0.00381636 -0.490745 -0.0909269 -0.98316 -0.158517 0.442414 
1530627885753 -0.0184505 -0.157489 0.987348 0.386674 -0.995686 0.0927062 -0.00381901 -0.490747 -0.0909319 -0.98316 -0.15852 0.442411 
1530627885770 -0.0184548 -0.157491 0.987348 0.386673 -0.995686 0.0927114 -0.0038224 -0.490748 -0.0909364 -0.983159 -0.158522 0.442408 
1530627885787 -0.0184579 -0.157492 0.987348 0.386672 -0.995685 0.0927144 -0.00382493 -0.49075 -0.0909389 -0.983158 -0.158523 0.442407 
1530627885803 -0.0184608 -0.157493 0.987348 0.386671 -0.995685 0.0927182 -0.00382717 -0.490752 -0.0909424 -0.983158 -0.158525 0.442405 
1530627885820 -0.0184629 -0.157494 0.987347 0.38667 -0.995685 0.0927222 -0.00382852 -0.490753 -0.0909461 -0.983157 -0.158526 0.442403 
1530627885837 -0.0184648 -0.157494 0.987347 0.386669 -0.995684 0.0927262 -0.00382975 -0.490755 -0.0909498 -0.983157 -0.158526 0.442402 
1530627885860 -0.0184655 -0.157493 0.987347 0.386669 -0.995684 0.0927309 -0.00382981 -0.490756 -0.0909544 -0.983157 -0.158525 0.442401 
1530627886199 -0.0194195 -0.159588 0.986993 0.386712 -0.996154 0.08745 -0.0054598 -0.490509 -0.0854412 -0.983303 -0.160673 0.442962 
1530627886492 -0.0203087 -0.1616 0.986647 0.38675 -0.996561 0.0825715 -0.00698866 -0.490243 -0.0803396 -0.983396 -0.162721 0.443426 
1530627886794 -0.0211978 -0.163793 0.986267 0.386822 -0.996934 0.077777 -0.00851041 -0.489925 -0.0753149 -0.983424 -0.164939 0.443759 
1530627887102 -0.0221062 -0.165875 0.985899 0.386846 -0.997308 0.0726208 -0.0101438 -0.489663 -0.0699142 -0.983469 -0.167033 0.444298 
1530627887400 -0.0228918 -0.167843 0.985548 0.386943 -0.997653 0.0674701 -0.0116825 -0.489367 -0.0645341 -0.983502 -0.168994 0.444837 
1530627887731 -0.0238703 -0.169969 0.98516 0.386974 -0.997973 0.0621948 -0.0134504 -0.489161 -0.0589857 -0.983485 -0.171109 0.445366 
1530627888046 -0.0247882 -0.172176 0.984754 0.387021 -0.998236 0.0574273 -0.0150869 -0.488916 -0.0539542 -0.983391 -0.173295 0.445751 
1530627888356 -0.0257057 -0.174308 0.984356 0.387052 -0.998484 0.0524242 -0.0167915 -0.488719 -0.0486772 -0.983295 -0.175391 0.44621 
1530627888673 -0.0265246 -0.176193 0.983998 0.38707 -0.998707 0.0473823 -0.0184369 -0.488747 -0.0433757 -0.983215 -0.177222 0.446675 
1530627888705 -0.0265273 -0.176252 0.983988 0.387072 -0.998708 0.0473483 -0.0184431 -0.488747 -0.0433395 -0.983206 -0.17728 0.446662 
1530627888956 -0.025934 -0.174514 0.984313 0.387016 -0.998533 0.0513382 -0.0172066 -0.488955 -0.04753 -0.983315 -0.17559 0.446297 
1530627889220 -0.0252095 -0.1729 0.984617 0.387017 -0.998347 0.0552496 -0.0158592 -0.489119 -0.0516576 -0.983389 -0.174007 0.445918 
1530627889499 -0.0246189 -0.171296 0.984912 0.386932 -0.99813 0.0593593 -0.0146255 -0.489302 -0.0559583 -0.98343 -0.172437 0.445495 
1530627889760 -0.0236717 -0.169671 0.985216 0.386975 -0.997915 0.0632021 -0.0130923 -0.489403 -0.0600464 -0.983472 -0.170814 0.445129 
1530627890043 -0.0229776 -0.167851 0.985545 0.386921 -0.997677 0.0670797 -0.0118359 -0.489608 -0.0641233 -0.983527 -0.169003 0.444847 
1530627890324 -0.0222789 -0.166287 0.985826 0.386883 -0.997415 0.0710802 -0.0105512 -0.489793 -0.0683182 -0.983512 -0.167441 0.444421 
1530627890652 -0.0214979 -0.164533 0.986137 0.38686 -0.997129 0.0751561 -0.00919805 -0.489947 -0.0726008 -0.983504 -0.165677 0.444044 
1530627890935 -0.0207703 -0.162938 0.986418 0.386828 -0.996854 0.0788591 -0.00796398 -0.490052 -0.0764903 -0.98348 -0.164063 0.443798 
1530627891254 -0.0201069 -0.161279 0.986704 0.386802 -0.996527 0.0829967 -0.00674103 -0.490063 -0.0808059 -0.983413 -0.162388 0.443381 
1530627891271 -0.0201042 -0.161263 0.986707 0.386801 -0.996528 0.0829898 -0.00674091 -0.49006 -0.0807995 -0.983416 -0.162371 0.443396 
1530627891462 -0.0199538 -0.16116 0.986726 0.386808 -0.99651 0.0832112 -0.00656091 -0.490088 -0.0810493 -0.983414 -0.162258 0.443379 
1530627891664 -0.020007 -0.161067 0.986741 0.386795 -0.996466 0.0837408 -0.00653513 -0.490173 -0.0815779 -0.983384 -0.162173 0.443272 
1530627891794 -0.019915 -0.160887 0.986772 0.386773 -0.996434 0.084133 -0.00639262 -0.490183 -0.0819916 -0.98338 -0.161988 0.443241 
1530627891929 -0.019852 -0.160658 0.98681 0.386743 -0.996393 0.0846282 -0.00626685 -0.490231 -0.0825052 -0.983375 -0.161759 0.443226 
1530627892126 -0.0197821 -0.160364 0.98686 0.386768 -0.996373 0.0848635 -0.00618258 -0.490316 -0.0827569 -0.983403 -0.161461 0.443263 
1530627892274 -0.0196821 -0.160269 0.986877 0.386779 -0.996341 0.0852575 -0.00602496 -0.490332 -0.083173 -0.983384 -0.161361 0.443179 
1530627892452 -0.0196196 -0.160176 0.986893 0.386798 -0.99629 0.0858565 -0.00587167 -0.490372 -0.0837907 -0.983348 -0.161266 0.443047 
1530627892649 -0.0193073 -0.159686 0.986979 0.386815 -0.996229 0.0865913 -0.00547837 -0.490372 -0.084589 -0.983363 -0.160756 0.44309 
1530627892666 -0.0193212 -0.159687 0.986979 0.386815 -0.996225 0.0866379 -0.00548481 -0.490376 -0.0846339 -0.983359 -0.160758 0.443077 
1530627892682 -0.0193301 -0.159685 0.986979 0.386816 -0.996223 0.0866526 -0.00549144 -0.490381 -0.0846473 -0.983357 -0.160757 0.443067 
1530627892699 -0.0193378 -0.159681 0.986979 0.386816 -0.996222 0.0866632 -0.00549785 -0.490386 -0.0846568 -0.983357 -0.160754 0.443061 
1530627892716 -0.019342 -0.159675 0.98698 0.386818 -0.996222 0.0866711 -0.00550136 -0.490388 -0.0846642 -0.983357 -0.160748 0.443057 
1530627892937 -0.019357 -0.159642 0.986985 0.386829 -0.996217 0.086729 -0.00550986 -0.490417 -0.0847206 -0.983358 -0.160717 0.443027 
1530627893036 -0.0193434 -0.159637 0.986986 0.386828 -0.996213 0.086772 -0.00548955 -0.490422 -0.0847664 -0.983355 -0.160711 0.443013 
1530627893071 -0.0193263 -0.159627 0.986988 0.386828 -0.996209 0.0868164 -0.00546585 -0.490422 -0.0848143 -0.983352 -0.1607 0.443008 
1530627893229 -0.0193449 -0.159678 0.98698 0.386827 -0.996186 0.0870852 -0.0054363 -0.490444 -0.0850833 -0.98332 -0.160754 0.442931 
1530627893323 -0.0193453 -0.159666 0.986982 0.386822 -0.996183 0.0871253 -0.00543119 -0.490453 -0.0851239 -0.983319 -0.160742 0.442929 
1530627893344 -0.0193445 -0.159662 0.986982 0.386821 -0.996182 0.0871306 -0.00542987 -0.490454 -0.0851294 -0.983319 -0.160738 0.44293 
1530627893360 -0.0193439 -0.159657 0.986983 0.386819 -0.996182 0.0871337 -0.00542927 -0.490455 -0.0851327 -0.98332 -0.160733 0.442931 
1530627893377 -0.0193442 -0.159655 0.986983 0.386818 -0.996182 0.0871363 -0.0054293 -0.490456 -0.0851352 -0.98332 -0.160731 0.442932 
1530627893394 -0.0193433 -0.159652 0.986984 0.386818 -0.996181 0.0871403 -0.00542796 -0.490456 -0.0851395 -0.98332 -0.160728 0.442932 
1530627893410 -0.0193433 -0.15965 0.986984 0.386819 -0.996181 0.087145 -0.00542732 -0.490456 -0.0851442 -0.98332 -0.160726 0.442932 
1530627893427 -0.0193434 -0.159648 0.986984 0.386819 -0.99618 0.08715 -0.00542688 -0.490456 -0.0851493 -0.98332 -0.160724 0.442932 
1530627893444 -0.0193437 -0.159645 0.986985 0.386819 -0.99618 0.0871538 -0.00542675 -0.490456 -0.0851532 -0.98332 -0.160721 0.442933 
1530627893460 -0.019344 -0.159644 0.986985 0.386819 -0.99618 0.0871556 -0.00542691 -0.490456 -0.0851549 -0.98332 -0.16072 0.442933 
1530627893477 -0.0193449 -0.159641 0.986986 0.386819 -0.99618 0.087159 -0.00542742 -0.490457 -0.0851583 -0.98332 -0.160718 0.442933 
1530627893511 -0.0193455 -0.159636 0.986986 0.386818 -0.996179 0.0871627 -0.00542792 -0.490459 -0.0851619 -0.98332 -0.160713 0.442935 
1530627893532 -0.0193462 -0.159633 0.986987 0.386817 -0.996179 0.0871645 -0.00542857 -0.49046 -0.0851636 -0.983321 -0.16071 0.442936 
1530627893889 -0.0190796 -0.161773 0.986644 0.386883 -0.996841 0.0791732 -0.00629527 -0.490306 -0.0770973 -0.983647 -0.162773 0.443351 
1530627894253 -0.0188366 -0.16363 0.986342 0.386874 -0.997442 0.0711155 -0.00725082 -0.490148 -0.0689578 -0.983955 -0.164551 0.443867 
1530627894630 -0.0184512 -0.165951 0.985961 0.386926 -0.997975 0.063102 -0.008055 -0.489938 -0.0608794 -0.984113 -0.16678 0.444183 
1530627895013 -0.0180966 -0.167991 0.985622 0.387001 -0.998446 0.0549966 -0.00895835 -0.489777 -0.052701 -0.984253 -0.168726 0.444618 
1530627895379 -0.0180173 -0.170013 0.985277 0.386941 -0.998837 0.0471406 -0.010131 -0.489639 -0.0447241 -0.984314 -0.170665 0.445072 
1530627895761 -0.0176225 -0.172101 0.984922 0.387063 -0.999174 0.0390961 -0.011046 -0.489461 -0.0366055 -0.984303 -0.172648 0.445473 
1530627896136 -0.0173129 -0.174111 0.984574 0.38704 -0.999447 0.0309611 -0.0120994 -0.489346 -0.0283768 -0.984239 -0.17455 0.445977 
1530627896508 -0.0168793 -0.176198 0.98421 0.387097 -0.999652 0.0229492 -0.0130357 -0.48924 -0.02029 -0.984087 -0.176524 0.446383 
1530627896876 -0.0164942 -0.178181 0.98386 0.38712 -0.999788 0.0150505 -0.0140356 -0.489292 -0.0123068 -0.983883 -0.178391 0.446792 
1530627896896 -0.0164613 -0.178217 0.983854 0.387127 -0.99979 0.0149615 -0.0140178 -0.489284 -0.0122217 -0.983878 -0.178426 0.446817 
1530627897253 -0.0167616 -0.176701 0.984122 0.387075 -0.999686 0.021319 -0.0131988 -0.489387 -0.0186482 -0.984034 -0.177003 0.446412 
1530627897580 -0.0171073 -0.174928 0.984433 0.387067 -0.999542 0.0275549 -0.0124735 -0.489484 -0.0249439 -0.984196 -0.175319 0.446121 
1530627897927 -0.0173179 -0.173311 0.984715 0.387078 -0.999362 0.0337746 -0.0116311 -0.489569 -0.0312425 -0.984288 -0.173786 0.445803 
1530627898264 -0.0177367 -0.171813 0.98497 0.386988 -0.999143 0.0398987 -0.0110322 -0.489735 -0.0374035 -0.984321 -0.172374 0.445514 
1530627898621 -0.0179421 -0.170177 0.98525 0.387037 -0.998877 0.0462653 -0.0101991 -0.489809 -0.0438473 -0.984327 -0.170816 0.445114 
1530627898954 -0.0182608 -0.168656 0.985506 0.386907 -0.998574 0.0525343 -0.00951239 -0.489925 -0.0501685 -0.984274 -0.169375 0.44479 
1530627899315 -0.0184451 -0.167048 0.985776 0.386947 -0.998228 0.058857 -0.00870436 -0.489968 -0.0565658 -0.984191 -0.167837 0.444426 
1530627899665 -0.0188319 -0.165278 0.986067 0.38684 -0.997848 0.0650633 -0.00815144 -0.49009 -0.0628096 -0.984099 -0.166147 0.444155 
1530627900036 -0.0189666 -0.163629 0.98634 0.386846 -0.99743 0.0712734 -0.00735599 -0.489991 -0.0690961 -0.983944 -0.16456 0.44384 
1530627900053 -0.019014 -0.163644 0.986336 0.386832 -0.997424 0.0713565 -0.00738897 -0.490001 -0.0691723 -0.983935 -0.164579 0.443815 
1530627900294 -0.0190855 -0.163567 0.986348 0.386848 -0.997377 0.0720098 -0.00735753 -0.490021 -0.0698233 -0.983901 -0.164512 0.443784 
1530627900572 -0.0190876 -0.163239 0.986402 0.386794 -0.997342 0.0725006 -0.00730115 -0.4901 -0.0703229 -0.983919 -0.164189 0.443853 
1530627900752 -0.0190788 -0.163163 0.986415 0.386815 -0.997306 0.0729985 -0.00721479 -0.49012 -0.0708296 -0.983895 -0.164116 0.443802 
1530627900928 -0.0190274 -0.163006 0.986442 0.386849 -0.997262 0.0736101 -0.00707236 -0.490134 -0.0714593 -0.983875 -0.16396 0.443765 
1530627901166 -0.019062 -0.162837 0.986469 0.386835 -0.997199 0.0744653 -0.00697728 -0.490178 -0.0723215 -0.983839 -0.163801 0.443716 
1530627901358 -0.0191159 -0.162708 0.986489 0.386834 -0.99716 0.0749968 -0.00695294 -0.490208 -0.0728522 -0.98382 -0.16368 0.443652 
1530627901552 -0.0192028 -0.162596 0.986506 0.386814 -0.997107 0.0756876 -0.00693434 -0.490255 -0.0735388 -0.983785 -0.163579 0.443581 
1530627901753 -0.0191345 -0.162427 0.986535 0.386847 -0.997057 0.0763706 -0.00676468 -0.490239 -0.0742435 -0.983761 -0.16341 0.443592 
1530627901988 -0.0189872 -0.162225 0.986571 0.386903 -0.996997 0.0771667 -0.00649907 -0.490221 -0.0750761 -0.983732 -0.163203 0.443476 
1530627902008 -0.0189983 -0.162231 0.98657 0.386903 -0.996996 0.0771848 -0.00650687 -0.490224 -0.0750926 -0.983729 -0.16321 0.443464 
1530627902025 -0.0190052 -0.162221 0.986571 0.386902 -0.996995 0.0771877 -0.00651407 -0.490226 -0.0750944 -0.983731 -0.163201 0.443466 
1530627902263 -0.018998 -0.162143 0.986584 0.386919 -0.996996 0.077179 -0.00651428 -0.490231 -0.0750874 -0.983744 -0.163122 0.44349 
1530627902379 -0.0190065 -0.162127 0.986587 0.386921 -0.996993 0.0772232 -0.00651683 -0.490235 -0.0751308 -0.983744 -0.163107 0.443496 
1530627902452 -0.0190184 -0.162117 0.986588 0.386922 -0.996989 0.0772748 -0.00652099 -0.490238 -0.0751813 -0.983741 -0.163098 0.4435 
1530627902569 -0.0190378 -0.162101 0.98659 0.386919 -0.996985 0.0773171 -0.00653484 -0.490247 -0.075221 -0.98374 -0.163085 0.443508 
1530627902711 -0.0190708 -0.162084 0.986593 0.38691 -0.996982 0.0773587 -0.00656263 -0.490263 -0.0752579 -0.98374 -0.16307 0.443517 
1530627902851 -0.0191149 -0.162067 0.986595 0.386895 -0.996978 0.0774019 -0.00660141 -0.490282 -0.0752944 -0.983739 -0.163056 0.443525 
1530627902922 -0.0191424 -0.16206 0.986595 0.386886 -0.996974 0.0774536 -0.00662118 -0.490291 -0.0753423 -0.983737 -0.163052 0.443528 
1530627903145 -0.0192081 -0.162037 0.986598 0.386863 -0.996965 0.0775607 -0.00667157 -0.490316 -0.0754402 -0.983732 -0.163035 0.443536 
1530627903162 -0.01921 -0.162036 0.986598 0.386862 -0.996965 0.0775618 -0.00667328 -0.490316 -0.075441 -0.983732 -0.163034 0.443536 
1530627903178 -0.019212 -0.162035 0.986598 0.386861 -0.996965 0.0775628 -0.0066753 -0.490317 -0.0754416 -0.983732 -0.163033 0.443537 
1530627903195 -0.0192147 -0.162034 0.986598 0.38686 -0.996965 0.0775636 -0.0066779 -0.490319 -0.0754421 -0.983732 -0.163033 0.443537 
1530627903212 -0.0192161 -0.162033 0.986598 0.386859 -0.996965 0.077564 -0.0066794 -0.490319 -0.0754422 -0.983732 -0.163032 0.443538 
1530627903228 -0.0192172 -0.162031 0.986598 0.386859 -0.996965 0.0775638 -0.00668066 -0.49032 -0.0754419 -0.983733 -0.16303 0.443538 
1530627903246 -0.0192177 -0.16203 0.986599 0.386859 -0.996965 0.0775639 -0.00668117 -0.49032 -0.0754419 -0.983733 -0.163029 0.443539 
1530627903262 -0.0192173 -0.162029 0.986599 0.386859 -0.996965 0.0775634 -0.00668104 -0.490321 -0.0754415 -0.983733 -0.163027 0.443539 
1530627903278 -0.0192168 -0.162027 0.986599 0.38686 -0.996965 0.077564 -0.00668059 -0.490321 -0.0754421 -0.983733 -0.163025 0.44354 
1530627903301 -0.0192177 -0.162024 0.9866 0.386859 -0.996965 0.0775645 -0.00668155 -0.490322 -0.0754426 -0.983734 -0.163023 0.44354 
1530627903320 -0.0192189 -0.162023 0.9866 0.386859 -0.996965 0.0775656 -0.00668266 -0.490322 -0.0754434 -0.983734 -0.163022 0.44354 
1530627903340 -0.019221 -0.162021 0.9866 0.386858 -0.996965 0.0775674 -0.00668461 -0.490324 -0.075445 -0.983734 -0.16302 0.443541 
1530627903826 -0.0183311 -0.167715 0.985665 0.38694 -0.997866 0.0648581 -0.00752208 -0.490118 -0.0626668 -0.9837 -0.168546 0.444606 
1530627904149 -0.0176823 -0.170416 0.985214 0.387037 -0.998259 0.058458 -0.00780476 -0.490023 -0.0562635 -0.983637 -0.171153 0.44515 
1530627904476 -0.0173073 -0.173183 0.984738 0.38706 -0.998604 0.052148 -0.0083799 -0.489932 -0.0499009 -0.983508 -0.173844 0.445691 
1530627904803 -0.016684 -0.176163 0.98422 0.387164 -0.998914 0.0457752 -0.00873989 -0.489839 -0.0435132 -0.983296 -0.176735 0.44612 
1530627905130 -0.0161247 -0.178872 0.98374 0.387169 -0.99918 0.0394375 -0.00920689 -0.489712 -0.0371494 -0.983082 -0.179362 0.446688 
1530627905468 -0.0156648 -0.18171 0.983227 0.387202 -0.999406 0.0330476 -0.00981503 -0.489669 -0.0307098 -0.982797 -0.18212 0.447218 
1530627905786 -0.0149616 -0.18442 0.982734 0.38728 -0.999591 0.0267275 -0.0102025 -0.489613 -0.0243845 -0.982484 -0.184745 0.447697 
1530627906113 -0.0142869 -0.187124 0.982232 0.387364 -0.999738 0.0202583 -0.0106821 -0.48964 -0.0178995 -0.982127 -0.187365 0.448179 
1530627906134 -0.0142982 -0.187197 0.982218 0.387359 -0.999739 0.0201908 -0.0107052 -0.489642 -0.0178278 -0.982115 -0.187436 0.448173 
1530627906492 -0.0148127 -0.184875 0.98265 0.387292 -0.999628 0.0252586 -0.0103165 -0.489684 -0.0229131 -0.982437 -0.18518 0.447783 
1530627906819 -0.0153812 -0.182888 0.983013 0.387236 -0.999495 0.0301414 -0.0100314 -0.489777 -0.0277948 -0.982672 -0.183259 0.447276 
1530627907104 -0.0158668 -0.180773 0.983397 0.387205 -0.999345 0.0348497 -0.00971782 -0.48987 -0.0325144 -0.982907 -0.181208 0.446932 
1530627907447 -0.0162748 -0.178506 0.983804 0.387162 -0.999158 0.039978 -0.00927499 -0.489888 -0.0376749 -0.983126 -0.179006 0.446485 
1530627907725 -0.016758 -0.176441 0.984168 0.38711 -0.998964 0.0446132 -0.00901163 -0.489977 -0.0423169 -0.9833 -0.177006 0.446134 
1530627908035 -0.0171716 -0.174099 0.984578 0.387069 -0.998736 0.0495038 -0.00866497 -0.490005 -0.0472318 -0.983483 -0.174729 0.445808 
1530627908328 -0.0176362 -0.172142 0.984914 0.386997 -0.998477 0.0545327 -0.00834792 -0.490064 -0.052273 -0.983562 -0.172842 0.44528 
1530627908702 -0.0185754 -0.167832 0.985641 0.38694 -0.997906 0.0641925 -0.00787609 -0.490074 -0.0619488 -0.983723 -0.168673 0.444613 
1530627908869 -0.0185479 -0.167771 0.985652 0.386915 -0.997901 0.0642767 -0.0078377 -0.490059 -0.0620395 -0.983728 -0.168611 0.444621 
1530627909047 -0.0185651 -0.167665 0.985669 0.386922 -0.99788 0.0646158 -0.00780378 -0.490061 -0.0623814 -0.983724 -0.168509 0.44459 
1530627909197 -0.0186562 -0.167533 0.98569 0.386928 -0.997843 0.0651785 -0.00780819 -0.490087 -0.0629376 -0.98371 -0.168387 0.444466 
1530627909368 -0.0188441 -0.167187 0.985745 0.386859 -0.99781 0.0656631 -0.00793793 -0.49015 -0.0634 -0.983736 -0.168058 0.444481 
1530627909602 -0.018689 -0.167012 0.985778 0.38696 -0.997773 0.0662561 -0.00769119 -0.49011 -0.0640293 -0.983726 -0.167879 0.444319 
1530627909787 -0.018601 -0.166696 0.985833 0.386937 -0.99774 0.0667682 -0.00753572 -0.490104 -0.0645661 -0.983745 -0.167561 0.44437 
1530627910000 -0.0190057 -0.166594 0.985842 0.386818 -0.997705 0.067245 -0.00787098 -0.490227 -0.0649817 -0.98373 -0.167489 0.444305 
1530627910169 -0.0188363 -0.166314 0.985893 0.386874 -0.997681 0.0676304 -0.00765271 -0.490194 -0.0654036 -0.983751 -0.167202 0.444242 
1530627910382 -0.0188049 -0.165995 0.985947 0.386916 -0.997645 0.0681674 -0.00755132 -0.490173 -0.0659559 -0.983768 -0.166886 0.444236 
1530627910570 -0.0188868 -0.165833 0.985973 0.386896 -0.99762 0.0685289 -0.0075839 -0.490196 -0.06631 -0.98377 -0.166733 0.444222 
1530627910588 -0.0188972 -0.165816 0.985976 0.386891 -0.997619 0.0685455 -0.00759269 -0.4902 -0.0663252 -0.983772 -0.166717 0.444222 
1530627910603 -0.0189057 -0.165801 0.985978 0.386888 -0.997618 0.0685595 -0.0076 -0.490203 -0.0663381 -0.983773 -0.166702 0.444222 
1530627910621 -0.0189121 -0.165789 0.98598 0.386885 -0.997617 0.0685708 -0.00760533 -0.490206 -0.0663486 -0.983774 -0.166691 0.444221 
1530627910637 -0.0189154 -0.16578 0.985981 0.386883 -0.997617 0.0685782 -0.0076081 -0.490208 -0.0663556 -0.983775 -0.166682 0.444221 
1530627910784 -0.0189453 -0.165728 0.98599 0.386868 -0.997612 0.0686451 -0.0076306 -0.49022 -0.0664187 -0.98378 -0.166633 0.444221 
1530627910920 -0.0189621 -0.165694 0.985995 0.386863 -0.997606 0.0687239 -0.00763646 -0.490227 -0.0664961 -0.98378 -0.166601 0.444213 
1530627911009 -0.0189715 -0.165712 0.985992 0.386864 -0.997601 0.0688063 -0.00763085 -0.490233 -0.0665779 -0.983771 -0.16662 0.444175 
1530627911139 -0.01899 -0.165688 0.985995 0.386863 -0.997595 0.0688883 -0.00763737 -0.490239 -0.0666581 -0.983769 -0.166598 0.444158 
1530627911180 -0.0190028 -0.165675 0.985997 0.386863 -0.997591 0.0689428 -0.00764197 -0.49024 -0.0667113 -0.983768 -0.166586 0.444157 
1530627911331 -0.0190147 -0.165625 0.986006 0.386863 -0.997586 0.0690146 -0.00764528 -0.490244 -0.0667825 -0.983771 -0.166537 0.444151 
1530627911355 -0.019016 -0.165619 0.986007 0.386863 -0.997586 0.069021 -0.00764593 -0.490245 -0.0667889 -0.983772 -0.166531 0.44415 
1530627911372 -0.0190173 -0.165615 0.986007 0.386863 -0.997586 0.0690247 -0.00764683 -0.490245 -0.0667924 -0.983772 -0.166528 0.44415 
1530627911388 -0.0190185 -0.165611 0.986008 0.386863 -0.997585 0.0690289 -0.00764765 -0.490246 -0.0667964 -0.983772 -0.166524 0.444149 
1530627911405 -0.0190197 -0.165607 0.986008 0.386863 -0.997585 0.0690329 -0.00764842 -0.490246 -0.0668004 -0.983773 -0.16652 0.444148 
1530627911422 -0.0190217 -0.165605 0.986009 0.386862 -0.997585 0.0690356 -0.00765017 -0.490246 -0.0668028 -0.983773 -0.166519 0.444148 
1530627911440 -0.019023 -0.165604 0.986009 0.386862 -0.997585 0.069036 -0.00765142 -0.490246 -0.066803 -0.983773 -0.166518 0.444148 
1530627911455 -0.0190254 -0.165603 0.986009 0.386861 -0.997585 0.0690382 -0.00765358 -0.490247 -0.0668048 -0.983773 -0.166516 0.444148 
1530627911472 -0.0190263 -0.165601 0.986009 0.386861 -0.997585 0.0690391 -0.00765449 -0.490247 -0.0668056 -0.983773 -0.166515 0.444148 
1530627911623 -0.0190309 -0.165582 0.986012 0.386859 -0.997583 0.0690563 -0.0076575 -0.49025 -0.0668225 -0.983775 -0.166496 0.444146 
1530627911736 -0.0190194 -0.165565 0.986016 0.38686 -0.997582 0.0690733 -0.00764427 -0.49025 -0.0668417 -0.983777 -0.166478 0.444146 
1530627911750 -0.0190175 -0.165562 0.986016 0.38686 -0.997582 0.0690731 -0.0076425 -0.490251 -0.0668419 -0.983777 -0.166475 0.444147 
1530627911993 -0.0196357 -0.167086 0.985747 0.386939 -0.997715 0.067025 -0.00851327 -0.49006 -0.0646473 -0.983662 -0.16802 0.444481 
1530627912246 -0.0205705 -0.168564 0.985476 0.386913 -0.997827 0.065179 -0.00967952 -0.489916 -0.0626007 -0.983533 -0.169539 0.444832 
1530627912503 -0.0212373 -0.170056 0.985206 0.386952 -0.997945 0.0631922 -0.0106044 -0.489675 -0.060454 -0.983406 -0.171049 0.445237 
1530627912759 -0.0220541 -0.171539 0.98493 0.38696 -0.998059 0.0611676 -0.0116949 -0.48956 -0.0582397 -0.983277 -0.172555 0.445575 
1530627913030 -0.0227503 -0.172911 0.984675 0.387025 -0.998173 0.0590697 -0.0126894 -0.489358 -0.0559703 -0.983165 -0.173939 0.446044 
1530627913283 -0.0235087 -0.174603 0.984358 0.387002 -0.998266 0.0572433 -0.0136872 -0.489183 -0.0539581 -0.982974 -0.175646 0.446269 
1530627913541 -0.0240947 -0.176005 0.984094 0.387125 -0.99837 0.0551893 -0.0145736 -0.488973 -0.0517464 -0.982841 -0.177048 0.4467 
1530627913858 -0.0248353 -0.177613 0.983787 0.387151 -0.998475 0.0529345 -0.0156492 -0.488847 -0.0492968 -0.982676 -0.178657 0.447074 
1530627914171 -0.0255204 -0.179022 0.983514 0.387165 -0.99856 0.0509965 -0.0166283 -0.488801 -0.047179 -0.982523 -0.180066 0.447337 
1530627914188 -0.0255372 -0.17905 0.983508 0.387163 -0.99856 0.0510073 -0.016642 -0.488807 -0.0471864 -0.982517 -0.180095 0.447317 
1530627914429 -0.0249817 -0.177812 0.983747 0.387138 -0.9985 0.0524062 -0.0158839 -0.488897 -0.0487301 -0.982668 -0.178854 0.447106 
1530627914669 -0.0243443 -0.176726 0.983959 0.387141 -0.998451 0.0535551 -0.015084 -0.489014 -0.0500303 -0.982802 -0.177756 0.446846 
1530627914909 -0.0238322 -0.175763 0.984144 0.387079 -0.998386 0.054943 -0.0143645 -0.489151 -0.0515471 -0.982898 -0.176788 0.446573 
1530627915143 -0.0232571 -0.174693 0.984348 0.38707 -0.998323 0.0562716 -0.0136007 -0.489255 -0.0530149 -0.983014 -0.175709 0.446303 
1530627915480 -0.0220611 -0.172418 0.984777 0.387044 -0.998183 0.0590516 -0.0120224 -0.489512 -0.0560798 -0.983252 -0.173408 0.445687 
1530627915710 -0.0215367 -0.171364 0.984972 0.387007 -0.998127 0.0601149 -0.0113656 -0.489618 -0.0572639 -0.983372 -0.172338 0.445536 
1530627915979 -0.0210922 -0.170059 0.985208 0.386932 -0.99805 0.0614854 -0.010754 -0.489787 -0.0587471 -0.983514 -0.171024 0.445332 
1530627916210 -0.0204019 -0.169056 0.985395 0.386989 -0.997976 0.0628196 -0.00988496 -0.489724 -0.060231 -0.983602 -0.169996 0.445121 
1530627916227 -0.0204406 -0.169078 0.985391 0.386975 -0.997968 0.0629431 -0.00990145 -0.489744 -0.0603494 -0.983591 -0.170021 0.445072 
1530627916392 -0.0203725 -0.168987 0.985408 0.386983 -0.997963 0.063035 -0.00982219 -0.489731 -0.0604553 -0.9836 -0.169927 0.445094 
1530627916563 -0.0202119 -0.168928 0.985421 0.387003 -0.997959 0.0631234 -0.00964803 -0.489723 -0.0605733 -0.983605 -0.169859 0.445035 
1530627916724 -0.0201919 -0.168764 0.98545 0.386997 -0.997959 0.0631292 -0.00963693 -0.489784 -0.0605843 -0.983633 -0.169695 0.445036 
1530627916952 -0.0203022 -0.168658 0.985465 0.386912 -0.997951 0.0632406 -0.00973606 -0.489917 -0.0606793 -0.983644 -0.169597 0.444969 
1530627917094 -0.0202263 -0.168608 0.985476 0.386918 -0.997939 0.063444 -0.00962729 -0.489918 -0.0608993 -0.983639 -0.169544 0.444905 
1530627917272 -0.0200421 -0.168429 0.98551 0.386931 -0.997922 0.0637437 -0.0094004 -0.489934 -0.0612367 -0.983651 -0.169356 0.444812 
1530627917390 -0.0200097 -0.168301 0.985533 0.386914 -0.997913 0.0638964 -0.0093494 -0.489968 -0.0613985 -0.983663 -0.169228 0.444787 
1530627917579 -0.0199206 -0.168007 0.985584 0.386889 -0.997898 0.0641446 -0.0092351 -0.489991 -0.0616684 -0.983697 -0.168932 0.444823 
1530627917596 -0.0199201 -0.168004 0.985585 0.38689 -0.997896 0.0641733 -0.00922983 -0.489993 -0.0616976 -0.983695 -0.168929 0.444814 
1530627917614 -0.0199209 -0.168003 0.985585 0.386891 -0.997893 0.0642162 -0.00922339 -0.489994 -0.061741 -0.983693 -0.168928 0.444801 
1530627917629 -0.0199201 -0.168001 0.985586 0.386891 -0.997893 0.0642254 -0.00922112 -0.489995 -0.0617504 -0.983692 -0.168926 0.444796 
1530627917646 -0.0199186 -0.167995 0.985587 0.386892 -0.997892 0.0642333 -0.00921867 -0.489997 -0.0617587 -0.983693 -0.16892 0.444792 
1530627917662 -0.0199187 -0.16799 0.985588 0.386891 -0.997892 0.0642379 -0.0092183 -0.489998 -0.0617635 -0.983694 -0.168915 0.44479 
1530627917679 -0.0199153 -0.167982 0.985589 0.386891 -0.997892 0.0642411 -0.00921473 -0.489998 -0.0617674 -0.983695 -0.168908 0.44479 
1530627917715 -0.0198973 -0.16796 0.985593 0.386891 -0.997892 0.0642457 -0.00919712 -0.489998 -0.0617753 -0.983698 -0.168884 0.444791 
1530627917796 -0.0198527 -0.167916 0.985601 0.386895 -0.997891 0.0642601 -0.00915232 -0.49 -0.0617981 -0.983705 -0.168838 0.444787 
1530627917939 -0.0197853 -0.167852 0.985614 0.386904 -0.997891 0.0642681 -0.00908678 -0.49 -0.0618182 -0.983715 -0.16877 0.444788 
1530627918057 -0.0197834 -0.167849 0.985614 0.386908 -0.99789 0.064283 -0.00908248 -0.490003 -0.0618338 -0.983715 -0.168766 0.444779 
1530627918077 -0.0197828 -0.167856 0.985613 0.386909 -0.99789 0.0642929 -0.00907977 -0.490004 -0.0618438 -0.983713 -0.168774 0.44477 
1530627918094 -0.0197819 -0.167862 0.985612 0.386911 -0.997889 0.0643012 -0.009077 -0.490005 -0.0618523 -0.983711 -0.16878 0.444763 
1530627918111 -0.0197813 -0.167864 0.985612 0.386912 -0.997889 0.0643055 -0.00907556 -0.490005 -0.0618568 -0.98371 -0.168782 0.44476 
1530627918127 -0.0197818 -0.167866 0.985611 0.386912 -0.997889 0.0643087 -0.00907534 -0.490005 -0.0618599 -0.98371 -0.168784 0.444758 
1530627918144 -0.0197821 -0.167866 0.985611 0.386912 -0.997889 0.0643108 -0.00907539 -0.490006 -0.061862 -0.98371 -0.168783 0.444757 
1530627918164 -0.0197806 -0.167863 0.985612 0.386912 -0.997889 0.0643125 -0.0090737 -0.490006 -0.061864 -0.98371 -0.168781 0.444757 
1530627918181 -0.0197802 -0.167861 0.985612 0.386912 -0.997888 0.0643137 -0.00907326 -0.490006 -0.0618653 -0.983711 -0.168778 0.444756 
1530627918197 -0.0197791 -0.167859 0.985613 0.386912 -0.997888 0.0643154 -0.00907194 -0.490006 -0.0618672 -0.983711 -0.168777 0.444756 
1530627918214 -0.0197781 -0.167858 0.985613 0.386912 -0.997888 0.0643165 -0.00907081 -0.490006 -0.0618686 -0.983711 -0.168775 0.444756 
1530627918231 -0.0197773 -0.167857 0.985613 0.386912 -0.997888 0.0643172 -0.00906995 -0.490006 -0.0618694 -0.983711 -0.168774 0.444755 
1530627918254 -0.019777 -0.167856 0.985613 0.386912 -0.997888 0.0643189 -0.00906937 -0.490007 -0.0618712 -0.983711 -0.168774 0.444754 
1530627918521 -0.0201641 -0.169781 0.985275 0.38699 -0.998125 0.0603891 -0.0100209 -0.489812 -0.0577985 -0.98363 -0.170681 0.445176 
1530627918805 -0.0208281 -0.171951 0.984885 0.386975 -0.99833 0.0566725 -0.011218 -0.489638 -0.053887 -0.983474 -0.172844 0.44547 
1530627919073 -0.0211252 -0.173789 0.984556 0.387071 -0.998545 0.052538 -0.0121516 -0.489421 -0.0496148 -0.98338 -0.174646 0.446001 
1530627919353 -0.0216602 -0.175806 0.984186 0.387105 -0.998723 0.0487511 -0.0132717 -0.489221 -0.0456469 -0.983217 -0.176637 0.446347 
1530627919628 -0.0222506 -0.177816 0.983812 0.387106 -0.998889 0.0448437 -0.0144865 -0.489065 -0.0415418 -0.983042 -0.178616 0.446744 
1530627920003 -0.0231012 -0.181939 0.983038 0.387215 -0.999174 0.0370929 -0.0166153 -0.488686 -0.0334408 -0.98261 -0.182645 0.447465 
1530627920364 -0.0239667 -0.18583 0.98229 0.387292 -0.999397 0.0291649 -0.0188666 -0.488601 -0.0251424 -0.982149 -0.186417 0.448218 
1530627920381 -0.0238949 -0.185813 0.982295 0.387303 -0.999401 0.0290306 -0.0188196 -0.488578 -0.0250197 -0.982156 -0.186396 0.448271 
1530627920629 -0.0235835 -0.184533 0.982543 0.387283 -0.999328 0.0319439 -0.0179869 -0.488687 -0.0280671 -0.982307 -0.185162 0.447861 
1530627920876 -0.0233228 -0.182822 0.982869 0.387235 -0.999252 0.0346017 -0.0172753 -0.488827 -0.0308506 -0.982537 -0.183492 0.447704 
1530627921122 -0.0228684 -0.181423 0.983139 0.387252 -0.999166 0.0374306 -0.0163339 -0.4889 -0.0338362 -0.982693 -0.182128 0.447356 
1530627921376 -0.0227327 -0.180074 0.98339 0.387145 -0.99906 0.0404176 -0.0156938 -0.489067 -0.0369202 -0.982822 -0.180823 0.447007 
1530627921623 -0.0223136 -0.17845 0.983696 0.387163 -0.998967 0.0429495 -0.0148686 -0.489165 -0.0395959 -0.983011 -0.179224 0.446863 
1530627921875 -0.0220698 -0.177022 0.983959 0.387087 -0.998848 0.0458396 -0.0141569 -0.489313 -0.0425983 -0.983139 -0.17783 0.446506 
1530627922127 -0.0216067 -0.175663 0.984213 0.387057 -0.998732 0.0485604 -0.0132583 -0.489384 -0.0454648 -0.983252 -0.17649 0.446219 
1530627922378 -0.0211753 -0.17403 0.984513 0.38707 -0.998605 0.0513163 -0.0124074 -0.489423 -0.0483623 -0.983402 -0.174874 0.446011 
1530627922630 -0.0208899 -0.172625 0.984766 0.387025 -0.998469 0.0540707 -0.0117023 -0.489483 -0.0512269 -0.983502 -0.17349 0.445743 
1530627922647 -0.0209119 -0.172661 0.984759 0.387019 -0.998463 0.0541786 -0.0117036 -0.489496 -0.0513321 -0.98349 -0.173528 0.445688 
1530627922857 -0.0207809 -0.172509 0.984789 0.387049 -0.998463 0.0542027 -0.0115746 -0.489475 -0.0513815 -0.983515 -0.173371 0.445755 
1530627923018 -0.0207575 -0.172402 0.984808 0.387014 -0.99845 0.0544483 -0.0115133 -0.48952 -0.0516362 -0.983521 -0.173265 0.445708 
1530627923165 -0.020912 -0.172248 0.984832 0.386962 -0.998431 0.0547806 -0.0116197 -0.489604 -0.0519482 -0.983529 -0.173123 0.445666 
1530627923342 -0.0206989 -0.172002 0.984879 0.387013 -0.998415 0.0551294 -0.0113554 -0.489585 -0.0523426 -0.983553 -0.17287 0.445654 
1530627923485 -0.0205968 -0.171888 0.984901 0.387039 -0.998401 0.055407 -0.0112093 -0.489591 -0.0526437 -0.983557 -0.172755 0.445613 
1530627923654 -0.0205792 -0.171691 0.984936 0.38704 -0.998367 0.0560299 -0.0110929 -0.489655 -0.0532813 -0.983556 -0.172564 0.445505 
1530627923801 -0.0206412 -0.171442 0.984978 0.386996 -0.998357 0.0562141 -0.0111371 -0.489701 -0.0534603 -0.983589 -0.172321 0.445507 
1530627923944 -0.0206078 -0.17131 0.985002 0.386989 -0.99834 0.0565186 -0.0110572 -0.489705 -0.0537767 -0.983595 -0.17219 0.445479 
1530627923961 -0.0205969 -0.171303 0.985003 0.38699 -0.998338 0.0565662 -0.0110383 -0.489704 -0.053827 -0.983593 -0.172183 0.445468 
1530627923977 -0.0205852 -0.171292 0.985005 0.386992 -0.998336 0.0566069 -0.0110199 -0.489704 -0.0538705 -0.983593 -0.172172 0.44546 
1530627924000 -0.0205735 -0.171273 0.985009 0.386993 -0.998334 0.0566408 -0.0110031 -0.489703 -0.0539072 -0.983594 -0.172153 0.445455 
1530627924017 -0.0205718 -0.171266 0.98501 0.386993 -0.998333 0.0566566 -0.010999 -0.489703 -0.0539236 -0.983594 -0.172146 0.445452 
1530627924034 -0.0205747 -0.171259 0.985011 0.386993 -0.998333 0.0566675 -0.0110004 -0.489704 -0.0539342 -0.983595 -0.17214 0.445451 
1530627924050 -0.0205785 -0.171255 0.985012 0.386992 -0.998332 0.0566707 -0.011004 -0.489705 -0.0539368 -0.983596 -0.172135 0.445451 
