1535142186957 0.219234 0.921086 -0.321771 -0.48665 -0.94317 0.284488 0.171745 -0.177862 0.249732 0.265833 0.931111 0.46386 
1535142191825 0.219234 0.921086 -0.321771 -0.48665 -0.94317 0.284488 0.171745 -0.177862 0.249732 0.265833 0.93111 0.46386 
1535142192657 0.222792 0.921655 -0.317674 -0.501208 -0.942681 0.286718 0.170722 -0.184376 0.24843 0.261429 0.932704 0.455227 
1535142193483 0.225823 0.922353 -0.313478 -0.516094 -0.942426 0.28832 0.169427 -0.190909 0.246654 0.257169 0.934359 0.446073 
1535142194328 0.228832 0.923097 -0.309076 -0.530955 -0.942165 0.28988 0.168212 -0.197444 0.244871 0.252708 0.936043 0.437009 
1535142195201 0.231764 0.923738 -0.304949 -0.545827 -0.941918 0.291428 0.166915 -0.204012 0.243057 0.248552 0.937627 0.427826 
1535142196090 0.234725 0.924349 -0.300806 -0.560725 -0.941664 0.293005 0.165579 -0.210544 0.24119 0.244392 0.939202 0.418653 
1535142196980 0.237689 0.925104 -0.296119 -0.575619 -0.941361 0.294544 0.16457 -0.217023 0.239464 0.239638 0.940867 0.409541 
1535142197882 0.2405 0.925707 -0.291936 -0.590468 -0.941129 0.296 0.163281 -0.22355 0.237563 0.235481 0.942397 0.400405 
1535142198819 0.243577 0.926234 -0.287682 -0.60532 -0.940782 0.297748 0.162096 -0.230116 0.235796 0.231163 0.943909 0.391266 
1535142199729 0.246548 0.926733 -0.283515 -0.618785 -0.940448 0.29943 0.160931 -0.235913 0.234033 0.226954 0.945368 0.382404 
1535142199759 0.245956 0.926953 -0.283308 -0.618886 -0.94065 0.298783 0.160953 -0.235729 0.233843 0.226906 0.945426 0.382166 
1535142200101 0.247105 0.926698 -0.283145 -0.620185 -0.940332 0.299869 0.160792 -0.236694 0.233912 0.226517 0.945502 0.381556 
1535142200633 0.247861 0.926767 -0.282256 -0.623496 -0.940206 0.300367 0.1606 -0.238156 0.233619 0.225572 0.945801 0.379732 
1535142201130 0.248233 0.926927 -0.2814 -0.626771 -0.940187 0.300499 0.160467 -0.23964 0.233302 0.224736 0.946078 0.37772 
1535142201466 0.248144 0.927167 -0.280689 -0.628453 -0.940308 0.300196 0.160322 -0.240191 0.232907 0.224151 0.946314 0.376653 
1535142201808 0.248197 0.927281 -0.280264 -0.630123 -0.940343 0.300126 0.160248 -0.240873 0.23271 0.223771 0.946453 0.375652 
1535142202291 0.248737 0.927387 -0.279435 -0.633439 -0.940308 0.300397 0.159947 -0.242337 0.232274 0.22297 0.946749 0.373605 
1535142202318 0.248448 0.927498 -0.279321 -0.633558 -0.940394 0.300091 0.160014 -0.242266 0.232235 0.222917 0.946771 0.373531 
1535142202334 0.248245 0.927572 -0.279258 -0.633615 -0.940452 0.299882 0.160066 -0.242196 0.232217 0.222893 0.946781 0.37347 
1535142202374 0.248073 0.927636 -0.279199 -0.63367 -0.940502 0.299703 0.160106 -0.242162 0.232197 0.222869 0.946791 0.373354 
1535142202519 0.248096 0.927395 -0.279976 -0.633793 -0.940373 0.299977 0.16035 -0.242671 0.232695 0.2235 0.946521 0.373355 
1535142202584 0.248076 0.927235 -0.280522 -0.634 -0.940275 0.300151 0.160598 -0.242876 0.233111 0.223928 0.946317 0.373216 
1535142202705 0.247529 0.927273 -0.280882 -0.634201 -0.940342 0.299765 0.160928 -0.243028 0.233423 0.224291 0.946154 0.373083 
1535142202766 0.247422 0.927234 -0.281102 -0.634391 -0.940312 0.299757 0.161119 -0.243155 0.233657 0.224459 0.946056 0.373 
1535142202928 0.246657 0.927231 -0.281785 -0.6348 -0.940371 0.299281 0.16166 -0.243437 0.234229 0.225108 0.945761 0.372728 
1535142203023 0.246212 0.927229 -0.28218 -0.635018 -0.940382 0.299026 0.162066 -0.243509 0.234651 0.225454 0.945573 0.372562 
1535142203050 0.24606 0.927256 -0.282225 -0.635051 -0.940406 0.298903 0.162154 -0.243476 0.234716 0.225506 0.945545 0.372533 
1535142203066 0.245965 0.927265 -0.282277 -0.63509 -0.940415 0.298836 0.162222 -0.243475 0.234778 0.225557 0.945518 0.372505 
1535142203230 0.245291 0.927393 -0.282445 -0.635134 -0.940517 0.298293 0.162633 -0.24365 0.235077 0.225752 0.945397 0.372471 
1535142203369 0.244597 0.927629 -0.282271 -0.635069 -0.940575 0.297716 0.163349 -0.243872 0.235564 0.225542 0.945325 0.372744 
1535142203485 0.243789 0.927808 -0.282383 -0.635116 -0.940775 0.296974 0.163552 -0.244001 0.235605 0.225787 0.945257 0.372712 
1535142203612 0.243072 0.928008 -0.282341 -0.635165 -0.940879 0.29636 0.164067 -0.244146 0.23593 0.225768 0.94518 0.372867 
1535142203744 0.242204 0.928246 -0.282305 -0.6352 -0.941022 0.295601 0.164615 -0.244242 0.236253 0.225785 0.945096 0.372973 
1535142203866 0.241322 0.928438 -0.282432 -0.635242 -0.941191 0.294835 0.165018 -0.244341 0.23648 0.226 0.944987 0.372947 
1535142204000 0.240601 0.928614 -0.282465 -0.635299 -0.941262 0.294261 0.165636 -0.244496 0.23693 0.226021 0.94487 0.373069 
1535142204139 0.239884 0.928767 -0.282572 -0.635338 -0.941353 0.293684 0.166148 -0.244675 0.237299 0.226144 0.944748 0.37311 
1535142204160 0.239632 0.928828 -0.282586 -0.635341 -0.941414 0.293449 0.166215 -0.244685 0.23731 0.2262 0.944731 0.373106 
1535142204175 0.239417 0.92888 -0.282598 -0.635344 -0.941468 0.293246 0.166268 -0.244696 0.237314 0.226249 0.944719 0.373104 
1535142204192 0.239226 0.928923 -0.282617 -0.635348 -0.94151 0.293074 0.166335 -0.244711 0.23734 0.226294 0.944701 0.3731 
1535142204209 0.239211 0.928924 -0.282629 -0.635351 -0.941502 0.293072 0.16638 -0.244722 0.237385 0.226296 0.94469 0.373099 
1535142204225 0.239207 0.928926 -0.282623 -0.635352 -0.941498 0.293072 0.166405 -0.244731 0.237407 0.226284 0.944687 0.373106 
1535142204243 0.239216 0.928926 -0.282618 -0.635354 -0.941491 0.293084 0.166421 -0.244737 0.237423 0.226272 0.944686 0.373112 
1535142204361 0.239367 0.92896 -0.282376 -0.635359 -0.941729 0.292921 0.165358 -0.244903 0.236325 0.226341 0.944945 0.373254 
1535142204415 0.238984 0.929215 -0.281863 -0.635319 -0.942091 0.29221 0.164552 -0.245027 0.235267 0.226215 0.945239 0.373338 
1535142204457 0.238794 0.929331 -0.281642 -0.635319 -0.942242 0.291891 0.164257 -0.245066 0.234858 0.226151 0.945356 0.37338 
1535142204477 0.238784 0.929341 -0.281616 -0.635323 -0.942269 0.291853 0.164169 -0.245081 0.234759 0.226157 0.945379 0.373393 
1535142204656 0.238859 0.9294 -0.281358 -0.635337 -0.942478 0.291659 0.163308 -0.245137 0.233839 0.226166 0.945605 0.373466 
1535142204672 0.239156 0.929324 -0.281355 -0.635326 -0.942392 0.291953 0.16328 -0.245098 0.233882 0.226097 0.94561 0.373457 
1535142204698 0.23933 0.929282 -0.281346 -0.635305 -0.942348 0.292117 0.163244 -0.24503 0.233886 0.226057 0.945619 0.373444 
1535142204791 0.239474 0.929258 -0.281304 -0.635221 -0.942354 0.292207 0.163047 -0.244939 0.233712 0.226043 0.945666 0.373403 
1535142204821 0.239776 0.929213 -0.281195 -0.635194 -0.942358 0.292398 0.162682 -0.244928 0.233387 0.225979 0.945761 0.373454 
1535142204873 0.240122 0.929182 -0.281001 -0.635162 -0.942415 0.292554 0.162069 -0.244943 0.2328 0.225903 0.945924 0.373567 
1535142204915 0.240523 0.929131 -0.280826 -0.635133 -0.942393 0.292828 0.161697 -0.244952 0.232472 0.225757 0.946039 0.373596 
1535142204964 0.240856 0.929075 -0.280727 -0.635102 -0.942377 0.293063 0.161369 -0.244934 0.232195 0.225684 0.946125 0.373587 
1535142204990 0.24099 0.929063 -0.280652 -0.635082 -0.942398 0.293124 0.161135 -0.244924 0.23197 0.225654 0.946187 0.373599 
1535142205006 0.241104 0.929042 -0.280623 -0.635071 -0.942415 0.293183 0.160928 -0.244924 0.231783 0.225663 0.946231 0.373601 
1535142205171 0.241866 0.928898 -0.280445 -0.634886 -0.942356 0.293749 0.160239 -0.244894 0.231227 0.225523 0.9464 0.373659 
1535142205302 0.242315 0.928751 -0.280546 -0.634646 -0.942162 0.294271 0.160419 -0.244791 0.231546 0.225448 0.94634 0.373819 
1535142205436 0.242682 0.928681 -0.280458 -0.634488 -0.942159 0.294519 0.159984 -0.244549 0.231175 0.225411 0.94644 0.373888 
1535142205560 0.243418 0.928522 -0.280349 -0.634271 -0.942042 0.295133 0.159542 -0.244504 0.230878 0.225265 0.946547 0.37398 
1535142205681 0.244176 0.928372 -0.280185 -0.634098 -0.941912 0.295765 0.159136 -0.244437 0.230607 0.225053 0.946664 0.374096 
1535142205805 0.244606 0.928297 -0.280058 -0.633896 -0.94192 0.296038 0.158583 -0.244252 0.23012 0.225002 0.946794 0.374164 
1535142205932 0.245334 0.928131 -0.279972 -0.633667 -0.941838 0.296615 0.157991 -0.244229 0.22968 0.224928 0.946918 0.374267 
1535142206065 0.245865 0.928052 -0.279768 -0.633475 -0.941803 0.296987 0.1575 -0.244068 0.229256 0.224763 0.94706 0.374416 
1535142206092 0.246111 0.928 -0.279723 -0.633433 -0.941748 0.297205 0.157413 -0.244025 0.229215 0.224687 0.947088 0.374439 
1535142206109 0.246235 0.927976 -0.279696 -0.63341 -0.941724 0.297312 0.157361 -0.243997 0.229184 0.224648 0.947105 0.374453 
1535142206295 0.246167 0.927987 -0.279716 -0.633034 -0.941655 0.297335 0.157728 -0.244003 0.22954 0.224569 0.947038 0.374488 
1535142206461 0.245923 0.92806 -0.279691 -0.632716 -0.941552 0.29726 0.158482 -0.243882 0.230221 0.22437 0.946919 0.374754 
1535142206604 0.245899 0.927996 -0.279923 -0.632371 -0.941479 0.297354 0.158738 -0.243864 0.230545 0.224508 0.946808 0.374726 
1535142206761 0.245909 0.928007 -0.279877 -0.632049 -0.941374 0.297455 0.15917 -0.24375 0.230962 0.224328 0.946749 0.374881 
1535142206907 0.24605 0.927955 -0.279928 -0.631688 -0.941235 0.297697 0.159537 -0.243782 0.231377 0.224224 0.946672 0.375029 
1535142207047 0.245805 0.928055 -0.279809 -0.631401 -0.941221 0.297518 0.159956 -0.243559 0.231696 0.224045 0.946637 0.375159 
1535142207195 0.246064 0.928001 -0.279761 -0.631018 -0.94106 0.297848 0.160288 -0.243591 0.232074 0.223831 0.946595 0.375273 
1535142207336 0.245887 0.928076 -0.279667 -0.630708 -0.941 0.297765 0.160797 -0.243433 0.232507 0.223629 0.946536 0.375446 
1535142207363 0.245847 0.928091 -0.279655 -0.630657 -0.940992 0.297742 0.160882 -0.243379 0.232578 0.223601 0.946525 0.375467 
1535142207514 0.246341 0.927944 -0.279706 -0.630409 -0.940778 0.298305 0.161092 -0.243482 0.232922 0.223457 0.946474 0.375563 
1535142207702 0.246076 0.927908 -0.280058 -0.630034 -0.940872 0.298089 0.160942 -0.243225 0.232821 0.223895 0.946396 0.375636 
1535142207884 0.245978 0.927915 -0.280123 -0.629628 -0.940843 0.298059 0.161167 -0.242893 0.233042 0.223909 0.946338 0.375753 
1535142208070 0.246361 0.927796 -0.280179 -0.629122 -0.94069 0.298486 0.16127 -0.242842 0.233255 0.223831 0.946304 0.375917 
1535142208253 0.246234 0.927777 -0.280353 -0.628748 -0.940664 0.298452 0.161486 -0.242512 0.233495 0.223954 0.946216 0.376066 
1535142208435 0.246517 0.927684 -0.280412 -0.628273 -0.940524 0.298796 0.161666 -0.24242 0.233761 0.22388 0.946168 0.376322 
1535142208619 0.24651 0.927646 -0.280545 -0.62785 -0.940481 0.298856 0.161806 -0.242177 0.233942 0.223961 0.946104 0.376453 
1535142208801 0.246766 0.927519 -0.280741 -0.627368 -0.940377 0.299169 0.161829 -0.242133 0.234088 0.224068 0.946042 0.376571 
1535142208984 0.246694 0.927516 -0.280813 -0.626965 -0.940347 0.29916 0.162022 -0.241844 0.234286 0.224092 0.945988 0.37671 
1535142209011 0.246707 0.927496 -0.280869 -0.626871 -0.940324 0.299201 0.162081 -0.241762 0.234366 0.224121 0.945961 0.376739 
1535142209035 0.246807 0.927453 -0.280923 -0.626799 -0.94028 0.299323 0.162109 -0.241748 0.234435 0.224137 0.94594 0.376762 
1535142209240 0.246637 0.927481 -0.28098 -0.626425 -0.940323 0.299172 0.16214 -0.241506 0.234443 0.224222 0.945918 0.376866 
1535142209411 0.246853 0.927335 -0.28127 -0.62603 -0.940243 0.299451 0.162085 -0.241425 0.234534 0.224451 0.945841 0.37696 
1535142209587 0.246894 0.927264 -0.281469 -0.625595 -0.940221 0.299536 0.162057 -0.241367 0.234579 0.224633 0.945787 0.377098 
1535142209756 0.246776 0.92725 -0.281619 -0.625262 -0.940226 0.299475 0.162144 -0.241086 0.234685 0.224772 0.945727 0.377211 
1535142209921 0.246888 0.927182 -0.281744 -0.624859 -0.940186 0.299613 0.162116 -0.240963 0.234725 0.224867 0.945695 0.377305 
1535142210103 0.246964 0.927097 -0.281956 -0.624453 -0.94016 0.299728 0.162054 -0.240826 0.23475 0.225063 0.945642 0.377392 
1535142210276 0.246994 0.927039 -0.28212 -0.624065 -0.940132 0.299806 0.162077 -0.240671 0.234833 0.225198 0.945589 0.377505 
1535142210447 0.246995 0.92695 -0.282413 -0.62371 -0.940086 0.299902 0.162165 -0.240486 0.235015 0.225439 0.945487 0.377662 
1535142210471 0.246883 0.926991 -0.282376 -0.623637 -0.940117 0.299787 0.162196 -0.240379 0.235007 0.225423 0.945493 0.377689 
1535142210488 0.24686 0.927 -0.282366 -0.623587 -0.940122 0.299764 0.16221 -0.240334 0.235011 0.225416 0.945493 0.377707 
1535142210680 0.246978 0.92695 -0.282428 -0.623355 -0.940074 0.299904 0.162231 -0.240226 0.235081 0.225435 0.945471 0.377788 
1535142210888 0.247274 0.926851 -0.282494 -0.622739 -0.940011 0.300184 0.162075 -0.239949 0.23502 0.225471 0.945478 0.377883 
1535142211044 0.247688 0.926723 -0.282552 -0.622351 -0.939908 0.300585 0.161933 -0.240019 0.234998 0.225464 0.945485 0.377954 
1535142211198 0.247656 0.926773 -0.282417 -0.6221 -0.939903 0.300543 0.162038 -0.239728 0.235051 0.225315 0.945508 0.378108 
1535142211354 0.247959 0.926684 -0.282443 -0.62177 -0.939813 0.300847 0.161996 -0.239696 0.235091 0.225275 0.945507 0.378247 
1535142211499 0.248035 0.926632 -0.282544 -0.621495 -0.939802 0.300928 0.161909 -0.239518 0.235055 0.225377 0.945492 0.378335 
1535142211644 0.247976 0.92664 -0.282572 -0.621212 -0.939834 0.300861 0.161848 -0.239335 0.234989 0.225437 0.945494 0.378408 
1535142211671 0.24799 0.926638 -0.282564 -0.62116 -0.939834 0.30087 0.161832 -0.239288 0.234974 0.22543 0.945499 0.378419 
1535142211687 0.247983 0.926644 -0.282552 -0.62111 -0.93984 0.300857 0.16182 -0.239252 0.234958 0.225425 0.945504 0.378427 
1535142211906 0.247943 0.92646 -0.283188 -0.620654 -0.939664 0.301108 0.162372 -0.23908 0.235701 0.225843 0.945219 0.378583 
1535142212048 0.247928 0.926294 -0.283745 -0.620374 -0.939457 0.301394 0.16304 -0.239062 0.236542 0.226144 0.944938 0.378704 
1535142212194 0.247938 0.926135 -0.284253 -0.620117 -0.939319 0.301623 0.163413 -0.238976 0.23708 0.226488 0.94472 0.378728 
1535142212324 0.248081 0.925966 -0.28468 -0.619815 -0.939172 0.301939 0.163671 -0.238983 0.23751 0.22676 0.944547 0.37876 
1535142212447 0.247924 0.925993 -0.28473 -0.619563 -0.939091 0.301914 0.164181 -0.238791 0.237995 0.226683 0.944443 0.378956 
1535142212576 0.247879 0.925873 -0.285158 -0.619308 -0.939 0.302046 0.164459 -0.238705 0.238399 0.226998 0.944266 0.379001 
1535142212697 0.248027 0.925734 -0.28548 -0.619017 -0.938856 0.302344 0.164734 -0.238678 0.238813 0.227166 0.944121 0.379089 
1535142212718 0.248024 0.925712 -0.285556 -0.618989 -0.93883 0.30238 0.164816 -0.238649 0.238919 0.22721 0.944083 0.379111 
1535142212735 0.24802 0.925689 -0.285633 -0.618958 -0.938805 0.302415 0.164894 -0.238625 0.23902 0.227257 0.944046 0.379133 
1535142212929 0.247692 0.925699 -0.285884 -0.618575 -0.938885 0.302153 0.164922 -0.238345 0.239049 0.227562 0.943966 0.379224 
1535142213059 0.248037 0.925484 -0.28628 -0.618307 -0.938746 0.302598 0.164894 -0.238442 0.239235 0.227845 0.94385 0.379292 
1535142213152 0.247798 0.925564 -0.286229 -0.618118 -0.938799 0.30237 0.165009 -0.23817 0.239274 0.227823 0.943846 0.37936 
1535142213274 0.247881 0.925482 -0.286423 -0.617846 -0.938756 0.302504 0.16501 -0.238157 0.239358 0.227979 0.943787 0.379455 
1535142213466 0.247807 0.92533 -0.286978 -0.617427 -0.938732 0.302574 0.165019 -0.237944 0.239529 0.228503 0.943617 0.379599 
1535142213593 0.247877 0.925247 -0.287185 -0.617185 -0.938709 0.302683 0.164952 -0.237903 0.239547 0.228695 0.943565 0.379661 
1535142213617 0.24779 0.925263 -0.287208 -0.617151 -0.938728 0.302607 0.164979 -0.237845 0.23956 0.22873 0.943554 0.379678 
1535142213633 0.247693 0.925286 -0.287217 -0.617123 -0.938753 0.302517 0.165006 -0.237789 0.239565 0.228755 0.943546 0.379693 
1535142213809 0.2481 0.92516 -0.287273 -0.616904 -0.938619 0.302941 0.164991 -0.23772 0.23967 0.228705 0.943532 0.379745 
1535142213858 0.248201 0.925161 -0.287181 -0.61674 -0.938589 0.303024 0.165008 -0.237568 0.239681 0.22859 0.943557 0.379766 
1535142213972 0.24854 0.925102 -0.28708 -0.616489 -0.938518 0.303311 0.164885 -0.237623 0.23961 0.228449 0.943609 0.379823 
1535142214020 0.24837 0.925182 -0.286967 -0.616343 -0.938574 0.303118 0.164919 -0.237425 0.239565 0.228379 0.943637 0.379849 
1535142214140 0.248872 0.92507 -0.286893 -0.616122 -0.938435 0.30359 0.164842 -0.237431 0.239589 0.228206 0.943673 0.379886 
1535142214185 0.248897 0.925099 -0.28678 -0.615969 -0.938436 0.303587 0.164845 -0.237264 0.23956 0.228095 0.943707 0.379928 
1535142214304 0.249018 0.925016 -0.286942 -0.615815 -0.938406 0.303729 0.164751 -0.237174 0.23955 0.228242 0.943674 0.379961 
1535142214327 0.248919 0.925061 -0.286883 -0.615746 -0.938438 0.303618 0.164771 -0.237061 0.239526 0.228207 0.943689 0.379974 
1535142214344 0.248864 0.925088 -0.286843 -0.615696 -0.938457 0.303554 0.16478 -0.23699 0.239509 0.228182 0.943699 0.379984 
1535142214507 0.249213 0.924934 -0.287035 -0.615498 -0.938347 0.303939 0.164702 -0.23714 0.23958 0.228293 0.943655 0.380008 
1535142214611 0.249027 0.924969 -0.287085 -0.615314 -0.938353 0.303811 0.164899 -0.236915 0.239746 0.228323 0.943605 0.380146 
1535142214725 0.248914 0.924989 -0.287118 -0.615061 -0.938388 0.303705 0.1649 -0.236791 0.23973 0.228382 0.943595 0.380211 
1535142214828 0.249039 0.924925 -0.287217 -0.614778 -0.938392 0.303806 0.164689 -0.236801 0.239583 0.228508 0.943602 0.380237 
1535142215019 0.24905 0.924893 -0.287312 -0.61432 -0.938373 0.303848 0.164718 -0.236524 0.239646 0.228583 0.943568 0.380459 
1535142215140 0.249292 0.9248 -0.2874 -0.61403 -0.938295 0.304109 0.164684 -0.236539 0.239701 0.228612 0.943547 0.380577 
1535142215241 0.249115 0.924859 -0.287361 -0.613822 -0.938336 0.303938 0.164761 -0.236306 0.239721 0.228597 0.943545 0.380669 
1535142215264 0.249197 0.924829 -0.287388 -0.6138 -0.938304 0.304031 0.164777 -0.236284 0.239765 0.228595 0.943534 0.380684 
1535142215282 0.249235 0.924816 -0.287398 -0.613777 -0.938288 0.304075 0.164785 -0.236266 0.239786 0.228592 0.94353 0.380696 
1535142215439 0.249228 0.92481 -0.287422 -0.613472 -0.938277 0.304085 0.164828 -0.236179 0.239835 0.228602 0.943515 0.380789 
1535142215576 0.249513 0.924781 -0.287269 -0.613101 -0.938161 0.304367 0.164966 -0.236218 0.239993 0.228343 0.943537 0.380929 
1535142215779 0.249438 0.924841 -0.28714 -0.612533 -0.938133 0.304318 0.165215 -0.235878 0.24018 0.228165 0.943533 0.38107 
1535142215922 0.250053 0.924693 -0.287082 -0.612146 -0.937908 0.304954 0.165325 -0.235979 0.240422 0.227917 0.943531 0.381205 
1535142216048 0.249978 0.924752 -0.286958 -0.61187 -0.937896 0.30489 0.16551 -0.235788 0.240546 0.227762 0.943537 0.381317 
1535142216167 0.249801 0.924833 -0.286849 -0.611607 -0.937924 0.30472 0.165665 -0.235565 0.240621 0.227659 0.943543 0.381405 
1535142216281 0.250052 0.924773 -0.286826 -0.611253 -0.937829 0.304981 0.165718 -0.235587 0.240728 0.227556 0.94354 0.381498 
1535142216305 0.250117 0.924762 -0.286806 -0.611183 -0.937805 0.305046 0.165736 -0.235594 0.240756 0.227515 0.943543 0.381524 
1535142216322 0.250168 0.924753 -0.286789 -0.611125 -0.937786 0.305097 0.16575 -0.235597 0.240776 0.227481 0.943546 0.381544 
1535142216500 0.250197 0.924766 -0.28672 -0.610828 -0.937732 0.305156 0.165949 -0.235309 0.240958 0.227347 0.943532 0.38164 
1535142216656 0.250355 0.924669 -0.286897 -0.610495 -0.937632 0.305393 0.166076 -0.235213 0.241182 0.227426 0.943456 0.381707 
1535142216804 0.250572 0.92462 -0.286866 -0.610132 -0.93754 0.305627 0.166165 -0.235111 0.241313 0.227312 0.94345 0.38182 
1535142216962 0.250549 0.924631 -0.286848 -0.609811 -0.937513 0.305632 0.166305 -0.234853 0.241441 0.227256 0.94343 0.381917 
1535142217114 0.250687 0.924587 -0.28687 -0.6095 -0.937458 0.305785 0.166335 -0.234702 0.241512 0.22723 0.943419 0.381963 
1535142217263 0.250925 0.924517 -0.286888 -0.609149 -0.93735 0.306057 0.166445 -0.234575 0.241685 0.22715 0.943393 0.382044 
1535142217414 0.25111 0.924411 -0.287068 -0.608826 -0.937252 0.306312 0.166528 -0.234431 0.241873 0.227239 0.943324 0.382123 
1535142217565 0.25095 0.924436 -0.287128 -0.608536 -0.937266 0.306198 0.166661 -0.234196 0.241985 0.227291 0.943282 0.382203 
1535142217585 0.250936 0.924439 -0.287129 -0.608462 -0.937266 0.306188 0.166678 -0.234166 0.241999 0.227291 0.943279 0.382214 
1535142217739 0.251254 0.924411 -0.286941 -0.608257 -0.937145 0.306491 0.166803 -0.234084 0.242139 0.226995 0.943314 0.382307 
1535142217826 0.251247 0.924653 -0.286167 -0.607955 -0.937111 0.306378 0.1672 -0.233822 0.242277 0.226162 0.943479 0.382345 
1535142217939 0.251644 0.924598 -0.285996 -0.607619 -0.936995 0.306735 0.167195 -0.233838 0.242313 0.225903 0.943532 0.382376 
1535142218041 0.252005 0.924631 -0.28557 -0.607318 -0.936842 0.307054 0.167467 -0.2337 0.242531 0.225331 0.943612 0.382409 
1535142218231 0.252391 0.92479 -0.284713 -0.606707 -0.936733 0.307272 0.167675 -0.233417 0.242548 0.224381 0.943834 0.382486 
1535142218314 0.252496 0.924869 -0.284364 -0.606429 -0.936678 0.307334 0.16787 -0.233296 0.242652 0.223971 0.943905 0.382517 
1535142218425 0.25276 0.924877 -0.284105 -0.606126 -0.936557 0.307584 0.168085 -0.233178 0.242844 0.223595 0.943945 0.382547 
1535142218450 0.252641 0.924958 -0.283945 -0.606041 -0.936595 0.307437 0.168142 -0.233066 0.24282 0.223462 0.943983 0.382561 
1535142218632 0.253053 0.924955 -0.283588 -0.605725 -0.936479 0.30777 0.168181 -0.233127 0.24284 0.223015 0.944083 0.382599 
1535142218728 0.252672 0.925107 -0.283434 -0.605513 -0.936602 0.307359 0.168249 -0.232853 0.242764 0.222953 0.944117 0.38263 
1535142218848 0.252799 0.925169 -0.283116 -0.605176 -0.936605 0.307388 0.168176 -0.232808 0.242617 0.222653 0.944226 0.38271 
1535142218952 0.252742 0.925372 -0.282504 -0.604853 -0.936611 0.307232 0.168431 -0.232665 0.242656 0.222026 0.944364 0.382844 
1535142219070 0.252991 0.925393 -0.282213 -0.604564 -0.936538 0.307421 0.168489 -0.232533 0.242677 0.221677 0.94444 0.382938 
1535142219169 0.252781 0.925549 -0.281889 -0.604271 -0.93663 0.307129 0.16851 -0.232393 0.24254 0.22143 0.944533 0.383015 
1535142219284 0.252946 0.925599 -0.281574 -0.603943 -0.936591 0.307225 0.168553 -0.232336 0.242519 0.221085 0.94462 0.383086 
1535142219395 0.252844 0.925756 -0.28115 -0.603647 -0.936628 0.307042 0.168683 -0.232168 0.242484 0.220683 0.944723 0.383151 
1535142219425 0.252913 0.925763 -0.281066 -0.603605 -0.9366 0.3071 0.168729 -0.232125 0.242518 0.220573 0.944739 0.383163 
1535142219441 0.252922 0.925775 -0.281017 -0.603566 -0.936595 0.307102 0.168752 -0.232095 0.242527 0.220518 0.94475 0.383172 
1535142219458 0.252919 0.925793 -0.28096 -0.603505 -0.936595 0.307091 0.168776 -0.232058 0.242532 0.220459 0.944762 0.383182 
1535142219632 0.253193 0.926091 -0.27973 -0.603121 -0.936651 0.307011 0.168612 -0.231847 0.24203 0.219318 0.945157 0.383235 
1535142219673 0.253029 0.926239 -0.279387 -0.602952 -0.936771 0.306722 0.168468 -0.231668 0.241736 0.219095 0.945284 0.383188 
1535142219787 0.253418 0.926278 -0.278907 -0.602704 -0.936754 0.306927 0.16819 -0.231665 0.241394 0.218645 0.945475 0.383147 
1535142219827 0.253489 0.926414 -0.278389 -0.602508 -0.936791 0.306851 0.168125 -0.231532 0.241177 0.218174 0.945639 0.383196 
1535142219932 0.25373 0.926535 -0.277766 -0.602261 -0.936788 0.306911 0.168028 -0.231476 0.240933 0.217574 0.94584 0.383245 
1535142219977 0.253654 0.92668 -0.277353 -0.6021 -0.936855 0.306722 0.168001 -0.231282 0.240753 0.217225 0.945966 0.383261 
1535142219997 0.2536 0.926729 -0.277235 -0.602044 -0.936884 0.306636 0.167998 -0.23122 0.240699 0.217133 0.946001 0.383264 
1535142220014 0.253595 0.926753 -0.277162 -0.602011 -0.936893 0.306611 0.167993 -0.231193 0.240669 0.217069 0.946023 0.383263 
1535142220164 0.254115 0.926895 -0.276208 -0.601805 -0.936864 0.306835 0.167744 -0.231129 0.240231 0.216143 0.946346 0.383218 
1535142220203 0.254364 0.927022 -0.275553 -0.601733 -0.936842 0.306914 0.167725 -0.231104 0.240056 0.215487 0.94654 0.383204 
1535142220299 0.254678 0.927164 -0.274782 -0.601706 -0.936779 0.307055 0.167817 -0.231024 0.239967 0.21467 0.946748 0.383185 
1535142220343 0.254969 0.927301 -0.27405 -0.601617 -0.936767 0.30714 0.167725 -0.230977 0.239703 0.213957 0.946977 0.3832 
1535142220442 0.25517 0.927464 -0.273312 -0.601498 -0.936815 0.307109 0.167519 -0.230817 0.239305 0.213296 0.947226 0.38314 
1535142220477 0.255381 0.927599 -0.272654 -0.601399 -0.936846 0.307113 0.167337 -0.230794 0.238957 0.2127 0.947448 0.383126 
1535142220578 0.255891 0.927681 -0.271897 -0.601276 -0.936742 0.307434 0.167331 -0.230692 0.23882 0.211879 0.947667 0.38309 
1535142220597 0.256036 0.927745 -0.271543 -0.601225 -0.936736 0.307479 0.16728 -0.230676 0.238687 0.211535 0.947777 0.383084 
1535142220617 0.256154 0.927796 -0.271257 -0.601184 -0.936733 0.307514 0.167231 -0.230663 0.238572 0.211258 0.947868 0.383079 
1535142220630 0.256188 0.927846 -0.271053 -0.601151 -0.936748 0.307489 0.167194 -0.230645 0.238476 0.211075 0.947933 0.383072 
1535142220649 0.256171 0.92788 -0.270952 -0.601127 -0.936765 0.307443 0.167183 -0.230608 0.238428 0.210991 0.947964 0.383053 
1535142220787 0.256593 0.927936 -0.270362 -0.601194 -0.936786 0.30762 0.166737 -0.230627 0.23789 0.210488 0.948211 0.38292 
1535142220825 0.256685 0.92808 -0.269779 -0.60124 -0.936865 0.307512 0.166496 -0.230531 0.237482 0.21001 0.948419 0.382894 
1535142220921 0.257045 0.928176 -0.269106 -0.601271 -0.936912 0.307608 0.166053 -0.230524 0.236906 0.209445 0.948688 0.382795 
1535142220966 0.257293 0.928293 -0.268462 -0.601213 -0.936929 0.307656 0.165869 -0.23054 0.236569 0.208853 0.948902 0.382784 
1535142221093 0.257687 0.928583 -0.267079 -0.601207 -0.937022 0.307609 0.165429 -0.230387 0.23577 0.20763 0.949369 0.382722 
1535142221123 0.257868 0.928685 -0.26655 -0.601183 -0.937058 0.307613 0.165215 -0.230352 0.235427 0.20717 0.949555 0.382679 
1535142222052 0.252045 0.928182 -0.273773 -0.58713 -0.938098 0.303806 0.166356 -0.223655 0.237582 0.214896 0.947298 0.392298 
1535142222986 0.247344 0.927381 -0.280686 -0.572812 -0.938891 0.30097 0.167034 -0.217186 0.239382 0.222219 0.945153 0.402529 
1535142223889 0.242332 0.926493 -0.287901 -0.558532 -0.939763 0.297896 0.167643 -0.210587 0.241085 0.229933 0.942873 0.41256 
1535142224771 0.237587 0.925561 -0.294771 -0.544199 -0.940546 0.295036 0.168309 -0.204085 0.242748 0.237258 0.940629 0.422753 
1535142225623 0.232493 0.924587 -0.301805 -0.529953 -0.941378 0.291913 0.1691 -0.197486 0.244448 0.244798 0.938253 0.432797 
1535142226467 0.227583 0.923526 -0.308715 -0.515624 -0.942126 0.288982 0.169962 -0.190918 0.246178 0.252168 0.935846 0.442962 
1535142227325 0.222897 0.922296 -0.315732 -0.501313 -0.942829 0.286276 0.170644 -0.184495 0.247771 0.259645 0.933378 0.453152 
1535142228171 0.218085 0.921094 -0.322529 -0.486985 -0.943544 0.283431 0.17144 -0.177995 0.249327 0.266932 0.930905 0.46338 
1535142230514 0.218764 0.920868 -0.322713 -0.486676 -0.943265 0.284236 0.171643 -0.178009 0.249787 0.266854 0.930803 0.463911 
1535142230532 0.218764 0.920869 -0.322713 -0.486676 -0.943265 0.284236 0.171643 -0.178009 0.249787 0.266854 0.930804 0.463912 
1535142230547 0.218764 0.920869 -0.322712 -0.486676 -0.943265 0.284236 0.171643 -0.178009 0.249787 0.266854 0.930804 0.463912 
1535142230564 0.218764 0.920868 -0.322713 -0.486676 -0.943265 0.284236 0.171643 -0.178009 0.249787 0.266854 0.930804 0.463912 
1535142230581 0.218765 0.920868 -0.322713 -0.486676 -0.943265 0.284237 0.171643 -0.17801 0.249787 0.266854 0.930804 0.463912 
1535142230597 0.218766 0.920869 -0.322712 -0.486676 -0.943265 0.284237 0.171641 -0.17801 0.249786 0.266853 0.930804 0.463913 
1535142230614 0.218766 0.920868 -0.322712 -0.486676 -0.943265 0.284237 0.17164 -0.17801 0.249785 0.266853 0.930804 0.463914 
1535142230631 0.218766 0.920868 -0.322714 -0.486676 -0.943265 0.284237 0.17164 -0.17801 0.249785 0.266855 0.930804 0.463913 
1535142230647 0.218766 0.920868 -0.322714 -0.486676 -0.943265 0.284238 0.171639 -0.17801 0.249785 0.266856 0.930804 0.463913 
1535142230664 0.218767 0.920868 -0.322714 -0.486676 -0.943265 0.284238 0.171639 -0.17801 0.249784 0.266856 0.930804 0.463914 
1535142232021 0.218775 0.92086 -0.32273 -0.486678 -0.943262 0.284249 0.171637 -0.178012 0.249789 0.266869 0.930799 0.463915 
1535142232037 0.218775 0.92086 -0.32273 -0.486678 -0.943262 0.28425 0.171637 -0.178012 0.249789 0.266869 0.930799 0.463915 
1535142232054 0.218775 0.92086 -0.32273 -0.486678 -0.943262 0.28425 0.171637 -0.178012 0.249789 0.266869 0.930799 0.463915 
1535142232071 0.218775 0.92086 -0.32273 -0.486678 -0.943262 0.28425 0.171637 -0.178012 0.249789 0.266869 0.930799 0.463915 
1535142232087 0.218775 0.92086 -0.32273 -0.486678 -0.943262 0.28425 0.171637 -0.178012 0.24979 0.266869 0.930799 0.463915 
1535142232104 0.218775 0.92086 -0.322731 -0.486678 -0.943262 0.28425 0.171637 -0.178012 0.24979 0.26687 0.930798 0.463915 
1535142232121 0.218775 0.92086 -0.32273 -0.486678 -0.943262 0.28425 0.171637 -0.178012 0.249789 0.266869 0.930799 0.463915 
1535142232139 0.218775 0.92086 -0.32273 -0.486678 -0.943262 0.284251 0.171637 -0.178012 0.24979 0.266869 0.930799 0.463915 
1535142232154 0.218776 0.920859 -0.322731 -0.486678 -0.943262 0.284251 0.171637 -0.178012 0.24979 0.26687 0.930798 0.463915 
1535142232171 0.218776 0.920859 -0.322731 -0.486678 -0.943261 0.284251 0.171637 -0.178012 0.24979 0.26687 0.930798 0.463915 
1535142232204 0.218776 0.920859 -0.322731 -0.486678 -0.943261 0.284251 0.171637 -0.178012 0.24979 0.26687 0.930798 0.463915 
1535142232221 0.218776 0.920859 -0.322732 -0.486678 -0.943261 0.284251 0.171637 -0.178012 0.24979 0.26687 0.930798 0.463915 
1535142232238 0.218776 0.920859 -0.322731 -0.486678 -0.943261 0.284252 0.171637 -0.178012 0.24979 0.26687 0.930798 0.463915 
1535142232254 0.218777 0.920859 -0.322732 -0.486678 -0.943261 0.284252 0.171637 -0.178012 0.24979 0.26687 0.930798 0.463915 
1535142232271 0.218776 0.920859 -0.322732 -0.486678 -0.943261 0.284252 0.171637 -0.178012 0.249791 0.266871 0.930798 0.463915 
1535142232287 0.218777 0.920859 -0.322732 -0.486678 -0.943261 0.284252 0.171637 -0.178012 0.249791 0.26687 0.930798 0.463915 
1535142232304 0.218777 0.920859 -0.322732 -0.486678 -0.943261 0.284252 0.171637 -0.178012 0.249791 0.26687 0.930798 0.463915 
1535142232321 0.218777 0.920859 -0.322732 -0.486678 -0.943261 0.284253 0.171637 -0.178012 0.249791 0.26687 0.930798 0.463915 
1535142232337 0.218777 0.920858 -0.322733 -0.486678 -0.943261 0.284253 0.171637 -0.178012 0.249791 0.266871 0.930798 0.463915 
1535142232354 0.218777 0.920859 -0.322732 -0.486678 -0.943261 0.284253 0.171637 -0.178012 0.249791 0.26687 0.930798 0.463915 
1535142232387 0.218777 0.920858 -0.322733 -0.486678 -0.943261 0.284253 0.171637 -0.178012 0.249791 0.266871 0.930798 0.463915 
1535142232405 0.218778 0.920858 -0.322733 -0.486678 -0.943261 0.284253 0.171637 -0.178012 0.249791 0.266871 0.930798 0.463915 
1535142232421 0.218778 0.920858 -0.322733 -0.486678 -0.943261 0.284254 0.171637 -0.178012 0.249791 0.266871 0.930798 0.463915 
1535142232438 0.218778 0.920858 -0.322733 -0.486678 -0.943261 0.284254 0.171637 -0.178012 0.249792 0.266871 0.930798 0.463915 
1535142232454 0.218778 0.920858 -0.322733 -0.486678 -0.94326 0.284254 0.171637 -0.178012 0.249792 0.266871 0.930798 0.463915 
1535142232471 0.218778 0.920858 -0.322733 -0.486678 -0.94326 0.284254 0.171637 -0.178012 0.249792 0.266871 0.930798 0.463915 
1535142232487 0.218778 0.920858 -0.322733 -0.486678 -0.94326 0.284254 0.171637 -0.178012 0.249792 0.266871 0.930797 0.463915 
1535142232504 0.218778 0.920858 -0.322734 -0.486678 -0.94326 0.284255 0.171637 -0.178012 0.249792 0.266871 0.930797 0.463915 
1535142232521 0.218778 0.920858 -0.322734 -0.486678 -0.94326 0.284255 0.171637 -0.178012 0.249792 0.266871 0.930797 0.463915 
1535142232537 0.218779 0.920858 -0.322733 -0.486678 -0.94326 0.284255 0.171637 -0.178012 0.249792 0.266871 0.930797 0.463916 
1535142232567 0.218779 0.920857 -0.322734 -0.486678 -0.94326 0.284255 0.171637 -0.178012 0.249792 0.266872 0.930797 0.463915 
1535142232584 0.218779 0.920858 -0.322734 -0.486678 -0.94326 0.284255 0.171637 -0.178012 0.249793 0.266871 0.930797 0.463916 
1535142232601 0.218779 0.920857 -0.322734 -0.486678 -0.94326 0.284256 0.171637 -0.178012 0.249793 0.266871 0.930797 0.463916 
1535142232617 0.218779 0.920857 -0.322734 -0.486678 -0.94326 0.284256 0.171638 -0.178012 0.249793 0.266872 0.930797 0.463915 
1535142232634 0.218779 0.920857 -0.322734 -0.486678 -0.94326 0.284256 0.171638 -0.178012 0.249793 0.266872 0.930797 0.463915 
1535142232651 0.21878 0.920857 -0.322734 -0.486678 -0.94326 0.284256 0.171637 -0.178012 0.249793 0.266871 0.930797 0.463916 
1535142232667 0.21878 0.920857 -0.322734 -0.486678 -0.94326 0.284256 0.171638 -0.178012 0.249793 0.266872 0.930797 0.463916 
1535142232684 0.21878 0.920857 -0.322735 -0.486678 -0.94326 0.284257 0.171637 -0.178012 0.249793 0.266872 0.930797 0.463915 
1535142232701 0.21878 0.920857 -0.322735 -0.486678 -0.94326 0.284257 0.171637 -0.178012 0.249793 0.266872 0.930797 0.463916 
1535142232717 0.21878 0.920857 -0.322735 -0.486678 -0.94326 0.284257 0.171637 -0.178012 0.249793 0.266872 0.930797 0.463916 
1535142232751 0.21878 0.920857 -0.322735 -0.486678 -0.94326 0.284257 0.171637 -0.178012 0.249793 0.266872 0.930797 0.463915 
1535142232769 0.218781 0.920857 -0.322735 -0.486678 -0.943259 0.284257 0.171638 -0.178012 0.249794 0.266872 0.930797 0.463916 
1535142232784 0.21878 0.920857 -0.322735 -0.486678 -0.943259 0.284257 0.171638 -0.178012 0.249794 0.266872 0.930797 0.463916 
1535142232801 0.21878 0.920857 -0.322736 -0.486678 -0.943259 0.284257 0.171638 -0.178012 0.249794 0.266873 0.930797 0.463915 
1535142232817 0.218781 0.920857 -0.322735 -0.486678 -0.943259 0.284258 0.171637 -0.178012 0.249794 0.266872 0.930797 0.463916 
1535142232837 0.218781 0.920857 -0.322735 -0.486678 -0.943259 0.284258 0.171638 -0.178012 0.249794 0.266872 0.930797 0.463916 
1535142232851 0.218781 0.920856 -0.322736 -0.486678 -0.943259 0.284258 0.171638 -0.178012 0.249794 0.266873 0.930796 0.463915 
1535142232868 0.218781 0.920856 -0.322736 -0.486678 -0.943259 0.284258 0.171638 -0.178012 0.249794 0.266873 0.930796 0.463915 
1535142232884 0.218781 0.920856 -0.322736 -0.486678 -0.943259 0.284258 0.171638 -0.178012 0.249794 0.266872 0.930796 0.463916 
1535142232901 0.218781 0.920856 -0.322736 -0.486678 -0.943259 0.284259 0.171638 -0.178012 0.249794 0.266872 0.930796 0.463916 
1535142232934 0.218782 0.920856 -0.322736 -0.486678 -0.943259 0.284259 0.171638 -0.178012 0.249794 0.266873 0.930796 0.463916 
1535142232951 0.218782 0.920856 -0.322736 -0.486678 -0.943259 0.284259 0.171638 -0.178012 0.249794 0.266872 0.930796 0.463916 
1535142232967 0.218782 0.920856 -0.322737 -0.486678 -0.943259 0.284259 0.171638 -0.178012 0.249795 0.266873 0.930796 0.463916 
1535142232984 0.218782 0.920856 -0.322737 -0.486678 -0.943259 0.284259 0.171638 -0.178012 0.249795 0.266873 0.930796 0.463916 
1535142233001 0.218782 0.920856 -0.322736 -0.486678 -0.943259 0.284259 0.171638 -0.178012 0.249795 0.266873 0.930796 0.463916 
1535142233017 0.218782 0.920856 -0.322736 -0.486678 -0.943259 0.284259 0.171638 -0.178012 0.249795 0.266873 0.930796 0.463916 
1535142233034 0.218782 0.920856 -0.322737 -0.486678 -0.943259 0.28426 0.171638 -0.178012 0.249795 0.266873 0.930796 0.463916 
1535142233051 0.218782 0.920856 -0.322737 -0.486678 -0.943259 0.28426 0.171638 -0.178012 0.249795 0.266873 0.930796 0.463916 
1535142233067 0.218782 0.920856 -0.322737 -0.486678 -0.943259 0.28426 0.171638 -0.178012 0.249795 0.266873 0.930796 0.463916 
1535142233089 0.218782 0.920856 -0.322737 -0.486678 -0.943259 0.28426 0.171638 -0.178012 0.249795 0.266873 0.930796 0.463915 
1535142233122 0.218783 0.920856 -0.322737 -0.486678 -0.943258 0.28426 0.171638 -0.178012 0.249795 0.266873 0.930796 0.463916 
1535142233139 0.218783 0.920855 -0.322737 -0.486678 -0.943258 0.28426 0.171638 -0.178012 0.249795 0.266873 0.930796 0.463916 
1535142233156 0.218783 0.920855 -0.322738 -0.486678 -0.943258 0.284261 0.171638 -0.178012 0.249795 0.266874 0.930796 0.463916 
1535142233172 0.218783 0.920855 -0.322737 -0.486678 -0.943258 0.284261 0.171638 -0.178012 0.249795 0.266873 0.930796 0.463916 
1535142233192 0.218783 0.920855 -0.322738 -0.486679 -0.943258 0.284261 0.171638 -0.178012 0.249795 0.266873 0.930796 0.463916 
1535142233209 0.218783 0.920855 -0.322738 -0.486679 -0.943258 0.284261 0.171638 -0.178012 0.249796 0.266873 0.930796 0.463916 
1535142233226 0.218783 0.920855 -0.322738 -0.486678 -0.943258 0.284261 0.171638 -0.178012 0.249796 0.266873 0.930796 0.463916 
1535142233242 0.218783 0.920855 -0.322738 -0.486678 -0.943258 0.284261 0.171638 -0.178012 0.249796 0.266873 0.930796 0.463916 
1535142233259 0.218783 0.920855 -0.322738 -0.486679 -0.943258 0.284261 0.171638 -0.178012 0.249796 0.266874 0.930796 0.463916 
1535142233290 0.218784 0.920855 -0.322738 -0.486679 -0.943258 0.284261 0.171638 -0.178012 0.249796 0.266874 0.930796 0.463916 
1535142233306 0.218784 0.920855 -0.322738 -0.486679 -0.943258 0.284262 0.171638 -0.178012 0.249796 0.266873 0.930796 0.463916 
1535142233322 0.218784 0.920855 -0.322739 -0.486679 -0.943258 0.284262 0.171639 -0.178012 0.249796 0.266874 0.930795 0.463916 
1535142233339 0.218784 0.920855 -0.322738 -0.486679 -0.943258 0.284262 0.171639 -0.178012 0.249796 0.266874 0.930795 0.463916 
1535142233356 0.218784 0.920855 -0.322738 -0.486679 -0.943258 0.284262 0.171638 -0.178012 0.249796 0.266874 0.930796 0.463916 
1535142233372 0.218784 0.920855 -0.322739 -0.486679 -0.943258 0.284262 0.171639 -0.178012 0.249797 0.266874 0.930795 0.463916 
1535142233389 0.218784 0.920855 -0.322739 -0.486679 -0.943258 0.284262 0.171639 -0.178012 0.249797 0.266874 0.930795 0.463916 
1535142233406 0.218784 0.920855 -0.322739 -0.486679 -0.943258 0.284262 0.171639 -0.178012 0.249797 0.266874 0.930795 0.463916 
1535142233422 0.218784 0.920855 -0.322739 -0.486679 -0.943258 0.284262 0.171639 -0.178012 0.249797 0.266874 0.930795 0.463916 
1535142235725 0.252513 0.92304 -0.290231 -0.588547 -0.932927 0.311825 0.180032 -0.225719 0.256678 0.225304 0.93987 0.395028 
1535142235758 0.251826 0.92322 -0.290257 -0.588696 -0.933095 0.311192 0.180258 -0.225535 0.256743 0.225444 0.939818 0.394585 
1535142236050 0.252649 0.923002 -0.290233 -0.589472 -0.932817 0.312019 0.180265 -0.226166 0.256944 0.22519 0.939824 0.394221 
1535142236453 0.253659 0.922866 -0.289784 -0.591775 -0.932548 0.312889 0.180151 -0.227327 0.256926 0.224541 0.939984 0.392795 
1535142236743 0.253727 0.923001 -0.289296 -0.592943 -0.93251 0.312875 0.180372 -0.227742 0.256997 0.224007 0.940092 0.391936 
1535142237022 0.254187 0.922908 -0.289187 -0.594075 -0.932317 0.313351 0.180544 -0.228342 0.257242 0.223722 0.940093 0.3911 
1535142237304 0.254216 0.923056 -0.28869 -0.595259 -0.932357 0.31324 0.180532 -0.228769 0.257071 0.223268 0.940248 0.390288 
1535142237583 0.254266 0.923099 -0.288509 -0.596469 -0.932314 0.313277 0.180686 -0.229179 0.257174 0.223039 0.940274 0.389455 
1535142237854 0.254538 0.923086 -0.28831 -0.597623 -0.932175 0.313554 0.180926 -0.229694 0.257411 0.222703 0.940289 0.388578 
1535142238139 0.254912 0.923065 -0.288046 -0.598759 -0.932056 0.313873 0.180987 -0.230223 0.257472 0.222339 0.940358 0.387735 
1535142238160 0.254931 0.923058 -0.288052 -0.598845 -0.93205 0.313892 0.180983 -0.230239 0.257475 0.222341 0.940357 0.387662 
1535142238177 0.254799 0.923099 -0.288037 -0.598899 -0.932093 0.313757 0.180993 -0.230236 0.257448 0.222361 0.94036 0.387602 
1535142238193 0.254675 0.923138 -0.288023 -0.598937 -0.932131 0.313633 0.181014 -0.230226 0.257435 0.222375 0.94036 0.387552 
1535142238212 0.254553 0.923175 -0.28801 -0.598973 -0.932167 0.313513 0.181039 -0.230224 0.257426 0.222389 0.940359 0.387504 
1535142238387 0.255163 0.923028 -0.287942 -0.599085 -0.931975 0.314102 0.181005 -0.23039 0.257516 0.222169 0.940386 0.387476 
1535142238423 0.255027 0.92307 -0.287929 -0.599218 -0.932026 0.313957 0.180992 -0.230468 0.257465 0.222199 0.940393 0.387453 
1535142238523 0.254822 0.923216 -0.287642 -0.599389 -0.932084 0.313704 0.181132 -0.23035 0.257458 0.22195 0.940454 0.387309 
1535142238655 0.254869 0.923205 -0.287634 -0.599634 -0.932087 0.313734 0.181066 -0.230547 0.257401 0.221952 0.940469 0.38707 
1535142238718 0.254999 0.923162 -0.287658 -0.599778 -0.932047 0.313866 0.181044 -0.230633 0.257419 0.221944 0.940466 0.386949 
