1534965436728 -0.267928 0.900243 -0.343188 -0.465106 -0.960026 -0.279424 0.0165184 -0.272945 -0.0810242 0.333895 0.939122 0.379141 
1534965442389 -0.210831 0.93213 -0.294422 -0.481708 -0.976414 -0.21515 0.0180379 -0.270659 -0.0465313 0.291281 0.955505 0.373932 
1534965443315 -0.150777 0.958003 -0.243918 -0.498582 -0.988464 -0.149676 0.0231523 -0.268195 -0.0143287 0.244595 0.96952 0.368603 
1534965444271 -0.0882985 0.97716 -0.193292 -0.515404 -0.995983 -0.083717 0.0317601 -0.265804 0.0148529 0.19532 0.980627 0.363388 
1534965445243 -0.0239599 0.989509 -0.142474 -0.532269 -0.998888 -0.0179087 0.0436042 -0.263385 0.0405953 0.14336 0.988838 0.358014 
1534965446251 0.0416412 0.994862 -0.0922765 -0.549117 -0.997139 0.0472121 0.0590346 -0.26093 0.0630879 0.0895542 0.993982 0.352767 
1534965447300 0.108106 0.993215 -0.04286 -0.565975 -0.990777 0.111183 0.0774514 -0.258492 0.0816912 0.0340918 0.996074 0.347509 
1534965448819 0.241746 0.968961 0.0516962 -0.599651 -0.964366 0.234014 0.123431 -0.253573 0.107503 -0.0796931 0.991006 0.336824 
1534965449880 0.308002 0.946512 0.0961791 -0.6143 -0.944485 0.292048 0.150521 -0.250192 0.114381 -0.137201 0.983917 0.332056 
1534965449920 0.308584 0.946251 0.0968744 -0.614415 -0.944338 0.292557 0.150452 -0.250015 0.114024 -0.137909 0.98386 0.33186 
1534965450322 0.314001 0.944153 0.0998924 -0.616043 -0.942445 0.29723 0.153142 -0.250139 0.114898 -0.14223 0.983142 0.331469 
1534965450721 0.320849 0.941382 0.104193 -0.617947 -0.940083 0.303134 0.156057 -0.250072 0.115325 -0.148021 0.982237 0.3309 
1534965451278 0.333751 0.935856 0.113061 -0.621823 -0.935474 0.314033 0.162086 -0.249711 0.116184 -0.159862 0.980278 0.329797 
1534965451687 0.340454 0.932874 0.117634 -0.623705 -0.933049 0.319721 0.16492 -0.249583 0.11624 -0.165906 0.979267 0.32919 
1534965452090 0.347088 0.929894 0.121767 -0.625655 -0.930575 0.325365 0.167834 -0.249412 0.116449 -0.171566 0.978266 0.3285 
1534965452496 0.353465 0.926898 0.126185 -0.627607 -0.928144 0.330677 0.170883 -0.249171 0.116665 -0.177519 0.977178 0.327949 
1534965452906 0.36023 0.923707 0.130383 -0.629478 -0.925509 0.336367 0.17404 -0.24915 0.116905 -0.183365 0.976069 0.327321 
