1535372317965 0.234014 0.922277 -0.30764 -0.534552 -0.938648 0.296772 0.175687 -0.197394 0.253331 0.247653 0.935142 0.432578 
1535372329206 0.234014 0.922277 -0.30764 -0.534552 -0.938648 0.296771 0.175687 -0.197394 0.253331 0.247652 0.935143 0.432578 
1535372330413 0.236109 0.922572 -0.305145 -0.544584 -0.938329 0.298081 0.175173 -0.202086 0.252568 0.244967 0.936056 0.42717 
1535372331111 0.236109 0.922572 -0.305145 -0.544584 -0.938329 0.298081 0.175173 -0.202086 0.252568 0.244967 0.936056 0.42717 
1535372331866 0.237111 0.923217 -0.302403 -0.554996 -0.938326 0.29827 0.174867 -0.206445 0.251638 0.24229 0.937003 0.421139 
1535372332648 0.238678 0.923775 -0.299453 -0.565271 -0.938216 0.298924 0.174342 -0.211099 0.250566 0.23934 0.938047 0.415355 
1535372333500 0.239889 0.924399 -0.296547 -0.575618 -0.938166 0.299281 0.174 -0.215606 0.249596 0.23647 0.939033 0.409428 
1535372334290 0.240989 0.925006 -0.293749 -0.586007 -0.938091 0.299605 0.173844 -0.219969 0.248815 0.233669 0.939941 0.403524 
1535372335125 0.242328 0.925525 -0.290998 -0.596317 -0.937981 0.300143 0.173512 -0.224575 0.247931 0.230904 0.940858 0.397659 
1535372336039 0.243624 0.926151 -0.287909 -0.606644 -0.93794 0.300526 0.173067 -0.229057 0.24681 0.227878 0.94189 0.391805 
1535372336939 0.244624 0.926746 -0.285133 -0.617008 -0.937913 0.300747 0.172831 -0.233551 0.245923 0.225152 0.942777 0.385888 
1535372337318 0.245361 0.927082 -0.283404 -0.627568 -0.937824 0.301033 0.172817 -0.238107 0.245529 0.223381 0.943301 0.379863 
1535372337560 0.24472 0.926616 -0.285472 -0.627734 -0.937693 0.30108 0.173445 -0.238413 0.246667 0.22524 0.942562 0.379861 
1535372337833 0.244019 0.926071 -0.287831 -0.628119 -0.937519 0.301181 0.174207 -0.238666 0.248017 0.227337 0.941703 0.379703 
1535372338125 0.243071 0.925602 -0.290134 -0.628507 -0.937407 0.301041 0.175048 -0.238913 0.249367 0.229424 0.94084 0.379556 
1535372338402 0.242056 0.925106 -0.292553 -0.628923 -0.937351 0.300828 0.175715 -0.239061 0.250563 0.231692 0.939967 0.379269 
1535372338676 0.241065 0.924632 -0.294862 -0.629306 -0.93727 0.300636 0.176474 -0.239277 0.251819 0.233823 0.939103 0.379118 
1535372338950 0.240212 0.924109 -0.297189 -0.62967 -0.937155 0.300582 0.177175 -0.239585 0.253058 0.235953 0.938237 0.37894 
1535372339221 0.239398 0.923527 -0.299645 -0.630057 -0.937012 0.300609 0.177885 -0.23988 0.254358 0.238185 0.937321 0.37871 
1535372339488 0.238373 0.923066 -0.301873 -0.630448 -0.936946 0.300375 0.178627 -0.240031 0.25556 0.240258 0.936464 0.378552 
1535372339518 0.238373 0.923066 -0.301873 -0.630448 -0.936946 0.300375 0.178627 -0.240031 0.25556 0.240258 0.936464 0.378552 
1535372339868 0.238305 0.923063 -0.301936 -0.630806 -0.936896 0.300385 0.178869 -0.240363 0.255804 0.240257 0.936398 0.378407 
1535372340233 0.238327 0.923326 -0.301115 -0.631181 -0.936999 0.300145 0.178734 -0.240545 0.255408 0.239547 0.936688 0.37831 
1535372340603 0.238142 0.923534 -0.300622 -0.631693 -0.937038 0.299882 0.17897 -0.240764 0.255436 0.239074 0.936801 0.378126 
1535372340975 0.237893 0.923755 -0.300141 -0.632169 -0.937151 0.299505 0.179009 -0.240954 0.255254 0.238692 0.936948 0.377895 
1535372341352 0.237727 0.923946 -0.299684 -0.632626 -0.937179 0.299273 0.179253 -0.241293 0.255308 0.238244 0.937047 0.377748 
1535372341736 0.237497 0.924151 -0.299232 -0.633134 -0.937245 0.29896 0.179428 -0.241467 0.255277 0.23784 0.937158 0.377555 
1535372342109 0.237426 0.924285 -0.298876 -0.633609 -0.937263 0.298823 0.179564 -0.241753 0.255279 0.237493 0.937246 0.377386 
1535372342508 0.23732 0.924468 -0.298392 -0.634099 -0.937311 0.298608 0.179667 -0.241988 0.255199 0.237048 0.93738 0.377182 
1535372342914 0.237141 0.924703 -0.297807 -0.634555 -0.937381 0.298302 0.179812 -0.242271 0.255109 0.236518 0.937539 0.377026 
1535372342942 0.237141 0.924703 -0.297807 -0.634555 -0.937381 0.298302 0.179812 -0.242271 0.255109 0.236518 0.937539 0.377026 
1535372342958 0.236801 0.92485 -0.297622 -0.634753 -0.937495 0.297917 0.179856 -0.242258 0.255006 0.236429 0.937589 0.376854 
1535372343175 0.236808 0.924847 -0.297625 -0.634748 -0.937493 0.297925 0.179855 -0.242269 0.255008 0.23643 0.937588 0.376853 
1535372343360 0.236755 0.925081 -0.296938 -0.634897 -0.93757 0.297682 0.179853 -0.242463 0.254772 0.235819 0.937806 0.376851 
1535372343547 0.236522 0.925475 -0.295894 -0.635118 -0.937783 0.297115 0.17968 -0.242571 0.254204 0.234986 0.938169 0.376792 
1535372343737 0.236386 0.925751 -0.295139 -0.635327 -0.937925 0.29674 0.17956 -0.242784 0.253807 0.234373 0.93843 0.376653 
1535372343958 0.235852 0.926423 -0.293453 -0.635814 -0.938204 0.295773 0.179697 -0.242996 0.253271 0.232937 0.938932 0.376484 
1535372344159 0.235704 0.926693 -0.292717 -0.636032 -0.93837 0.295371 0.179493 -0.243219 0.252796 0.23237 0.939201 0.376369 
1535372344345 0.235547 0.927003 -0.29186 -0.63626 -0.938493 0.294979 0.179494 -0.243356 0.252484 0.231629 0.939468 0.376326 
1535372344515 0.235547 0.927003 -0.29186 -0.63626 -0.938493 0.294979 0.179494 -0.243356 0.252484 0.231629 0.939468 0.376326 
1535372344550 0.235335 0.927324 -0.291011 -0.636486 -0.938633 0.294534 0.179495 -0.243539 0.252163 0.230911 0.939731 0.376268 
1535372344573 0.235344 0.927415 -0.290716 -0.636582 -0.93865 0.294467 0.179514 -0.243625 0.25209 0.230633 0.939819 0.376235 
1535372344748 0.235344 0.927415 -0.290716 -0.636582 -0.93865 0.294467 0.179514 -0.243625 0.25209 0.230633 0.939819 0.376235 
1535372344800 0.235131 0.927667 -0.290083 -0.636669 -0.938828 0.294028 0.179303 -0.243588 0.251626 0.230178 0.940054 0.376173 
1535372344968 0.235086 0.927909 -0.289342 -0.636822 -0.939095 0.293608 0.178591 -0.243634 0.250669 0.229736 0.940418 0.376012 
1535372345094 0.235479 0.928068 -0.288512 -0.636906 -0.939123 0.293708 0.178282 -0.243902 0.250196 0.228966 0.940732 0.376043 
1535372345203 0.235311 0.928375 -0.287659 -0.637053 -0.939378 0.293188 0.177789 -0.243967 0.249393 0.228385 0.941086 0.375859 
1535372345357 0.235002 0.928718 -0.286805 -0.637219 -0.939651 0.292552 0.177394 -0.24398 0.248654 0.227809 0.941421 0.375775 
1535372345479 0.23526 0.928879 -0.286072 -0.637352 -0.939707 0.292547 0.177108 -0.244136 0.248201 0.227158 0.941698 0.375702 
1535372345620 0.235308 0.929117 -0.285257 -0.637454 -0.939879 0.292269 0.176651 -0.244329 0.247502 0.226539 0.942031 0.375631 
1535372345692 0.235153 0.929402 -0.284456 -0.637608 -0.94011 0.291793 0.176208 -0.244393 0.246771 0.225985 0.942356 0.375465 
1535372345708 0.235276 0.929405 -0.284345 -0.63764 -0.940113 0.291859 0.176084 -0.244465 0.246642 0.225888 0.942413 0.375417 
1535372345724 0.235361 0.929507 -0.283941 -0.637679 -0.940159 0.291801 0.175934 -0.244493 0.246386 0.225541 0.942563 0.375383 
1535372345891 0.23535 0.929562 -0.283768 -0.6377 -0.940193 0.29173 0.175869 -0.244487 0.246265 0.225406 0.942627 0.375372 
1535372345936 0.235988 0.929399 -0.283774 -0.637651 -0.940006 0.292364 0.175818 -0.244423 0.246371 0.225259 0.942635 0.375412 
1535372346082 0.236097 0.929373 -0.283767 -0.637603 -0.939977 0.292468 0.175801 -0.244461 0.246377 0.225229 0.94264 0.37542 
1535372346143 0.236641 0.929402 -0.283221 -0.637618 -0.939908 0.292821 0.17558 -0.244469 0.246117 0.224652 0.942846 0.375364 
1535372346286 0.236807 0.929366 -0.283199 -0.637642 -0.939892 0.292952 0.175449 -0.244483 0.24602 0.224629 0.942876 0.375276 
1535372346341 0.236987 0.929439 -0.282809 -0.637652 -0.939914 0.292988 0.175268 -0.244378 0.245761 0.22428 0.943027 0.375182 
1535372346472 0.237125 0.929425 -0.282739 -0.637677 -0.939882 0.293105 0.175246 -0.244369 0.24575 0.224186 0.943052 0.375176 
1535372346499 0.237125 0.929425 -0.282739 -0.637677 -0.939882 0.293105 0.175246 -0.244369 0.24575 0.224186 0.943052 0.375176 
1535372346517 0.237635 0.929417 -0.282337 -0.63767 -0.939787 0.293485 0.175122 -0.244443 0.245623 0.223722 0.943196 0.375193 
1535372346729 0.237663 0.929444 -0.282223 -0.637663 -0.939795 0.293476 0.175093 -0.244407 0.245565 0.223618 0.943235 0.375191 
1535372346864 0.237701 0.929355 -0.282484 -0.637466 -0.939788 0.293559 0.17499 -0.244273 0.245553 0.22388 0.943176 0.375212 
1535372347012 0.238313 0.929266 -0.282261 -0.637319 -0.9397 0.294041 0.174657 -0.244175 0.245299 0.223618 0.943305 0.375229 
1535372347111 0.238855 0.92923 -0.281922 -0.637165 -0.939608 0.294451 0.174458 -0.244011 0.245124 0.223226 0.943443 0.375238 
1535372347219 0.239337 0.929223 -0.281535 -0.636958 -0.939553 0.294777 0.174202 -0.243876 0.244863 0.222824 0.943606 0.375283 
1535372347363 0.240207 0.929091 -0.281231 -0.636775 -0.939375 0.295511 0.173922 -0.243913 0.244696 0.222404 0.943748 0.375309 
1535372347465 0.240739 0.92906 -0.280876 -0.636542 -0.939368 0.295835 0.173405 -0.243819 0.244197 0.222101 0.943949 0.375306 
1535372347583 0.241154 0.928997 -0.280731 -0.636413 -0.939322 0.296149 0.173121 -0.243615 0.243967 0.221948 0.944044 0.375294 
1535372347656 0.242263 0.928811 -0.280389 -0.63613 -0.93913 0.297059 0.172599 -0.243625 0.243604 0.221507 0.944241 0.37528 
1535372347677 0.242263 0.928811 -0.280389 -0.63613 -0.93913 0.297059 0.172599 -0.243625 0.243604 0.221507 0.944241 0.37528 
1535372347868 0.242482 0.928783 -0.280292 -0.636052 -0.939103 0.297223 0.172462 -0.24359 0.24349 0.221404 0.944295 0.375279 
1535372348006 0.241999 0.928895 -0.280339 -0.635724 -0.93921 0.296787 0.172635 -0.243361 0.243561 0.22152 0.944249 0.375401 
1535372348193 0.242287 0.928861 -0.280203 -0.635369 -0.939081 0.297086 0.172821 -0.243297 0.243771 0.221261 0.944256 0.37559 
1535372348402 0.242564 0.928797 -0.280175 -0.634973 -0.938979 0.297373 0.172879 -0.243297 0.243886 0.221145 0.944253 0.375713 
1535372348532 0.242612 0.928797 -0.280134 -0.634647 -0.938943 0.297433 0.172973 -0.243107 0.243978 0.221065 0.944248 0.375828 
1535372348728 0.242827 0.928747 -0.280114 -0.634304 -0.93888 0.297641 0.172959 -0.243006 0.244009 0.220995 0.944257 0.375923 
1535372348926 0.243109 0.928708 -0.279999 -0.633921 -0.9388 0.297895 0.172954 -0.242955 0.244034 0.220817 0.944292 0.376027 
1535372349105 0.24321 0.928719 -0.279876 -0.633569 -0.938763 0.297979 0.17301 -0.242784 0.244075 0.22066 0.944318 0.376128 
1535372349165 0.24322 0.928736 -0.279811 -0.633143 -0.938748 0.297987 0.173079 -0.242551 0.244125 0.220575 0.944325 0.376234 
1535372349190 0.24322 0.928736 -0.279811 -0.633143 -0.938748 0.297987 0.173079 -0.242551 0.244125 0.220575 0.944325 0.376234 
1535372349373 0.243217 0.928706 -0.279913 -0.633014 -0.938737 0.298014 0.17309 -0.242491 0.244167 0.220666 0.944293 0.376283 
1535372349583 0.243226 0.928707 -0.279902 -0.632527 -0.93868 0.29807 0.173303 -0.242299 0.244378 0.220587 0.944257 0.376425 
1535372349785 0.243209 0.928725 -0.279857 -0.632059 -0.938592 0.298129 0.173678 -0.242133 0.244732 0.220432 0.944201 0.376646 
1535372349988 0.243088 0.92868 -0.280109 -0.631603 -0.938549 0.298127 0.173914 -0.241977 0.245018 0.22062 0.944083 0.376723 
1535372350198 0.243037 0.928695 -0.280105 -0.631135 -0.93851 0.298125 0.17413 -0.241731 0.24522 0.220561 0.944044 0.376841 
1535372350405 0.243145 0.928629 -0.28023 -0.630629 -0.938422 0.298305 0.174294 -0.241671 0.245448 0.220595 0.943977 0.376968 
1535372350608 0.243077 0.92865 -0.280219 -0.630203 -0.938343 0.298325 0.174686 -0.241373 0.245818 0.22048 0.943908 0.377107 
1535372350825 0.243237 0.928559 -0.280383 -0.629676 -0.938218 0.298584 0.174916 -0.241347 0.246138 0.220514 0.943817 0.377266 
1535372351055 0.243052 0.92858 -0.280473 -0.629155 -0.938174 0.298506 0.175282 -0.240997 0.246486 0.22053 0.943722 0.377426 
1535372351325 0.243106 0.92857 -0.280459 -0.629081 -0.938154 0.29856 0.175298 -0.241001 0.24651 0.220498 0.943723 0.377445 
1535372351598 0.243087 0.928467 -0.280817 -0.628704 -0.938037 0.298719 0.175652 -0.240835 0.246973 0.220718 0.943551 0.377558 
1535372351876 0.24297 0.928465 -0.280923 -0.628349 -0.937972 0.298712 0.176009 -0.240577 0.247333 0.220734 0.943453 0.377688 
1535372352130 0.242975 0.928402 -0.281126 -0.627978 -0.937855 0.298859 0.176386 -0.240431 0.247774 0.220798 0.943322 0.377842 
1535372352396 0.242985 0.928336 -0.281337 -0.627594 -0.937796 0.298959 0.17653 -0.240275 0.247988 0.220943 0.943232 0.377981 
1535372352654 0.243042 0.928244 -0.281593 -0.627199 -0.937693 0.29914 0.176767 -0.240159 0.248319 0.221086 0.943111 0.378057 
1535372352941 0.243131 0.92815 -0.281824 -0.626823 -0.937534 0.299391 0.177188 -0.239974 0.248832 0.221139 0.942963 0.378215 
1535372353193 0.243179 0.928088 -0.281988 -0.626397 -0.937425 0.299554 0.177488 -0.239937 0.249195 0.221181 0.942858 0.378356 
1535372353446 0.243065 0.928009 -0.282344 -0.626049 -0.937346 0.299609 0.177811 -0.239702 0.249603 0.221435 0.94269 0.378436 
1535372353481 0.243359 0.927901 -0.282446 -0.625797 -0.937197 0.299974 0.177982 -0.239762 0.249876 0.221394 0.942627 0.378537 
1535372353517 0.243427 0.927881 -0.282455 -0.625781 -0.937174 0.300045 0.177984 -0.239805 0.249897 0.221383 0.942625 0.378547 
1535372353732 0.242865 0.927909 -0.282844 -0.625579 -0.937319 0.299584 0.177994 -0.239406 0.249898 0.221887 0.942506 0.378612 
1535372353929 0.242865 0.927909 -0.282844 -0.625579 -0.937319 0.299584 0.177994 -0.239406 0.249898 0.221887 0.942506 0.378612 
1535372354149 0.243217 0.92749 -0.283914 -0.62488 -0.937049 0.300283 0.178237 -0.239226 0.250567 0.222691 0.942138 0.378864 
1535372354353 0.243283 0.927319 -0.284416 -0.624532 -0.936955 0.300512 0.17835 -0.239094 0.250858 0.223095 0.941965 0.379011 
1535372354540 0.243283 0.927319 -0.284416 -0.624532 -0.936955 0.300512 0.17835 -0.239094 0.250858 0.223095 0.941965 0.379011 
1535372354751 0.243401 0.92715 -0.284865 -0.62417 -0.936824 0.3008 0.178548 -0.239021 0.251228 0.223409 0.941792 0.379165 
1535372354938 0.243608 0.926941 -0.285369 -0.623822 -0.936681 0.301173 0.17867 -0.238908 0.251562 0.223775 0.941616 0.379322 
1535372355157 0.24367 0.926763 -0.285892 -0.62345 -0.936588 0.301402 0.178774 -0.238861 0.25185 0.224201 0.941438 0.379435 
1535372355192 0.243613 0.926637 -0.286352 -0.623154 -0.936561 0.301474 0.178794 -0.238641 0.252005 0.224629 0.941295 0.379531 
1535372355358 0.243631 0.926579 -0.286524 -0.623022 -0.936538 0.30154 0.178801 -0.238572 0.252072 0.224779 0.941241 0.379554 
1535372355426 0.243631 0.926579 -0.286524 -0.623022 -0.936538 0.30154 0.178801 -0.238572 0.252072 0.224779 0.941241 0.379554 
1535372355621 0.243618 0.926623 -0.286391 -0.622866 -0.936533 0.30151 0.178881 -0.238493 0.252105 0.224636 0.941266 0.379627 
1535372355748 0.243884 0.926446 -0.286739 -0.622583 -0.936382 0.301903 0.179005 -0.238512 0.252405 0.224841 0.941137 0.379674 
1535372355916 0.243687 0.926511 -0.286695 -0.622369 -0.936362 0.30177 0.179335 -0.238262 0.252672 0.224748 0.941087 0.379809 
1535372355998 0.243858 0.926435 -0.286794 -0.622071 -0.93624 0.302022 0.17955 -0.238259 0.252959 0.224723 0.941016 0.37992 
1535372356158 0.243955 0.926363 -0.286945 -0.621786 -0.936145 0.302205 0.179737 -0.238187 0.253218 0.224775 0.940934 0.380002 
1535372356299 0.243958 0.926312 -0.287108 -0.621563 -0.936089 0.302288 0.179886 -0.238057 0.25342 0.224874 0.940856 0.380062 
1535372356438 0.244 0.926292 -0.287137 -0.62132 -0.936049 0.30236 0.179974 -0.237891 0.253527 0.224861 0.94083 0.38012 
1535372356530 0.244202 0.926152 -0.287415 -0.621019 -0.935927 0.302667 0.180091 -0.237935 0.253783 0.225021 0.940723 0.38022 
1535372356741 0.244175 0.926129 -0.287512 -0.62093 -0.935909 0.302683 0.180161 -0.237893 0.253877 0.225094 0.94068 0.380256 
1535372356946 0.244245 0.926135 -0.287434 -0.620827 -0.935891 0.302734 0.180167 -0.237817 0.253876 0.225002 0.940703 0.380287 
1535372357147 0.244146 0.926203 -0.287298 -0.620669 -0.935931 0.302601 0.180182 -0.237623 0.253822 0.224901 0.940741 0.380303 
1535372357352 0.244214 0.926222 -0.28718 -0.620448 -0.935924 0.302633 0.180166 -0.237531 0.253784 0.22478 0.94078 0.380346 
1535372357559 0.244182 0.926204 -0.287267 -0.620256 -0.93592 0.30263 0.180191 -0.237432 0.253829 0.224859 0.940749 0.380388 
1535372357764 0.24451 0.926106 -0.287301 -0.620024 -0.935868 0.30292 0.179975 -0.237431 0.253706 0.22487 0.94078 0.380432 
1535372357961 0.244314 0.926206 -0.287148 -0.619848 -0.935933 0.302691 0.180021 -0.237213 0.253654 0.224769 0.940818 0.380492 
1535372358180 0.244435 0.926195 -0.287078 -0.619628 -0.935899 0.302795 0.180023 -0.23714 0.253662 0.224672 0.940839 0.380528 
1535372358374 0.244277 0.926226 -0.287112 -0.619435 -0.935939 0.302652 0.180054 -0.236977 0.253666 0.224736 0.940823 0.380562 
