1534335473082 0.097063 0.863711 -0.494552 -0.520111 -0.963112 0.206816 0.17217 -0.235839 0.250987 0.459597 0.851925 0.440236 
1534335477084 0.0970628 0.863712 -0.49455 -0.520111 -0.963112 0.206816 0.172171 -0.235838 0.250988 0.459596 0.851926 0.440237 
1534335477663 0.0996362 0.863382 -0.494615 -0.528677 -0.96269 0.209335 0.171482 -0.23496 0.251595 0.459075 0.852027 0.437486 
1534335478235 0.102534 0.862747 -0.495131 -0.537715 -0.962218 0.21224 0.170561 -0.233945 0.252237 0.458936 0.851912 0.434414 
1534335478833 0.105307 0.862178 -0.49554 -0.546705 -0.961705 0.215099 0.169873 -0.232973 0.253051 0.458675 0.851811 0.43148 
1534335479449 0.108022 0.861475 -0.496178 -0.55578 -0.96126 0.217824 0.168916 -0.231896 0.253597 0.458709 0.85163 0.428379 
1534335480063 0.111178 0.860707 -0.496812 -0.564779 -0.960707 0.221015 0.16791 -0.231012 0.254324 0.458624 0.85146 0.42538 
1534335480713 0.113775 0.859993 -0.497462 -0.573892 -0.960221 0.223708 0.167124 -0.229933 0.255012 0.458658 0.851235 0.422266 
1534335481347 0.116629 0.859422 -0.497786 -0.582853 -0.95969 0.226569 0.166317 -0.228958 0.25572 0.458323 0.851204 0.41934 
1534335481974 0.11951 0.858619 -0.498489 -0.591889 -0.959152 0.229517 0.165379 -0.227976 0.256409 0.458362 0.850975 0.416251 
1534335482602 0.122315 0.857934 -0.498988 -0.600139 -0.958622 0.232346 0.164499 -0.226586 0.257067 0.45822 0.850853 0.413348 
1534335482623 0.122051 0.857788 -0.499303 -0.600383 -0.95868 0.232135 0.164459 -0.226388 0.256976 0.458599 0.850676 0.413134 
1534335482854 0.122758 0.857759 -0.499179 -0.600882 -0.958549 0.232792 0.164289 -0.226551 0.257125 0.45832 0.850781 0.413102 
1534335483095 0.123001 0.857892 -0.498891 -0.601822 -0.958477 0.233021 0.16439 -0.226522 0.257281 0.457955 0.850931 0.412902 
1534335483329 0.12318 0.857703 -0.499171 -0.602895 -0.958438 0.233256 0.164281 -0.226408 0.257339 0.458188 0.850788 0.412538 
1534335483566 0.123455 0.85759 -0.499297 -0.603915 -0.958391 0.233537 0.164153 -0.226345 0.257381 0.458257 0.850738 0.412163 
1534335483793 0.123849 0.857494 -0.499364 -0.604919 -0.958318 0.23393 0.164021 -0.226344 0.257464 0.458236 0.850725 0.411805 
1534335484019 0.124134 0.857378 -0.499493 -0.605921 -0.958261 0.234237 0.16392 -0.226286 0.257541 0.458296 0.850669 0.411467 
1534335484255 0.124072 0.857302 -0.499638 -0.607033 -0.958257 0.234232 0.163949 -0.226014 0.257585 0.458441 0.850578 0.411081 
1534335484579 0.124928 0.85719 -0.499618 -0.608992 -0.958099 0.235049 0.163703 -0.22603 0.25776 0.458232 0.850637 0.410486 
1534335484603 0.124959 0.857079 -0.499802 -0.609135 -0.958101 0.2351 0.163616 -0.22604 0.257735 0.458415 0.850546 0.410374 
1534335484754 0.12495 0.857093 -0.49978 -0.609315 -0.958121 0.235054 0.163564 -0.225979 0.257665 0.458412 0.850569 0.410231 
1534335484937 0.125468 0.857857 -0.498336 -0.609246 -0.958047 0.235236 0.163735 -0.226004 0.257688 0.456886 0.851382 0.410076 
1534335484994 0.125667 0.858183 -0.497724 -0.609392 -0.958034 0.235269 0.163766 -0.226009 0.25764 0.456256 0.851734 0.409836 
1534335485112 0.126226 0.85848 -0.497071 -0.609488 -0.957926 0.235689 0.163797 -0.226146 0.25777 0.455482 0.85211 0.409655 
1534335485177 0.126667 0.858732 -0.496523 -0.609626 -0.95787 0.23596 0.163732 -0.226207 0.257762 0.454865 0.852442 0.409432 
1534335485293 0.12662 0.859163 -0.495789 -0.6098 -0.957864 0.235801 0.163994 -0.226064 0.257805 0.454134 0.852818 0.409179 
1534335485355 0.127198 0.859469 -0.495109 -0.609918 -0.957792 0.236163 0.163895 -0.226204 0.257789 0.453365 0.853232 0.408984 
1534335485474 0.127388 0.859773 -0.494533 -0.61005 -0.95777 0.236213 0.163954 -0.22615 0.257778 0.452763 0.853555 0.408719 
1534335485496 0.127489 0.859904 -0.494279 -0.610094 -0.957764 0.236237 0.163949 -0.226152 0.257748 0.452501 0.853703 0.408689 
1534335485514 0.127588 0.860018 -0.494056 -0.610138 -0.957764 0.236258 0.163922 -0.226151 0.2577 0.452274 0.853838 0.408622 
1534335485529 0.127642 0.860089 -0.493917 -0.610171 -0.957765 0.236264 0.163908 -0.226147 0.257671 0.452135 0.853921 0.408565 
1534335485655 0.127552 0.860034 -0.494036 -0.610095 -0.957798 0.236171 0.163847 -0.226296 0.257591 0.452287 0.853863 0.408449 
1534335485694 0.127178 0.859947 -0.494285 -0.610037 -0.957877 0.235844 0.163858 -0.226461 0.257483 0.452625 0.853717 0.408516 
1534335485740 0.127121 0.859941 -0.494309 -0.609999 -0.957886 0.235796 0.163872 -0.226606 0.257476 0.45266 0.853701 0.408583 
1534335485813 0.126887 0.860095 -0.494101 -0.610033 -0.957931 0.235531 0.163995 -0.226694 0.257427 0.452505 0.853797 0.408536 
1534335485837 0.126669 0.860236 -0.493911 -0.610033 -0.957988 0.235256 0.164055 -0.22676 0.257322 0.45238 0.853896 0.408477 
1534335485874 0.126483 0.860329 -0.493798 -0.610031 -0.958036 0.235032 0.164095 -0.226859 0.257234 0.452321 0.853954 0.408369 
1534335485894 0.126467 0.860345 -0.493775 -0.61002 -0.958044 0.235004 0.16409 -0.226944 0.257213 0.452306 0.853968 0.408312 
1534335485911 0.126465 0.860344 -0.493776 -0.610009 -0.958047 0.234997 0.16408 -0.227019 0.257201 0.45231 0.853969 0.408265 
1534335486048 0.126304 0.860377 -0.49376 -0.609926 -0.958043 0.234899 0.164243 -0.227429 0.257295 0.452299 0.853947 0.408217 
1534335486163 0.124977 0.86017 -0.494458 -0.609763 -0.958029 0.234214 0.165297 -0.227371 0.257993 0.453047 0.853339 0.4085 
1534335486277 0.12438 0.86006 -0.494799 -0.60962 -0.95807 0.23383 0.165609 -0.227722 0.258132 0.453453 0.853082 0.408428 
1534335486383 0.1237 0.859987 -0.495096 -0.609519 -0.958054 0.233482 0.166189 -0.227978 0.258517 0.453771 0.852796 0.408556 
1534335486574 0.122336 0.859819 -0.495728 -0.609257 -0.958087 0.232676 0.167128 -0.228565 0.259043 0.454504 0.852245 0.408565 
1534335486666 0.121551 0.859781 -0.495986 -0.609157 -0.958066 0.232259 0.167825 -0.228768 0.25949 0.454788 0.851958 0.408692 
1534335486789 0.121068 0.859491 -0.496606 -0.608953 -0.958036 0.232123 0.168182 -0.229256 0.259824 0.455405 0.851527 0.408669 
1534335486809 0.120867 0.859451 -0.496724 -0.608925 -0.958045 0.232001 0.168298 -0.229318 0.259885 0.455542 0.851435 0.408655 
1534335486983 0.120214 0.859461 -0.496865 -0.608698 -0.958103 0.23151 0.16865 -0.229384 0.259977 0.455774 0.851283 0.408614 
1534335487038 0.120165 0.859499 -0.496812 -0.608451 -0.958171 0.231349 0.168484 -0.22938 0.259748 0.455785 0.851346 0.408602 
1534335487202 0.120071 0.859357 -0.49708 -0.607943 -0.958242 0.231215 0.168261 -0.229521 0.259529 0.456119 0.851234 0.408645 
1534335487255 0.119615 0.859364 -0.497179 -0.607593 -0.958333 0.230781 0.168337 -0.229749 0.259402 0.456327 0.851162 0.408603 
1534335487374 0.119086 0.859474 -0.497115 -0.607341 -0.958418 0.230279 0.168541 -0.229712 0.259331 0.456373 0.851159 0.408655 
1534335487433 0.118846 0.859421 -0.497264 -0.607063 -0.958468 0.230067 0.16855 -0.229814 0.259259 0.45658 0.851069 0.40861 
1534335487556 0.118699 0.859448 -0.497251 -0.606697 -0.958476 0.229955 0.168656 -0.230047 0.259297 0.456584 0.851056 0.408684 
1534335487575 0.118485 0.859419 -0.497353 -0.606606 -0.95852 0.229759 0.16867 -0.230025 0.25923 0.456738 0.850993 0.408652 
1534335487597 0.118325 0.85939 -0.497442 -0.60653 -0.958555 0.229613 0.168674 -0.23002 0.259176 0.456867 0.850941 0.408624 
1534335487819 0.117398 0.859603 -0.497294 -0.605988 -0.958644 0.228828 0.169232 -0.230069 0.259267 0.45686 0.850917 0.408675 
1534335487861 0.117078 0.859641 -0.497303 -0.605699 -0.958684 0.228553 0.169379 -0.230155 0.259265 0.456925 0.850882 0.408662 
1534335488012 0.116776 0.859704 -0.497265 -0.605396 -0.958652 0.228407 0.169757 -0.230266 0.25952 0.45688 0.850829 0.40873 
1534335488048 0.116228 0.859721 -0.497363 -0.605174 -0.958735 0.227924 0.169934 -0.230202 0.259457 0.457088 0.850736 0.408651 
1534335488190 0.115985 0.859936 -0.497049 -0.604814 -0.958714 0.227741 0.170299 -0.230375 0.259644 0.456775 0.850847 0.408861 
1534335488241 0.115513 0.859884 -0.497249 -0.604573 -0.958759 0.227396 0.170508 -0.230373 0.259689 0.457046 0.850688 0.408796 
1534335488261 0.115448 0.859857 -0.497311 -0.604488 -0.958757 0.227368 0.170553 -0.230426 0.259724 0.457111 0.850643 0.408781 
1534335488276 0.115479 0.859861 -0.497296 -0.604454 -0.958743 0.227411 0.170575 -0.23048 0.259761 0.457081 0.850647 0.408792 
1534335488294 0.115515 0.859873 -0.497267 -0.604423 -0.958724 0.227462 0.170615 -0.230537 0.259817 0.457033 0.850656 0.40881 
1534335488413 0.11483 0.859985 -0.497232 -0.604194 -0.958821 0.226839 0.170899 -0.230443 0.259762 0.457133 0.850619 0.408774 
1534335488462 0.114486 0.860072 -0.497161 -0.604094 -0.958741 0.226742 0.171478 -0.230421 0.26021 0.457017 0.850545 0.408768 
1534335488532 0.114439 0.860248 -0.496868 -0.603916 -0.958582 0.22693 0.172113 -0.230581 0.260814 0.456592 0.850588 0.408877 
1534335488595 0.114185 0.860285 -0.496862 -0.60371 -0.95848 0.226942 0.172666 -0.230673 0.261301 0.456516 0.850479 0.408935 
1534335488722 0.113425 0.860557 -0.496565 -0.603258 -0.958344 0.226622 0.173837 -0.230741 0.262129 0.456162 0.850414 0.409023 
1534335488764 0.112959 0.860666 -0.496481 -0.603101 -0.958302 0.226373 0.174392 -0.230726 0.262483 0.45608 0.850349 0.409022 
1534335488784 0.112838 0.860717 -0.496421 -0.60303 -0.958285 0.226311 0.174568 -0.230747 0.262599 0.456015 0.850348 0.409018 
1534335488802 0.112755 0.86076 -0.496365 -0.60295 -0.958262 0.226284 0.174725 -0.230787 0.262715 0.455947 0.850349 0.409009 
1534335488820 0.112765 0.860764 -0.496356 -0.602882 -0.958255 0.226302 0.174744 -0.230839 0.26274 0.455931 0.85035 0.409 
1534335488912 0.112424 0.860828 -0.496323 -0.602734 -0.958222 0.226128 0.175149 -0.230861 0.263006 0.455896 0.850286 0.409074 
1534335489043 0.112245 0.860426 -0.497059 -0.602507 -0.958402 0.225847 0.174525 -0.230851 0.262426 0.456793 0.849984 0.409152 
1534335489089 0.11204 0.860318 -0.497293 -0.602318 -0.958444 0.225686 0.1745 -0.230911 0.262358 0.457077 0.849853 0.409156 
1534335489192 0.111854 0.860526 -0.496975 -0.602089 -0.958422 0.225537 0.174813 -0.230916 0.262518 0.456758 0.849974 0.40931 
1534335489243 0.111514 0.860412 -0.497248 -0.601962 -0.9585 0.225234 0.174777 -0.230857 0.262377 0.457122 0.849822 0.40926 
1534335489313 0.111349 0.86026 -0.497548 -0.601794 -0.958563 0.225077 0.174636 -0.230922 0.262219 0.457486 0.849675 0.409201 
1534335489335 0.111376 0.860239 -0.497579 -0.601741 -0.958558 0.22511 0.174622 -0.230971 0.262226 0.45751 0.84966 0.409232 
1534335489352 0.111403 0.860227 -0.497594 -0.601696 -0.958549 0.225146 0.174623 -0.23101 0.262246 0.457515 0.849651 0.409269 
1534335489368 0.111436 0.860219 -0.497599 -0.60166 -0.958538 0.225188 0.17463 -0.231041 0.262274 0.457507 0.849647 0.409306 
1534335489384 0.111445 0.860205 -0.497622 -0.601613 -0.958531 0.225212 0.174639 -0.231068 0.262295 0.457524 0.849631 0.409342 
1534335489423 0.111314 0.860176 -0.4977 -0.60151 -0.958543 0.225119 0.174689 -0.231052 0.262305 0.457622 0.849575 0.4094 
1534335489564 0.110578 0.860017 -0.49814 -0.601321 -0.95872 0.224415 0.174626 -0.230888 0.261971 0.458267 0.849331 0.409172 
1534335489583 0.110391 0.859946 -0.498304 -0.601218 -0.95876 0.224256 0.174611 -0.230879 0.261903 0.458478 0.849238 0.409149 
1534335489627 0.110321 0.859964 -0.498288 -0.601042 -0.958759 0.224207 0.174676 -0.230961 0.261935 0.458468 0.849233 0.40927 
1534335489722 0.110291 0.860003 -0.498228 -0.600848 -0.958723 0.224239 0.174834 -0.231043 0.26208 0.45838 0.849236 0.409465 
1534335489746 0.109996 0.85994 -0.498401 -0.600765 -0.958787 0.223969 0.174833 -0.230991 0.261972 0.458629 0.849135 0.40942 
1534335489766 0.109812 0.859902 -0.498508 -0.600714 -0.958828 0.223797 0.174826 -0.230963 0.261898 0.458785 0.849073 0.40939 
1534335489782 0.10963 0.859866 -0.49861 -0.600662 -0.958869 0.223626 0.17482 -0.230937 0.261824 0.458936 0.849014 0.409362 
1534335489886 0.109804 0.859998 -0.498343 -0.60059 -0.958851 0.223718 0.174802 -0.230991 0.261818 0.458643 0.849175 0.409421 
1534335489949 0.110183 0.860146 -0.498005 -0.600477 -0.958995 0.223647 0.174102 -0.230925 0.261131 0.458401 0.849517 0.409356 
1534335489979 0.110219 0.860127 -0.49803 -0.600387 -0.959118 0.223458 0.173662 -0.230906 0.260661 0.458529 0.849592 0.409264 
1534335490021 0.11024 0.860123 -0.498031 -0.60027 -0.959227 0.223281 0.173291 -0.230904 0.260252 0.458621 0.849668 0.409186 
1534335490069 0.110248 0.86004 -0.498173 -0.600161 -0.959274 0.223232 0.173092 -0.230937 0.260074 0.458801 0.849625 0.409093 
1534335490089 0.110255 0.860027 -0.498194 -0.600114 -0.959297 0.223201 0.173007 -0.230948 0.259988 0.458841 0.84963 0.409061 
1534335490106 0.110234 0.860024 -0.498203 -0.600078 -0.959322 0.223144 0.172941 -0.230939 0.259905 0.458873 0.849638 0.409034 
1534335490123 0.110197 0.860028 -0.498204 -0.600036 -0.959355 0.223061 0.172862 -0.230919 0.259796 0.458906 0.849654 0.409003 
1534335490139 0.110165 0.860037 -0.498197 -0.600004 -0.959384 0.222988 0.172798 -0.2309 0.259705 0.458926 0.849671 0.40898 
1534335490156 0.110116 0.860041 -0.4982 -0.599958 -0.959428 0.222879 0.172694 -0.23087 0.259562 0.458971 0.84969 0.408946 
1534335490173 0.110112 0.86004 -0.498203 -0.599953 -0.959435 0.222865 0.172675 -0.230867 0.25954 0.458979 0.849693 0.408942 
1534335490189 0.110107 0.860039 -0.498205 -0.599918 -0.959476 0.222789 0.172544 -0.230851 0.259389 0.459018 0.849718 0.408921 
1534335490278 0.10988 0.860116 -0.498123 -0.599873 -0.959365 0.222819 0.173121 -0.230955 0.259896 0.458859 0.849649 0.40899 
1534335490311 0.109401 0.860127 -0.498209 -0.599769 -0.959341 0.222563 0.17358 -0.230961 0.260184 0.458963 0.849504 0.409021 
1534335490332 0.109205 0.860093 -0.498312 -0.599684 -0.959346 0.222446 0.173704 -0.230985 0.260249 0.459084 0.849419 0.40904 
1534335490349 0.109125 0.860066 -0.498376 -0.599627 -0.959343 0.222411 0.173764 -0.231009 0.260293 0.459152 0.849369 0.409059 
1534335490365 0.109123 0.860034 -0.498431 -0.599565 -0.959318 0.222465 0.173832 -0.231044 0.260385 0.459185 0.849323 0.409089 
1534335490382 0.109135 0.859994 -0.498498 -0.599497 -0.959298 0.222522 0.17387 -0.231091 0.260454 0.459233 0.849275 0.409097 
1534335490398 0.109147 0.85998 -0.498519 -0.599441 -0.959296 0.222537 0.173861 -0.23113 0.260456 0.459251 0.849265 0.409087 
1534335490477 0.108857 0.860108 -0.498362 -0.599355 -0.959359 0.222203 0.173941 -0.231067 0.260345 0.459173 0.849341 0.409025 
1534335490519 0.108899 0.860325 -0.497978 -0.599371 -0.95939 0.2221 0.173906 -0.231085 0.260217 0.458817 0.849573 0.408999 
1534335490551 0.108963 0.860536 -0.497599 -0.599374 -0.959407 0.222035 0.173894 -0.231117 0.260126 0.458452 0.849798 0.408981 
1534335490595 0.108951 0.860753 -0.497226 -0.599384 -0.959441 0.221892 0.173889 -0.23113 0.260006 0.458113 0.850017 0.40896 
1534335490645 0.108709 0.86092 -0.496989 -0.599339 -0.959511 0.221561 0.173926 -0.231073 0.25985 0.457959 0.850148 0.408887 
1534335490689 0.108531 0.861126 -0.496672 -0.599283 -0.959545 0.221318 0.174044 -0.231033 0.259797 0.45769 0.850309 0.408904 
1534335490705 0.108493 0.861182 -0.496583 -0.599258 -0.959552 0.221263 0.174076 -0.231038 0.259786 0.457611 0.850355 0.408906 
1534335490725 0.108476 0.861257 -0.496456 -0.599226 -0.95956 0.221212 0.174098 -0.231053 0.259765 0.457494 0.850424 0.408912 
1534335490742 0.108473 0.861358 -0.496281 -0.599179 -0.959568 0.221161 0.174118 -0.231078 0.259737 0.457329 0.850522 0.408918 
1534335490762 0.108473 0.86146 -0.496105 -0.599134 -0.959577 0.221109 0.174134 -0.231103 0.259703 0.457162 0.850622 0.408925 
1534335490782 0.108464 0.861558 -0.495937 -0.599093 -0.959585 0.221055 0.174156 -0.231121 0.259675 0.457005 0.850715 0.408932 
1534335490799 0.10844 0.861565 -0.49593 -0.599079 -0.959586 0.221036 0.174178 -0.23113 0.259684 0.456999 0.850715 0.408928 
1534335490825 0.108416 0.861532 -0.495993 -0.599072 -0.959592 0.221023 0.174161 -0.231141 0.259671 0.457069 0.850681 0.408917 
1534335490872 0.108238 0.861285 -0.496461 -0.599075 -0.959586 0.22101 0.174211 -0.231145 0.259768 0.45754 0.850398 0.408869 
1534335490891 0.108074 0.861177 -0.496683 -0.59905 -0.95957 0.220974 0.174343 -0.231133 0.259894 0.45776 0.850242 0.408858 
1534335490905 0.107762 0.861144 -0.496809 -0.599 -0.95956 0.22081 0.174606 -0.231099 0.260061 0.457902 0.850114 0.408858 
1534335490922 0.107394 0.86115 -0.496877 -0.598933 -0.959563 0.220576 0.174888 -0.231068 0.260204 0.458003 0.850016 0.408867 
1534335490942 0.107145 0.861133 -0.496961 -0.598859 -0.959555 0.220442 0.1751 -0.23107 0.260336 0.4581 0.849923 0.408871 
1534335490983 0.107113 0.861193 -0.496863 -0.598751 -0.959522 0.220457 0.175258 -0.231181 0.260468 0.457979 0.849948 0.408887 
1534335491012 0.107397 0.86127 -0.496668 -0.598728 -0.959508 0.220632 0.175118 -0.231281 0.260405 0.45775 0.850091 0.408912 
1534335491097 0.107431 0.861518 -0.49623 -0.598618 -0.959524 0.220536 0.175148 -0.231345 0.26033 0.457329 0.85034 0.408896 
1534335491113 0.107219 0.861549 -0.496224 -0.598559 -0.95952 0.220401 0.17534 -0.231323 0.260433 0.457337 0.850305 0.40887 
1534335491127 0.106817 0.861607 -0.49621 -0.598463 -0.959542 0.220093 0.175608 -0.231298 0.260517 0.457376 0.850257 0.408852 
1534335491150 0.106436 0.861733 -0.496072 -0.59833 -0.959574 0.219756 0.175856 -0.23131 0.260556 0.4573 0.850287 0.408872 
1534335491167 0.106376 0.861785 -0.495995 -0.598252 -0.959583 0.219684 0.175898 -0.23136 0.260548 0.457237 0.850323 0.408906 
1534335491184 0.10646 0.861811 -0.495932 -0.59819 -0.959562 0.219764 0.175912 -0.231446 0.260591 0.45715 0.850357 0.408954 
1534335491254 0.106553 0.861873 -0.495804 -0.598053 -0.959443 0.220009 0.176256 -0.231588 0.260991 0.456915 0.85036 0.409063 
1534335491330 0.105865 0.861616 -0.496398 -0.597992 -0.959525 0.219526 0.176406 -0.231453 0.260967 0.457631 0.849983 0.408895 
1534335491372 0.10558 0.861253 -0.497088 -0.597921 -0.95962 0.219313 0.17616 -0.231448 0.260736 0.458417 0.84963 0.408854 
1534335491440 0.10549 0.861211 -0.497179 -0.59773 -0.959623 0.219266 0.176201 -0.231552 0.260761 0.458517 0.849568 0.409002 
1534335491511 0.104918 0.861265 -0.497207 -0.597525 -0.959609 0.218914 0.176714 -0.231597 0.261043 0.458584 0.849445 0.409151 
1534335491631 0.104553 0.860995 -0.497752 -0.597096 -0.959617 0.218769 0.176851 -0.231906 0.26116 0.459161 0.849098 0.40919 
1534335491650 0.104495 0.860954 -0.497834 -0.597036 -0.95962 0.21874 0.176866 -0.231953 0.26117 0.45925 0.849047 0.409189 
1534335491668 0.104336 0.860907 -0.497949 -0.596964 -0.959641 0.218622 0.176901 -0.231988 0.261158 0.459395 0.848972 0.409179 
1534335491687 0.104132 0.860875 -0.498047 -0.596906 -0.959669 0.218456 0.176953 -0.231992 0.261135 0.459534 0.848903 0.40917 
1534335491819 0.103862 0.860859 -0.498131 -0.596741 -0.959666 0.218297 0.177164 -0.232021 0.261254 0.459639 0.84881 0.40923 
1534335491860 0.103682 0.860967 -0.497981 -0.59657 -0.959729 0.218035 0.177144 -0.231974 0.261093 0.45956 0.848902 0.409182 
1534335491989 0.103249 0.86101 -0.497997 -0.596191 -0.959749 0.217714 0.177433 -0.232079 0.261192 0.459633 0.848832 0.409309 
1534335492021 0.102885 0.860982 -0.498121 -0.596051 -0.959816 0.217379 0.177484 -0.232055 0.261092 0.459843 0.848749 0.409302 
1534335492073 0.102671 0.860975 -0.498177 -0.595841 -0.959845 0.217196 0.177551 -0.232176 0.261069 0.459943 0.848702 0.409333 
1534335492089 0.102736 0.860996 -0.498128 -0.595807 -0.959822 0.21727 0.177584 -0.232221 0.261127 0.45987 0.848724 0.40937 
1534335492106 0.102774 0.861029 -0.498062 -0.595774 -0.959802 0.217317 0.177635 -0.232251 0.261186 0.459785 0.848752 0.409416 
1534335492126 0.102734 0.861069 -0.498002 -0.595731 -0.959794 0.217291 0.177707 -0.232252 0.261229 0.459723 0.848772 0.409459 
1534335492254 0.102203 0.861092 -0.498072 -0.595469 -0.959832 0.216882 0.178003 -0.232217 0.2613 0.459873 0.848669 0.409395 
1534335492274 0.102048 0.861164 -0.49798 -0.595436 -0.95979 0.216833 0.17829 -0.232215 0.261515 0.459761 0.848663 0.409382 
1534335492290 0.101891 0.861287 -0.497799 -0.595393 -0.959758 0.216746 0.178565 -0.232202 0.261692 0.459572 0.848711 0.409377 
1534335492333 0.101591 0.861461 -0.497558 -0.595289 -0.959722 0.216557 0.178987 -0.232152 0.26194 0.459335 0.848763 0.409383 
1534335492386 0.101391 0.861584 -0.497386 -0.595178 -0.959706 0.216415 0.179245 -0.232114 0.262077 0.459171 0.84881 0.409417 
1534335492403 0.101285 0.861635 -0.497319 -0.595134 -0.959701 0.216338 0.179363 -0.232093 0.262135 0.459111 0.848824 0.409421 
1534335492419 0.101095 0.861686 -0.497269 -0.595078 -0.959696 0.216209 0.179548 -0.232069 0.262228 0.459076 0.848814 0.409416 
1534335492436 0.100907 0.861725 -0.49724 -0.59502 -0.959691 0.216085 0.179725 -0.232051 0.262319 0.459061 0.848794 0.409411 
1534335492461 0.100634 0.861782 -0.497196 -0.594914 -0.959677 0.215915 0.180002 -0.23204 0.262474 0.459034 0.848761 0.409416 
1534335492584 0.101288 0.861985 -0.496713 -0.594964 -0.959636 0.216328 0.179725 -0.232246 0.262373 0.458459 0.849103 0.409482 
1534335492624 0.101293 0.862204 -0.496331 -0.594918 -0.959692 0.216154 0.179635 -0.232188 0.262165 0.458129 0.849345 0.409378 
1534335492654 0.101135 0.862307 -0.496183 -0.594882 -0.959706 0.215992 0.179756 -0.23213 0.262177 0.45801 0.849406 0.409308 
1534335492671 0.100993 0.862339 -0.496157 -0.594863 -0.959718 0.21587 0.179837 -0.232088 0.262186 0.458009 0.849404 0.409254 
1534335492689 0.100878 0.86234 -0.496179 -0.594854 -0.959728 0.215779 0.179895 -0.23206 0.262195 0.458049 0.849379 0.40921 
1534335492704 0.100788 0.862359 -0.496165 -0.594843 -0.959731 0.21571 0.17996 -0.232037 0.262217 0.458047 0.849373 0.409188 
1534335492722 0.10072 0.862411 -0.496088 -0.594825 -0.959734 0.215643 0.180026 -0.232017 0.262234 0.45798 0.849404 0.409183 
1534335492738 0.100672 0.862495 -0.495951 -0.594801 -0.959739 0.215573 0.180083 -0.232 0.262234 0.457854 0.849472 0.409184 
1534335492825 0.100712 0.862699 -0.495587 -0.594742 -0.959786 0.215442 0.179989 -0.231983 0.262046 0.457531 0.849704 0.409199 
1534335492839 0.10079 0.862674 -0.495616 -0.594744 -0.959803 0.215471 0.179864 -0.231993 0.261955 0.457565 0.849714 0.409205 
1534335492856 0.100921 0.862554 -0.495798 -0.594772 -0.959835 0.215543 0.179608 -0.232005 0.261787 0.457758 0.849662 0.409215 
1534335492872 0.101006 0.862429 -0.495998 -0.594808 -0.959863 0.215592 0.179397 -0.232003 0.26165 0.45797 0.84959 0.409228 
1534335492889 0.101099 0.862325 -0.49616 -0.594836 -0.959878 0.215661 0.179232 -0.231998 0.261558 0.458133 0.84953 0.409238 
1534335492909 0.101255 0.862243 -0.496271 -0.594852 -0.959884 0.215779 0.179057 -0.232 0.261475 0.458233 0.849502 0.409249 
1534335492926 0.10134 0.862238 -0.496262 -0.594848 -0.959889 0.215826 0.178974 -0.231999 0.261425 0.458219 0.849525 0.409267 
1534335492943 0.101421 0.862248 -0.496228 -0.594843 -0.959895 0.215863 0.178897 -0.231989 0.261371 0.458183 0.849561 0.409292 
1534335492959 0.101479 0.862255 -0.496203 -0.594841 -0.959904 0.215881 0.178827 -0.231974 0.261315 0.458161 0.84959 0.409312 
1534335492976 0.101528 0.862256 -0.496193 -0.594837 -0.959921 0.215882 0.178735 -0.231953 0.261234 0.45816 0.849615 0.409324 
1534335492993 0.101565 0.862283 -0.496137 -0.594826 -0.959944 0.215855 0.178645 -0.231932 0.261136 0.45812 0.849667 0.409332 
1534335493010 0.101569 0.862296 -0.496114 -0.594819 -0.959961 0.215825 0.178593 -0.231922 0.261074 0.458111 0.849691 0.409332 
1534335493026 0.101574 0.862306 -0.496096 -0.594815 -0.95996 0.215826 0.178595 -0.231931 0.261074 0.458092 0.849701 0.409332 
1534335493045 0.101562 0.86233 -0.496056 -0.594808 -0.959937 0.215849 0.178689 -0.231946 0.261162 0.458035 0.849705 0.409329 
1534335493059 0.101497 0.862343 -0.496047 -0.594796 -0.959909 0.215853 0.178837 -0.231957 0.261292 0.458008 0.849679 0.409314 
1534335493076 0.101401 0.862348 -0.496058 -0.59478 -0.959886 0.21583 0.178986 -0.231969 0.261413 0.45801 0.849641 0.40929 
1534335493092 0.101334 0.862352 -0.496065 -0.594763 -0.959852 0.215846 0.179149 -0.23198 0.261563 0.457995 0.849603 0.409266 
1534335493110 0.101283 0.86236 -0.496062 -0.594747 -0.959821 0.215866 0.179293 -0.23199 0.261698 0.457971 0.849574 0.409243 
1534335493126 0.101262 0.862367 -0.496053 -0.594737 -0.959807 0.215875 0.179358 -0.231996 0.261758 0.457953 0.849566 0.409231 
1534335493142 0.101243 0.862373 -0.496048 -0.594724 -0.959788 0.215892 0.179434 -0.232008 0.261832 0.457934 0.849553 0.409207 
1534335493159 0.101255 0.862374 -0.496042 -0.594718 -0.959789 0.215898 0.179423 -0.232016 0.261825 0.457928 0.849558 0.409195 
1534335493176 0.101266 0.862386 -0.496019 -0.59472 -0.9598 0.215881 0.179385 -0.23201 0.26178 0.457914 0.84958 0.409199 
1534335493194 0.101296 0.862394 -0.496 -0.594727 -0.959821 0.215862 0.179299 -0.232001 0.261694 0.457909 0.849609 0.409213 
1534335493209 0.101346 0.862379 -0.496015 -0.594733 -0.959835 0.215874 0.179208 -0.232006 0.261622 0.45793 0.84962 0.409218 
1534335493229 0.101383 0.862368 -0.496028 -0.594735 -0.959844 0.215886 0.179146 -0.232011 0.261576 0.457947 0.849625 0.40922 
1534335493246 0.101396 0.862285 -0.496168 -0.59474 -0.959857 0.215901 0.179058 -0.23201 0.261523 0.458094 0.849562 0.4092 
1534335493262 0.101302 0.862169 -0.496389 -0.594749 -0.959854 0.215888 0.179087 -0.231987 0.261568 0.458319 0.849427 0.409171 
1534335493279 0.101189 0.862068 -0.496588 -0.594755 -0.959846 0.215867 0.179155 -0.231959 0.261641 0.45852 0.849296 0.409148 
1534335493296 0.101074 0.862005 -0.496722 -0.594751 -0.959829 0.215847 0.179271 -0.231931 0.261749 0.458648 0.849193 0.409141 
1534335493319 0.100958 0.86198 -0.496788 -0.594729 -0.959796 0.215841 0.179455 -0.231911 0.261913 0.458698 0.849116 0.409138 
1534335493332 0.100882 0.861973 -0.496816 -0.594709 -0.959763 0.215853 0.179619 -0.231905 0.262066 0.458705 0.849065 0.409134 
1534335493349 0.100843 0.861974 -0.496822 -0.594695 -0.959741 0.215867 0.179718 -0.231905 0.262159 0.458697 0.84904 0.409131 
1534335493378 0.100924 0.862009 -0.496745 -0.594685 -0.959733 0.215919 0.179698 -0.231932 0.262158 0.458606 0.84909 0.409141 
1534335493394 0.101054 0.862121 -0.496523 -0.594674 -0.959754 0.215925 0.179582 -0.231948 0.262033 0.458392 0.849244 0.409168 
1534335493408 0.101229 0.862227 -0.496303 -0.594667 -0.959794 0.215927 0.179365 -0.231963 0.261819 0.458192 0.849418 0.409199 
1534335493428 0.101579 0.862314 -0.49608 -0.594669 -0.959843 0.21603 0.178975 -0.231979 0.261501 0.457979 0.849631 0.409217 
1534335493448 0.101912 0.862282 -0.496068 -0.594685 -0.959853 0.216235 0.178675 -0.23198 0.261335 0.457944 0.849701 0.409197 
1534335493465 0.102137 0.862244 -0.496088 -0.594697 -0.959864 0.21637 0.178449 -0.231978 0.261205 0.457951 0.849737 0.409175 
1534335493522 0.10214 0.862191 -0.49618 -0.594697 -0.959903 0.216324 0.178299 -0.231933 0.261063 0.458073 0.849715 0.409079 
1534335493535 0.102049 0.862184 -0.496211 -0.59469 -0.959894 0.216286 0.178395 -0.231931 0.261133 0.458105 0.849676 0.40905 
1534335493552 0.101935 0.86218 -0.496241 -0.594679 -0.959864 0.216268 0.178578 -0.231931 0.261287 0.458121 0.84962 0.409016 
1534335493572 0.101685 0.86221 -0.49624 -0.594663 -0.959842 0.216137 0.178853 -0.231922 0.261465 0.458125 0.849563 0.40898 
1534335493589 0.101517 0.862299 -0.496119 -0.594639 -0.959842 0.215999 0.179019 -0.231917 0.261529 0.458022 0.849599 0.408962 
1534335493605 0.101419 0.862407 -0.495953 -0.59461 -0.959845 0.215893 0.179131 -0.231915 0.261556 0.45787 0.849672 0.408941 
1534335493739 0.101782 0.862339 -0.495996 -0.594642 -0.959936 0.215987 0.178529 -0.231965 0.261081 0.457954 0.849774 0.40889 
1534335493752 0.101784 0.862168 -0.496293 -0.594668 -0.959943 0.216037 0.178429 -0.231947 0.261053 0.458252 0.849621 0.408882 
1534335493770 0.101845 0.861976 -0.496613 -0.594694 -0.959943 0.216145 0.178301 -0.231908 0.261032 0.458561 0.849461 0.408899 
1534335493786 0.101892 0.861897 -0.496742 -0.594703 -0.959941 0.216207 0.178237 -0.231886 0.261021 0.458681 0.8494 0.408926 
1534335493806 0.101966 0.861877 -0.49676 -0.5947 -0.959939 0.216263 0.178176 -0.231851 0.260997 0.458692 0.849401 0.409007 
1534335493823 0.101977 0.861896 -0.496725 -0.594692 -0.959934 0.216273 0.178195 -0.231828 0.261014 0.458652 0.849418 0.409059 
1534335493839 0.101991 0.861906 -0.496706 -0.594679 -0.959928 0.216289 0.178208 -0.231813 0.261031 0.458626 0.849426 0.409109 
1534335493865 0.102018 0.861859 -0.496782 -0.594669 -0.959925 0.216328 0.178176 -0.231799 0.26103 0.458696 0.849389 0.40916 
1534335493882 0.102036 0.861795 -0.496888 -0.59467 -0.959932 0.21635 0.178113 -0.231787 0.260998 0.458805 0.84934 0.409176 
1534335493898 0.10212 0.861694 -0.497047 -0.594672 -0.959958 0.216394 0.177919 -0.231788 0.26087 0.458974 0.849288 0.409181 
1534335493916 0.102219 0.861587 -0.497211 -0.594674 -0.959985 0.216447 0.177709 -0.2318 0.260732 0.45915 0.849235 0.409179 
1534335493932 0.10232 0.861491 -0.497358 -0.594676 -0.960012 0.216497 0.177501 -0.231812 0.260592 0.459307 0.849193 0.409179 
1534335493948 0.102373 0.861425 -0.49746 -0.594675 -0.960025 0.216529 0.177388 -0.231821 0.260521 0.459414 0.849157 0.409173 
1534335493965 0.102356 0.861392 -0.497521 -0.59467 -0.960021 0.216538 0.177401 -0.231822 0.260544 0.459472 0.849118 0.409161 
1534335493982 0.102333 0.861383 -0.497542 -0.594666 -0.960016 0.216536 0.17743 -0.231821 0.260571 0.459491 0.8491 0.409154 
1534335493998 0.102248 0.861404 -0.497523 -0.594663 -0.959997 0.216509 0.177567 -0.231809 0.260675 0.459464 0.849082 0.409151 
1534335494015 0.102152 0.861434 -0.49749 -0.594662 -0.95997 0.216485 0.177741 -0.231799 0.260811 0.459419 0.849065 0.409149 
1534335494032 0.102042 0.861482 -0.49743 -0.594663 -0.959936 0.216459 0.177958 -0.231791 0.260981 0.459342 0.849055 0.409145 
1534335494048 0.101976 0.861502 -0.497409 -0.594663 -0.959922 0.216434 0.178062 -0.231789 0.261057 0.459316 0.849046 0.409141 
1534335494065 0.10198 0.861498 -0.497415 -0.594663 -0.959928 0.216427 0.178036 -0.231793 0.261032 0.459327 0.849047 0.409141 
1534335494082 0.102019 0.861488 -0.497425 -0.594663 -0.959936 0.216442 0.177977 -0.231803 0.260988 0.459339 0.849054 0.409142 
1534335494106 0.102173 0.861447 -0.497463 -0.594664 -0.959964 0.216504 0.177751 -0.231832 0.260826 0.459385 0.849079 0.409144 
1534335494118 0.102322 0.861403 -0.497509 -0.594665 -0.959992 0.216564 0.177526 -0.231861 0.260664 0.45944 0.849099 0.409144 
1534335494146 0.102423 0.861253 -0.497747 -0.594653 -0.960038 0.2166 0.177234 -0.231866 0.260455 0.459703 0.849021 0.40912 
1534335494159 0.102382 0.861155 -0.497926 -0.594648 -0.960045 0.216596 0.177197 -0.231846 0.260443 0.45989 0.848923 0.409112 
1534335494177 0.102322 0.861033 -0.498148 -0.594639 -0.960037 0.216616 0.177219 -0.231812 0.260499 0.460107 0.848788 0.409121 
1534335494192 0.102315 0.860922 -0.498342 -0.594629 -0.960012 0.216696 0.177257 -0.231779 0.260593 0.460278 0.848667 0.409142 
1534335494323 0.102697 0.860938 -0.498236 -0.594628 -0.959917 0.217098 0.17728 -0.231846 0.260793 0.460059 0.848724 0.409264 
1534335494343 0.10264 0.861161 -0.497862 -0.594619 -0.95997 0.216889 0.177249 -0.231895 0.260621 0.45974 0.84895 0.40922 
1534335494360 0.102518 0.861352 -0.497557 -0.594615 -0.959999 0.216693 0.177329 -0.231928 0.26056 0.459475 0.849112 0.409159 
1534335494380 0.102392 0.861442 -0.497427 -0.59463 -0.960008 0.216565 0.177436 -0.231952 0.260577 0.459366 0.849166 0.40908 
1534335494397 0.102292 0.861466 -0.497407 -0.594642 -0.960005 0.2165 0.177534 -0.231949 0.260628 0.459353 0.849157 0.409045 
1534335494417 0.102205 0.86147 -0.497417 -0.594645 -0.960016 0.216424 0.177567 -0.231938 0.260621 0.45938 0.849145 0.409016 
1534335494433 0.102178 0.861479 -0.497407 -0.594645 -0.960022 0.216394 0.177571 -0.231935 0.26061 0.459378 0.849149 0.409015 
1534335494450 0.10216 0.861493 -0.497386 -0.594643 -0.960024 0.216373 0.177584 -0.231934 0.260608 0.45936 0.849159 0.409017 
1534335494467 0.102143 0.86151 -0.49736 -0.59464 -0.960025 0.216355 0.177602 -0.231934 0.260613 0.459337 0.84917 0.409017 
1534335494483 0.102123 0.861533 -0.497325 -0.594636 -0.960023 0.216337 0.177634 -0.231934 0.260628 0.459303 0.849185 0.409018 
1534335494500 0.102044 0.861613 -0.497202 -0.594633 -0.959998 0.216304 0.177812 -0.231931 0.260752 0.459168 0.849219 0.409034 
1534335494517 0.102016 0.861659 -0.497129 -0.594636 -0.959981 0.216299 0.177907 -0.231933 0.260824 0.459085 0.849242 0.409049 
1534335494533 0.101982 0.861698 -0.497068 -0.59464 -0.959966 0.216291 0.178001 -0.231935 0.260894 0.459015 0.849258 0.409063 
1534335494557 0.101979 0.861709 -0.497049 -0.594645 -0.959968 0.216281 0.177999 -0.231944 0.260885 0.458999 0.84927 0.409072 
1534335494570 0.101983 0.861716 -0.497036 -0.59465 -0.959976 0.216266 0.177974 -0.231953 0.260855 0.458992 0.849283 0.40908 
1534335494594 0.102027 0.86171 -0.497038 -0.594661 -0.960008 0.216241 0.177834 -0.231982 0.260722 0.459017 0.84931 0.409095 
1534335494614 0.10201 0.861706 -0.497047 -0.594666 -0.960027 0.216197 0.177781 -0.231993 0.260656 0.459043 0.849316 0.409099 
1534335494630 0.10201 0.861706 -0.497047 -0.594666 -0.960027 0.216197 0.177781 -0.231993 0.260656 0.459043 0.849316 0.409099 
1534335494647 0.10201 0.861706 -0.497047 -0.594666 -0.960027 0.216197 0.177781 -0.231993 0.260656 0.459043 0.849316 0.409099 
1534335494740 0.101989 0.861706 -0.497053 -0.594668 -0.960038 0.216165 0.177762 -0.231998 0.260623 0.45906 0.849317 0.409101 
1534335494807 0.101495 0.861713 -0.497142 -0.59473 -0.9601 0.215743 0.177943 -0.232064 0.260591 0.459245 0.849227 0.409042 
1534335494822 0.101397 0.861823 -0.49697 -0.594718 -0.960073 0.215688 0.178153 -0.232055 0.260727 0.459063 0.849283 0.409045 
1534335494837 0.101288 0.86199 -0.496702 -0.594694 -0.960048 0.215604 0.178389 -0.232044 0.260861 0.458789 0.84939 0.409048 
1534335494854 0.10121 0.86213 -0.496475 -0.594675 -0.960019 0.215555 0.178604 -0.232056 0.260998 0.458549 0.849478 0.409048 
1534335494876 0.101122 0.862254 -0.496278 -0.594658 -0.959999 0.215489 0.17879 -0.232084 0.261105 0.458347 0.849554 0.409046 
1534335494890 0.101086 0.862267 -0.496263 -0.594664 -0.959993 0.215473 0.178843 -0.232127 0.261142 0.458331 0.849552 0.409028 
1534335494907 0.101076 0.862262 -0.496274 -0.594673 -0.959991 0.215471 0.178854 -0.232164 0.261152 0.458341 0.849543 0.409013 
1534335494923 0.101044 0.862272 -0.496263 -0.594686 -0.959991 0.215448 0.178882 -0.2322 0.261164 0.458334 0.849543 0.409004 
1534335495035 0.100418 0.862187 -0.496538 -0.594699 -0.960057 0.214966 0.179108 -0.232118 0.261163 0.45872 0.849335 0.408949 
1534335495048 0.100372 0.862 -0.496872 -0.594711 -0.960078 0.214969 0.178995 -0.232081 0.261106 0.45907 0.849164 0.408941 
1534335495072 0.100357 0.861768 -0.497276 -0.594725 -0.960113 0.214981 0.178793 -0.232029 0.260983 0.459498 0.84897 0.408967 
1534335495114 0.100515 0.861723 -0.497323 -0.594716 -0.960126 0.215073 0.17861 -0.232001 0.260873 0.45954 0.848981 0.409147 
1534335495171 0.10057 0.861652 -0.497435 -0.594709 -0.960089 0.2152 0.178658 -0.232033 0.260989 0.459614 0.848905 0.409243 
1534335495185 0.100546 0.861561 -0.497597 -0.594721 -0.960079 0.215234 0.178669 -0.232036 0.261034 0.459768 0.848808 0.409239 
1534335495205 0.100443 0.861434 -0.497839 -0.59474 -0.96008 0.215213 0.178689 -0.232038 0.26107 0.460017 0.848662 0.409235 
1534335495222 0.100225 0.861359 -0.498011 -0.594751 -0.960115 0.215041 0.178711 -0.232037 0.261027 0.460236 0.848556 0.40924 
1534335495242 0.100075 0.861295 -0.498153 -0.594754 -0.960147 0.214913 0.178692 -0.232033 0.260966 0.460417 0.848477 0.409242 
1534335495259 0.100005 0.861249 -0.498245 -0.594754 -0.960166 0.214851 0.178664 -0.232029 0.260923 0.460531 0.848428 0.409241 
1534335495275 0.0999762 0.861224 -0.498295 -0.594749 -0.960186 0.214806 0.17861 -0.232028 0.260859 0.460599 0.848411 0.409248 
1534335495305 0.100005 0.861239 -0.498263 -0.594736 -0.960202 0.21479 0.178541 -0.232029 0.260788 0.460578 0.848444 0.40927 
1534335495324 0.10005 0.861267 -0.498206 -0.594728 -0.96021 0.214795 0.178494 -0.232029 0.260743 0.460524 0.848487 0.409286 
1534335495339 0.100096 0.861341 -0.498069 -0.59471 -0.960228 0.214765 0.178432 -0.232028 0.260659 0.460399 0.848581 0.409307 
1534335495355 0.100151 0.861398 -0.497959 -0.594697 -0.960256 0.214731 0.178325 -0.232026 0.260536 0.460309 0.848668 0.409329 
1534335495421 0.0998787 0.861343 -0.498109 -0.594728 -0.960444 0.214244 0.177893 -0.231997 0.259944 0.460638 0.84867 0.409359 
1534335495435 0.0997266 0.861222 -0.498348 -0.594763 -0.960484 0.214121 0.177828 -0.231985 0.259856 0.460921 0.848544 0.409355 
1534335495451 0.0996694 0.861107 -0.498558 -0.59479 -0.960493 0.21411 0.177792 -0.23198 0.259844 0.461141 0.848428 0.409352 
1534335495479 0.0996658 0.860946 -0.498838 -0.5948 -0.960439 0.214261 0.177902 -0.231993 0.260046 0.461373 0.84824 0.409328 
1534335495550 0.0994889 0.860793 -0.499136 -0.594751 -0.960242 0.214553 0.178613 -0.232027 0.26084 0.461522 0.847915 0.40938 
1534335495570 0.0994941 0.860648 -0.499385 -0.594764 -0.960202 0.214679 0.178677 -0.232041 0.260986 0.461733 0.847755 0.409405 
1534335495591 0.0994823 0.860508 -0.499629 -0.594783 -0.960179 0.214762 0.1787 -0.232041 0.261074 0.461955 0.847607 0.409431 
1534335495604 0.0995104 0.860427 -0.499764 -0.594793 -0.960182 0.214804 0.178634 -0.232051 0.261052 0.462088 0.847541 0.409454 
1534335495621 0.0995203 0.860395 -0.499815 -0.59479 -0.960202 0.214786 0.178549 -0.232066 0.260976 0.462154 0.847529 0.409496 
1534335495641 0.0994731 0.860378 -0.499855 -0.594783 -0.960233 0.214707 0.178474 -0.232086 0.260878 0.462224 0.847521 0.409542 
1534335495661 0.0994075 0.860342 -0.499929 -0.594775 -0.960257 0.214637 0.178434 -0.232101 0.260817 0.462323 0.847486 0.409571 
1534335495800 0.0992559 0.860354 -0.499938 -0.594762 -0.960251 0.214545 0.178571 -0.232134 0.260893 0.462342 0.847452 0.409394 
1534335495820 0.099253 0.860536 -0.499626 -0.59475 -0.960283 0.214422 0.178547 -0.232111 0.260777 0.462061 0.847641 0.409361 
1534335495837 0.0992444 0.860731 -0.499291 -0.594738 -0.96033 0.214264 0.178486 -0.232076 0.260609 0.461771 0.847851 0.409315 
1534335495853 0.0992205 0.860794 -0.499189 -0.59475 -0.960352 0.214187 0.178458 -0.23205 0.260535 0.461691 0.847917 0.409273 
1534335495870 0.0991949 0.860807 -0.499172 -0.594774 -0.960363 0.214147 0.178447 -0.232028 0.260504 0.461685 0.847929 0.409237 
1534335495893 0.0992041 0.860822 -0.499144 -0.594792 -0.960365 0.214144 0.178441 -0.232024 0.260495 0.461658 0.847947 0.409211 
1534335495916 0.0992453 0.860846 -0.499094 -0.594797 -0.960361 0.21417 0.178434 -0.232039 0.260495 0.461602 0.847978 0.409209 
1534335495932 0.0993108 0.860887 -0.49901 -0.594796 -0.960357 0.214202 0.178413 -0.232068 0.260482 0.46151 0.848032 0.409216 
1534335495949 0.099349 0.860927 -0.498933 -0.594791 -0.960361 0.214205 0.178388 -0.232086 0.260453 0.461434 0.848082 0.409216 
1534335495965 0.0993862 0.861019 -0.498767 -0.59478 -0.960378 0.214165 0.178344 -0.232096 0.260376 0.46128 0.848189 0.40922 
1534335495982 0.0993995 0.86109 -0.498641 -0.594774 -0.960392 0.214124 0.17832 -0.232096 0.260321 0.461166 0.848268 0.409223 
1534335496032 0.099379 0.861178 -0.498493 -0.59477 -0.960405 0.214057 0.178332 -0.232091 0.260282 0.461033 0.848353 0.409202 
1534335496073 0.0993918 0.861291 -0.498297 -0.594759 -0.960403 0.214028 0.178376 -0.232104 0.260283 0.460837 0.848459 0.409171 
1534335496096 0.0994023 0.861419 -0.498073 -0.594749 -0.960401 0.213993 0.17843 -0.232102 0.260287 0.460614 0.848578 0.409166 
1534335496113 0.0994163 0.861532 -0.497875 -0.594744 -0.960401 0.213961 0.178468 -0.232093 0.260281 0.460417 0.848687 0.409168 
1534335496130 0.0994384 0.861623 -0.497712 -0.594751 -0.960398 0.213948 0.178501 -0.232089 0.260285 0.460252 0.848776 0.409163 
1534335496150 0.0994644 0.861733 -0.497517 -0.594767 -0.960394 0.213931 0.17854 -0.232084 0.260288 0.460054 0.848882 0.409144 
1534335496170 0.0994875 0.861839 -0.497329 -0.594773 -0.960399 0.2139 0.178553 -0.232087 0.260263 0.45987 0.848989 0.409113 
1534335496191 0.099521 0.861912 -0.497196 -0.594772 -0.960401 0.21389 0.17855 -0.232097 0.26024 0.459738 0.849068 0.40909 
1534335496208 0.0995453 0.861935 -0.497152 -0.594777 -0.9604 0.2139 0.178545 -0.232111 0.260235 0.459691 0.849095 0.409066 
1534335496224 0.0995427 0.861929 -0.497161 -0.594784 -0.960399 0.213903 0.17855 -0.232116 0.260242 0.4597 0.849088 0.409052 
