1533554103642 0.10273 0.943207 -0.315923 -0.603698 -0.957223 0.180109 0.226461 -0.226282 0.2705 0.279144 0.921362 0.38131 
1533554117511 0.102725 0.943208 -0.315922 -0.603699 -0.957224 0.180103 0.226461 -0.226279 0.270499 0.279145 0.921362 0.38131 
1533554117704 0.102471 0.943261 -0.315847 -0.603693 -0.957283 0.179817 0.226439 -0.226287 0.270386 0.279151 0.921393 0.381312 
1533554117827 0.102495 0.943311 -0.315688 -0.603692 -0.957308 0.179772 0.226369 -0.226331 0.270288 0.279009 0.921465 0.381314 
1533554117975 0.102359 0.943354 -0.315603 -0.603738 -0.957346 0.179602 0.226345 -0.226326 0.270206 0.278973 0.9215 0.381307 
1533554118184 0.102211 0.943415 -0.315469 -0.603754 -0.957397 0.179396 0.226293 -0.226368 0.270082 0.2789 0.921559 0.381322 
1533554118320 0.102158 0.943441 -0.315408 -0.603765 -0.957409 0.179325 0.226297 -0.226399 0.270059 0.278857 0.921579 0.381322 
1533554118479 0.101967 0.943504 -0.315283 -0.603776 -0.95746 0.179087 0.226272 -0.226454 0.269952 0.278799 0.921628 0.381344 
1533554118656 0.101956 0.943541 -0.315174 -0.603807 -0.957467 0.179044 0.226273 -0.226457 0.269928 0.278698 0.921665 0.381344 
1533554118829 0.101739 0.943621 -0.315004 -0.603796 -0.957521 0.17877 0.226262 -0.226443 0.269819 0.278604 0.921726 0.381356 
1533554118956 0.101513 0.943692 -0.314865 -0.603796 -0.957582 0.178489 0.226228 -0.226444 0.26969 0.278544 0.921781 0.381378 
1533554118973 0.101489 0.943705 -0.314834 -0.603798 -0.95759 0.178453 0.226219 -0.22644 0.269667 0.278523 0.921794 0.381388 
1533554118990 0.101471 0.943717 -0.314806 -0.603799 -0.957598 0.178423 0.226212 -0.226437 0.269649 0.278504 0.921805 0.381397 
1533554119006 0.101459 0.943725 -0.314783 -0.603801 -0.957603 0.178403 0.226206 -0.226435 0.269634 0.278487 0.921815 0.381403 
1533554119023 0.101454 0.94373 -0.314771 -0.603801 -0.957606 0.178392 0.226202 -0.226434 0.269626 0.278477 0.92182 0.381406 
1533554119040 0.101451 0.943734 -0.314759 -0.6038 -0.957608 0.178385 0.226198 -0.226434 0.269619 0.278468 0.921825 0.381409 
1533554119056 0.101446 0.943738 -0.31475 -0.603799 -0.95761 0.178377 0.226195 -0.226434 0.269613 0.278461 0.921829 0.381411 
1533554119094 0.101433 0.943746 -0.314729 -0.6038 -0.957616 0.178355 0.226189 -0.226434 0.269598 0.278446 0.921838 0.381414 
1533554119145 0.10142 0.943763 -0.314682 -0.6038 -0.957625 0.178324 0.226174 -0.226438 0.26957 0.278409 0.921857 0.38142 
1533554119184 0.101397 0.943778 -0.314646 -0.6038 -0.957635 0.178286 0.226162 -0.226443 0.269543 0.278384 0.921872 0.381423 
1533554119224 0.101379 0.943788 -0.314621 -0.603802 -0.957642 0.178257 0.226153 -0.226447 0.269524 0.278367 0.921883 0.381426 
1533554119244 0.101375 0.943794 -0.314604 -0.603802 -0.957646 0.178247 0.226147 -0.226449 0.269514 0.278353 0.92189 0.381428 
1533554119417 0.101411 0.943766 -0.314677 -0.603811 -0.957702 0.178235 0.225918 -0.226458 0.2693 0.278456 0.921922 0.381449 
1533554119601 0.101319 0.943736 -0.314797 -0.603794 -0.957794 0.178094 0.225639 -0.226383 0.269007 0.278649 0.921949 0.38142 
1533554119761 0.101395 0.94369 -0.31491 -0.6038 -0.957867 0.178106 0.225318 -0.226393 0.268717 0.278796 0.921989 0.38141 
1533554119904 0.101439 0.943617 -0.315113 -0.603813 -0.957977 0.178077 0.224874 -0.226412 0.268309 0.27906 0.922028 0.381358 
1533554120066 0.101616 0.943558 -0.315233 -0.603807 -0.958018 0.178209 0.224597 -0.22638 0.268097 0.279176 0.922055 0.381306 
1533554120225 0.101534 0.943562 -0.315247 -0.603794 -0.958148 0.178009 0.224198 -0.22637 0.267662 0.279289 0.922147 0.381325 
1533554120367 0.101592 0.94355 -0.315264 -0.603785 -0.958246 0.177959 0.22382 -0.226371 0.26729 0.279362 0.922233 0.381344 
1533554120511 0.101631 0.943499 -0.315405 -0.603784 -0.958319 0.177947 0.223516 -0.226353 0.267012 0.279543 0.922258 0.381307 
1533554120672 0.101588 0.943442 -0.315591 -0.603789 -0.958452 0.177816 0.223048 -0.226353 0.26655 0.279819 0.922308 0.381248 
1533554120692 0.101604 0.943432 -0.315613 -0.60379 -0.958463 0.177824 0.222998 -0.226354 0.266507 0.279846 0.922312 0.381241 
1533554120712 0.101623 0.943425 -0.315629 -0.603791 -0.958465 0.177841 0.222973 -0.226355 0.26649 0.279861 0.922313 0.381244 
1533554120824 0.101645 0.943408 -0.315673 -0.603794 -0.958466 0.177867 0.222948 -0.226346 0.266479 0.2799 0.922304 0.381256 
1533554120913 0.1017 0.943388 -0.315716 -0.603796 -0.958453 0.177937 0.222949 -0.226335 0.266505 0.279925 0.922289 0.381257 
1533554120988 0.101722 0.943366 -0.315775 -0.603802 -0.958443 0.177979 0.22296 -0.226327 0.266534 0.279972 0.922266 0.381257 
1533554121164 0.101775 0.943311 -0.31592 -0.603815 -0.958417 0.178085 0.222987 -0.226306 0.266606 0.280089 0.92221 0.381255 
1533554121251 0.101783 0.943288 -0.315988 -0.603822 -0.95842 0.178104 0.222959 -0.226304 0.266594 0.280156 0.922193 0.381254 
1533554121395 0.101788 0.943237 -0.316136 -0.603836 -0.958464 0.178097 0.222775 -0.226312 0.266433 0.280329 0.922187 0.38125 
1533554121502 0.101826 0.943223 -0.316169 -0.603837 -0.958454 0.178145 0.222777 -0.226301 0.266452 0.280349 0.922176 0.381244 
1533554121522 0.101839 0.94322 -0.316172 -0.603836 -0.958452 0.17816 0.222776 -0.226299 0.266456 0.280348 0.922175 0.381243 
1533554121721 0.101593 0.94325 -0.316162 -0.603838 -0.958416 0.177993 0.223062 -0.226273 0.266678 0.280353 0.922109 0.381256 
1533554121933 0.101468 0.943268 -0.31615 -0.603852 -0.958248 0.178065 0.223726 -0.226273 0.267329 0.280249 0.921952 0.381253 
1533554122086 0.10147 0.943258 -0.316177 -0.60384 -0.958201 0.178121 0.223882 -0.226345 0.267496 0.280244 0.921905 0.381244 
1533554122282 0.101336 0.943311 -0.316061 -0.603825 -0.958113 0.178077 0.224294 -0.226362 0.267862 0.280093 0.921845 0.381251 
1533554122440 0.101261 0.943306 -0.316102 -0.603822 -0.958 0.178143 0.224723 -0.226356 0.268294 0.280071 0.921726 0.381188 
1533554122685 0.101445 0.943323 -0.315992 -0.603812 -0.957689 0.178592 0.225693 -0.226529 0.269335 0.279726 0.921527 0.381268 
1533554122908 0.101036 0.943369 -0.315986 -0.603758 -0.95756 0.178389 0.226398 -0.226557 0.269945 0.279701 0.921356 0.381216 
1533554122929 0.101052 0.943367 -0.315987 -0.603755 -0.957551 0.178411 0.226417 -0.226569 0.26997 0.279694 0.921351 0.381225 
1533554123091 0.101047 0.94341 -0.315858 -0.60375 -0.957512 0.178417 0.226578 -0.226584 0.27011 0.279543 0.921356 0.381217 
1533554123202 0.101093 0.943452 -0.315719 -0.603749 -0.957449 0.178487 0.22679 -0.226576 0.270317 0.279358 0.921351 0.381199 
1533554123304 0.101053 0.943483 -0.315638 -0.603777 -0.957459 0.178423 0.226798 -0.226548 0.270297 0.279292 0.921377 0.381188 
1533554123476 0.101037 0.943551 -0.315442 -0.603802 -0.95747 0.178353 0.226808 -0.226532 0.270265 0.27911 0.921441 0.381179 
1533554123545 0.101039 0.943583 -0.315345 -0.603799 -0.957451 0.17835 0.22689 -0.226527 0.270331 0.279003 0.921454 0.381176 
1533554123631 0.101087 0.943623 -0.315211 -0.603797 -0.957421 0.178389 0.226987 -0.22654 0.270421 0.278844 0.921476 0.381169 
1533554123708 0.101129 0.943661 -0.315081 -0.603795 -0.957395 0.178418 0.227072 -0.226557 0.270495 0.278694 0.9215 0.381162 
1533554123776 0.10117 0.943698 -0.314958 -0.603792 -0.95738 0.178438 0.227121 -0.226578 0.270534 0.278557 0.92153 0.381155 
1533554123792 0.101179 0.943704 -0.314938 -0.603791 -0.957376 0.178444 0.227133 -0.226581 0.270545 0.278533 0.921534 0.381153 
1533554123809 0.101184 0.943708 -0.314924 -0.603793 -0.95737 0.178452 0.227151 -0.226585 0.270562 0.278515 0.921534 0.38115 
1533554123826 0.101187 0.943707 -0.314925 -0.603795 -0.957364 0.178459 0.227169 -0.226587 0.270582 0.278511 0.92153 0.381147 
1533554124038 0.101237 0.943698 -0.314937 -0.603805 -0.957324 0.178546 0.227272 -0.226586 0.270706 0.278488 0.9215 0.381118 
1533554124234 0.101299 0.943694 -0.31493 -0.60381 -0.957313 0.178606 0.22727 -0.226596 0.270721 0.278464 0.921503 0.381118 
1533554124420 0.101451 0.943681 -0.31492 -0.603814 -0.957287 0.178755 0.227264 -0.226607 0.270758 0.278412 0.921508 0.38112 
1533554124498 0.101484 0.94368 -0.314911 -0.603815 -0.957282 0.178785 0.227259 -0.226611 0.270761 0.278396 0.921512 0.381123 
1533554124595 0.10153 0.943677 -0.314904 -0.603819 -0.957276 0.178827 0.227252 -0.22662 0.270766 0.278377 0.921516 0.381125 
1533554124688 0.101572 0.943684 -0.314871 -0.603819 -0.957274 0.178855 0.227238 -0.226629 0.270757 0.278337 0.921531 0.381128 
1533554124846 0.101677 0.943725 -0.314714 -0.603808 -0.957281 0.178896 0.227177 -0.22665 0.270693 0.278172 0.921599 0.381161 
1533554124863 0.101682 0.943725 -0.314711 -0.603808 -0.957281 0.178901 0.227175 -0.22665 0.270693 0.278167 0.921601 0.381161 
1533554125045 0.101655 0.943684 -0.314843 -0.603819 -0.957359 0.17883 0.226902 -0.226665 0.270427 0.278352 0.921623 0.381174 
1533554125249 0.101711 0.943683 -0.314828 -0.60379 -0.95739 0.178839 0.226761 -0.226577 0.270294 0.278349 0.921663 0.381234 
1533554125383 0.101607 0.943659 -0.314933 -0.60379 -0.957467 0.1787 0.226546 -0.226556 0.270061 0.278519 0.92168 0.38126 
1533554125532 0.101456 0.943587 -0.315198 -0.603805 -0.95756 0.178544 0.226274 -0.226521 0.269786 0.278864 0.921656 0.381279 
1533554125647 0.10158 0.943571 -0.315205 -0.6038 -0.957608 0.178598 0.226031 -0.226532 0.269572 0.278883 0.921713 0.381278 
1533554125806 0.101563 0.943492 -0.315449 -0.603821 -0.957676 0.178572 0.225763 -0.226526 0.269336 0.279168 0.921696 0.381306 
1533554125980 0.101514 0.943442 -0.315612 -0.603819 -0.957762 0.178481 0.225467 -0.226499 0.269046 0.279394 0.921712 0.381304 
1533554126155 0.101624 0.943384 -0.315753 -0.603802 -0.957886 0.178476 0.224945 -0.226486 0.268564 0.279595 0.921792 0.381332 
1533554126175 0.101628 0.943378 -0.315767 -0.603801 -0.9579 0.178469 0.224894 -0.226482 0.268515 0.279618 0.921799 0.381335 
1533554126414 0.101494 0.94341 -0.315717 -0.603803 -0.957884 0.178364 0.225046 -0.226492 0.268623 0.279579 0.921779 0.381324 
1533554126631 0.101449 0.94342 -0.3157 -0.603806 -0.957895 0.178311 0.225039 -0.226519 0.268599 0.279578 0.921787 0.381285 
1533554126793 0.101426 0.943434 -0.315667 -0.603809 -0.957896 0.178283 0.225056 -0.226541 0.268603 0.27955 0.921794 0.38129 
1533554126934 0.101269 0.943468 -0.315616 -0.603811 -0.957887 0.178152 0.2252 -0.226551 0.268696 0.279518 0.921776 0.381289 
1533554127150 0.101113 0.943522 -0.315504 -0.603804 -0.957883 0.178002 0.225336 -0.226569 0.268769 0.279432 0.921781 0.38124 
1533554127326 0.101049 0.943551 -0.315437 -0.603808 -0.957857 0.17796 0.225479 -0.226596 0.268886 0.279359 0.921769 0.381249 
1533554127443 0.100952 0.943575 -0.315397 -0.603811 -0.95784 0.177889 0.225607 -0.226608 0.268983 0.279324 0.921752 0.381241 
1533554127504 0.100834 0.943597 -0.315368 -0.60381 -0.957853 0.177771 0.225643 -0.226614 0.26898 0.279324 0.921753 0.381237 
1533554127520 0.100823 0.9436 -0.315363 -0.603811 -0.957854 0.177761 0.225649 -0.226617 0.268982 0.279321 0.921753 0.381236 
1533554127715 0.100706 0.943589 -0.315433 -0.603824 -0.957816 0.17772 0.22584 -0.226612 0.269159 0.279383 0.921682 0.381244 
1533554127886 0.100556 0.943501 -0.315744 -0.603799 -0.957685 0.177808 0.226325 -0.22665 0.269679 0.279625 0.921457 0.381356 
1533554127958 0.100474 0.943464 -0.315881 -0.603768 -0.957662 0.177798 0.226431 -0.226686 0.269792 0.279757 0.921384 0.381345 
1533554128111 0.100105 0.943385 -0.316233 -0.603772 -0.957618 0.177626 0.226754 -0.226647 0.270087 0.280131 0.921184 0.381292 
1533554128192 0.100052 0.943397 -0.316215 -0.603764 -0.957578 0.177619 0.226927 -0.226635 0.270248 0.280096 0.921147 0.381338 
1533554128317 0.0999147 0.943355 -0.316382 -0.603746 -0.957514 0.177613 0.227201 -0.226641 0.270525 0.280239 0.921022 0.381342 
1533554128477 0.0998781 0.94324 -0.316737 -0.603706 -0.957385 0.177802 0.227597 -0.226743 0.270995 0.280507 0.920802 0.38138 
1533554128494 0.0998538 0.943245 -0.31673 -0.603707 -0.957371 0.177795 0.22766 -0.226736 0.271053 0.280496 0.920789 0.3814 
1533554128685 0.100201 0.943219 -0.316697 -0.603696 -0.957426 0.178015 0.22726 -0.226746 0.270733 0.280442 0.9209 0.381294 
1533554128960 0.100409 0.943314 -0.31635 -0.603743 -0.957468 0.178058 0.227046 -0.226604 0.270504 0.280098 0.921072 0.381398 
1533554129265 0.100887 0.943312 -0.316202 -0.603695 -0.957588 0.17829 0.226358 -0.22671 0.269902 0.279954 0.921292 0.381304 
1533554129586 0.100866 0.943343 -0.316116 -0.603769 -0.957617 0.178222 0.226287 -0.226548 0.269806 0.279893 0.921339 0.381352 
1533554129733 0.101144 0.943353 -0.315999 -0.60375 -0.957652 0.178384 0.226011 -0.226571 0.269577 0.279757 0.921447 0.381291 
1533554129898 0.101561 0.943365 -0.315829 -0.60374 -0.957713 0.178623 0.225565 -0.226596 0.269205 0.279565 0.921614 0.381256 
1533554130051 0.101694 0.943413 -0.315641 -0.603799 -0.957755 0.178643 0.225372 -0.226475 0.269006 0.279388 0.921726 0.381252 
1533554130191 0.102178 0.94339 -0.315555 -0.603797 -0.95779 0.178982 0.224952 -0.226523 0.268696 0.27925 0.921858 0.381224 
1533554130340 0.102472 0.94341 -0.3154 -0.603786 -0.957858 0.179115 0.224556 -0.226546 0.268342 0.279098 0.922007 0.381188 
1533554130356 0.102525 0.943414 -0.315371 -0.603783 -0.957861 0.179149 0.224518 -0.226548 0.268312 0.279063 0.922026 0.381184 
1533554130534 0.102532 0.943441 -0.315287 -0.603778 -0.957915 0.179078 0.224344 -0.22658 0.268116 0.279016 0.922097 0.381163 
1533554130653 0.102567 0.943464 -0.315206 -0.603775 -0.957908 0.179095 0.224359 -0.226593 0.268127 0.278927 0.922121 0.381167 
1533554130771 0.102592 0.943502 -0.315084 -0.603777 -0.957891 0.179104 0.224425 -0.226588 0.268178 0.278792 0.922147 0.381168 
1533554130846 0.102569 0.943531 -0.315005 -0.603784 -0.957884 0.179073 0.22448 -0.226564 0.268213 0.278714 0.922161 0.381168 
1533554130994 0.102612 0.943593 -0.314807 -0.603785 -0.957895 0.17905 0.22445 -0.22658 0.268156 0.278521 0.922236 0.381168 
1533554131111 0.102605 0.943607 -0.314766 -0.6038 -0.957867 0.179063 0.224559 -0.226561 0.268258 0.278463 0.922223 0.381159 
1533554131278 0.102434 0.943637 -0.314731 -0.603843 -0.957887 0.178895 0.224607 -0.226507 0.268252 0.278469 0.922223 0.381148 
1533554131434 0.10233 0.94368 -0.314639 -0.603862 -0.957914 0.178759 0.224601 -0.226496 0.268196 0.278414 0.922256 0.38114 
1533554131578 0.102322 0.943717 -0.31453 -0.603878 -0.957915 0.178726 0.224623 -0.226471 0.268195 0.278309 0.922288 0.381134 
1533554131894 0.102121 0.943755 -0.31448 -0.603887 -0.957881 0.178585 0.224882 -0.226464 0.268395 0.278269 0.922242 0.381145 
1533554132022 0.102148 0.943698 -0.314642 -0.603886 -0.957798 0.178732 0.225118 -0.226492 0.26868 0.278368 0.922129 0.381142 
1533554132196 0.101861 0.943697 -0.31474 -0.603866 -0.957583 0.178742 0.226022 -0.226494 0.269554 0.278367 0.921875 0.381205 
1533554132327 0.101764 0.943666 -0.314862 -0.603862 -0.957552 0.178724 0.226167 -0.22653 0.2697 0.278481 0.921797 0.381208 
1533554132616 0.101609 0.943569 -0.315203 -0.603865 -0.957413 0.178822 0.226678 -0.226546 0.270252 0.278747 0.921555 0.381128 
1533554132742 0.101507 0.943602 -0.315139 -0.603855 -0.957397 0.17874 0.226811 -0.226554 0.270347 0.27869 0.921545 0.381172 
1533554132932 0.101404 0.943615 -0.315133 -0.603825 -0.957238 0.178818 0.22742 -0.22658 0.270948 0.278596 0.921396 0.381233 
1533554133060 0.101277 0.943569 -0.315311 -0.603836 -0.957214 0.178782 0.22755 -0.226586 0.271081 0.278775 0.921303 0.381206 
1533554133081 0.101243 0.943552 -0.315371 -0.603842 -0.957208 0.178774 0.227578 -0.226585 0.271112 0.278835 0.921276 0.381201 
1533554133104 0.101198 0.943535 -0.315438 -0.603849 -0.957204 0.178758 0.227611 -0.226584 0.271146 0.278905 0.921245 0.381195 
1533554133284 0.101047 0.943526 -0.315511 -0.603852 -0.957195 0.17866 0.227724 -0.22659 0.271233 0.278995 0.921192 0.381204 
1533554133436 0.100868 0.943536 -0.315541 -0.603811 -0.957218 0.178497 0.227755 -0.226646 0.271218 0.279068 0.921174 0.381221 
1533554133576 0.100702 0.943512 -0.315665 -0.60378 -0.957236 0.178373 0.227777 -0.226701 0.271216 0.279228 0.921126 0.381232 
1533554133739 0.100555 0.943497 -0.315757 -0.603786 -0.957279 0.17823 0.227708 -0.226692 0.271119 0.279371 0.921112 0.381248 
1533554133857 0.100426 0.943463 -0.315899 -0.603802 -0.957277 0.17816 0.227769 -0.226677 0.271172 0.279529 0.921048 0.381263 
1533554134009 0.100244 0.943444 -0.316014 -0.603812 -0.957247 0.17807 0.227969 -0.226659 0.271349 0.279651 0.920959 0.38134 
1533554134118 0.100123 0.943461 -0.316 -0.603793 -0.957246 0.177968 0.22805 -0.226683 0.271394 0.279657 0.920944 0.38139 
1533554134228 0.0999604 0.943476 -0.316009 -0.603764 -0.957276 0.177807 0.228053 -0.226718 0.271351 0.279711 0.92094 0.381403 
1533554134249 0.0999475 0.943475 -0.316015 -0.603758 -0.957279 0.177794 0.228049 -0.226726 0.271344 0.279721 0.920939 0.381403 
1533554134265 0.0999462 0.943474 -0.31602 -0.603753 -0.95728 0.177793 0.228045 -0.226734 0.271341 0.279727 0.920938 0.381403 
1533554134446 0.0999472 0.943456 -0.316071 -0.603741 -0.957271 0.177816 0.228067 -0.226763 0.271373 0.279771 0.920915 0.381382 
1533554134589 0.0999471 0.943462 -0.316053 -0.60374 -0.957233 0.17785 0.228198 -0.226753 0.271506 0.279728 0.920889 0.381374 
1533554134728 0.0999893 0.943461 -0.316044 -0.603747 -0.957189 0.177928 0.228321 -0.226763 0.271645 0.279684 0.920862 0.381368 
1533554134827 0.0999891 0.943463 -0.316036 -0.603749 -0.957172 0.177944 0.228381 -0.226766 0.271706 0.279665 0.920849 0.381376 
1533554134889 0.0999774 0.943471 -0.316019 -0.603749 -0.957158 0.177944 0.228437 -0.226765 0.271757 0.279641 0.920841 0.381398 
1533554135011 0.0999312 0.943482 -0.315998 -0.603753 -0.957135 0.177925 0.228549 -0.22677 0.271856 0.279614 0.920821 0.381431 
1533554135124 0.0999094 0.943486 -0.315995 -0.603758 -0.957115 0.177927 0.228632 -0.226777 0.271935 0.279602 0.920801 0.381451 
1533554135285 0.0998884 0.943499 -0.315962 -0.603759 -0.957069 0.177949 0.228807 -0.226769 0.272105 0.279542 0.920769 0.38146 
1533554135301 0.0998857 0.943501 -0.315958 -0.603758 -0.957065 0.17795 0.228823 -0.226768 0.27212 0.279536 0.920766 0.381461 
1533554135505 0.100274 0.943418 -0.316081 -0.603751 -0.957184 0.178176 0.228149 -0.226778 0.271558 0.279671 0.920891 0.381417 
1533554135697 0.100699 0.943333 -0.316201 -0.603764 -0.957394 0.178337 0.227142 -0.226687 0.270661 0.279856 0.921099 0.381461 
1533554135922 0.100713 0.943276 -0.316366 -0.603779 -0.957551 0.178225 0.226566 -0.226514 0.270098 0.280118 0.921184 0.38138 
1533554136086 0.101064 0.943252 -0.316327 -0.603778 -0.957609 0.178443 0.226149 -0.226563 0.269762 0.280062 0.9213 0.381423 
1533554136252 0.101339 0.943224 -0.316321 -0.603751 -0.957772 0.178497 0.225415 -0.226549 0.269079 0.28012 0.921482 0.381463 
1533554136451 0.101868 0.943054 -0.316659 -0.603769 -0.957952 0.178823 0.22439 -0.226478 0.268238 0.280486 0.921616 0.381371 
1533554136607 0.101916 0.943037 -0.316694 -0.603797 -0.9581 0.178715 0.22384 -0.226343 0.267688 0.280611 0.921738 0.38133 
1533554136624 0.101947 0.943029 -0.316708 -0.603796 -0.958118 0.178725 0.223757 -0.226345 0.267613 0.280632 0.921753 0.381325 
1533554136863 0.102044 0.943049 -0.316616 -0.603794 -0.958149 0.178751 0.223606 -0.226338 0.267466 0.280548 0.921821 0.381375 
1533554136999 0.102102 0.943091 -0.316473 -0.603782 -0.958185 0.178726 0.22347 -0.22634 0.267314 0.280423 0.921904 0.381353 
1533554137153 0.102215 0.943095 -0.316423 -0.603785 -0.958241 0.178747 0.223211 -0.226353 0.267068 0.280394 0.921984 0.381266 
1533554137321 0.102236 0.943112 -0.316365 -0.603795 -0.958286 0.178703 0.223053 -0.226337 0.266899 0.280364 0.922042 0.381251 
1533554137515 0.102422 0.943103 -0.316333 -0.603835 -0.958305 0.178827 0.222871 -0.226329 0.266759 0.280317 0.922096 0.38121 
1533554137709 0.102526 0.943096 -0.31632 -0.603852 -0.958336 0.178877 0.222699 -0.226344 0.266609 0.280309 0.922142 0.381161 
1533554137821 0.102625 0.943134 -0.316173 -0.603841 -0.95836 0.178899 0.22258 -0.226349 0.266486 0.280165 0.922222 0.381156 
1533554138038 0.102788 0.94319 -0.315955 -0.603863 -0.958396 0.178943 0.22239 -0.226276 0.266294 0.279951 0.922342 0.38115 
1533554138166 0.102786 0.943188 -0.31596 -0.60389 -0.958418 0.178918 0.222312 -0.226225 0.266213 0.279971 0.922359 0.381125 
1533554138182 0.102786 0.943187 -0.315966 -0.603893 -0.958423 0.178914 0.222293 -0.22622 0.266195 0.27998 0.922362 0.381116 
1533554138375 0.102557 0.943313 -0.315662 -0.603879 -0.958399 0.178681 0.222586 -0.226228 0.266372 0.279702 0.922395 0.381146 
1533554138623 0.102688 0.943288 -0.315694 -0.603922 -0.958258 0.178944 0.222982 -0.226323 0.266828 0.279619 0.922289 0.38108 
1533554138823 0.102483 0.943476 -0.315199 -0.60387 -0.95815 0.178771 0.223583 -0.22627 0.267294 0.279094 0.922313 0.38117 
1533554138999 0.102519 0.943511 -0.315083 -0.60388 -0.958076 0.17885 0.223835 -0.226332 0.267543 0.278927 0.922291 0.381117 
1533554139161 0.102388 0.943565 -0.314962 -0.603888 -0.958017 0.178777 0.224147 -0.226377 0.267805 0.278789 0.922256 0.381058 
1533554139340 0.102274 0.943732 -0.3145 -0.603883 -0.95779 0.17881 0.225092 -0.226418 0.268662 0.278203 0.922184 0.381133 
1533554139485 0.102101 0.943804 -0.314339 -0.603894 -0.957735 0.178685 0.225421 -0.226471 0.268921 0.278038 0.922159 0.381141 
1533554139638 0.102035 0.943884 -0.31412 -0.603885 -0.957663 0.178654 0.225753 -0.226479 0.269204 0.277786 0.922152 0.381094 
1533554139655 0.102031 0.943899 -0.314077 -0.603881 -0.957647 0.178657 0.225819 -0.226474 0.269262 0.277734 0.922151 0.381091 
1533554139906 0.10193 0.943751 -0.314555 -0.6039 -0.957602 0.178735 0.225945 -0.22651 0.269458 0.278188 0.921957 0.381116 
1533554140100 0.101796 0.943771 -0.314537 -0.603835 -0.957567 0.178657 0.226157 -0.226483 0.269634 0.278168 0.921911 0.381192 
1533554140279 0.101703 0.943693 -0.3148 -0.603836 -0.957544 0.178668 0.226247 -0.226483 0.269753 0.278425 0.921799 0.381207 
1533554140369 0.101671 0.943689 -0.314823 -0.603827 -0.957553 0.178638 0.226233 -0.226486 0.269733 0.278458 0.921794 0.381217 
1533554140484 0.1016 0.943661 -0.31493 -0.60382 -0.957577 0.17858 0.226174 -0.22649 0.269672 0.278591 0.921772 0.381236 
1533554140627 0.10153 0.943619 -0.315079 -0.603805 -0.95756 0.178576 0.226249 -0.226493 0.269759 0.278736 0.921703 0.381276 
1533554140756 0.101472 0.943606 -0.315137 -0.603792 -0.957535 0.178568 0.226362 -0.226496 0.26987 0.278785 0.921656 0.381337 
1533554140776 0.101452 0.943604 -0.315149 -0.603792 -0.957534 0.178556 0.226379 -0.226493 0.269883 0.278799 0.921647 0.381343 
1533554140945 0.101303 0.943601 -0.315205 -0.603784 -0.957563 0.178417 0.226362 -0.226451 0.269834 0.278897 0.921632 0.381371 
1533554141057 0.101266 0.943583 -0.315271 -0.603787 -0.957591 0.178374 0.226279 -0.226447 0.269749 0.278986 0.92163 0.381352 
1533554141281 0.101214 0.943527 -0.315456 -0.6038 -0.957653 0.178311 0.226065 -0.22645 0.269547 0.279217 0.921619 0.381321 
1533554141436 0.101189 0.943515 -0.3155 -0.603798 -0.957673 0.17828 0.226005 -0.226438 0.269487 0.279277 0.921619 0.381321 
1533554141628 0.101158 0.943409 -0.315827 -0.603817 -0.957726 0.178278 0.225782 -0.226406 0.269309 0.279636 0.921562 0.38129 
1533554141926 0.101129 0.943421 -0.315799 -0.603766 -0.957859 0.17811 0.225349 -0.226435 0.268846 0.279702 0.921677 0.381341 
1533554142106 0.101085 0.943375 -0.315951 -0.603774 -0.957866 0.178103 0.225326 -0.226425 0.268839 0.279862 0.921631 0.381342 
1533554142126 0.101081 0.943371 -0.315964 -0.603774 -0.957866 0.178102 0.225325 -0.226424 0.26884 0.279876 0.921626 0.381342 
1533554142233 0.101032 0.94336 -0.316014 -0.603773 -0.957869 0.178072 0.225339 -0.226401 0.268849 0.279934 0.921606 0.381348 
1533554142332 0.101068 0.943321 -0.316117 -0.603778 -0.957886 0.178108 0.225239 -0.226388 0.268776 0.280039 0.921595 0.381361 
1533554142380 0.10115 0.943291 -0.316181 -0.603783 -0.957899 0.178177 0.225127 -0.226394 0.268696 0.280098 0.9216 0.38137 
1533554142556 0.101355 0.943234 -0.316286 -0.603782 -0.957909 0.17836 0.224941 -0.226391 0.268585 0.280174 0.92161 0.381408 
1533554142653 0.101379 0.943225 -0.316305 -0.603778 -0.957921 0.178371 0.224881 -0.226392 0.268533 0.280197 0.921618 0.381408 
1533554142736 0.101368 0.943209 -0.316357 -0.603778 -0.957938 0.178356 0.224818 -0.226396 0.268474 0.280261 0.921616 0.381405 
1533554142837 0.10148 0.943173 -0.316427 -0.603776 -0.957948 0.178454 0.224697 -0.226407 0.268396 0.280318 0.921621 0.381415 
1533554143006 0.101637 0.943133 -0.316495 -0.603758 -0.957961 0.178585 0.22454 -0.226435 0.268292 0.280369 0.921636 0.381431 
1533554143149 0.101688 0.943054 -0.316714 -0.603755 -0.957995 0.178644 0.22435 -0.226492 0.268153 0.280597 0.921607 0.381434 
1533554143167 0.101712 0.943042 -0.316742 -0.603755 -0.957998 0.178667 0.224317 -0.226502 0.268132 0.280623 0.921605 0.381435 
1533554143425 0.10175 0.94304 -0.316738 -0.60375 -0.957963 0.178733 0.224412 -0.2265 0.268241 0.280589 0.921584 0.381432 
1533554143641 0.101645 0.943067 -0.316691 -0.603746 -0.957985 0.178614 0.224414 -0.226508 0.268203 0.280575 0.921599 0.381432 
1533554143799 0.101701 0.943098 -0.316579 -0.60374 -0.957957 0.178661 0.224495 -0.226526 0.268281 0.280438 0.921618 0.38143 
1533554143914 0.101723 0.943099 -0.316569 -0.603745 -0.957929 0.178707 0.224579 -0.226536 0.268373 0.280406 0.921601 0.381411 
1533554144082 0.101701 0.943126 -0.316496 -0.603755 -0.957923 0.178678 0.224628 -0.226577 0.268403 0.280334 0.921614 0.381383 
1533554144208 0.101637 0.943141 -0.316471 -0.603761 -0.957906 0.178637 0.224732 -0.226569 0.268488 0.280309 0.921597 0.381361 
1533554144311 0.101603 0.943145 -0.316473 -0.603767 -0.957895 0.178622 0.224792 -0.226568 0.26854 0.280308 0.921582 0.381347 
1533554144482 0.101556 0.943163 -0.316432 -0.603773 -0.957891 0.178577 0.224843 -0.226579 0.268572 0.280274 0.921583 0.381341 
1533554144502 0.101547 0.943164 -0.316432 -0.603773 -0.957892 0.178569 0.224848 -0.22658 0.268573 0.280275 0.921583 0.381341 
1533554144776 0.101804 0.943136 -0.316434 -0.603771 -0.957887 0.178785 0.224695 -0.226584 0.268491 0.280233 0.921619 0.38128 
1533554144933 0.101745 0.943169 -0.316353 -0.60382 -0.958005 0.178594 0.224344 -0.226488 0.268093 0.280242 0.921732 0.381269 
1533554145049 0.101924 0.943213 -0.316166 -0.603812 -0.958055 0.178643 0.22409 -0.22648 0.267846 0.280064 0.921858 0.381269 
1533554145193 0.102068 0.943265 -0.315963 -0.603792 -0.958123 0.178642 0.223801 -0.226481 0.267548 0.279889 0.921998 0.381226 
1533554145327 0.102174 0.943267 -0.315923 -0.603804 -0.958184 0.178655 0.223529 -0.226469 0.267289 0.279873 0.922078 0.381217 
1533554145464 0.10229 0.943311 -0.315754 -0.603813 -0.958265 0.178625 0.223207 -0.226443 0.266955 0.279744 0.922214 0.381236 
1533554145589 0.102422 0.943322 -0.315678 -0.60382 -0.958339 0.178638 0.22288 -0.226407 0.26664 0.279699 0.922319 0.381138 
1533554145699 0.10239 0.943361 -0.315573 -0.603859 -0.958385 0.178539 0.222761 -0.226301 0.266486 0.279632 0.922383 0.381131 
1533554145886 0.102528 0.943371 -0.315499 -0.603889 -0.958475 0.178538 0.222371 -0.226254 0.266107 0.279599 0.922503 0.381125 
1533554145906 0.10253 0.943373 -0.315493 -0.603889 -0.958477 0.178538 0.222367 -0.226253 0.266102 0.279594 0.922506 0.381125 
1533554146118 0.102199 0.943455 -0.315355 -0.603894 -0.958391 0.178325 0.222906 -0.226195 0.266537 0.279452 0.922423 0.381135 
1533554146323 0.102146 0.943494 -0.315256 -0.603893 -0.958229 0.178428 0.223521 -0.226206 0.267141 0.279255 0.922308 0.381132 
1533554146495 0.102131 0.943507 -0.31522 -0.603888 -0.958174 0.178464 0.223726 -0.226279 0.267342 0.279187 0.92227 0.381082 
1533554146660 0.101997 0.943536 -0.315176 -0.603885 -0.958076 0.178446 0.224158 -0.226358 0.267743 0.2791 0.922181 0.381102 
1533554146830 0.101896 0.943588 -0.315053 -0.603879 -0.9579 0.178517 0.224853 -0.226395 0.268411 0.278878 0.922054 0.381145 
1533554146983 0.10189 0.943579 -0.315083 -0.603881 -0.957823 0.1786 0.225118 -0.226441 0.26869 0.278856 0.921979 0.381063 
1533554147149 0.101719 0.943594 -0.315093 -0.603894 -0.957694 0.178596 0.225668 -0.226474 0.269213 0.278808 0.921841 0.381048 
1533554147331 0.101526 0.943644 -0.315005 -0.603877 -0.957536 0.17858 0.226349 -0.226427 0.269847 0.278649 0.921704 0.381019 
1533554147496 0.101272 0.943673 -0.315 -0.603876 -0.957478 0.17843 0.226711 -0.22644 0.270147 0.278646 0.921617 0.380974 
1533554147512 0.10126 0.943678 -0.314988 -0.603876 -0.957462 0.178434 0.226778 -0.22644 0.27021 0.278626 0.921604 0.380975 
1533554147715 0.101431 0.943618 -0.315113 -0.603865 -0.95753 0.178535 0.226412 -0.226437 0.269905 0.278765 0.921651 0.381023 
1533554147967 0.101217 0.943621 -0.315175 -0.603834 -0.957646 0.178254 0.226141 -0.226377 0.269573 0.278937 0.921697 0.381061 
1533554148141 0.101391 0.943565 -0.315285 -0.603839 -0.957667 0.178401 0.225935 -0.226394 0.269431 0.27903 0.92171 0.38105 
1533554148312 0.101589 0.943485 -0.31546 -0.603841 -0.957736 0.178534 0.225539 -0.226396 0.269114 0.279215 0.921747 0.381045 
1533554148470 0.101702 0.943454 -0.315519 -0.603825 -0.957826 0.178547 0.225147 -0.22638 0.268751 0.279314 0.921823 0.381062 
1533554148628 0.101712 0.943446 -0.315538 -0.603805 -0.957924 0.178458 0.224799 -0.226354 0.268396 0.279396 0.921901 0.381125 
1533554148779 0.101666 0.943368 -0.315786 -0.603807 -0.957964 0.178437 0.224644 -0.226296 0.26827 0.279673 0.921854 0.381098 
1533554148916 0.101668 0.943286 -0.316031 -0.603815 -0.95802 0.178439 0.224405 -0.226264 0.26807 0.279949 0.921828 0.381092 
1533554149069 0.101754 0.943288 -0.315996 -0.603789 -0.958117 0.1784 0.224022 -0.226259 0.267691 0.279966 0.921933 0.381128 
1533554149085 0.101772 0.943288 -0.315991 -0.603786 -0.958122 0.178408 0.223993 -0.226262 0.267665 0.279962 0.921942 0.381132 
1533554149256 0.101722 0.943424 -0.315602 -0.603786 -0.958022 0.178378 0.224442 -0.226392 0.26804 0.279523 0.921966 0.381081 
1533554149429 0.101563 0.943533 -0.315327 -0.603804 -0.957894 0.178316 0.225037 -0.226403 0.268558 0.279195 0.921915 0.381048 
1533554149633 0.101497 0.943597 -0.315155 -0.603813 -0.95782 0.178298 0.225367 -0.22643 0.268847 0.278987 0.921893 0.38102 
1533554149781 0.101499 0.943641 -0.315024 -0.603841 -0.957768 0.178323 0.22557 -0.226478 0.269033 0.278825 0.921888 0.380994 
1533554149957 0.10148 0.943708 -0.314827 -0.603861 -0.957692 0.178338 0.22588 -0.226516 0.26931 0.278585 0.92188 0.380984 
1533554150093 0.101366 0.943807 -0.314569 -0.603851 -0.957671 0.178205 0.226073 -0.226527 0.269427 0.278338 0.92192 0.380989 
1533554150286 0.10126 0.943867 -0.314422 -0.603866 -0.95757 0.178187 0.226514 -0.226541 0.269825 0.278144 0.921863 0.380968 
1533554150303 0.101257 0.94387 -0.314416 -0.603867 -0.95757 0.178183 0.226518 -0.226546 0.269827 0.278139 0.921864 0.380967 
1533554150554 0.100893 0.943683 -0.315093 -0.603842 -0.957624 0.177992 0.226441 -0.226522 0.269773 0.278894 0.921651 0.380974 
1533554150717 0.100941 0.943629 -0.315238 -0.603841 -0.957565 0.178127 0.226585 -0.22656 0.269964 0.27899 0.921566 0.381015 
1533554150919 0.100629 0.943595 -0.315439 -0.603822 -0.957584 0.1779 0.226683 -0.226459 0.270014 0.279248 0.921473 0.381114 
1533554151054 0.100733 0.943515 -0.315646 -0.603823 -0.957557 0.178062 0.226668 -0.226542 0.270069 0.279416 0.921406 0.381151 
1533554151209 0.100609 0.943445 -0.315894 -0.603793 -0.9576 0.177975 0.226554 -0.226553 0.269963 0.279707 0.921349 0.381204 
1533554151364 0.100674 0.943337 -0.316196 -0.603757 -0.957587 0.178115 0.226498 -0.226649 0.269983 0.279982 0.921259 0.381228 
1533554151516 0.100543 0.943229 -0.316559 -0.60378 -0.957582 0.1781 0.226531 -0.226628 0.27005 0.280355 0.921127 0.381247 
1533554151729 0.100395 0.943203 -0.316684 -0.603743 -0.957606 0.177984 0.226524 -0.226606 0.270023 0.280516 0.921085 0.381291 
1533554151746 0.100408 0.9432 -0.31669 -0.603738 -0.957604 0.177998 0.226518 -0.226616 0.270022 0.280519 0.921085 0.381293 
1533554152001 0.100601 0.943158 -0.316754 -0.603741 -0.95762 0.178155 0.22633 -0.226569 0.269896 0.280561 0.921109 0.381308 
1533554152161 0.100595 0.943144 -0.316795 -0.603755 -0.957678 0.1781 0.226126 -0.226535 0.269691 0.280641 0.921145 0.381339 
1533554152302 0.100784 0.943129 -0.316782 -0.603759 -0.9577 0.178229 0.225933 -0.226503 0.269544 0.280611 0.921197 0.381375 
1533554152464 0.100919 0.943088 -0.31686 -0.60377 -0.957736 0.17832 0.225707 -0.226464 0.269365 0.28069 0.921225 0.381377 
1533554152601 0.101127 0.943015 -0.317012 -0.603788 -0.957766 0.178496 0.225442 -0.226451 0.269181 0.280824 0.921238 0.381366 
1533554152749 0.101371 0.942927 -0.317194 -0.603801 -0.957811 0.178691 0.225094 -0.226426 0.268927 0.280994 0.92126 0.381329 
1533554152889 0.101365 0.942889 -0.31731 -0.603802 -0.957858 0.178665 0.224915 -0.226393 0.268762 0.281139 0.921264 0.381327 
1533554153022 0.101585 0.942841 -0.317381 -0.603803 -0.957875 0.178844 0.224701 -0.226384 0.268619 0.281185 0.921292 0.381347 
1533554153170 0.101745 0.942816 -0.317404 -0.603797 -0.957909 0.178945 0.224477 -0.226367 0.268439 0.281205 0.921338 0.381384 
1533554153186 0.101742 0.942816 -0.317407 -0.603796 -0.957914 0.178938 0.22446 -0.226362 0.268421 0.281212 0.921341 0.381388 
1533554153345 0.101712 0.942859 -0.317288 -0.6038 -0.957902 0.178897 0.224542 -0.226383 0.268474 0.281093 0.921362 0.381382 
1533554153496 0.101524 0.942974 -0.317006 -0.603788 -0.957854 0.178727 0.224884 -0.22637 0.268717 0.280815 0.921376 0.381341 
1533554153664 0.101476 0.942969 -0.317038 -0.603843 -0.957835 0.178715 0.224975 -0.226425 0.268803 0.28084 0.921343 0.381331 
1533554153834 0.101377 0.943069 -0.31677 -0.603827 -0.957821 0.178585 0.225137 -0.22645 0.26889 0.280585 0.921396 0.381329 
1533554153998 0.101253 0.943133 -0.316621 -0.603827 -0.95768 0.178594 0.225728 -0.22645 0.269438 0.280366 0.921303 0.381274 
1533554154196 0.101268 0.943174 -0.316494 -0.60384 -0.957612 0.178647 0.225976 -0.226523 0.269675 0.280194 0.921285 0.381283 
1533554154334 0.101194 0.943213 -0.316401 -0.603845 -0.95755 0.178629 0.226251 -0.226548 0.269921 0.280074 0.92125 0.381263 
1533554154460 0.101156 0.943269 -0.316246 -0.603843 -0.957534 0.178577 0.226361 -0.226595 0.269993 0.279918 0.921276 0.381247 
1533554154477 0.101153 0.943274 -0.316233 -0.603843 -0.957534 0.178571 0.226365 -0.226601 0.269994 0.279906 0.921279 0.381244 
1533554154668 0.101303 0.943215 -0.31636 -0.603845 -0.957524 0.178735 0.226279 -0.226561 0.269974 0.28 0.921257 0.381257 
1533554154826 0.101408 0.943187 -0.316409 -0.603839 -0.957648 0.178703 0.225776 -0.22657 0.269492 0.280113 0.921364 0.381308 
1533554154997 0.101447 0.943219 -0.316302 -0.603806 -0.957694 0.178663 0.225616 -0.226516 0.269317 0.280032 0.921439 0.381329 
1533554155147 0.10149 0.943164 -0.316451 -0.603806 -0.957777 0.178647 0.225275 -0.226494 0.269004 0.280226 0.921472 0.381304 
1533554155284 0.101596 0.94313 -0.316519 -0.603798 -0.957843 0.178681 0.224966 -0.226474 0.268728 0.28032 0.921524 0.381296 
1533554155406 0.10182 0.943092 -0.31656 -0.603791 -0.957869 0.178847 0.224724 -0.22646 0.268551 0.280341 0.921569 0.38132 
1533554155591 0.101895 0.94307 -0.316601 -0.603781 -0.95797 0.178812 0.22432 -0.226451 0.268162 0.280437 0.921653 0.38135 
1533554155787 0.101944 0.943019 -0.316737 -0.603781 -0.958043 0.178808 0.224012 -0.226427 0.267883 0.280611 0.921681 0.381339 
1533554155969 0.102131 0.942955 -0.316868 -0.603781 -0.958128 0.178903 0.223574 -0.226427 0.267509 0.280766 0.921743 0.381318 
1533554155988 0.102135 0.942956 -0.316862 -0.60378 -0.958124 0.178909 0.223585 -0.226423 0.267521 0.280757 0.921742 0.381317 
