1535392574103 0.215285 0.918191 -0.332532 -0.472352 -0.943127 0.283817 0.173086 -0.170873 0.253305 0.276357 0.927073 0.474387 
1535392581484 0.215285 0.918191 -0.332532 -0.472352 -0.943127 0.283817 0.173086 -0.170873 0.253304 0.276357 0.927073 0.474387 
1535392581765 0.215285 0.918191 -0.332532 -0.472352 -0.943127 0.283817 0.173086 -0.170873 0.253304 0.276357 0.927073 0.474387 
1535392582667 0.221154 0.91864 -0.327401 -0.487802 -0.942459 0.287625 0.17042 -0.177933 0.250723 0.270873 0.92939 0.46445 
1535392583551 0.226216 0.919193 -0.322352 -0.503648 -0.941895 0.290779 0.168169 -0.184852 0.248313 0.26558 0.931562 0.454177 
1535392584566 0.231352 0.919791 -0.316957 -0.519418 -0.941321 0.293932 0.165888 -0.191725 0.245746 0.25998 0.93382 0.444042 
1535392585544 0.23652 0.920283 -0.31167 -0.535208 -0.940721 0.297156 0.163532 -0.198659 0.24311 0.254516 0.936012 0.433787 
1535392586517 0.241254 0.920807 -0.306448 -0.551118 -0.940116 0.300101 0.161622 -0.205353 0.240788 0.249105 0.938066 0.423435 
1535392587479 0.24636 0.921225 -0.301083 -0.566931 -0.939451 0.303339 0.159425 -0.212288 0.238197 0.243577 0.940177 0.413215 
1535392588464 0.251291 0.92164 -0.29569 -0.582753 -0.938815 0.306426 0.157255 -0.219136 0.235539 0.238081 0.942252 0.402961 
1535392589437 0.256375 0.921981 -0.290212 -0.598555 -0.93806 0.309725 0.155286 -0.225966 0.233056 0.232425 0.944279 0.392709 
1535392590192 0.260695 0.922552 -0.284491 -0.614571 -0.937455 0.312316 0.153743 -0.232585 0.230687 0.226618 0.94627 0.38231 
1535392590573 0.261692 0.922267 -0.284501 -0.615806 -0.937273 0.313178 0.153098 -0.233396 0.230297 0.22659 0.946372 0.381483 
1535392590944 0.262736 0.922102 -0.284072 -0.617323 -0.937059 0.314029 0.152663 -0.234329 0.229978 0.226082 0.946571 0.380433 
1535392591335 0.262908 0.922269 -0.283369 -0.618977 -0.937056 0.314032 0.152672 -0.234843 0.229792 0.225394 0.94678 0.3794 
1535392591732 0.263276 0.922352 -0.282758 -0.620605 -0.93701 0.314228 0.152557 -0.235474 0.229562 0.224782 0.946982 0.378429 
1535392592099 0.263862 0.922341 -0.282247 -0.622175 -0.936885 0.314666 0.152423 -0.236202 0.229399 0.224214 0.947156 0.377295 
1535392592461 0.263862 0.922341 -0.282247 -0.622175 -0.936885 0.314666 0.152423 -0.236202 0.229399 0.224214 0.947156 0.377295 
1535392592839 0.264133 0.922417 -0.281745 -0.623826 -0.936855 0.314797 0.152334 -0.236796 0.229208 0.223718 0.94732 0.37626 
1535392593255 0.264527 0.922545 -0.280957 -0.625437 -0.936794 0.314995 0.152302 -0.237415 0.229005 0.222911 0.947559 0.375288 
1535392593617 0.26515 0.922473 -0.280605 -0.626974 -0.936705 0.315449 0.151907 -0.238321 0.228646 0.222566 0.947726 0.374187 
1535392593666 0.265564 0.922536 -0.280007 -0.628621 -0.93666 0.315677 0.151711 -0.238931 0.22835 0.221982 0.947935 0.37312 
1535392593998 0.264954 0.922283 -0.281415 -0.629076 -0.936734 0.31542 0.151786 -0.238989 0.228753 0.223395 0.947506 0.373156 
1535392594340 0.264382 0.921734 -0.28374 -0.62961 -0.93673 0.315418 0.151817 -0.239159 0.229431 0.22565 0.946807 0.373242 
1535392594696 0.263418 0.921192 -0.286384 -0.630369 -0.936837 0.315094 0.151833 -0.23939 0.230105 0.2283 0.946008 0.373446 
1535392595043 0.26293 0.920719 -0.288347 -0.630907 -0.936828 0.315096 0.151881 -0.239574 0.230696 0.230197 0.945404 0.373597 
1535392595407 0.262008 0.920228 -0.290743 -0.631593 -0.936901 0.314796 0.152053 -0.239732 0.231448 0.232558 0.944642 0.373756 
1535392595745 0.261317 0.919681 -0.293087 -0.63225 -0.936922 0.314697 0.15213 -0.239908 0.232145 0.234845 0.943905 0.373919 
1535392596087 0.260411 0.919203 -0.295384 -0.632928 -0.937004 0.314385 0.15227 -0.240049 0.232831 0.237123 0.943166 0.374115 
1535392596437 0.259656 0.918647 -0.297769 -0.63358 -0.93703 0.314248 0.152389 -0.240203 0.233565 0.23945 0.942396 0.37425 
1535392596779 0.258807 0.918121 -0.30012 -0.634244 -0.937102 0.313996 0.152465 -0.240369 0.234218 0.241784 0.941638 0.374404 
1535392596803 0.258807 0.918121 -0.30012 -0.634244 -0.937102 0.313996 0.152465 -0.240369 0.234218 0.241784 0.941638 0.374404 
1535392596819 0.258266 0.917952 -0.301102 -0.634621 -0.937139 0.313761 0.152726 -0.24033 0.234669 0.24273 0.941282 0.374594 
1535392596989 0.258243 0.917954 -0.301115 -0.634625 -0.937146 0.313739 0.152722 -0.240324 0.234664 0.242749 0.941279 0.374589 
1535392597076 0.25786 0.918053 -0.301143 -0.634619 -0.937262 0.313369 0.152775 -0.240357 0.234625 0.242855 0.941261 0.374557 
1535392597250 0.256458 0.918291 -0.301613 -0.634922 -0.93757 0.312192 0.153294 -0.24054 0.23493 0.24347 0.941026 0.374927 
1535392597359 0.256458 0.918291 -0.301613 -0.634922 -0.93757 0.312192 0.153294 -0.24054 0.23493 0.24347 0.941026 0.374927 
1535392597476 0.254999 0.918394 -0.302536 -0.635383 -0.937875 0.311053 0.153741 -0.240671 0.235299 0.244537 0.940657 0.375184 
1535392597584 0.254999 0.918394 -0.302536 -0.635383 -0.937875 0.311053 0.153741 -0.240671 0.235299 0.244537 0.940657 0.375184 
1535392597703 0.254304 0.918353 -0.303245 -0.635666 -0.937952 0.310627 0.154134 -0.240777 0.235745 0.245232 0.940364 0.375413 
1535392597822 0.253516 0.918437 -0.303651 -0.635868 -0.938126 0.309986 0.154362 -0.240815 0.235899 0.24573 0.940196 0.375545 
1535392597852 0.252603 0.918475 -0.304296 -0.636151 -0.938303 0.309298 0.154665 -0.240854 0.236174 0.246453 0.939938 0.375679 
1535392597868 0.252574 0.918466 -0.304346 -0.636181 -0.9383 0.309291 0.154703 -0.240891 0.236221 0.246494 0.939915 0.375709 
1535392598039 0.252158 0.918594 -0.304305 -0.63628 -0.938436 0.308863 0.154733 -0.240991 0.236125 0.246554 0.939923 0.375782 
1535392598078 0.251991 0.918885 -0.303562 -0.63625 -0.938559 0.308497 0.154713 -0.240951 0.235812 0.245925 0.940167 0.375696 
1535392598192 0.251991 0.918885 -0.303562 -0.63625 -0.938559 0.308497 0.154713 -0.240951 0.235812 0.245925 0.940167 0.375696 
1535392598237 0.251732 0.91905 -0.30328 -0.636369 -0.938665 0.308165 0.154734 -0.24106 0.235669 0.245727 0.940255 0.375661 
1535392598359 0.251456 0.919189 -0.303085 -0.636455 -0.938795 0.307812 0.154649 -0.241205 0.235445 0.245647 0.940331 0.375651 
1535392598409 0.250897 0.919591 -0.302329 -0.636586 -0.93897 0.307125 0.154948 -0.241116 0.235342 0.245002 0.940526 0.375778 
1535392598545 0.250407 0.919954 -0.301631 -0.63677 -0.939144 0.306497 0.155141 -0.24134 0.235172 0.244426 0.940718 0.375877 
1535392598602 0.250407 0.919954 -0.301631 -0.63677 -0.939144 0.306497 0.155141 -0.24134 0.235172 0.244426 0.940718 0.375877 
1535392598631 0.250293 0.920115 -0.301233 -0.636844 -0.939219 0.306276 0.155125 -0.241543 0.234993 0.244097 0.940848 0.375892 
1535392598647 0.25032 0.920132 -0.30116 -0.636862 -0.939215 0.306285 0.155129 -0.241581 0.23498 0.244022 0.940871 0.375899 
1535392598664 0.250277 0.920146 -0.301153 -0.636883 -0.939221 0.306249 0.155163 -0.241578 0.235001 0.244015 0.940867 0.375907 
1535392598831 0.250226 0.920165 -0.301137 -0.636891 -0.939232 0.3062 0.155191 -0.241562 0.23501 0.244004 0.940868 0.375915 
1535392598848 0.250264 0.920313 -0.300652 -0.636936 -0.939286 0.306088 0.155088 -0.241549 0.234755 0.243585 0.94104 0.37585 
1535392598894 0.250514 0.920276 -0.300558 -0.636924 -0.939219 0.30631 0.155052 -0.241522 0.234755 0.243447 0.941076 0.375845 
1535392599009 0.251359 0.920302 -0.299772 -0.636824 -0.93907 0.306903 0.154786 -0.241485 0.234451 0.2426 0.94137 0.375846 
1535392599038 0.251661 0.920372 -0.299302 -0.636771 -0.939032 0.307067 0.154687 -0.241489 0.234275 0.242126 0.941536 0.375846 
1535392599070 0.251907 0.920405 -0.298994 -0.636769 -0.938994 0.307221 0.154615 -0.241489 0.234165 0.241805 0.941646 0.37583 
1535392599192 0.252067 0.920462 -0.298682 -0.636864 -0.93897 0.307301 0.154598 -0.241387 0.234087 0.241485 0.941747 0.375744 
1535392599219 0.252432 0.920589 -0.297982 -0.636838 -0.938931 0.30747 0.154499 -0.241351 0.233851 0.240784 0.941986 0.375738 
1535392599236 0.252432 0.920589 -0.297982 -0.636838 -0.938931 0.30747 0.154499 -0.241351 0.233851 0.240784 0.941986 0.375738 
1535392599369 0.252616 0.920626 -0.297714 -0.636807 -0.938941 0.30754 0.154301 -0.241335 0.233612 0.240557 0.942103 0.375713 
1535392599484 0.252924 0.920359 -0.298276 -0.6366 -0.938883 0.307902 0.15393 -0.241371 0.233511 0.241114 0.941986 0.375781 
1535392599612 0.253302 0.920396 -0.297841 -0.636454 -0.938826 0.308143 0.153798 -0.241064 0.233333 0.240664 0.942145 0.375843 
1535392599745 0.254113 0.920287 -0.297487 -0.636203 -0.938664 0.308798 0.15347 -0.241045 0.2331 0.240242 0.94231 0.375881 
1535392599871 0.254788 0.92021 -0.297149 -0.636057 -0.938592 0.30927 0.152961 -0.240948 0.232656 0.239929 0.9425 0.375927 
1535392599995 0.255246 0.920244 -0.296648 -0.635842 -0.938584 0.309505 0.152538 -0.240732 0.232186 0.239494 0.942726 0.375985 
1535392600132 0.256081 0.92013 -0.296283 -0.635625 -0.938468 0.310125 0.15199 -0.240723 0.231735 0.23913 0.942929 0.37601 
1535392600262 0.256645 0.920093 -0.295911 -0.635383 -0.93841 0.310503 0.151577 -0.240589 0.231346 0.238784 0.943113 0.375997 
1535392600416 0.25739 0.920018 -0.295494 -0.635185 -0.938251 0.311098 0.151337 -0.240501 0.23116 0.238295 0.943282 0.376073 
1535392600437 0.257733 0.919953 -0.295398 -0.635139 -0.938164 0.311402 0.15125 -0.240496 0.23113 0.23815 0.943326 0.376082 
1535392600570 0.257989 0.919962 -0.295148 -0.635021 -0.93814 0.311557 0.151079 -0.24042 0.230942 0.237914 0.943431 0.376114 
1535392600701 0.257646 0.920079 -0.295082 -0.634688 -0.938305 0.311147 0.150905 -0.240204 0.230658 0.237997 0.94348 0.376278 
1535392600837 0.258258 0.919864 -0.295217 -0.634306 -0.938182 0.311706 0.150512 -0.240182 0.230472 0.238097 0.9435 0.376394 
1535392601032 0.258281 0.919857 -0.295218 -0.633992 -0.938244 0.311657 0.150227 -0.239923 0.230194 0.238186 0.943545 0.376432 
1535392601218 0.258616 0.919783 -0.295155 -0.633641 -0.938207 0.311909 0.149935 -0.239778 0.229969 0.238141 0.943612 0.376517 
1535392601399 0.258922 0.919718 -0.295092 -0.633278 -0.938181 0.312131 0.149637 -0.239653 0.229731 0.238105 0.943679 0.376612 
1535392601588 0.259125 0.919712 -0.294932 -0.632929 -0.9382 0.31222 0.14933 -0.239446 0.229424 0.23801 0.943777 0.376727 
1535392601765 0.259504 0.919613 -0.294905 -0.632574 -0.938136 0.312536 0.149069 -0.239341 0.229254 0.237977 0.943827 0.37691 
1535392601971 0.259752 0.919617 -0.294676 -0.632135 -0.938137 0.312663 0.148798 -0.23911 0.228972 0.237796 0.943941 0.377046 
1535392601987 0.259752 0.919617 -0.294676 -0.632135 -0.938137 0.312663 0.148798 -0.23911 0.228972 0.237796 0.943941 0.377046 
1535392602266 0.259662 0.919506 -0.295101 -0.63152 -0.938034 0.312779 0.149201 -0.238902 0.229493 0.238073 0.943745 0.37725 
1535392602472 0.259403 0.919497 -0.295357 -0.631072 -0.937946 0.312739 0.14984 -0.238683 0.230147 0.23816 0.943564 0.377421 
1535392602669 0.259374 0.919416 -0.295635 -0.630617 -0.937813 0.312902 0.150329 -0.238545 0.230719 0.238259 0.943399 0.377609 
1535392602878 0.259383 0.919348 -0.295838 -0.630151 -0.937672 0.313087 0.150823 -0.238375 0.231281 0.238278 0.943256 0.37781 
1535392603105 0.259256 0.919261 -0.296219 -0.629713 -0.937556 0.313184 0.151344 -0.238203 0.231895 0.238485 0.943053 0.378 
1535392603304 0.259202 0.919213 -0.296414 -0.629261 -0.937435 0.313304 0.151841 -0.238017 0.232442 0.238511 0.942912 0.378196 
1535392603509 0.259066 0.919157 -0.296708 -0.628813 -0.937327 0.313372 0.152368 -0.237838 0.23303 0.238639 0.942735 0.378367 
1535392603757 0.259266 0.919002 -0.297013 -0.6282 -0.937107 0.313782 0.152877 -0.237758 0.233692 0.238698 0.942556 0.378591 
1535392603771 0.259266 0.919002 -0.297013 -0.6282 -0.937107 0.313782 0.152877 -0.237758 0.233692 0.238698 0.942556 0.378591 
1535392603957 0.259297 0.918984 -0.297041 -0.628145 -0.937084 0.313831 0.152916 -0.237757 0.233747 0.238702 0.942541 0.378615 
1535392604101 0.258813 0.919029 -0.297325 -0.627819 -0.93708 0.313557 0.1535 -0.237448 0.2343 0.23889 0.942356 0.378705 
1535392604224 0.258865 0.918864 -0.297788 -0.627421 -0.936809 0.313946 0.154359 -0.237367 0.235324 0.239013 0.94207 0.378723 
1535392604600 0.258762 0.918737 -0.298269 -0.626643 -0.936484 0.314287 0.155631 -0.237136 0.236726 0.239053 0.941708 0.379032 
1535392604731 0.258762 0.918737 -0.298269 -0.626643 -0.936484 0.314287 0.155631 -0.237136 0.236726 0.239053 0.941708 0.379032 
1535392604917 0.258653 0.918637 -0.298672 -0.626293 -0.936333 0.314434 0.156245 -0.236984 0.237445 0.239243 0.941479 0.379113 
1535392605083 0.258606 0.918579 -0.29889 -0.625902 -0.936193 0.31458 0.156787 -0.236858 0.238046 0.239273 0.94132 0.379251 
1535392605215 0.258446 0.918522 -0.299202 -0.625534 -0.936078 0.314641 0.157347 -0.236724 0.238669 0.239411 0.941127 0.37936 
1535392605380 0.258366 0.918398 -0.299653 -0.62506 -0.935852 0.314891 0.15819 -0.236556 0.23964 0.23956 0.940842 0.37946 
1535392605545 0.258344 0.918393 -0.299687 -0.625008 -0.935838 0.314895 0.158264 -0.236533 0.239719 0.239572 0.940819 0.379478 
1535392605581 0.258344 0.918393 -0.299687 -0.625008 -0.935838 0.314895 0.158264 -0.236533 0.239719 0.239572 0.940819 0.379478 
1535392605758 0.258536 0.918261 -0.299928 -0.624726 -0.935705 0.3152 0.158447 -0.236411 0.240033 0.23968 0.940711 0.379598 
1535392605941 0.258834 0.918117 -0.30011 -0.6244 -0.93553 0.315607 0.158667 -0.236292 0.240392 0.239693 0.940616 0.379747 
1535392606121 0.258979 0.918 -0.300343 -0.624041 -0.935461 0.315814 0.158663 -0.236242 0.240505 0.239868 0.940543 0.379888 
1535392606301 0.259016 0.917888 -0.300653 -0.623749 -0.935347 0.316006 0.158951 -0.236071 0.240907 0.240044 0.940395 0.37996 
1535392606486 0.259046 0.91778 -0.300958 -0.623453 -0.935237 0.316189 0.159235 -0.235867 0.241302 0.240218 0.940249 0.380061 
1535392606667 0.259412 0.917609 -0.301165 -0.62309 -0.935063 0.316646 0.15935 -0.235824 0.241584 0.240271 0.940164 0.380171 
1535392606838 0.259319 0.917545 -0.301439 -0.622809 -0.934992 0.316701 0.159655 -0.235611 0.241957 0.240442 0.940024 0.380297 
1535392607043 0.259421 0.917438 -0.301677 -0.622394 -0.934866 0.316937 0.159925 -0.235387 0.242334 0.24054 0.939901 0.380506 
1535392607189 0.259453 0.917428 -0.301677 -0.622346 -0.934846 0.316979 0.159961 -0.235364 0.242378 0.240519 0.939895 0.380529 
1535392607250 0.259453 0.917428 -0.301677 -0.622346 -0.934846 0.316979 0.159961 -0.235364 0.242378 0.240519 0.939895 0.380529 
1535392607393 0.259454 0.917254 -0.302205 -0.622191 -0.934911 0.317006 0.159524 -0.235375 0.242125 0.241146 0.9398 0.38051 
1535392607533 0.259701 0.917172 -0.302244 -0.621902 -0.93486 0.31723 0.159377 -0.235283 0.242057 0.241166 0.939813 0.380594 
1535392607720 0.259605 0.917146 -0.302406 -0.621667 -0.934919 0.317135 0.159221 -0.235112 0.241932 0.24139 0.939787 0.380702 
1535392607877 0.259702 0.916993 -0.302784 -0.621402 -0.934903 0.317282 0.159022 -0.23509 0.241891 0.241775 0.939699 0.380778 
1535392608053 0.25983 0.916912 -0.302922 -0.621167 -0.934859 0.317436 0.158973 -0.234891 0.241922 0.241883 0.939663 0.380882 
1535392608226 0.259749 0.916891 -0.303052 -0.620929 -0.93491 0.317353 0.158839 -0.234747 0.241813 0.242069 0.939643 0.381028 
1535392608398 0.259725 0.916842 -0.303224 -0.620679 -0.934924 0.317353 0.15876 -0.234613 0.241787 0.242257 0.939601 0.381177 
1535392608540 0.259913 0.91675 -0.30334 -0.620322 -0.934916 0.317507 0.158497 -0.234514 0.241615 0.242402 0.939608 0.381294 
1535392608700 0.25979 0.916796 -0.303307 -0.620276 -0.934956 0.317378 0.158517 -0.234441 0.241591 0.242397 0.939616 0.381321 
1535392608894 0.259999 0.916726 -0.303337 -0.6202 -0.93493 0.317551 0.158327 -0.234487 0.241468 0.242434 0.939638 0.381313 
1535392609091 0.260127 0.916868 -0.3028 -0.62008 -0.934961 0.317513 0.15822 -0.234342 0.24121 0.241948 0.939829 0.381302 
1535392609274 0.260179 0.916938 -0.302542 -0.619886 -0.934988 0.317476 0.158131 -0.234236 0.241046 0.241731 0.939927 0.381325 
1535392609466 0.260531 0.91692 -0.302294 -0.61972 -0.934904 0.317755 0.158073 -0.234167 0.240996 0.241433 0.940017 0.381378 
1535392609649 0.260682 0.91697 -0.30201 -0.619491 -0.93492 0.317792 0.157904 -0.234124 0.24077 0.241192 0.940136 0.381413 
1535392609835 0.260643 0.917062 -0.301765 -0.619339 -0.934978 0.317665 0.157812 -0.233977 0.240584 0.241011 0.94023 0.381425 
1535392610021 0.260626 0.917163 -0.301474 -0.619174 -0.935029 0.317553 0.15774 -0.233813 0.240407 0.240776 0.940336 0.381458 
1535392610215 0.260974 0.917138 -0.301247 -0.618947 -0.934986 0.31779 0.157512 -0.233825 0.240194 0.240556 0.940447 0.381438 
1535392610242 0.260854 0.917303 -0.300849 -0.61879 -0.935048 0.317579 0.157572 -0.233543 0.240085 0.240205 0.940564 0.381514 
1535392610258 0.260883 0.917304 -0.300822 -0.618773 -0.935039 0.317602 0.157575 -0.233536 0.240086 0.240172 0.940572 0.381523 
1535392610432 0.260919 0.9173 -0.300802 -0.618759 -0.935029 0.317634 0.157575 -0.233536 0.240088 0.240144 0.940579 0.38153 
1535392610554 0.261021 0.917154 -0.301158 -0.618592 -0.934943 0.317849 0.157649 -0.233678 0.240311 0.240416 0.940452 0.381566 
1535392610698 0.261092 0.917094 -0.30128 -0.618427 -0.93485 0.318011 0.157872 -0.233559 0.240594 0.240433 0.940376 0.381619 
1535392610846 0.261374 0.916985 -0.301366 -0.618211 -0.934718 0.318348 0.157979 -0.233551 0.240803 0.240401 0.94033 0.381671 
1535392610972 0.261121 0.917084 -0.301287 -0.618057 -0.934779 0.318103 0.158112 -0.233344 0.240842 0.24035 0.940333 0.381698 
1535392611086 0.261379 0.916944 -0.301487 -0.617842 -0.934656 0.318434 0.15817 -0.233348 0.241037 0.240445 0.940259 0.381722 
1535392611218 0.261325 0.916945 -0.301531 -0.617682 -0.934634 0.318426 0.158314 -0.23321 0.241181 0.24045 0.940221 0.381783 
1535392611351 0.261343 0.91693 -0.30156 -0.617503 -0.934595 0.318483 0.158433 -0.233075 0.241314 0.240432 0.940192 0.381794 
1535392611374 0.261343 0.91693 -0.30156 -0.617503 -0.934595 0.318483 0.158433 -0.233075 0.241314 0.240432 0.940192 0.381794 
1535392611514 0.26146 0.9169 -0.301551 -0.617366 -0.934549 0.318606 0.158454 -0.233067 0.241363 0.240385 0.940191 0.381811 
1535392611674 0.261504 0.916854 -0.301653 -0.617273 -0.934509 0.318693 0.158517 -0.232989 0.241471 0.240445 0.940148 0.381817 
1535392611834 0.261229 0.917055 -0.301281 -0.617091 -0.934614 0.318339 0.158611 -0.232753 0.241364 0.240147 0.940251 0.381894 
1535392611992 0.261569 0.916907 -0.301433 -0.616846 -0.934493 0.318715 0.158567 -0.232792 0.241463 0.240211 0.94021 0.381962 
1535392612149 0.261389 0.917039 -0.301189 -0.616633 -0.93461 0.318435 0.15844 -0.232604 0.241205 0.240079 0.94031 0.381975 
1535392612312 0.261567 0.917 -0.301155 -0.616415 -0.934546 0.318612 0.15846 -0.232492 0.241259 0.239996 0.940317 0.382023 
1535392612481 0.26186 0.91694 -0.301081 -0.616146 -0.934448 0.318895 0.158473 -0.232497 0.241323 0.239847 0.940338 0.382096 
1535392612641 0.261672 0.91701 -0.301031 -0.615978 -0.934492 0.318716 0.158573 -0.232267 0.241356 0.239816 0.940338 0.382151 
1535392612793 0.261888 0.916978 -0.300944 -0.615699 -0.93446 0.318878 0.158436 -0.232286 0.241246 0.239728 0.940389 0.382188 
1535392612820 0.261888 0.916978 -0.300944 -0.615699 -0.93446 0.318878 0.158436 -0.232286 0.241246 0.239728 0.940389 0.382188 
1535392612837 0.261964 0.916957 -0.30094 -0.615632 -0.934461 0.318927 0.158328 -0.232274 0.241158 0.239741 0.940408 0.382232 
1535392612859 0.261926 0.916988 -0.300879 -0.615591 -0.934471 0.318882 0.158364 -0.232226 0.241162 0.239683 0.940422 0.382261 
1535392613025 0.262019 0.917002 -0.300754 -0.615354 -0.934416 0.318977 0.158496 -0.232118 0.241274 0.2395 0.940439 0.382355 
1535392613189 0.26211 0.916969 -0.300776 -0.614999 -0.934395 0.319063 0.158445 -0.232121 0.241256 0.239514 0.940441 0.382375 
1535392613355 0.262133 0.916991 -0.300688 -0.614705 -0.934361 0.319097 0.158577 -0.231997 0.241362 0.239382 0.940447 0.382478 
1535392613509 0.262184 0.917046 -0.300476 -0.614386 -0.934328 0.319128 0.158711 -0.231871 0.241436 0.239131 0.940492 0.3826 
1535392613678 0.262188 0.917019 -0.300557 -0.614105 -0.934269 0.319203 0.158908 -0.23175 0.241661 0.239137 0.940433 0.382699 
1535392613848 0.26225 0.917069 -0.300347 -0.61379 -0.934239 0.319238 0.159012 -0.231615 0.241707 0.238895 0.940482 0.382794 
1535392614000 0.262327 0.917093 -0.300208 -0.613477 -0.934194 0.319309 0.15913 -0.231506 0.241796 0.238708 0.940507 0.382882 
1535392614176 0.262204 0.917187 -0.30003 -0.613144 -0.934197 0.319193 0.15935 -0.231278 0.241921 0.238505 0.940526 0.383025 
1535392614194 0.262214 0.917195 -0.299995 -0.61309 -0.934187 0.319203 0.159385 -0.231247 0.241947 0.238458 0.940531 0.383051 
1535392614387 0.262436 0.917203 -0.299776 -0.612818 -0.934147 0.319355 0.159318 -0.231053 0.241862 0.238225 0.940613 0.383055 
1535392614538 0.262436 0.917203 -0.299776 -0.612818 -0.934147 0.319355 0.159318 -0.231053 0.241862 0.238225 0.940613 0.383055 
1535392614697 0.262991 0.917171 -0.299389 -0.61245 -0.934057 0.319751 0.159051 -0.231047 0.241607 0.237818 0.940781 0.383086 
1535392614899 0.263356 0.917172 -0.299065 -0.612118 -0.933973 0.320024 0.158994 -0.230919 0.241533 0.237447 0.940894 0.38321 
1535392615054 0.263527 0.917224 -0.298755 -0.611836 -0.933967 0.320091 0.158893 -0.230638 0.241369 0.237155 0.941009 0.383225 
1535392615219 0.263779 0.917277 -0.298367 -0.611469 -0.933929 0.320233 0.158835 -0.230529 0.241243 0.236756 0.941142 0.383348 
1535392615391 0.264069 0.917273 -0.298124 -0.611168 -0.933919 0.320396 0.158562 -0.230388 0.240962 0.236552 0.941265 0.38334 
1535392615591 0.264162 0.917345 -0.29782 -0.61087 -0.93393 0.320394 0.158498 -0.230182 0.240817 0.236274 0.941372 0.383428 
1535392615650 0.264474 0.917323 -0.29761 -0.610541 -0.933875 0.320624 0.158362 -0.230046 0.24069 0.236048 0.941461 0.383445 
1535392615666 0.264378 0.917393 -0.297478 -0.610467 -0.93391 0.320502 0.158401 -0.22993 0.240658 0.23594 0.941497 0.383473 
1535392615809 0.264343 0.917431 -0.297395 -0.610411 -0.933925 0.320449 0.158421 -0.22987 0.24064 0.235867 0.941519 0.383494 
1535392615866 0.264795 0.917387 -0.297127 -0.61022 -0.933832 0.320799 0.158257 -0.22987 0.240501 0.235561 0.941632 0.383567 
1535392616047 0.265367 0.917491 -0.296294 -0.609903 -0.933848 0.321026 0.157702 -0.22968 0.239808 0.234845 0.941987 0.383561 
1535392616168 0.265493 0.917615 -0.295797 -0.609626 -0.933844 0.321029 0.157717 -0.229471 0.239683 0.234356 0.942141 0.383693 
1535392616287 0.265924 0.917631 -0.29536 -0.609331 -0.933814 0.321275 0.157395 -0.229297 0.239323 0.233956 0.942332 0.383654 
1535392616447 0.266115 0.917736 -0.294861 -0.609052 -0.933858 0.321276 0.157136 -0.229082 0.238941 0.233542 0.942531 0.383662 
1535392616542 0.266663 0.917781 -0.294228 -0.608731 -0.933766 0.321628 0.156963 -0.228939 0.238689 0.232883 0.942758 0.383774 
1535392616721 0.266857 0.917923 -0.293607 -0.608458 -0.933808 0.321611 0.156743 -0.22869 0.238306 0.232344 0.942988 0.383832 
1535392616825 0.267397 0.918031 -0.292775 -0.608054 -0.933771 0.321871 0.156433 -0.228517 0.237847 0.231555 0.943298 0.383948 
1535392616945 0.26755 0.918102 -0.292413 -0.607885 -0.933783 0.3219 0.156298 -0.22837 0.237625 0.231233 0.943433 0.383988 
1535392616965 0.26755 0.918102 -0.292413 -0.607885 -0.933783 0.3219 0.156298 -0.22837 0.237625 0.231233 0.943433 0.383988 
1535392617093 0.267796 0.918247 -0.291733 -0.607549 -0.933758 0.321976 0.156295 -0.228367 0.237448 0.230553 0.943644 0.384086 
1535392617194 0.267891 0.918406 -0.291144 -0.607282 -0.933792 0.321906 0.156234 -0.228158 0.237207 0.230014 0.943836 0.384063 
1535392617306 0.267838 0.918563 -0.290698 -0.607018 -0.933879 0.32171 0.156115 -0.228 0.236922 0.229664 0.943993 0.38403 
1535392617426 0.268126 0.918749 -0.289841 -0.60673 -0.933871 0.321768 0.156047 -0.2278 0.236629 0.228834 0.944268 0.384112 
1535392617516 0.268132 0.918921 -0.28929 -0.606454 -0.933933 0.321618 0.155984 -0.227671 0.236378 0.228353 0.944447 0.384209 
1535392617646 0.268422 0.919007 -0.288748 -0.606158 -0.933883 0.321771 0.155968 -0.227557 0.236247 0.227792 0.944615 0.384232 
1535392617744 0.268637 0.91917 -0.288028 -0.605832 -0.933902 0.321776 0.155841 -0.227466 0.235925 0.227125 0.944856 0.384303 
1535392617759 0.268637 0.91917 -0.288028 -0.605832 -0.933902 0.321776 0.155841 -0.227466 0.235925 0.227125 0.944856 0.384303 
1535392617918 0.268581 0.919417 -0.28729 -0.605594 -0.933972 0.321547 0.1559 -0.227132 0.235714 0.226449 0.945071 0.384326 
1535392617973 0.268581 0.919417 -0.28729 -0.605594 -0.933972 0.321547 0.1559 -0.227132 0.235714 0.226449 0.945071 0.384326 
1535392618117 0.269045 0.91973 -0.285852 -0.605364 -0.933898 0.321689 0.156045 -0.227134 0.235475 0.224973 0.945483 0.384263 
1535392618178 0.269206 0.919973 -0.284916 -0.605175 -0.933883 0.321654 0.156208 -0.226984 0.235352 0.224027 0.945739 0.384308 
1535392618289 0.269206 0.919973 -0.284916 -0.605175 -0.933883 0.321654 0.156208 -0.226984 0.235352 0.224027 0.945739 0.384308 
1535392618361 0.269652 0.920374 -0.283196 -0.604738 -0.93383 0.321716 0.156394 -0.226723 0.23505 0.222285 0.946225 0.384212 
1535392618473 0.269652 0.920374 -0.283196 -0.604738 -0.93383 0.321716 0.156394 -0.226723 0.23505 0.222285 0.946225 0.384212 
1535392618535 0.269947 0.920555 -0.282323 -0.604518 -0.933812 0.321787 0.156356 -0.226566 0.234782 0.221429 0.946492 0.384159 
1535392618557 0.270232 0.920726 -0.281492 -0.604329 -0.933748 0.321902 0.156505 -0.226482 0.234711 0.22055 0.946715 0.384135 
1535392618572 0.270256 0.920811 -0.28119 -0.604259 -0.933758 0.321858 0.156537 -0.226441 0.234644 0.220259 0.946799 0.384138 
1535392618966 0.270087 0.920586 -0.28209 -0.604097 -0.93356 0.322081 0.157257 -0.226506 0.235624 0.220875 0.946412 0.38423 
1535392619138 0.269253 0.920281 -0.283875 -0.60404 -0.933461 0.321907 0.158196 -0.22648 0.236966 0.222391 0.945722 0.384288 
1535392619338 0.26876 0.919978 -0.285322 -0.603804 -0.933223 0.322042 0.159324 -0.226618 0.238461 0.223449 0.945096 0.384528 
1535392619557 0.268132 0.919697 -0.286815 -0.60357 -0.932985 0.322093 0.160608 -0.226616 0.240092 0.22453 0.944427 0.384694 
1535392619776 0.267416 0.919436 -0.288317 -0.603354 -0.93277 0.322066 0.161907 -0.226573 0.24172 0.225637 0.943748 0.384864 
1535392619969 0.266925 0.919118 -0.289782 -0.603166 -0.932495 0.322244 0.163135 -0.226608 0.24332 0.226675 0.943087 0.385065 
1535392620183 0.266159 0.91882 -0.291425 -0.602934 -0.932291 0.322198 0.164381 -0.226592 0.244933 0.227942 0.942364 0.385118 
1535392620370 0.265469 0.918537 -0.292944 -0.602694 -0.932064 0.322208 0.165646 -0.226599 0.246541 0.229068 0.941672 0.385298 
1535392620451 0.265008 0.918224 -0.294339 -0.602462 -0.931807 0.322381 0.166752 -0.226731 0.248005 0.230077 0.941041 0.385529 
1535392620716 0.264813 0.918148 -0.29475 -0.602407 -0.931774 0.322352 0.166991 -0.226725 0.248336 0.230419 0.94087 0.385548 
1535392620981 0.264807 0.918254 -0.294427 -0.602455 -0.931792 0.322273 0.167045 -0.226666 0.248275 0.230111 0.940961 0.385578 
1535392621235 0.264717 0.91814 -0.294861 -0.602366 -0.931751 0.322327 0.167168 -0.226718 0.248525 0.230485 0.940804 0.385542 
1535392621490 0.264686 0.918076 -0.295089 -0.602383 -0.931695 0.3224 0.167343 -0.226725 0.24877 0.23064 0.940701 0.38556 
1535392621752 0.264539 0.918102 -0.295141 -0.602304 -0.931658 0.322342 0.167658 -0.226686 0.249064 0.230619 0.940629 0.385694 
1535392622010 0.264557 0.917937 -0.295636 -0.602288 -0.931563 0.322533 0.167819 -0.226768 0.2494 0.231005 0.940445 0.385598 
1535392622268 0.264258 0.91794 -0.295893 -0.602283 -0.931596 0.322343 0.167999 -0.226654 0.249593 0.231258 0.940332 0.385571 
1535392622527 0.264409 0.917861 -0.296007 -0.602197 -0.9315 0.322556 0.16812 -0.226789 0.24979 0.231278 0.940274 0.385657 
1535392622794 0.264057 0.917916 -0.296149 -0.602169 -0.931552 0.322292 0.168343 -0.226704 0.249971 0.231426 0.94019 0.385686 
1535392622828 0.26406 0.917778 -0.296573 -0.602125 -0.931515 0.322406 0.168326 -0.226817 0.250102 0.231814 0.940059 0.385675 
1535392623017 0.26406 0.917778 -0.296573 -0.602125 -0.931515 0.322406 0.168326 -0.226817 0.250102 0.231814 0.940059 0.385675 
1535392623861 0.257809 0.918569 -0.299607 -0.587969 -0.933157 0.317117 0.169279 -0.220324 0.250505 0.235939 0.938925 0.395394 
1535392624787 0.252371 0.918645 -0.303975 -0.573635 -0.934469 0.312921 0.169849 -0.214103 0.251151 0.24119 0.937417 0.405129 
1535392625781 0.246841 0.918855 -0.307855 -0.559232 -0.93584 0.308494 0.170398 -0.20791 0.251542 0.246042 0.93605 0.414995 
1535392626660 0.241207 0.918955 -0.311996 -0.544856 -0.937207 0.304025 0.170914 -0.201627 0.251916 0.25118 0.934584 0.424811 
1535392627558 0.235672 0.918949 -0.316214 -0.53047 -0.938554 0.299636 0.171274 -0.195514 0.252141 0.25642 0.933099 0.434517 
1535392628437 0.230269 0.91897 -0.32011 -0.516048 -0.93984 0.295316 0.171724 -0.189346 0.252342 0.26131 0.931687 0.444491 
1535392629294 0.224599 0.918922 -0.324249 -0.501649 -0.941133 0.290827 0.172304 -0.183133 0.252635 0.266462 0.930147 0.454257 
1535392630134 0.219134 0.918818 -0.328259 -0.487268 -0.94238 0.286478 0.17277 -0.177014 0.252783 0.271485 0.928653 0.464105 
1535392635189 0.213668 0.918669 -0.332255 -0.472852 -0.943607 0.282124 0.17324 -0.170848 0.252888 0.276502 0.927143 0.473979 
1535392635827 0.21431 0.918448 -0.332453 -0.472464 -0.943516 0.282705 0.172789 -0.171055 0.252684 0.276644 0.927156 0.47428 
1535392636372 0.213678 0.918602 -0.332434 -0.472878 -0.943605 0.282167 0.173181 -0.170883 0.252886 0.276681 0.92709 0.473983 
1535392636915 0.213908 0.918478 -0.332629 -0.472899 -0.943485 0.282494 0.173302 -0.170868 0.25314 0.276759 0.926998 0.473985 
1535392637468 0.213947 0.918506 -0.332525 -0.472853 -0.943502 0.282483 0.173228 -0.170859 0.253044 0.276676 0.927049 0.474081 
1535392638006 0.214023 0.918477 -0.332557 -0.472859 -0.943463 0.282584 0.173275 -0.170837 0.253124 0.276671 0.927028 0.474101 
1535392638536 0.213949 0.918398 -0.332824 -0.472891 -0.943472 0.282572 0.173242 -0.170839 0.253152 0.276945 0.926939 0.474106 
1535392639092 0.213918 0.918424 -0.332769 -0.472911 -0.943469 0.282545 0.173305 -0.170764 0.25319 0.276884 0.926947 0.474122 
1535392639664 0.213862 0.918361 -0.332982 -0.472919 -0.943445 0.282573 0.173393 -0.170699 0.253329 0.277068 0.926854 0.474137 
1535392640210 0.213987 0.918343 -0.33295 -0.472914 -0.943405 0.282696 0.173406 -0.170681 0.25337 0.277 0.926863 0.474157 
1535392640234 0.213987 0.918343 -0.33295 -0.472914 -0.943405 0.282696 0.173406 -0.170681 0.25337 0.277 0.926863 0.474157 
1535392640430 0.213946 0.918253 -0.333225 -0.472949 -0.943399 0.282727 0.173391 -0.170671 0.253428 0.277268 0.926767 0.474162 
1535392640720 0.214124 0.91836 -0.332814 -0.4729 -0.943362 0.282812 0.173452 -0.170658 0.253415 0.276824 0.926903 0.47418 
1535392640947 0.213999 0.9183 -0.333059 -0.472933 -0.943361 0.282774 0.173521 -0.170642 0.253525 0.277062 0.926802 0.474168 
1535392641173 0.213987 0.918301 -0.333066 -0.472935 -0.943365 0.282762 0.173517 -0.17064 0.253519 0.277072 0.9268 0.474168 
1535392641384 0.213915 0.918297 -0.333123 -0.472943 -0.943409 0.282675 0.173421 -0.170651 0.253417 0.277174 0.926798 0.474169 
1535392641609 0.213898 0.918298 -0.333132 -0.472944 -0.943418 0.282655 0.173401 -0.170652 0.253395 0.277193 0.926798 0.474171 
1535392641839 0.213891 0.918299 -0.333133 -0.472944 -0.943423 0.282645 0.173392 -0.170653 0.253384 0.277198 0.9268 0.474173 
1535392642055 0.21389 0.918301 -0.333129 -0.472943 -0.943425 0.282641 0.173388 -0.170653 0.253379 0.277196 0.926802 0.474177 
1535392642068 0.21389 0.918301 -0.333129 -0.472943 -0.943425 0.282641 0.173388 -0.170653 0.253379 0.277196 0.926802 0.474177 
1535392642258 0.213891 0.918303 -0.333123 -0.472942 -0.943426 0.28264 0.173385 -0.170654 0.253374 0.277191 0.926805 0.474182 
1535392642427 0.213878 0.918307 -0.333119 -0.472944 -0.943429 0.282627 0.173389 -0.170648 0.253372 0.27719 0.926805 0.474183 
1535392642574 0.213868 0.91831 -0.333117 -0.472945 -0.943432 0.282616 0.173392 -0.170643 0.253372 0.27719 0.926805 0.474183 
1535392642729 0.213862 0.918312 -0.333116 -0.472946 -0.943433 0.282611 0.173394 -0.17064 0.253372 0.27719 0.926805 0.474183 
1535392642903 0.21386 0.918313 -0.333116 -0.472947 -0.943433 0.282609 0.173395 -0.170639 0.253372 0.27719 0.926805 0.474183 
1535392643036 0.213858 0.918313 -0.333115 -0.472947 -0.943434 0.282607 0.173395 -0.170638 0.253372 0.27719 0.926806 0.474183 
1535392643221 0.213857 0.918313 -0.333115 -0.472947 -0.943434 0.282606 0.173396 -0.170638 0.253372 0.27719 0.926806 0.474184 
1535392643393 0.213857 0.918314 -0.333114 -0.472947 -0.943434 0.282606 0.173395 -0.170638 0.253371 0.277189 0.926806 0.474184 
1535392643553 0.213862 0.918312 -0.333114 -0.472946 -0.943433 0.282611 0.173394 -0.170641 0.253371 0.277189 0.926806 0.474185 
1535392643577 0.213862 0.918312 -0.333114 -0.472946 -0.943433 0.282611 0.173394 -0.170641 0.253371 0.277189 0.926806 0.474185 
1535392643597 0.213873 0.91831 -0.333115 -0.472943 -0.943431 0.282621 0.17339 -0.170646 0.253371 0.277188 0.926806 0.474186 
1535392643771 0.213874 0.918309 -0.333115 -0.472943 -0.943431 0.282621 0.17339 -0.170646 0.253371 0.277187 0.926807 0.474186 
1535392643890 0.213873 0.91831 -0.333114 -0.472943 -0.943431 0.28262 0.17339 -0.170646 0.25337 0.277187 0.926807 0.474186 
1535392644004 0.213873 0.91831 -0.333114 -0.472943 -0.943431 0.28262 0.17339 -0.170646 0.25337 0.277187 0.926807 0.474186 
1535392644125 0.213873 0.91831 -0.333114 -0.472943 -0.943431 0.28262 0.17339 -0.170646 0.25337 0.277187 0.926807 0.474186 
1535392644332 0.213873 0.91831 -0.333114 -0.472943 -0.943431 0.28262 0.17339 -0.170646 0.25337 0.277187 0.926807 0.474187 
1535392644461 0.213874 0.91831 -0.333114 -0.472943 -0.943431 0.282621 0.17339 -0.170646 0.25337 0.277186 0.926807 0.474187 
1535392644585 0.213874 0.91831 -0.333113 -0.472943 -0.943431 0.282621 0.17339 -0.170646 0.25337 0.277185 0.926807 0.474188 
1535392644611 0.213874 0.91831 -0.333113 -0.472943 -0.943431 0.282621 0.17339 -0.170646 0.25337 0.277185 0.926807 0.474188 
1535392644868 0.213875 0.91831 -0.333112 -0.472942 -0.943431 0.282622 0.17339 -0.170647 0.25337 0.277184 0.926808 0.474188 
1535392645104 0.213874 0.918311 -0.333111 -0.472942 -0.943431 0.28262 0.17339 -0.170647 0.25337 0.277184 0.926808 0.474188 
1535392645352 0.213874 0.918311 -0.333111 -0.472942 -0.943431 0.28262 0.17339 -0.170647 0.25337 0.277184 0.926808 0.474188 
1535392645590 0.213874 0.918311 -0.333111 -0.472942 -0.943431 0.282621 0.173389 -0.170647 0.253369 0.277184 0.926808 0.474188 
1535392645836 0.213874 0.918311 -0.333111 -0.472942 -0.943431 0.28262 0.17339 -0.170647 0.25337 0.277184 0.926808 0.474189 
1535392646083 0.213874 0.918311 -0.333111 -0.472942 -0.943431 0.282621 0.17339 -0.170647 0.25337 0.277183 0.926808 0.474189 
1535392646327 0.213875 0.918311 -0.333111 -0.472942 -0.943431 0.282621 0.17339 -0.170647 0.25337 0.277183 0.926808 0.474189 
1535392646575 0.213875 0.918311 -0.33311 -0.472942 -0.943431 0.282621 0.17339 -0.170647 0.25337 0.277183 0.926808 0.474189 
1535392646830 0.213875 0.918311 -0.33311 -0.472942 -0.943431 0.282621 0.17339 -0.170647 0.25337 0.277182 0.926808 0.47419 
1535392646853 0.213876 0.918311 -0.333109 -0.472941 -0.94343 0.282621 0.17339 -0.170647 0.25337 0.277182 0.926809 0.47419 
1535392647109 0.213875 0.918311 -0.333109 -0.472941 -0.943431 0.282621 0.17339 -0.170647 0.25337 0.277181 0.926809 0.47419 
1535392647353 0.213874 0.918312 -0.333108 -0.472941 -0.943431 0.28262 0.17339 -0.170647 0.253369 0.277181 0.926809 0.47419 
1535392647616 0.213875 0.918312 -0.333108 -0.472941 -0.943431 0.28262 0.17339 -0.170647 0.253369 0.277181 0.926809 0.47419 
1535392647856 0.213874 0.918312 -0.333108 -0.472941 -0.943431 0.28262 0.17339 -0.170647 0.253369 0.277181 0.926809 0.474191 
1535392648100 0.213875 0.918312 -0.333108 -0.472941 -0.943431 0.28262 0.17339 -0.170647 0.253369 0.277181 0.926809 0.474191 
1535392648378 0.213875 0.918312 -0.333108 -0.472941 -0.943431 0.28262 0.17339 -0.170647 0.253369 0.277181 0.926809 0.474191 
1535392648625 0.213875 0.918312 -0.333108 -0.472941 -0.943431 0.282621 0.17339 -0.170647 0.253369 0.277181 0.926809 0.474191 
1535392648867 0.213875 0.918312 -0.333108 -0.472941 -0.943431 0.282621 0.17339 -0.170647 0.25337 0.27718 0.926809 0.474191 
1535392649129 0.213875 0.918312 -0.333108 -0.472941 -0.943431 0.282621 0.17339 -0.170647 0.25337 0.27718 0.926809 0.474191 
1535392649156 0.213876 0.918312 -0.333107 -0.472941 -0.94343 0.282621 0.17339 -0.170647 0.25337 0.27718 0.926809 0.474192 
1535392649387 0.213876 0.918312 -0.333107 -0.472941 -0.94343 0.282622 0.17339 -0.170647 0.25337 0.277179 0.926809 0.474192 
1535392649616 0.213875 0.918312 -0.333107 -0.472941 -0.943431 0.28262 0.17339 -0.170647 0.253369 0.277179 0.926809 0.474192 
1535392649937 0.213875 0.918312 -0.333107 -0.472941 -0.943431 0.28262 0.17339 -0.170647 0.253369 0.277179 0.926809 0.474192 
1535392650163 0.213875 0.918312 -0.333107 -0.472941 -0.943431 0.28262 0.173391 -0.170647 0.253369 0.277179 0.926809 0.474192 
1535392650415 0.213875 0.918312 -0.333106 -0.472941 -0.943431 0.28262 0.173391 -0.170647 0.253369 0.277179 0.926809 0.474192 
1535392650642 0.213875 0.918312 -0.333107 -0.472941 -0.943431 0.282621 0.173391 -0.170647 0.253369 0.277179 0.926809 0.474192 
1535392650897 0.213876 0.918312 -0.333106 -0.472941 -0.943431 0.282621 0.17339 -0.170647 0.253369 0.277179 0.92681 0.474192 
1535392651117 0.213876 0.918312 -0.333106 -0.472941 -0.943431 0.282621 0.17339 -0.170647 0.253369 0.277178 0.92681 0.474192 
1535392651144 0.213876 0.918312 -0.333106 -0.472941 -0.943431 0.282621 0.17339 -0.170647 0.253369 0.277178 0.92681 0.474192 
1535392651362 0.213876 0.918312 -0.333106 -0.47294 -0.94343 0.282621 0.173391 -0.170647 0.25337 0.277178 0.92681 0.474193 
1535392651599 0.213875 0.918313 -0.333105 -0.472941 -0.943431 0.28262 0.173391 -0.170647 0.253369 0.277178 0.92681 0.474193 
1535392651827 0.213875 0.918313 -0.333105 -0.472941 -0.943431 0.28262 0.173391 -0.170647 0.253369 0.277178 0.92681 0.474193 
1535392652057 0.213875 0.918313 -0.333105 -0.472941 -0.943431 0.28262 0.173391 -0.170647 0.253369 0.277178 0.92681 0.474193 
1535392652289 0.213875 0.918313 -0.333105 -0.47294 -0.943431 0.28262 0.173391 -0.170647 0.253369 0.277178 0.92681 0.474193 
1535392652526 0.213875 0.918313 -0.333105 -0.47294 -0.943431 0.282621 0.173391 -0.170647 0.25337 0.277178 0.92681 0.474193 
1535392652751 0.213876 0.918313 -0.333105 -0.47294 -0.943431 0.282621 0.173391 -0.170647 0.253369 0.277178 0.92681 0.474193 
1535392652970 0.213876 0.918313 -0.333105 -0.47294 -0.94343 0.282621 0.173391 -0.170647 0.25337 0.277177 0.92681 0.474193 
1535392653191 0.213876 0.918313 -0.333105 -0.47294 -0.94343 0.282621 0.173391 -0.170647 0.25337 0.277177 0.92681 0.474193 
1535392653223 0.213876 0.918313 -0.333105 -0.47294 -0.94343 0.282621 0.173391 -0.170647 0.25337 0.277177 0.92681 0.474193 
1535392653464 0.213876 0.918313 -0.333105 -0.47294 -0.94343 0.282621 0.173391 -0.170647 0.25337 0.277177 0.92681 0.474193 
1535392653716 0.213875 0.918313 -0.333105 -0.47294 -0.943431 0.28262 0.173391 -0.170647 0.253369 0.277177 0.92681 0.474193 
1535392653962 0.213875 0.918313 -0.333104 -0.47294 -0.943431 0.28262 0.173391 -0.170647 0.253369 0.277177 0.92681 0.474193 
1535392654201 0.213875 0.918313 -0.333105 -0.47294 -0.943431 0.28262 0.173391 -0.170647 0.253369 0.277177 0.92681 0.474193 
1535392654464 0.213876 0.918313 -0.333105 -0.47294 -0.943431 0.282621 0.173391 -0.170647 0.253369 0.277177 0.92681 0.474193 
1535392654717 0.213876 0.918313 -0.333104 -0.47294 -0.943431 0.282621 0.173391 -0.170647 0.253369 0.277177 0.92681 0.474193 
1535392654966 0.213876 0.918313 -0.333104 -0.47294 -0.94343 0.282621 0.173391 -0.170647 0.253369 0.277177 0.92681 0.474193 
1535392655216 0.213876 0.918313 -0.333104 -0.47294 -0.94343 0.282621 0.173391 -0.170647 0.253369 0.277177 0.92681 0.474194 
1535392655480 0.213876 0.918313 -0.333104 -0.47294 -0.94343 0.282621 0.173391 -0.170647 0.25337 0.277177 0.92681 0.474194 
1535392655507 0.213876 0.918313 -0.333104 -0.47294 -0.94343 0.282621 0.173391 -0.170647 0.25337 0.277176 0.92681 0.474194 
1535392655700 0.213876 0.918313 -0.333104 -0.47294 -0.94343 0.282621 0.173391 -0.170647 0.25337 0.277176 0.92681 0.474194 
1535392655928 0.213875 0.918313 -0.333104 -0.47294 -0.943431 0.28262 0.173391 -0.170647 0.253369 0.277176 0.92681 0.474194 
