1533674016659 0.330387 0.906044 -0.26444 -0.498772 -0.92752 0.363554 0.0868073 -0.195053 0.174789 0.216593 0.960487 0.345284 
1533674023221 0.330386 0.906043 -0.264443 -0.498772 -0.92752 0.363554 0.0868083 -0.195052 0.174791 0.216596 0.960486 0.345282 
1533674025240 0.372097 0.927283 -0.0411056 -0.530507 -0.922112 0.374358 0.0978064 -0.198251 0.106082 0.00151053 0.994356 0.337544 
1533674026910 0.397254 0.899243 0.183169 -0.562684 -0.917173 0.382216 0.112711 -0.200994 0.0313442 -0.212773 0.976599 0.329554 
