1535371455412 0.213057 0.91939 -0.330648 -0.472599 -0.94377 0.28122 0.17382 -0.171413 0.252793 0.275022 0.927609 0.4741 
1535371463028 0.213057 0.919391 -0.330647 -0.472599 -0.94377 0.281219 0.173821 -0.171413 0.252794 0.275021 0.927609 0.4741 
1535371463983 0.213057 0.919391 -0.330647 -0.472599 -0.94377 0.281219 0.173821 -0.171413 0.252794 0.275021 0.927609 0.4741 
1535371464724 0.221889 0.920699 -0.321059 -0.505209 -0.942416 0.286999 0.171709 -0.185578 0.250236 0.264471 0.931363 0.454605 
1535371465980 0.221889 0.920699 -0.321059 -0.505209 -0.942416 0.286999 0.171709 -0.185578 0.250236 0.264471 0.931363 0.454605 
1535371466758 0.233584 0.922674 -0.306775 -0.554625 -0.940807 0.294159 0.168383 -0.206707 0.245604 0.249285 0.936769 0.424313 
1535371467810 0.245506 0.92439 -0.291942 -0.604049 -0.939043 0.301548 0.165128 -0.227838 0.240677 0.233606 0.942074 0.394278 
1535371468962 0.248722 0.925059 -0.287061 -0.620659 -0.938555 0.3034 0.164506 -0.234633 0.239272 0.228507 0.943681 0.383755 
1535371469474 0.249878 0.924785 -0.286939 -0.621957 -0.938284 0.304448 0.164119 -0.235536 0.239133 0.228221 0.943785 0.383063 
1535371469939 0.250896 0.924829 -0.285906 -0.625325 -0.938101 0.305152 0.163855 -0.237028 0.238783 0.227098 0.944145 0.38103 
1535371470432 0.251388 0.924975 -0.285002 -0.628621 -0.938005 0.305427 0.163893 -0.238413 0.238644 0.226133 0.944411 0.378926 
1535371471024 0.252397 0.925183 -0.283429 -0.633675 -0.937893 0.305963 0.163534 -0.24039 0.238017 0.224551 0.944947 0.375795 
1535371471352 0.252341 0.925347 -0.282943 -0.635363 -0.93796 0.305774 0.163501 -0.240965 0.237812 0.224131 0.945098 0.374574 
1535371471562 0.251877 0.92557 -0.282626 -0.635539 -0.938123 0.305239 0.163567 -0.240885 0.237661 0.223939 0.945182 0.374445 
1535371471844 0.251931 0.925204 -0.283774 -0.635921 -0.938021 0.305576 0.163522 -0.241322 0.238006 0.22499 0.944845 0.374298 
1535371472223 0.251288 0.924968 -0.28511 -0.63673 -0.938088 0.305298 0.16366 -0.241891 0.238424 0.226333 0.944419 0.37402 
1535371472556 0.249005 0.924519 -0.28855 -0.63884 -0.938397 0.304014 0.164276 -0.242853 0.239599 0.229869 0.943267 0.373167 
1535371472579 0.24897 0.924465 -0.288754 -0.639055 -0.938393 0.30403 0.164268 -0.242979 0.239649 0.230067 0.943206 0.373119 
1535371472825 0.248253 0.924734 -0.28851 -0.638808 -0.93859 0.303296 0.164498 -0.242815 0.239621 0.229955 0.94324 0.373277 
1535371473195 0.245682 0.925826 -0.287205 -0.638004 -0.939186 0.300687 0.165884 -0.243098 0.239938 0.228984 0.943396 0.374006 
1535371473501 0.245263 0.926016 -0.286951 -0.637768 -0.939234 0.3003 0.166313 -0.24323 0.24018 0.228723 0.943398 0.374235 
1535371473521 0.245263 0.926016 -0.286951 -0.637768 -0.939234 0.3003 0.166313 -0.24323 0.24018 0.228723 0.943398 0.374235 
1535371473705 0.244414 0.926357 -0.286574 -0.637558 -0.939462 0.299416 0.166617 -0.243306 0.240152 0.228501 0.943459 0.374435 
1535371473973 0.243942 0.926407 -0.286815 -0.637596 -0.939623 0.298973 0.166506 -0.243354 0.240003 0.22888 0.943405 0.374325 
1535371474191 0.243051 0.926774 -0.286384 -0.637418 -0.939758 0.298136 0.167242 -0.243466 0.240377 0.228483 0.943406 0.374634 
1535371474418 0.240853 0.9275 -0.285889 -0.636944 -0.940293 0.295979 0.168065 -0.243911 0.240498 0.228341 0.943409 0.374908 
1535371474505 0.240211 0.927711 -0.285748 -0.636831 -0.940465 0.295332 0.168237 -0.243986 0.240466 0.228323 0.943422 0.374983 
1535371474715 0.240925 0.927537 -0.285709 -0.636872 -0.940229 0.296058 0.168284 -0.243919 0.240677 0.228088 0.943425 0.3749 
1535371475166 0.241312 0.927482 -0.285562 -0.636872 -0.94013 0.296401 0.168235 -0.243873 0.240675 0.227868 0.943478 0.374825 
1535371475193 0.241312 0.927482 -0.285562 -0.636872 -0.94013 0.296401 0.168235 -0.243873 0.240675 0.227868 0.943478 0.374825 
1535371475342 0.242434 0.927489 -0.284589 -0.636555 -0.939793 0.29734 0.168459 -0.243993 0.240863 0.226614 0.943732 0.374748 
1535371475555 0.242434 0.927489 -0.284589 -0.636555 -0.939793 0.29734 0.168459 -0.243993 0.240863 0.226614 0.943732 0.374748 
1535371475599 0.242434 0.927489 -0.284589 -0.636555 -0.939793 0.29734 0.168459 -0.243993 0.240863 0.226614 0.943732 0.374748 
1535371475745 0.243209 0.927101 -0.285189 -0.63631 -0.939848 0.297946 0.167072 -0.243492 0.239864 0.227401 0.943798 0.374962 
1535371475941 0.245085 0.926752 -0.284717 -0.635789 -0.939594 0.299432 0.165842 -0.24312 0.238948 0.226872 0.944157 0.375119 
1535371476005 0.245085 0.926752 -0.284717 -0.635789 -0.939594 0.299432 0.165842 -0.24312 0.238948 0.226872 0.944157 0.375119 
1535371476160 0.246492 0.926459 -0.284456 -0.635328 -0.939449 0.300516 0.164697 -0.242915 0.238068 0.226636 0.944436 0.375181 
1535371476313 0.246492 0.926459 -0.284456 -0.635328 -0.939449 0.300516 0.164697 -0.242915 0.238068 0.226636 0.944436 0.375181 
1535371476489 0.246871 0.926395 -0.284338 -0.634863 -0.939408 0.300801 0.16441 -0.242682 0.237838 0.226521 0.944522 0.375309 
1535371476704 0.246871 0.926395 -0.284338 -0.634863 -0.939408 0.300801 0.16441 -0.242682 0.237838 0.226521 0.944522 0.375309 
1535371476755 0.246871 0.926395 -0.284338 -0.634863 -0.939408 0.300801 0.16441 -0.242682 0.237838 0.226521 0.944522 0.375309 
1535371476895 0.247586 0.926238 -0.284227 -0.63376 -0.939232 0.301453 0.164222 -0.242139 0.237789 0.226296 0.944588 0.375614 
1535371476949 0.247586 0.926238 -0.284227 -0.63376 -0.939232 0.301453 0.164222 -0.242139 0.237789 0.226296 0.944588 0.375614 
1535371477199 0.249168 0.925945 -0.283799 -0.632198 -0.938929 0.302779 0.163517 -0.241511 0.237336 0.225724 0.944839 0.376137 
1535371477385 0.24965 0.92582 -0.283782 -0.632071 -0.938795 0.303243 0.163427 -0.241582 0.237359 0.225614 0.944859 0.37619 
1535371477659 0.249539 0.925811 -0.283909 -0.631981 -0.938814 0.303169 0.163456 -0.241432 0.237402 0.225749 0.944816 0.376258 
1535371477829 0.249061 0.925883 -0.284094 -0.631049 -0.93881 0.302869 0.164032 -0.24105 0.237917 0.225856 0.944661 0.376433 
1535371478138 0.248906 0.925865 -0.284288 -0.629751 -0.938617 0.302977 0.164934 -0.240288 0.23884 0.225785 0.944445 0.376868 
1535371478400 0.249104 0.925605 -0.284962 -0.628371 -0.938321 0.303516 0.165625 -0.239882 0.239794 0.226128 0.944121 0.377237 
1535371478429 0.249104 0.925605 -0.284962 -0.628371 -0.938321 0.303516 0.165625 -0.239882 0.239794 0.226128 0.944121 0.377237 
1535371478708 0.248876 0.925576 -0.285253 -0.627843 -0.938234 0.303489 0.166164 -0.239564 0.240368 0.22628 0.943939 0.377357 
1535371479021 0.24881 0.925532 -0.285453 -0.627459 -0.938074 0.30363 0.166814 -0.239451 0.241064 0.226271 0.943764 0.377579 
1535371479385 0.248797 0.925397 -0.285903 -0.626652 -0.937799 0.30396 0.167757 -0.239175 0.242145 0.226382 0.94346 0.377766 
1535371479682 0.248637 0.925186 -0.286724 -0.625077 -0.93729 0.30447 0.169664 -0.238625 0.24427 0.226558 0.94287 0.378274 
1535371479714 0.248768 0.925125 -0.286807 -0.62483 -0.937213 0.304649 0.169766 -0.238642 0.24443 0.226567 0.942826 0.37834 
1535371479729 0.248835 0.925104 -0.286815 -0.624821 -0.937181 0.304729 0.169803 -0.238658 0.244486 0.226545 0.942817 0.378362 
1535371479899 0.248835 0.925104 -0.286815 -0.624821 -0.937181 0.304729 0.169803 -0.238658 0.244486 0.226545 0.942817 0.378362 
1535371480040 0.24872 0.925085 -0.286977 -0.624725 -0.937172 0.304684 0.169928 -0.238461 0.244635 0.226682 0.942745 0.378471 
1535371480282 0.249001 0.924771 -0.287745 -0.624184 -0.937033 0.305153 0.169853 -0.238269 0.244881 0.227333 0.942525 0.378585 
1535371480486 0.249284 0.924465 -0.288483 -0.623671 -0.936846 0.305662 0.169969 -0.238081 0.245309 0.227894 0.942278 0.378765 
1535371480709 0.249361 0.924289 -0.288978 -0.623149 -0.936713 0.305932 0.17022 -0.237774 0.24574 0.228244 0.942081 0.379009 
1535371480813 0.249699 0.924034 -0.289502 -0.622749 -0.936558 0.306411 0.170211 -0.237806 0.245987 0.228634 0.941922 0.379136 
1535371480962 0.249665 0.92402 -0.289577 -0.622712 -0.936552 0.306406 0.170253 -0.237768 0.246046 0.228698 0.941891 0.379142 
1535371481033 0.249798 0.92398 -0.28959 -0.622497 -0.936477 0.306572 0.170364 -0.237658 0.246193 0.228638 0.941867 0.379233 
1535371481170 0.249798 0.92398 -0.28959 -0.622497 -0.936477 0.306572 0.170364 -0.237658 0.246193 0.228638 0.941867 0.379233 
1535371481240 0.249752 0.924014 -0.289522 -0.621842 -0.936465 0.306538 0.170492 -0.237389 0.246286 0.228547 0.941865 0.379426 
1535371481383 0.249752 0.924014 -0.289522 -0.621842 -0.936465 0.306538 0.170492 -0.237389 0.246286 0.228547 0.941865 0.379426 
1535371481594 0.250054 0.923835 -0.289832 -0.62031 -0.936223 0.307032 0.17093 -0.236764 0.246899 0.228605 0.94169 0.379906 
1535371481617 0.250054 0.923835 -0.289832 -0.62031 -0.936223 0.307032 0.17093 -0.236764 0.246899 0.228605 0.94169 0.379906 
1535371481744 0.25011 0.923796 -0.289905 -0.620263 -0.936182 0.307124 0.170992 -0.236746 0.246999 0.228637 0.941656 0.379934 
1535371481789 0.25011 0.923796 -0.289905 -0.620263 -0.936182 0.307124 0.170992 -0.236746 0.246999 0.228637 0.941656 0.379934 
1535371481844 0.249914 0.923812 -0.290025 -0.620127 -0.936115 0.30707 0.171457 -0.236721 0.247452 0.228647 0.941535 0.379934 
1535371482008 0.249914 0.923812 -0.290025 -0.620127 -0.936115 0.30707 0.171457 -0.236721 0.247452 0.228647 0.941535 0.379934 
1535371482039 0.249914 0.923812 -0.290025 -0.620127 -0.936115 0.30707 0.171457 -0.236721 0.247452 0.228647 0.941535 0.379934 
1535371482083 0.249482 0.9238 -0.290436 -0.619441 -0.935707 0.307216 0.173408 -0.236457 0.249421 0.228501 0.941051 0.380195 
1535371482098 0.249482 0.9238 -0.290436 -0.619441 -0.935707 0.307216 0.173408 -0.236457 0.249421 0.228501 0.941051 0.380195 
1535371482300 0.249445 0.923673 -0.290871 -0.618928 -0.935328 0.307618 0.174737 -0.236379 0.250877 0.228472 0.940671 0.380384 
1535371482551 0.249754 0.923694 -0.290537 -0.618706 -0.935295 0.307804 0.174587 -0.236405 0.250693 0.228134 0.940802 0.380529 
1535371482731 0.25005 0.923866 -0.289736 -0.618015 -0.935656 0.307534 0.173121 -0.235985 0.249045 0.227804 0.941319 0.380459 
1535371482758 0.250487 0.923748 -0.289735 -0.61789 -0.935532 0.307957 0.173041 -0.236074 0.249072 0.227712 0.941334 0.380494 
1535371482777 0.250487 0.923748 -0.289735 -0.61789 -0.935532 0.307957 0.173041 -0.236074 0.249072 0.227712 0.941334 0.380494 
1535371482964 0.250272 0.923782 -0.28981 -0.617725 -0.935554 0.307799 0.173201 -0.235945 0.249204 0.227786 0.941282 0.380568 
1535371483048 0.250272 0.923782 -0.28981 -0.617725 -0.935554 0.307799 0.173201 -0.235945 0.249204 0.227786 0.941282 0.380568 
1535371483157 0.250272 0.923782 -0.28981 -0.617725 -0.935554 0.307799 0.173201 -0.235945 0.249204 0.227786 0.941282 0.380568 
1535371483188 0.250272 0.923782 -0.28981 -0.617725 -0.935554 0.307799 0.173201 -0.235945 0.249204 0.227786 0.941282 0.380568 
1535371483344 0.249938 0.923749 -0.290206 -0.617057 -0.935446 0.307735 0.173898 -0.235523 0.249945 0.228008 0.941031 0.380795 
1535371483669 0.250493 0.923438 -0.290714 -0.615798 -0.935001 0.308629 0.174703 -0.23528 0.25105 0.228056 0.940725 0.381249 
1535371483923 0.250278 0.923584 -0.290438 -0.615711 -0.935056 0.308374 0.174857 -0.235161 0.251058 0.227813 0.940782 0.381284 
1535371484187 0.250272 0.923605 -0.290375 -0.614944 -0.934755 0.30863 0.176013 -0.234886 0.252185 0.227379 0.940586 0.381423 
1535371484404 0.250117 0.923678 -0.290275 -0.614464 -0.934562 0.308675 0.176957 -0.234646 0.253052 0.22702 0.94044 0.381632 
1535371484542 0.250701 0.923441 -0.290526 -0.613813 -0.934168 0.309491 0.177609 -0.234759 0.253927 0.226873 0.940239 0.381742 
1535371484562 0.250701 0.923441 -0.290526 -0.613813 -0.934168 0.309491 0.177609 -0.234759 0.253927 0.226873 0.940239 0.381742 
1535371484798 0.250701 0.923441 -0.290526 -0.613813 -0.934168 0.309491 0.177609 -0.234759 0.253927 0.226873 0.940239 0.381742 
1535371485014 0.250569 0.923549 -0.290298 -0.61327 -0.934195 0.30933 0.177752 -0.234341 0.25396 0.226656 0.940283 0.381879 
1535371485256 0.251488 0.923454 -0.289805 -0.611559 -0.933947 0.310111 0.177693 -0.233582 0.253963 0.225975 0.940446 0.382271 
1535371485481 0.251836 0.923374 -0.289757 -0.610747 -0.933866 0.310421 0.177574 -0.233162 0.253913 0.225875 0.940483 0.382455 
1535371485682 0.252234 0.923318 -0.289588 -0.610254 -0.933749 0.310776 0.177569 -0.232885 0.25395 0.225614 0.940536 0.382575 
1535371485947 0.25219 0.923338 -0.289564 -0.610126 -0.93377 0.310722 0.177556 -0.232861 0.253918 0.225608 0.940546 0.3826 
1535371486196 0.252575 0.923297 -0.289358 -0.609253 -0.933637 0.311074 0.177635 -0.232363 0.254022 0.225289 0.940594 0.382799 
1535371486458 0.253102 0.923195 -0.289225 -0.608345 -0.93347 0.311572 0.177642 -0.23205 0.254112 0.225022 0.940634 0.383077 
1535371486691 0.253579 0.92317 -0.288885 -0.607426 -0.933369 0.311936 0.177533 -0.231628 0.254006 0.224618 0.940759 0.383315 
1535371486881 0.253579 0.92317 -0.288885 -0.607426 -0.933369 0.311936 0.177533 -0.231628 0.254006 0.224618 0.940759 0.383315 
1535371486914 0.254159 0.923064 -0.288716 -0.606549 -0.933181 0.312482 0.177559 -0.231224 0.254117 0.224296 0.940806 0.383527 
1535371486937 0.254025 0.923097 -0.288729 -0.606442 -0.933216 0.312358 0.177594 -0.231124 0.254123 0.224333 0.940796 0.383552 
1535371487231 0.254058 0.92312 -0.288623 -0.60627 -0.933238 0.312342 0.177507 -0.231042 0.25401 0.224257 0.940844 0.38368 
1535371487556 0.2541 0.923209 -0.288304 -0.605816 -0.933336 0.312224 0.1772 -0.230781 0.253608 0.224058 0.941 0.383789 
1535371487832 0.253956 0.923305 -0.288122 -0.60505 -0.933522 0.311923 0.176752 -0.230482 0.253068 0.224081 0.94114 0.383967 
1535371488037 0.254164 0.923304 -0.28794 -0.604532 -0.933568 0.311995 0.17638 -0.230304 0.252689 0.223982 0.941265 0.384126 
1535371488058 0.254164 0.923304 -0.28794 -0.604532 -0.933568 0.311995 0.17638 -0.230304 0.252689 0.223982 0.941265 0.384126 
1535371488345 0.254379 0.923553 -0.286951 -0.603927 -0.933555 0.31197 0.176491 -0.229836 0.252519 0.222989 0.941547 0.384228 
1535371488790 0.254799 0.923808 -0.285756 -0.603099 -0.933524 0.312069 0.176483 -0.229394 0.252212 0.221792 0.941912 0.384289 
1535371488816 0.255062 0.923837 -0.285428 -0.602879 -0.933478 0.312235 0.176433 -0.229336 0.252116 0.221439 0.94202 0.384312 
1535371489056 0.25516 0.92405 -0.284649 -0.60288 -0.933555 0.312088 0.176285 -0.229321 0.251732 0.220754 0.942284 0.384254 
1535371489398 0.255993 0.924686 -0.281821 -0.602551 -0.933647 0.312064 0.175839 -0.228845 0.250542 0.218107 0.943217 0.38405 
1535371489739 0.256531 0.92504 -0.280165 -0.6023 -0.933691 0.312098 0.175546 -0.228642 0.249826 0.216555 0.943764 0.384068 
1535371489772 0.256882 0.925239 -0.279185 -0.60213 -0.933724 0.312135 0.175303 -0.228504 0.249341 0.21565 0.9441 0.383904 
1535371490020 0.256884 0.925242 -0.279174 -0.60213 -0.933725 0.312133 0.175299 -0.228503 0.249333 0.21564 0.944104 0.383907 
1535371490490 0.258102 0.92547 -0.27729 -0.602417 -0.934029 0.312388 0.173214 -0.22861 0.246926 0.21429 0.945044 0.383845 
1535371490742 0.258609 0.925603 -0.276371 -0.60257 -0.934162 0.312464 0.17236 -0.228409 0.245893 0.213601 0.945469 0.383602 
1535371491089 0.258609 0.925603 -0.276371 -0.60257 -0.934162 0.312464 0.17236 -0.228409 0.245893 0.213601 0.945469 0.383602 
1535371491150 0.258609 0.925603 -0.276371 -0.60257 -0.934162 0.312464 0.17236 -0.228409 0.245893 0.213601 0.945469 0.383602 
1535371491284 0.258609 0.925603 -0.276371 -0.60257 -0.934162 0.312464 0.17236 -0.228409 0.245893 0.213601 0.945469 0.383602 
1535371491349 0.258609 0.925603 -0.276371 -0.60257 -0.934162 0.312464 0.17236 -0.228409 0.245893 0.213601 0.945469 0.383602 
1535371491496 0.258609 0.925603 -0.276371 -0.60257 -0.934162 0.312464 0.17236 -0.228409 0.245893 0.213601 0.945469 0.383602 
1535371491551 0.252177 0.925377 -0.282991 -0.588213 -0.935472 0.307949 0.173379 -0.222006 0.247588 0.221008 0.943322 0.393364 
1535371491714 0.252177 0.925377 -0.282991 -0.588213 -0.935472 0.307949 0.173379 -0.222006 0.247588 0.221008 0.943322 0.393364 
1535371495481 0.213752 0.919292 -0.330473 -0.472453 -0.943691 0.281754 0.173384 -0.171217 0.252503 0.274803 0.927753 0.474176 
1535371496029 0.213752 0.919293 -0.330471 -0.472452 -0.943689 0.281756 0.173391 -0.171215 0.252509 0.274799 0.927752 0.474179 
1535371496323 0.213737 0.919298 -0.330465 -0.472444 -0.943686 0.281748 0.173421 -0.171201 0.252534 0.274788 0.927749 0.474187 
1535371496805 0.213731 0.919301 -0.330463 -0.472441 -0.943685 0.281744 0.173431 -0.171195 0.252541 0.274785 0.927748 0.474189 
1535371497049 0.213733 0.9193 -0.330462 -0.47244 -0.943683 0.281748 0.173438 -0.171192 0.252549 0.274782 0.927747 0.474191 
1535371497416 0.213736 0.9193 -0.330462 -0.472439 -0.943681 0.281752 0.173441 -0.17119 0.252553 0.27478 0.927746 0.474191 
1535371497622 0.213744 0.919298 -0.330461 -0.472438 -0.943678 0.281761 0.173444 -0.171189 0.252558 0.274777 0.927746 0.474192 
1535371497953 0.213748 0.919297 -0.330462 -0.472438 -0.943676 0.281766 0.173446 -0.171188 0.252561 0.274775 0.927745 0.474193 
1535371498256 0.213754 0.919296 -0.330461 -0.472437 -0.943674 0.281772 0.173448 -0.171187 0.252565 0.274772 0.927745 0.474193 
1535371498907 0.213761 0.919294 -0.330461 -0.472437 -0.943671 0.28178 0.17345 -0.171187 0.252569 0.27477 0.927745 0.474193 
1535371499246 0.213772 0.919291 -0.330462 -0.472437 -0.943667 0.281792 0.173453 -0.171186 0.252575 0.274766 0.927744 0.474194 
1535371499778 0.213776 0.91929 -0.330462 -0.472437 -0.943665 0.281797 0.173454 -0.171186 0.252577 0.274765 0.927744 0.474195 
1535371500153 0.21378 0.919289 -0.330462 -0.472436 -0.943664 0.281801 0.173455 -0.171185 0.25258 0.274764 0.927744 0.474195 
1535371500756 0.213783 0.919289 -0.330462 -0.472436 -0.943663 0.281804 0.173456 -0.171184 0.252582 0.274763 0.927743 0.474195 
1535371501304 0.213785 0.919288 -0.330462 -0.472436 -0.943662 0.281807 0.173457 -0.171184 0.252584 0.274762 0.927743 0.474195 
1535371501708 0.213787 0.919288 -0.330462 -0.472436 -0.943661 0.281809 0.173458 -0.171183 0.252585 0.274761 0.927743 0.474196 
1535371502123 0.213788 0.919287 -0.330462 -0.472436 -0.94366 0.28181 0.173459 -0.171183 0.252586 0.274761 0.927743 0.474196 
1535371502526 0.213789 0.919287 -0.330462 -0.472435 -0.94366 0.281812 0.17346 -0.171183 0.252587 0.27476 0.927743 0.474196 
1535371502867 0.21379 0.919287 -0.330462 -0.472435 -0.943659 0.281813 0.17346 -0.171183 0.252588 0.27476 0.927743 0.474196 
1535371503332 0.21379 0.919287 -0.330462 -0.472435 -0.943659 0.281813 0.173461 -0.171182 0.252589 0.27476 0.927742 0.474196 
1535371503680 0.213791 0.919287 -0.330462 -0.472435 -0.943659 0.281814 0.173461 -0.171182 0.25259 0.274759 0.927742 0.474196 
1535371504020 0.213791 0.919287 -0.330463 -0.472435 -0.943659 0.281815 0.173462 -0.171182 0.25259 0.274759 0.927742 0.474196 
1535371504330 0.213792 0.919287 -0.330462 -0.472435 -0.943658 0.281815 0.173462 -0.171182 0.252591 0.274759 0.927742 0.474196 
1535371504877 0.213792 0.919286 -0.330463 -0.472435 -0.943658 0.281816 0.173463 -0.171182 0.252591 0.274759 0.927742 0.474197 
1535371504917 0.213792 0.919286 -0.330463 -0.472435 -0.943658 0.281816 0.173463 -0.171181 0.252592 0.274759 0.927742 0.474197 
1535371505344 0.213792 0.919286 -0.330463 -0.472435 -0.943658 0.281816 0.173463 -0.171181 0.252592 0.274759 0.927742 0.474197 
1535371505797 0.219699 0.919354 -0.326374 -0.485119 -0.941925 0.286999 0.17438 -0.177092 0.253985 0.269108 0.929017 0.465854 
1535371506500 0.219699 0.919354 -0.326374 -0.485119 -0.941925 0.286999 0.17438 -0.177092 0.253985 0.269108 0.929017 0.465854 
1535371506942 0.230119 0.91982 -0.317768 -0.511167 -0.938897 0.295732 0.176108 -0.188712 0.255962 0.257826 0.93167 0.448254 
1535371507390 0.230119 0.91982 -0.317768 -0.511167 -0.938897 0.295732 0.176108 -0.188712 0.255962 0.257826 0.93167 0.448254 
1535371507847 0.230119 0.91982 -0.317768 -0.511167 -0.938897 0.295732 0.176108 -0.188712 0.255962 0.257826 0.93167 0.448254 
