1533056052468 0.256848 0.929458 -0.264832 -0.51118 -0.954767 0.286513 0.0795679 -0.211475 0.149833 0.232416 0.961006 0.374432 
1533056065066 0.256848 0.929459 -0.26483 -0.511181 -0.954767 0.286513 0.0795687 -0.211474 0.149833 0.232414 0.961007 0.374433 
1533056066326 0.259073 0.937448 -0.232535 -0.523192 -0.95414 0.28579 0.0891087 -0.214243 0.149991 0.198786 0.968497 0.370605 
1533056067407 0.261658 0.944369 -0.199256 -0.533847 -0.953467 0.284959 0.0984876 -0.217061 0.149788 0.164214 0.974986 0.365842 
1533056068730 0.266452 0.954711 -0.132402 -0.555766 -0.952233 0.282007 0.117152 -0.222557 0.149185 0.094862 0.984249 0.356639 
1533056069711 0.268782 0.958129 -0.0987136 -0.566869 -0.951639 0.279988 0.126448 -0.225269 0.148792 0.0599529 0.987049 0.35215 
1533056070689 0.271256 0.960301 -0.0651365 -0.577985 -0.951005 0.27783 0.135644 -0.228082 0.148356 0.0251509 0.988614 0.347679 
1533056071706 0.273496 0.961361 -0.0313714 -0.589158 -0.950436 0.275115 0.144856 -0.230772 0.14789 -0.00980105 0.988955 0.343298 
1533056072718 0.276029 0.961147 0.00219787 -0.600213 -0.949797 0.272418 0.153862 -0.233573 0.147285 -0.0445579 0.98809 0.338953 
1533056073766 0.278223 0.959859 0.0355296 -0.610072 -0.949253 0.269124 0.162759 -0.235981 0.146663 -0.0790097 0.986026 0.335219 
1533056073806 0.278179 0.959871 0.0355488 -0.610085 -0.949269 0.269079 0.162743 -0.235959 0.146647 -0.079017 0.986028 0.33519 
1533056074559 0.278506 0.959727 0.0368596 -0.610563 -0.949458 0.269335 0.161207 -0.235891 0.144787 -0.0798937 0.986232 0.335173 
1533056075167 0.278442 0.959682 0.0384665 -0.610833 -0.949776 0.269171 0.159602 -0.235782 0.142813 -0.0809745 0.986432 0.334753 
1533056075645 0.278684 0.959548 0.0400452 -0.611157 -0.950001 0.269317 0.158009 -0.235671 0.140832 -0.0820775 0.986625 0.334344 
1533056076050 0.278727 0.959468 0.04161 -0.611487 -0.950269 0.269269 0.156468 -0.235583 0.138922 -0.0831526 0.986806 0.334032 
1533056076412 0.278944 0.959332 0.0432676 -0.611808 -0.950485 0.269382 0.154957 -0.235542 0.137 -0.0843496 0.986973 0.333726 
1533056076740 0.278889 0.959284 0.0446679 -0.612204 -0.950769 0.26927 0.153404 -0.235303 0.13513 -0.0852514 0.987154 0.333371 
1533056077033 0.278986 0.959182 0.0462149 -0.612542 -0.951013 0.269294 0.151839 -0.235206 0.133196 -0.086312 0.987324 0.333085 
1533056077300 0.27914 0.959062 0.0477594 -0.612875 -0.951249 0.269387 0.150186 -0.235137 0.131172 -0.0873539 0.987504 0.332762 
1533056077537 0.279229 0.95895 0.0494527 -0.613143 -0.951496 0.269395 0.148601 -0.235069 0.129178 -0.0885478 0.98766 0.332534 
