1535121665387 0.213492 0.91995 -0.328806 -0.472326 -0.944168 0.280741 0.172428 -0.171411 0.250934 0.273636 0.928523 0.473952 
1535121687054 0.213492 0.91995 -0.328806 -0.472326 -0.944168 0.280741 0.172428 -0.171411 0.250934 0.273636 0.928523 0.473952 
1535121687669 0.213492 0.91995 -0.328805 -0.472326 -0.944168 0.28074 0.172428 -0.171411 0.250934 0.273636 0.928523 0.473953 
1535121688259 0.217213 0.920626 -0.324448 -0.488281 -0.943722 0.282992 0.171187 -0.17895 0.249415 0.269005 0.930284 0.464172 
1535121689283 0.217213 0.920626 -0.324448 -0.488281 -0.943722 0.282992 0.171187 -0.17895 0.249415 0.269005 0.930284 0.464172 
1535121689879 0.226057 0.923133 -0.311005 -0.537436 -0.942383 0.288073 0.170086 -0.200633 0.246604 0.254637 0.935065 0.43411 
1535121690767 0.226057 0.923133 -0.311005 -0.537436 -0.942383 0.288073 0.170086 -0.200633 0.246604 0.254637 0.935065 0.43411 
1535121691354 0.234927 0.925461 -0.297206 -0.586472 -0.940985 0.293175 0.169104 -0.222304 0.243632 0.239939 0.939719 0.404084 
1535121692824 0.239969 0.927078 -0.287994 -0.619445 -0.940053 0.295961 0.169431 -0.236425 0.242311 0.230071 0.942525 0.383895 
1535121693422 0.240789 0.926832 -0.288101 -0.620745 -0.939913 0.296697 0.168923 -0.237216 0.242041 0.230115 0.942583 0.382953 
1535121694036 0.241555 0.926899 -0.287244 -0.624037 -0.939812 0.29718 0.168634 -0.238745 0.24167 0.22922 0.942896 0.380947 
1535121694644 0.242374 0.927382 -0.284988 -0.630672 -0.939608 0.297544 0.169129 -0.241528 0.241644 0.226784 0.943492 0.377019 
1535121695385 0.242559 0.92744 -0.284641 -0.632344 -0.939562 0.297655 0.169187 -0.242225 0.241636 0.2264 0.943586 0.375929 
1535121695422 0.242418 0.927693 -0.283936 -0.634108 -0.939612 0.297379 0.169395 -0.242862 0.241583 0.225725 0.943762 0.374837 
1535121695689 0.241445 0.927565 -0.285178 -0.634313 -0.939637 0.296889 0.170114 -0.243074 0.242458 0.226891 0.943258 0.374924 
1535121696233 0.238894 0.927177 -0.28857 -0.635133 -0.939694 0.295641 0.171965 -0.244005 0.244755 0.230086 0.941889 0.374937 
1535121696745 0.238518 0.927024 -0.28937 -0.635342 -0.939627 0.295584 0.17243 -0.244197 0.245379 0.230772 0.941559 0.374982 
1535121696769 0.238518 0.927024 -0.28937 -0.635342 -0.939627 0.295584 0.17243 -0.244197 0.245379 0.230772 0.941559 0.374982 
1535121696956 0.237737 0.927015 -0.290042 -0.635544 -0.939675 0.295106 0.172981 -0.244243 0.245949 0.231422 0.941251 0.374987 
1535121697220 0.23713 0.927306 -0.289609 -0.635385 -0.939718 0.29455 0.173693 -0.244576 0.246371 0.230963 0.941253 0.37514 
1535121697496 0.234765 0.927732 -0.290171 -0.635577 -0.939949 0.292745 0.175488 -0.244923 0.247751 0.231547 0.940747 0.375327 
1535121697740 0.233462 0.928017 -0.290311 -0.635624 -0.940024 0.291764 0.176717 -0.245218 0.248699 0.231642 0.940474 0.375457 
1535121697867 0.232262 0.928192 -0.290714 -0.635761 -0.940051 0.290951 0.177908 -0.245439 0.249716 0.231965 0.940124 0.375535 
1535121698168 0.232068 0.928775 -0.289001 -0.635822 -0.940733 0.28985 0.176094 -0.245602 0.247319 0.231007 0.940994 0.375459 
1535121698489 0.231234 0.929553 -0.287161 -0.635894 -0.941568 0.288119 0.174462 -0.245953 0.244908 0.23004 0.941861 0.375391 
1535121698512 0.231234 0.929553 -0.287161 -0.635894 -0.941568 0.288119 0.174462 -0.245953 0.244908 0.23004 0.941861 0.375391 
1535121698529 0.231117 0.929691 -0.286809 -0.635924 -0.941721 0.287824 0.174123 -0.245995 0.244431 0.229852 0.942031 0.375401 
1535121698730 0.231555 0.929823 -0.286026 -0.635881 -0.941835 0.287887 0.173403 -0.245948 0.243577 0.229237 0.942401 0.375327 
1535121698858 0.232112 0.929721 -0.285908 -0.635835 -0.941741 0.288355 0.173133 -0.245913 0.243408 0.229065 0.942487 0.37523 
1535121699046 0.233012 0.929796 -0.28493 -0.635662 -0.941748 0.288815 0.172327 -0.245967 0.242521 0.228178 0.942931 0.375198 
1535121699074 0.233012 0.929796 -0.28493 -0.635662 -0.941748 0.288815 0.172327 -0.245967 0.242521 0.228178 0.942931 0.375198 
1535121699508 0.234968 0.929451 -0.284448 -0.635086 -0.941367 0.290492 0.171586 -0.245603 0.24211 0.227453 0.943211 0.37535 
1535121700193 0.238023 0.92898 -0.283444 -0.634119 -0.940961 0.292883 0.169741 -0.244986 0.240702 0.226307 0.943847 0.375521 
1535121700638 0.238123 0.928977 -0.283371 -0.633928 -0.940898 0.293001 0.169886 -0.244773 0.240848 0.22617 0.943843 0.375681 
1535121701401 0.239381 0.928323 -0.284451 -0.632372 -0.940668 0.294314 0.168888 -0.244073 0.240501 0.227146 0.943697 0.376246 
1535121702311 0.240932 0.927622 -0.285428 -0.630724 -0.940252 0.29599 0.168273 -0.243429 0.240577 0.227832 0.943512 0.376794 
1535121702340 0.240932 0.927622 -0.285428 -0.630724 -0.940252 0.29599 0.168273 -0.243429 0.240577 0.227832 0.943512 0.376794 
1535121702360 0.24128 0.927415 -0.285807 -0.630535 -0.940194 0.296361 0.167943 -0.243431 0.240455 0.228193 0.943456 0.376787 
1535121702486 0.24128 0.927415 -0.285807 -0.630535 -0.940194 0.296361 0.167943 -0.243431 0.240455 0.228193 0.943456 0.376787 
1535121702516 0.24128 0.927415 -0.285807 -0.630535 -0.940194 0.296361 0.167943 -0.243431 0.240455 0.228193 0.943456 0.376787 
1535121702597 0.240609 0.927712 -0.285407 -0.630098 -0.940164 0.29584 0.16903 -0.243114 0.241246 0.227659 0.943383 0.376945 
1535121702765 0.240609 0.927712 -0.285407 -0.630098 -0.940164 0.29584 0.16903 -0.243114 0.241246 0.227659 0.943383 0.376945 
1535121702784 0.240609 0.927712 -0.285407 -0.630098 -0.940164 0.29584 0.16903 -0.243114 0.241246 0.227659 0.943383 0.376945 
1535121702861 0.240609 0.927712 -0.285407 -0.630098 -0.940164 0.29584 0.16903 -0.243114 0.241246 0.227659 0.943383 0.376945 
1535121703177 0.240115 0.927858 -0.28535 -0.627836 -0.939505 0.296092 0.172218 -0.242438 0.244284 0.226735 0.942824 0.377718 
1535121703220 0.240115 0.927858 -0.28535 -0.627836 -0.939505 0.296092 0.172218 -0.242438 0.244284 0.226735 0.942824 0.377718 
1535121703257 0.240115 0.927858 -0.28535 -0.627836 -0.939505 0.296092 0.172218 -0.242438 0.244284 0.226735 0.942824 0.377718 
1535121703333 0.240457 0.927676 -0.285653 -0.626827 -0.93902 0.296843 0.173569 -0.242325 0.24581 0.226498 0.942484 0.377937 
1535121703429 0.240457 0.927676 -0.285653 -0.626827 -0.93902 0.296843 0.173569 -0.242325 0.24581 0.226498 0.942484 0.377937 
1535121703522 0.240644 0.927589 -0.285777 -0.626544 -0.939012 0.297007 0.173327 -0.242143 0.245654 0.226638 0.942491 0.377978 
1535121703559 0.240644 0.927589 -0.285777 -0.626544 -0.939012 0.297007 0.173327 -0.242143 0.245654 0.226638 0.942491 0.377978 
1535121703579 0.240644 0.927589 -0.285777 -0.626544 -0.939012 0.297007 0.173327 -0.242143 0.245654 0.226638 0.942491 0.377978 
1535121703684 0.240644 0.927589 -0.285777 -0.626544 -0.939012 0.297007 0.173327 -0.242143 0.245654 0.226638 0.942491 0.377978 
1535121704002 0.240572 0.927828 -0.285063 -0.625548 -0.93929 0.296566 0.172578 -0.241468 0.244662 0.226239 0.942845 0.378354 
1535121704397 0.24061 0.927685 -0.285497 -0.624237 -0.938967 0.296972 0.173632 -0.241042 0.24586 0.226295 0.94252 0.378644 
1535121705172 0.240623 0.927422 -0.286337 -0.622298 -0.938341 0.297713 0.175734 -0.24052 0.248226 0.226396 0.941875 0.37924 
1535121705200 0.240623 0.927422 -0.286337 -0.622298 -0.938341 0.297713 0.175734 -0.24052 0.248226 0.226396 0.941875 0.37924 
1535121705402 0.240466 0.92748 -0.286281 -0.622166 -0.938368 0.297565 0.175842 -0.240438 0.248278 0.226353 0.941872 0.3793 
1535121705662 0.240711 0.92728 -0.286722 -0.621791 -0.938282 0.297904 0.175727 -0.240216 0.248364 0.226727 0.941759 0.379378 
1535121705908 0.24074 0.927149 -0.287121 -0.621078 -0.938197 0.298078 0.175886 -0.239853 0.248657 0.227034 0.941608 0.379743 
1535121706157 0.240981 0.926864 -0.28784 -0.620349 -0.938106 0.29847 0.175706 -0.239615 0.248767 0.227682 0.941422 0.379953 
1535121706413 0.24147 0.926405 -0.288904 -0.619293 -0.937912 0.2992 0.1755 -0.239159 0.249024 0.228589 0.941135 0.380288 
1535121706437 0.24141 0.926427 -0.288883 -0.619206 -0.937916 0.299149 0.175566 -0.239077 0.249068 0.228565 0.941129 0.380334 
1535121706600 0.241481 0.926388 -0.28895 -0.619127 -0.937885 0.299242 0.175575 -0.239091 0.249116 0.228604 0.941106 0.38036 
1535121706643 0.241481 0.926388 -0.28895 -0.619127 -0.937885 0.299242 0.175575 -0.239091 0.249116 0.228604 0.941106 0.38036 
1535121706699 0.241261 0.926413 -0.289054 -0.618938 -0.937883 0.299106 0.175817 -0.238958 0.249337 0.228681 0.941029 0.38038 
1535121706812 0.241261 0.926413 -0.289054 -0.618938 -0.937883 0.299106 0.175817 -0.238958 0.249337 0.228681 0.941029 0.38038 
1535121706868 0.241261 0.926413 -0.289054 -0.618938 -0.937883 0.299106 0.175817 -0.238958 0.249337 0.228681 0.941029 0.38038 
1535121706898 0.240923 0.926373 -0.289462 -0.618372 -0.937662 0.299144 0.176929 -0.238658 0.250493 0.228791 0.940695 0.380588 
1535121706924 0.240923 0.926373 -0.289462 -0.618372 -0.937662 0.299144 0.176929 -0.238658 0.250493 0.228791 0.940695 0.380588 
1535121707287 0.240919 0.926208 -0.289993 -0.617627 -0.937385 0.299494 0.177798 -0.238588 0.251529 0.229 0.940368 0.380848 
1535121707917 0.241734 0.926032 -0.289877 -0.617019 -0.937276 0.300156 0.177258 -0.238099 0.251155 0.228845 0.940506 0.381004 
1535121708584 0.241757 0.925981 -0.290021 -0.616222 -0.937218 0.300253 0.1774 -0.237601 0.251349 0.228925 0.940434 0.38123 
1535121708947 0.242131 0.925814 -0.290242 -0.616037 -0.937121 0.300652 0.177237 -0.237641 0.25135 0.229078 0.940397 0.381216 
1535121709456 0.241807 0.926046 -0.289772 -0.61496 -0.937157 0.300296 0.177648 -0.237175 0.251527 0.228605 0.940465 0.381542 
1535121709829 0.241848 0.926129 -0.289472 -0.614209 -0.937096 0.300323 0.177923 -0.236884 0.251715 0.228233 0.940505 0.381757 
1535121709858 0.241848 0.926129 -0.289472 -0.614209 -0.937096 0.300323 0.177923 -0.236884 0.251715 0.228233 0.940505 0.381757 
1535121710102 0.242092 0.926025 -0.289601 -0.613973 -0.937055 0.300561 0.17774 -0.236937 0.251635 0.228342 0.9405 0.38178 
1535121710278 0.241676 0.926108 -0.289682 -0.613667 -0.937006 0.300322 0.178399 -0.236675 0.252215 0.22832 0.94035 0.381881 
1535121710564 0.241693 0.926053 -0.289846 -0.612839 -0.936757 0.300591 0.179252 -0.236495 0.253122 0.228191 0.940137 0.382228 
1535121710806 0.241627 0.925949 -0.290231 -0.611572 -0.936464 0.300882 0.180293 -0.236267 0.254267 0.228227 0.939819 0.382637 
1535121710975 0.241571 0.925784 -0.290805 -0.610766 -0.936238 0.301156 0.181006 -0.236141 0.25515 0.228537 0.939505 0.382786 
1535121711002 0.241571 0.925784 -0.290805 -0.610766 -0.936238 0.301156 0.181006 -0.236141 0.25515 0.228537 0.939505 0.382786 
1535121711402 0.241673 0.925757 -0.290807 -0.610328 -0.936168 0.301293 0.181142 -0.235786 0.255311 0.228467 0.939478 0.382959 
1535121711877 0.242468 0.925485 -0.29101 -0.609265 -0.935999 0.302055 0.180742 -0.23537 0.255175 0.228561 0.939492 0.383324 
1535121712346 0.243613 0.925122 -0.291209 -0.607802 -0.935743 0.303146 0.180242 -0.234861 0.255025 0.228587 0.939527 0.383677 
1535121712647 0.243973 0.925162 -0.29078 -0.607363 -0.935713 0.303348 0.180058 -0.234617 0.254791 0.228157 0.939695 0.383833 
1535121713182 0.244939 0.925243 -0.289709 -0.606072 -0.935536 0.303991 0.179891 -0.233738 0.254512 0.226971 0.940057 0.384038 
1535121713509 0.245565 0.925145 -0.289491 -0.605657 -0.935439 0.304485 0.179562 -0.233755 0.254266 0.226707 0.940187 0.384047 
1535121713705 0.245921 0.925316 -0.288642 -0.604981 -0.935402 0.304609 0.179546 -0.233312 0.254059 0.225842 0.940452 0.384295 
1535121713730 0.246269 0.925197 -0.288725 -0.604751 -0.935376 0.304897 0.179189 -0.233246 0.253817 0.225938 0.940494 0.384268 
1535121714198 0.246712 0.92577 -0.286502 -0.604194 -0.935385 0.304778 0.179347 -0.233057 0.253354 0.223742 0.941144 0.384295 
1535121714777 0.246999 0.926003 -0.285501 -0.60385 -0.935437 0.304744 0.179132 -0.232955 0.252881 0.222823 0.941489 0.384236 
1535121714809 0.246999 0.926003 -0.285501 -0.60385 -0.935437 0.304744 0.179132 -0.232955 0.252881 0.222823 0.941489 0.384236 
1535121715146 0.247193 0.926274 -0.28445 -0.603442 -0.935508 0.304619 0.178977 -0.232648 0.25243 0.221864 0.941836 0.384275 
1535121715683 0.247721 0.927219 -0.280891 -0.602096 -0.935945 0.303931 0.177856 -0.231872 0.250283 0.21884 0.943116 0.384344 
1535121715717 0.248263 0.927345 -0.279993 -0.601741 -0.935973 0.304127 0.177373 -0.231807 0.24964 0.218031 0.943474 0.384262 
1535121715922 0.248268 0.927344 -0.279992 -0.601741 -0.935964 0.304138 0.177402 -0.231803 0.249669 0.21802 0.943469 0.384265 
1535121715956 0.248363 0.927677 -0.278805 -0.6016 -0.935896 0.304039 0.177929 -0.231684 0.249828 0.216741 0.943721 0.384338 
1535121715972 0.248272 0.92793 -0.278042 -0.60146 -0.935984 0.30375 0.177958 -0.231547 0.249588 0.216061 0.94394 0.384323 
1535121716050 0.248272 0.92793 -0.278042 -0.60146 -0.935984 0.30375 0.177958 -0.231547 0.249588 0.216061 0.94394 0.384323 
1535121716098 0.248403 0.928231 -0.276917 -0.601168 -0.936061 0.303563 0.177873 -0.23128 0.249168 0.215027 0.944287 0.384217 
1535121716129 0.248403 0.928231 -0.276917 -0.601168 -0.936061 0.303563 0.177873 -0.23128 0.249168 0.215027 0.944287 0.384217 
1535121716444 0.249055 0.928929 -0.273974 -0.600476 -0.936065 0.30347 0.178011 -0.230856 0.248503 0.212123 0.945119 0.384081 
1535121716856 0.250187 0.929303 -0.271666 -0.600878 -0.936315 0.303641 0.176396 -0.230885 0.246415 0.210233 0.946088 0.383822 
1535121717362 0.251082 0.929691 -0.269503 -0.60097 -0.936444 0.303775 0.175482 -0.230849 0.245012 0.208314 0.946876 0.383747 
1535121717626 0.251485 0.929736 -0.268972 -0.60112 -0.936451 0.303963 0.175116 -0.230731 0.244569 0.20784 0.947095 0.383577 
1535121717995 0.251485 0.929736 -0.268972 -0.60112 -0.936451 0.303963 0.175116 -0.230731 0.244569 0.20784 0.947095 0.383577 
1535121718271 0.251485 0.929736 -0.268972 -0.60112 -0.936451 0.303963 0.175116 -0.230731 0.244569 0.20784 0.947095 0.383577 
1535121718460 0.251485 0.929736 -0.268972 -0.60112 -0.936451 0.303963 0.175116 -0.230731 0.244569 0.20784 0.947095 0.383577 
1535121718659 0.24664 0.929089 -0.275613 -0.586809 -0.937329 0.300934 0.175649 -0.224238 0.246135 0.215018 0.945085 0.393754 
1535121718913 0.24664 0.929089 -0.275613 -0.586809 -0.937329 0.300934 0.175649 -0.224238 0.246135 0.215018 0.945085 0.393754 
1535121719103 0.24664 0.929089 -0.275613 -0.586809 -0.937329 0.300934 0.175649 -0.224238 0.246135 0.215018 0.945085 0.393754 
