1534348688100 0.14634 0.898899 -0.412995 -0.24325 -0.961954 0.226679 0.152518 -0.469541 0.230716 0.374963 0.897871 0.359575 
1534348748536 0.146339 0.8989 -0.412994 -0.243251 -0.961954 0.226677 0.152518 -0.46954 0.230714 0.374962 0.897872 0.359575 
1534348749932 0.144268 0.887391 -0.437864 -0.316817 -0.960679 0.23169 0.153025 -0.420887 0.237241 0.39857 0.885923 0.37045 
1534348750951 0.142527 0.881725 -0.449719 -0.353865 -0.960397 0.2331 0.152646 -0.396114 0.239422 0.410153 0.88003 0.375631 
1534348751912 0.140937 0.875366 -0.462462 -0.39088 -0.959815 0.235317 0.15291 -0.371344 0.242678 0.422327 0.873354 0.381159 
1534348752909 0.139265 0.869137 -0.474559 -0.427985 -0.959354 0.237201 0.15289 -0.346576 0.245449 0.433978 0.866844 0.386626 
1534348753893 0.137917 0.862622 -0.486684 -0.464945 -0.958697 0.23968 0.153144 -0.322059 0.248754 0.445462 0.86005 0.392106 
1534348754913 0.136609 0.856021 -0.498564 -0.502054 -0.958033 0.242198 0.153341 -0.297457 0.252015 0.456693 0.853182 0.39768 
1534348755920 0.135131 0.849307 -0.51031 -0.539108 -0.957468 0.244449 0.153296 -0.272829 0.25494 0.46789 0.846218 0.403168 
1534348756985 0.133907 0.842387 -0.521971 -0.575406 -0.956902 0.246876 0.152938 -0.247837 0.257695 0.478996 0.83914 0.408749 
1534348757015 0.134151 0.842273 -0.522092 -0.575707 -0.956959 0.246936 0.152485 -0.247674 0.257357 0.479165 0.839147 0.408765 
1534348757357 0.133573 0.841965 -0.522736 -0.578752 -0.956873 0.246872 0.153129 -0.245591 0.257978 0.479738 0.838629 0.409274 
1534348757704 0.13314 0.841256 -0.523987 -0.582613 -0.956839 0.246908 0.153284 -0.243088 0.258327 0.480963 0.83782 0.409777 
1534348758057 0.133141 0.840563 -0.525098 -0.586449 -0.956791 0.2472 0.153112 -0.240663 0.258505 0.482023 0.837155 0.410333 
1534348758404 0.132939 0.83981 -0.526352 -0.590302 -0.956745 0.247395 0.153085 -0.238187 0.258779 0.483233 0.836372 0.410862 
1534348758743 0.132953 0.839078 -0.527514 -0.594131 -0.956719 0.247664 0.152813 -0.235774 0.258869 0.484365 0.83569 0.41139 
1534348759096 0.132979 0.838328 -0.528699 -0.597929 -0.956624 0.248072 0.152744 -0.233411 0.259205 0.485454 0.834953 0.411942 
1534348759446 0.132904 0.837556 -0.529941 -0.601804 -0.956585 0.248328 0.152573 -0.23095 0.259387 0.486656 0.834197 0.412461 
1534348759958 0.132608 0.836209 -0.532137 -0.609495 -0.956449 0.24881 0.152637 -0.226031 0.260037 0.488721 0.832786 0.413686 
1534348759988 0.132754 0.835999 -0.532431 -0.609729 -0.956473 0.248905 0.152336 -0.225917 0.259877 0.489033 0.832653 0.413614 
1534348760138 0.133075 0.836214 -0.532012 -0.609857 -0.956467 0.249026 0.152172 -0.225819 0.259734 0.488602 0.83295 0.413639 
1534348760276 0.133419 0.83673 -0.531114 -0.610009 -0.956468 0.249062 0.152108 -0.225543 0.259554 0.4877 0.833535 0.41331 
1534348760492 0.134932 0.837367 -0.529727 -0.610935 -0.956443 0.249739 0.151151 -0.224718 0.258862 0.486259 0.834591 0.412597 
1534348760709 0.136566 0.838118 -0.528117 -0.611773 -0.956467 0.250354 0.149978 -0.224122 0.257916 0.484645 0.835822 0.411978 
1534348760853 0.13733 0.838491 -0.527326 -0.612157 -0.956461 0.250667 0.149492 -0.223728 0.257531 0.483837 0.836409 0.411679 
1534348760990 0.137711 0.83882 -0.526703 -0.612583 -0.956563 0.250586 0.148979 -0.223322 0.256951 0.483309 0.836892 0.411253 
1534348761138 0.13857 0.83919 -0.525889 -0.613003 -0.956561 0.250942 0.14839 -0.223006 0.256495 0.482482 0.837509 0.410897 
1534348761159 0.138763 0.839231 -0.525772 -0.613066 -0.956546 0.251061 0.148287 -0.22297 0.256448 0.482348 0.837601 0.410839 
1534348761321 0.138679 0.839468 -0.525416 -0.613175 -0.956601 0.250845 0.148294 -0.222928 0.256286 0.482048 0.837823 0.410932 
1534348761382 0.13824 0.839175 -0.525999 -0.613022 -0.956522 0.250844 0.148806 -0.223242 0.256818 0.482559 0.837366 0.411043 
1534348761537 0.136627 0.839339 -0.526159 -0.61304 -0.956634 0.249726 0.149961 -0.223342 0.257264 0.482853 0.837059 0.411124 
1534348761616 0.13629 0.83943 -0.5261 -0.613026 -0.956459 0.249848 0.150873 -0.223639 0.258093 0.482631 0.836932 0.411361 
1534348761716 0.135587 0.839362 -0.526391 -0.613013 -0.956476 0.249458 0.151409 -0.223783 0.258399 0.482951 0.836653 0.411392 
1534348761795 0.134975 0.839356 -0.526559 -0.613022 -0.956496 0.249094 0.151883 -0.223926 0.258646 0.483151 0.836461 0.411422 
1534348761898 0.134627 0.8394 -0.526577 -0.612977 -0.956426 0.249024 0.152438 -0.224225 0.259086 0.48311 0.836349 0.411571 
1534348761996 0.133918 0.839429 -0.526711 -0.613005 -0.956358 0.248757 0.153292 -0.224341 0.259701 0.483196 0.836108 0.411694 
1534348762013 0.133888 0.839425 -0.526726 -0.613006 -0.956344 0.24877 0.153364 -0.224361 0.259771 0.483197 0.836086 0.411705 
1534348762032 0.133708 0.839439 -0.52675 -0.613009 -0.956354 0.248648 0.153493 -0.224402 0.259824 0.483236 0.836047 0.411725 
1534348762076 0.133388 0.839456 -0.526803 -0.613001 -0.956369 0.248443 0.153736 -0.224508 0.259935 0.483311 0.835969 0.411761 
1534348762189 0.132831 0.839443 -0.526964 -0.612859 -0.95647 0.247956 0.153892 -0.224721 0.259848 0.483583 0.835839 0.411865 
1534348762277 0.132404 0.839184 -0.527484 -0.612669 -0.956549 0.247653 0.153892 -0.225062 0.259777 0.484188 0.835511 0.411895 
1534348762376 0.132046 0.839148 -0.527631 -0.612541 -0.956603 0.247367 0.154013 -0.225381 0.259758 0.484397 0.835396 0.411964 
1534348762481 0.131676 0.839082 -0.527828 -0.6124 -0.956572 0.247243 0.154405 -0.225717 0.26006 0.484574 0.835199 0.412119 
1534348762655 0.130579 0.838889 -0.528408 -0.612229 -0.956692 0.246476 0.154884 -0.226163 0.26017 0.485299 0.834743 0.412226 
1534348762744 0.130184 0.838825 -0.528607 -0.612078 -0.956709 0.246248 0.155146 -0.22649 0.260309 0.485525 0.834568 0.412288 
1534348762768 0.130254 0.838784 -0.528654 -0.612033 -0.956677 0.246358 0.155167 -0.226595 0.26039 0.48554 0.834535 0.412301 
1534348762785 0.130187 0.838771 -0.528692 -0.612004 -0.956683 0.246313 0.155199 -0.22666 0.2604 0.485586 0.834505 0.412311 
1534348762880 0.129701 0.838728 -0.528879 -0.611916 -0.956732 0.245969 0.155445 -0.226762 0.260463 0.485834 0.834341 0.412355 
1534348762949 0.129222 0.838838 -0.528821 -0.611697 -0.956682 0.245766 0.156071 -0.226701 0.260884 0.485746 0.83426 0.412312 
1534348763019 0.128783 0.839078 -0.528549 -0.611353 -0.95665 0.245514 0.156663 -0.22678 0.261219 0.485461 0.834322 0.412257 
1534348763073 0.128465 0.839143 -0.528522 -0.611108 -0.956569 0.245469 0.157226 -0.226949 0.261671 0.48537 0.834233 0.412303 
1534348763149 0.128167 0.839205 -0.528496 -0.610811 -0.956501 0.245412 0.157729 -0.227195 0.262066 0.485292 0.834154 0.412408 
1534348763223 0.127416 0.839342 -0.52846 -0.610535 -0.956468 0.245018 0.158543 -0.227212 0.262554 0.485254 0.834023 0.412425 
1534348763280 0.127087 0.839418 -0.528418 -0.610263 -0.956424 0.244892 0.159 -0.227401 0.262873 0.485185 0.833962 0.412446 
1534348763365 0.126687 0.839564 -0.528283 -0.6099 -0.956437 0.244602 0.159368 -0.227668 0.263019 0.485079 0.833978 0.412468 
1534348763388 0.126349 0.839617 -0.528279 -0.609794 -0.956443 0.244388 0.159662 -0.227693 0.26316 0.485095 0.833924 0.412446 
1534348763413 0.126022 0.839674 -0.528267 -0.609686 -0.956427 0.244217 0.160017 -0.227703 0.263373 0.485083 0.833864 0.412443 
1534348763459 0.125714 0.839733 -0.528246 -0.609564 -0.956407 0.244063 0.160369 -0.227692 0.263593 0.485058 0.833809 0.412505 
1534348763611 0.12587 0.839724 -0.528224 -0.60927 -0.956588 0.243819 0.159658 -0.22775 0.26286 0.485197 0.83396 0.412419 
1534348763670 0.125619 0.839804 -0.528156 -0.60896 -0.956626 0.243586 0.159789 -0.227755 0.262843 0.485176 0.833977 0.412414 
1534348763818 0.124787 0.840139 -0.52782 -0.60836 -0.956806 0.242686 0.16008 -0.227716 0.262585 0.485046 0.834134 0.412583 
1534348763900 0.124729 0.840254 -0.527652 -0.607926 -0.956827 0.24258 0.160115 -0.228 0.262535 0.484901 0.834234 0.412668 
1534348763998 0.12414 0.840397 -0.527562 -0.607628 -0.956927 0.242022 0.160364 -0.227934 0.262451 0.48493 0.834243 0.412657 
1534348764072 0.123798 0.840551 -0.527398 -0.607319 -0.957012 0.241625 0.160453 -0.227941 0.262301 0.484862 0.83433 0.412654 
1534348764092 0.123806 0.840575 -0.527357 -0.607281 -0.956998 0.241648 0.160501 -0.227975 0.262349 0.484809 0.834346 0.412694 
1534348764117 0.123807 0.840597 -0.527321 -0.607256 -0.956989 0.241659 0.160539 -0.227997 0.262381 0.484765 0.834362 0.412726 
1534348764148 0.123784 0.840639 -0.527261 -0.607162 -0.956974 0.241661 0.160625 -0.228051 0.262446 0.484693 0.834383 0.412797 
1534348764208 0.123464 0.840605 -0.527389 -0.606978 -0.957044 0.241362 0.16066 -0.228016 0.262344 0.484899 0.834295 0.412735 
1534348764284 0.1227 0.84063 -0.527528 -0.606802 -0.957084 0.24085 0.161188 -0.227949 0.262555 0.485111 0.834106 0.412674 
1534348764345 0.122237 0.84066 -0.527588 -0.606552 -0.957056 0.240631 0.161682 -0.228037 0.262874 0.485167 0.833973 0.412775 
1534348764401 0.121936 0.840641 -0.527688 -0.606312 -0.957043 0.24049 0.161966 -0.228125 0.263059 0.48527 0.833854 0.412829 
1534348764468 0.121217 0.84071 -0.527744 -0.606115 -0.957085 0.239984 0.162469 -0.228071 0.26324 0.485401 0.833721 0.412846 
1534348764543 0.12065 0.840748 -0.527813 -0.605881 -0.957055 0.239704 0.163055 -0.2281 0.263607 0.485474 0.833563 0.412885 
1534348764602 0.120226 0.840742 -0.527919 -0.605655 -0.957057 0.239461 0.1634 -0.228116 0.263794 0.485604 0.833428 0.412922 
1534348764618 0.120109 0.84075 -0.527933 -0.605608 -0.957057 0.239393 0.163502 -0.228108 0.263848 0.485624 0.833399 0.412935 
1534348764635 0.119948 0.840758 -0.527956 -0.605542 -0.957053 0.239305 0.163652 -0.2281 0.263934 0.485652 0.833355 0.412951 
1534348764653 0.119808 0.840757 -0.52799 -0.605482 -0.957056 0.239221 0.163762 -0.228098 0.26399 0.485696 0.833312 0.412953 
1534348764669 0.119735 0.840756 -0.528009 -0.60544 -0.957053 0.239185 0.163829 -0.228108 0.264031 0.485716 0.833287 0.412951 
1534348764817 0.119678 0.840661 -0.528173 -0.605265 -0.957057 0.239174 0.16382 -0.228186 0.264043 0.485886 0.833185 0.413029 
1534348764845 0.119362 0.840554 -0.528414 -0.605183 -0.95711 0.238929 0.163869 -0.22808 0.263994 0.48619 0.833022 0.412988 
1534348764920 0.119269 0.840403 -0.528675 -0.605043 -0.95712 0.238906 0.163848 -0.228118 0.264002 0.486464 0.83286 0.412986 
1534348764984 0.119197 0.840317 -0.528828 -0.604852 -0.957083 0.238958 0.163983 -0.228194 0.264166 0.486586 0.832737 0.413056 
1534348765034 0.118978 0.8403 -0.528904 -0.604688 -0.957044 0.238911 0.164282 -0.228189 0.264407 0.486638 0.83263 0.413162 
1534348765084 0.118704 0.840234 -0.529072 -0.60456 -0.957068 0.238731 0.164405 -0.22815 0.264444 0.486842 0.832499 0.413154 
1534348765108 0.118541 0.84019 -0.529177 -0.604495 -0.957097 0.238596 0.164427 -0.228145 0.26441 0.486983 0.832427 0.413133 
1534348765125 0.118425 0.840156 -0.529258 -0.604438 -0.957116 0.238507 0.16445 -0.228152 0.264396 0.487086 0.832372 0.413128 
1534348765145 0.118348 0.840125 -0.529324 -0.604386 -0.957125 0.238454 0.16447 -0.228165 0.264395 0.487165 0.832326 0.41313 
1534348765161 0.118272 0.840088 -0.529399 -0.604324 -0.957136 0.238403 0.164485 -0.228189 0.264392 0.487253 0.832275 0.413131 
1534348765296 0.118336 0.840134 -0.529312 -0.604272 -0.957016 0.238646 0.164828 -0.228135 0.264796 0.487055 0.832263 0.413234 
1534348765325 0.118238 0.840185 -0.529253 -0.604164 -0.957033 0.238543 0.16488 -0.228072 0.264779 0.487018 0.832289 0.413207 
1534348765412 0.118109 0.840109 -0.529403 -0.603913 -0.957016 0.238524 0.165004 -0.228091 0.264897 0.487159 0.832169 0.413156 
1534348765461 0.118048 0.840032 -0.529539 -0.60378 -0.956992 0.238557 0.165097 -0.228121 0.265012 0.487275 0.832065 0.413156 
1534348765481 0.118009 0.839987 -0.529618 -0.603701 -0.95698 0.23857 0.165145 -0.228137 0.265071 0.487346 0.832005 0.413159 
1534348765499 0.117979 0.839957 -0.529673 -0.603644 -0.956971 0.238579 0.165185 -0.228147 0.265117 0.487394 0.831962 0.413164 
1534348765514 0.117935 0.839933 -0.52972 -0.603595 -0.956965 0.238574 0.165231 -0.228145 0.265161 0.487437 0.831922 0.41317 
1534348765531 0.117869 0.839914 -0.529765 -0.603547 -0.956958 0.238554 0.165298 -0.22813 0.265214 0.487479 0.831881 0.413181 
1534348765548 0.117817 0.839908 -0.529786 -0.603516 -0.95695 0.23854 0.165363 -0.228112 0.265265 0.487497 0.831854 0.413197 
1534348765564 0.117831 0.839916 -0.529771 -0.603503 -0.956932 0.238579 0.165411 -0.228117 0.265324 0.487464 0.831855 0.413226 
1534348765584 0.117935 0.839924 -0.529735 -0.60351 -0.95691 0.238677 0.165398 -0.228163 0.265357 0.487403 0.83188 0.413246 
1534348765701 0.117359 0.840087 -0.529605 -0.603417 -0.957175 0.237808 0.165116 -0.228155 0.264656 0.487547 0.832019 0.413115 
1534348765721 0.117048 0.840089 -0.52967 -0.603309 -0.957261 0.23747 0.165104 -0.228123 0.264483 0.487708 0.831979 0.41308 
1534348765749 0.116867 0.840114 -0.529671 -0.603177 -0.957285 0.237314 0.165189 -0.22812 0.264476 0.487741 0.831962 0.413094 
1534348765766 0.116892 0.840143 -0.529619 -0.603113 -0.957273 0.237342 0.165221 -0.228165 0.26451 0.487677 0.831989 0.41314 
1534348765783 0.11698 0.840188 -0.529527 -0.603071 -0.957253 0.237415 0.165229 -0.228226 0.264541 0.487563 0.832046 0.413195 
1534348765799 0.117017 0.840234 -0.529447 -0.60305 -0.957241 0.237444 0.165257 -0.228253 0.264569 0.48747 0.832091 0.413237 
1534348765877 0.116664 0.84037 -0.529309 -0.603068 -0.957297 0.237096 0.165435 -0.22816 0.264523 0.487405 0.832144 0.41329 
1534348765915 0.116199 0.840365 -0.52942 -0.603071 -0.957321 0.236785 0.16574 -0.22813 0.26464 0.487566 0.832013 0.413216 
1534348765946 0.115786 0.840298 -0.529615 -0.603052 -0.957307 0.236592 0.166094 -0.228154 0.264871 0.487773 0.831818 0.41314 
1534348765985 0.115533 0.840177 -0.529863 -0.602991 -0.957254 0.236582 0.166413 -0.22828 0.265173 0.487987 0.831596 0.413089 
1534348766026 0.115226 0.840209 -0.529879 -0.602885 -0.957213 0.23647 0.166808 -0.228351 0.265454 0.487987 0.831507 0.413142 
1534348766059 0.114849 0.840308 -0.529803 -0.602818 -0.957225 0.236199 0.167125 -0.228346 0.265575 0.487947 0.831491 0.413227 
1534348766076 0.11465 0.840348 -0.529784 -0.602784 -0.957239 0.236044 0.167259 -0.228351 0.265609 0.487954 0.831476 0.413256 
1534348766094 0.114464 0.840378 -0.529775 -0.60274 -0.957249 0.235909 0.167396 -0.228368 0.265654 0.487966 0.831455 0.41328 
1534348766109 0.114338 0.840397 -0.529774 -0.602685 -0.957232 0.235862 0.167562 -0.228397 0.265772 0.487958 0.831422 0.413301 
1534348766218 0.114217 0.840296 -0.529959 -0.602544 -0.957278 0.235738 0.167471 -0.228522 0.265657 0.48819 0.831322 0.413282 
1534348766259 0.114552 0.84012 -0.530165 -0.602554 -0.957407 0.235751 0.166715 -0.228551 0.265048 0.488486 0.831343 0.413274 
1534348766314 0.114667 0.839934 -0.530436 -0.602559 -0.957406 0.235877 0.166539 -0.228438 0.264999 0.488746 0.831205 0.413255 
1534348766369 0.114431 0.839851 -0.530618 -0.602522 -0.957481 0.235629 0.166462 -0.228342 0.264833 0.489008 0.831105 0.413221 
1534348766400 0.11426 0.839749 -0.530817 -0.602439 -0.95755 0.235434 0.166339 -0.228337 0.264656 0.489278 0.831002 0.413171 
1534348766425 0.11416 0.839691 -0.53093 -0.60237 -0.957596 0.235309 0.16625 -0.228373 0.264531 0.489437 0.830948 0.413165 
1534348766440 0.114091 0.839652 -0.531007 -0.602316 -0.957634 0.235211 0.166171 -0.228415 0.264425 0.489552 0.830914 0.413178 
1534348766456 0.114024 0.839604 -0.531096 -0.602243 -0.957667 0.235125 0.1661 -0.22846 0.264332 0.489674 0.830872 0.41321 
1534348766471 0.113968 0.839585 -0.531139 -0.602212 -0.957682 0.235072 0.166091 -0.22846 0.264303 0.489733 0.830846 0.413228 
1534348766487 0.113907 0.839575 -0.531168 -0.60219 -0.957694 0.235018 0.166099 -0.228451 0.264287 0.489776 0.830826 0.413255 
1534348766504 0.11385 0.839579 -0.531174 -0.602187 -0.957701 0.234971 0.166127 -0.228431 0.264287 0.489792 0.830817 0.413286 
1534348766521 0.113821 0.839589 -0.531163 -0.602193 -0.957702 0.234947 0.16615 -0.228408 0.264293 0.489785 0.830819 0.413307 
1534348766597 0.114196 0.839545 -0.531153 -0.602244 -0.957682 0.235216 0.165887 -0.228303 0.264206 0.489732 0.830878 0.413326 
1534348766633 0.11441 0.839437 -0.531277 -0.602199 -0.957733 0.235279 0.165503 -0.228285 0.263928 0.489886 0.830875 0.413311 
1534348766653 0.114455 0.839363 -0.531385 -0.602146 -0.957775 0.235251 0.165301 -0.228274 0.263756 0.490028 0.830846 0.413283 
1534348766674 0.114506 0.839296 -0.53148 -0.602088 -0.957812 0.235233 0.165113 -0.228283 0.2636 0.490152 0.830823 0.413266 
1534348766692 0.114527 0.839258 -0.531534 -0.602043 -0.957839 0.235205 0.164993 -0.228297 0.263491 0.490229 0.830812 0.413274 
1534348766707 0.114541 0.839239 -0.531563 -0.602004 -0.957857 0.235187 0.164918 -0.228299 0.263422 0.490271 0.830809 0.413302 
1534348766724 0.114541 0.839226 -0.531583 -0.601969 -0.957873 0.23516 0.164859 -0.22829 0.263361 0.490306 0.830807 0.413338 
1534348766837 0.114489 0.839258 -0.531543 -0.601889 -0.957838 0.235185 0.165028 -0.228298 0.263512 0.490238 0.8308 0.413445 
1534348766856 0.114352 0.839289 -0.531524 -0.601863 -0.957784 0.235196 0.165323 -0.228303 0.263766 0.49018 0.830753 0.413417 
1534348766876 0.114148 0.839331 -0.531501 -0.601823 -0.957758 0.235114 0.165592 -0.228341 0.26395 0.490147 0.830714 0.413383 
1534348766960 0.113866 0.839511 -0.531277 -0.601604 -0.957694 0.235013 0.166104 -0.228484 0.264303 0.489888 0.830755 0.413432 
1534348766990 0.113734 0.839521 -0.53129 -0.601521 -0.957682 0.234957 0.166256 -0.228481 0.264406 0.489898 0.830716 0.413462 
1534348767011 0.113689 0.839513 -0.531312 -0.601408 -0.957655 0.234982 0.166372 -0.228535 0.26452 0.489899 0.830679 0.41351 
1534348767027 0.1137 0.83951 -0.531315 -0.601345 -0.957636 0.235025 0.166422 -0.228583 0.264585 0.489884 0.830668 0.413534 
1534348767048 0.113744 0.839506 -0.531311 -0.601238 -0.957589 0.235138 0.166532 -0.228682 0.264736 0.489836 0.830648 0.413573 
1534348767092 0.11367 0.839534 -0.531283 -0.601129 -0.957533 0.235191 0.166782 -0.228726 0.264972 0.489762 0.830616 0.413646 
1534348767209 0.112831 0.839647 -0.531284 -0.601005 -0.957737 0.23429 0.166876 -0.228597 0.264591 0.490001 0.830596 0.413505 
1534348767245 0.112431 0.839681 -0.531314 -0.60081 -0.957797 0.233935 0.167029 -0.228641 0.264544 0.490112 0.830546 0.413458 
1534348767287 0.112126 0.839762 -0.53125 -0.600624 -0.957797 0.233733 0.167314 -0.228717 0.264674 0.49007 0.830529 0.413509 
1534348767363 0.112332 0.839851 -0.531067 -0.600366 -0.95772 0.233968 0.167429 -0.228985 0.264868 0.489806 0.830623 0.413659 
1534348767401 0.112199 0.839851 -0.531095 -0.600183 -0.957723 0.233884 0.167526 -0.229068 0.264911 0.489846 0.830586 0.413677 
1534348767419 0.112023 0.839885 -0.531078 -0.600083 -0.957733 0.233751 0.167651 -0.229085 0.264948 0.489851 0.830572 0.413687 
1534348767437 0.11183 0.839923 -0.53106 -0.600024 -0.957746 0.233603 0.167786 -0.229065 0.264984 0.489857 0.830556 0.413694 
1534348767459 0.111653 0.839965 -0.53103 -0.599981 -0.957752 0.233476 0.167929 -0.229032 0.265037 0.489845 0.830546 0.413702 
1534348767474 0.111517 0.840005 -0.530995 -0.599951 -0.957753 0.233381 0.168054 -0.229012 0.26509 0.489821 0.830544 0.413707 
1534348767531 0.111332 0.840012 -0.531022 -0.599892 -0.957774 0.233232 0.168142 -0.228977 0.265093 0.48988 0.830508 0.413685 
1534348767648 0.111441 0.840125 -0.53082 -0.599455 -0.957886 0.233053 0.167752 -0.2292 0.264642 0.489771 0.830716 0.413543 
1534348767674 0.111251 0.840177 -0.530779 -0.59929 -0.957904 0.232893 0.167874 -0.229207 0.264658 0.489759 0.830718 0.41351 
1534348767713 0.111087 0.840276 -0.530655 -0.599101 -0.957913 0.232748 0.168021 -0.229234 0.264693 0.489657 0.830767 0.413528 
1534348767801 0.110844 0.840572 -0.530238 -0.598895 -0.957914 0.23251 0.168343 -0.229204 0.26479 0.489263 0.830968 0.413661 
1534348767821 0.110638 0.840597 -0.530242 -0.598818 -0.95796 0.232297 0.168378 -0.229171 0.264711 0.489321 0.830959 0.413636 
1534348767842 0.110501 0.840609 -0.530252 -0.598747 -0.957996 0.232145 0.16838 -0.229165 0.264638 0.489373 0.830952 0.413607 
1534348767861 0.110367 0.840612 -0.530274 -0.598667 -0.958031 0.232001 0.168379 -0.229175 0.264566 0.489436 0.830938 0.413571 
1534348767875 0.110294 0.840611 -0.53029 -0.598626 -0.958049 0.231925 0.168382 -0.229179 0.264532 0.489473 0.830927 0.413553 
1534348767993 0.110279 0.840693 -0.530165 -0.598467 -0.958059 0.231871 0.168399 -0.229296 0.264501 0.489358 0.831004 0.413588 
1534348768055 0.109784 0.840692 -0.530268 -0.598228 -0.95816 0.231394 0.168483 -0.229221 0.264343 0.489585 0.830921 0.413542 
1534348768137 0.109542 0.840762 -0.530208 -0.598053 -0.958198 0.231159 0.168587 -0.229286 0.264304 0.489577 0.830938 0.413592 
1534348768169 0.109353 0.840752 -0.530262 -0.597927 -0.958236 0.230981 0.168618 -0.229276 0.264246 0.489677 0.830897 0.413573 
1534348768182 0.10928 0.840771 -0.530247 -0.597869 -0.958256 0.230894 0.16862 -0.229267 0.264202 0.489685 0.830906 0.413568 
1534348768200 0.109211 0.840781 -0.530246 -0.597815 -0.958273 0.23082 0.168629 -0.229261 0.264171 0.489704 0.830905 0.413564 
1534348768219 0.109138 0.840794 -0.53024 -0.597745 -0.958289 0.230742 0.168642 -0.229262 0.264141 0.489718 0.830907 0.413563 
1534348768236 0.109139 0.840811 -0.530213 -0.597708 -0.958289 0.230738 0.16865 -0.229284 0.264143 0.489691 0.830922 0.413575 
1534348768252 0.109145 0.840829 -0.530182 -0.597676 -0.958285 0.230743 0.168665 -0.229308 0.264154 0.489657 0.830939 0.413592 
1534348768275 0.10911 0.840852 -0.530154 -0.59766 -0.958287 0.230712 0.168697 -0.229305 0.264162 0.489633 0.83095 0.413604 
1534348768312 0.108945 0.840902 -0.530108 -0.597662 -0.958309 0.230558 0.168782 -0.229256 0.26415 0.489619 0.830962 0.413585 
1534348768330 0.10881 0.840974 -0.530021 -0.597672 -0.958298 0.230474 0.168956 -0.229223 0.264243 0.489535 0.830982 0.413589 
1534348768349 0.10864 0.841065 -0.529912 -0.59768 -0.958294 0.230353 0.169147 -0.229195 0.26433 0.489435 0.831013 0.413603 
1534348768366 0.108445 0.84118 -0.52977 -0.597687 -0.958289 0.23021 0.169368 -0.229178 0.264427 0.489306 0.831058 0.413624 
1534348768387 0.108246 0.841309 -0.529606 -0.597685 -0.958276 0.230075 0.169627 -0.229154 0.264558 0.489147 0.83111 0.413642 
1534348768404 0.108109 0.841426 -0.529447 -0.597674 -0.958281 0.229947 0.169771 -0.22914 0.264595 0.489005 0.831182 0.413657 
1534348768420 0.108046 0.841498 -0.529346 -0.597662 -0.958288 0.229873 0.16983 -0.229144 0.264594 0.488916 0.831235 0.413663 
1534348768437 0.107969 0.841576 -0.529238 -0.597638 -0.958298 0.229784 0.169893 -0.229153 0.264588 0.488825 0.83129 0.413662 
1534348768454 0.1079 0.841612 -0.529194 -0.59762 -0.958309 0.229711 0.169931 -0.229152 0.264578 0.488796 0.831311 0.413656 
1534348768470 0.10786 0.841618 -0.529193 -0.597599 -0.958319 0.229667 0.169932 -0.229164 0.264556 0.488807 0.831311 0.413646 
1534348768490 0.107868 0.841581 -0.52925 -0.597586 -0.95833 0.229663 0.169877 -0.229176 0.264514 0.488872 0.831286 0.413633 
1534348768507 0.10793 0.841536 -0.52931 -0.597581 -0.958345 0.229687 0.169759 -0.229193 0.264434 0.488939 0.831272 0.413625 
1534348768524 0.108073 0.841448 -0.52942 -0.597583 -0.958368 0.229758 0.169535 -0.229223 0.264293 0.489057 0.831248 0.413616 
1534348768544 0.108171 0.841298 -0.529639 -0.597597 -0.958387 0.229829 0.169332 -0.229255 0.264185 0.489282 0.83115 0.413599 
1534348768561 0.108189 0.841189 -0.529807 -0.597603 -0.95839 0.229868 0.169261 -0.229266 0.264166 0.48945 0.831057 0.413582 
1534348768577 0.108128 0.841146 -0.529889 -0.597592 -0.958381 0.229863 0.16932 -0.229248 0.264224 0.489527 0.830992 0.413568 
1534348768595 0.108055 0.841152 -0.529894 -0.597572 -0.958378 0.229823 0.169389 -0.229225 0.264264 0.489535 0.830975 0.413562 
1534348768611 0.107962 0.841187 -0.529858 -0.597557 -0.958359 0.229792 0.169539 -0.229198 0.264371 0.48949 0.830968 0.413563 
1534348768627 0.107855 0.841233 -0.529806 -0.597544 -0.958331 0.229766 0.169735 -0.229167 0.264518 0.489423 0.830961 0.413572 
1534348768645 0.107823 0.841304 -0.5297 -0.597534 -0.958309 0.229765 0.169859 -0.229156 0.26461 0.489302 0.831003 0.413593 
1534348768661 0.107854 0.841394 -0.529551 -0.59753 -0.95829 0.229789 0.169933 -0.229159 0.264665 0.489135 0.831083 0.413627 
1534348768681 0.107918 0.841455 -0.529441 -0.597543 -0.958275 0.229835 0.169953 -0.229165 0.264692 0.489009 0.831149 0.413669 
1534348768697 0.107945 0.841482 -0.529391 -0.597562 -0.958261 0.229869 0.169989 -0.22916 0.264734 0.488946 0.831173 0.413702 
1534348768714 0.107939 0.841506 -0.529355 -0.597589 -0.958244 0.229889 0.170057 -0.229138 0.264797 0.488895 0.831182 0.413737 
1534348768731 0.107925 0.841524 -0.52933 -0.597607 -0.958234 0.229893 0.170108 -0.229116 0.264839 0.488863 0.831188 0.413759 
1534348768748 0.1079 0.841517 -0.529345 -0.597625 -0.958224 0.229898 0.170155 -0.229096 0.264884 0.488871 0.831169 0.413773 
1534348768805 0.10782 0.841315 -0.529683 -0.597642 -0.95825 0.229868 0.170051 -0.229046 0.264824 0.489234 0.830974 0.413733 
1534348768828 0.107927 0.841248 -0.529767 -0.59762 -0.958311 0.22984 0.169744 -0.22906 0.264558 0.489362 0.830984 0.413716 
1534348768862 0.108207 0.841159 -0.529851 -0.597595 -0.958408 0.229856 0.169177 -0.229092 0.264094 0.489507 0.831046 0.413707 
1534348768885 0.108381 0.841116 -0.529884 -0.597584 -0.95846 0.229876 0.168856 -0.229097 0.263835 0.489572 0.83109 0.413709 
1534348768901 0.108433 0.841103 -0.529894 -0.597575 -0.958486 0.229863 0.168726 -0.22909 0.263719 0.4896 0.83111 0.413711 
1534348768920 0.108493 0.841092 -0.529899 -0.597568 -0.958525 0.229828 0.168548 -0.229076 0.26355 0.489635 0.831143 0.41372 
1534348768937 0.108524 0.841089 -0.529898 -0.597568 -0.958558 0.229787 0.168419 -0.229057 0.263419 0.489661 0.831169 0.41373 
1534348768953 0.108547 0.841086 -0.529897 -0.597571 -0.958599 0.229725 0.168268 -0.229029 0.263259 0.489694 0.831201 0.413741 
1534348768970 0.108578 0.841083 -0.529897 -0.597578 -0.958633 0.229681 0.168135 -0.229005 0.263123 0.489721 0.831228 0.413752 
1534348768991 0.10865 0.84108 -0.529886 -0.59759 -0.958656 0.229681 0.168004 -0.229 0.263009 0.489725 0.831262 0.41377 
1534348769007 0.108708 0.841063 -0.529901 -0.597596 -0.958661 0.229712 0.167933 -0.22901 0.262967 0.48974 0.831266 0.41377 
1534348769024 0.108779 0.841041 -0.529922 -0.597603 -0.958652 0.229777 0.167894 -0.229036 0.26297 0.489748 0.831261 0.413762 
1534348769040 0.108813 0.841034 -0.529926 -0.597608 -0.958643 0.229816 0.167893 -0.229049 0.262989 0.489741 0.831258 0.413759 
1534348769057 0.108885 0.841036 -0.529908 -0.597618 -0.958612 0.229916 0.167933 -0.229075 0.263073 0.489691 0.831262 0.413754 
1534348769074 0.108962 0.841062 -0.52985 -0.597635 -0.958559 0.230051 0.168049 -0.229069 0.263233 0.489582 0.831275 0.413757 
1534348769090 0.109053 0.841156 -0.529682 -0.597641 -0.958511 0.230165 0.168168 -0.229059 0.26337 0.489367 0.831358 0.413767 
1534348769107 0.109179 0.841275 -0.529469 -0.597641 -0.958484 0.230251 0.168203 -0.229049 0.263415 0.489123 0.831487 0.413767 
1534348769174 0.109591 0.841296 -0.529349 -0.597689 -0.958476 0.230503 0.167906 -0.229017 0.263275 0.488967 0.831623 0.413666 
1534348769190 0.10959 0.841237 -0.529443 -0.59769 -0.958531 0.230419 0.167708 -0.229014 0.263076 0.489109 0.831603 0.413642 
1534348769209 0.109584 0.841164 -0.52956 -0.597684 -0.958592 0.230324 0.167487 -0.229003 0.262855 0.489278 0.831573 0.413629 
1534348769226 0.109462 0.841062 -0.529747 -0.597687 -0.95866 0.230158 0.167325 -0.228984 0.262657 0.489532 0.831487 0.413629 
1534348769242 0.109243 0.840998 -0.529894 -0.597693 -0.958752 0.229878 0.167185 -0.228959 0.262413 0.489773 0.831421 0.413656 
1534348769261 0.109077 0.840957 -0.529995 -0.597693 -0.958827 0.229654 0.167063 -0.228942 0.262208 0.48995 0.831382 0.413686 
1534348769276 0.108998 0.840969 -0.529991 -0.597685 -0.958886 0.229492 0.166945 -0.228933 0.262024 0.490004 0.831408 0.413712 
1534348769292 0.109039 0.840981 -0.529963 -0.597679 -0.95892 0.229449 0.166808 -0.22893 0.261882 0.490003 0.831453 0.41374 
1534348769309 0.109106 0.840999 -0.529921 -0.597678 -0.958948 0.22943 0.166673 -0.228936 0.261752 0.489982 0.831507 0.413771 
1534348769326 0.109197 0.841019 -0.529871 -0.597681 -0.958982 0.229415 0.166501 -0.228946 0.261591 0.489955 0.831573 0.413813 
1534348769342 0.109351 0.841034 -0.529816 -0.597682 -0.958994 0.229478 0.166344 -0.228955 0.261482 0.489901 0.83164 0.413849 
1534348769359 0.109527 0.841027 -0.529791 -0.597683 -0.958993 0.229586 0.166203 -0.228966 0.261414 0.489862 0.831684 0.413864 
1534348769417 0.109576 0.840945 -0.52991 -0.597693 -0.958979 0.229667 0.166171 -0.22897 0.261443 0.489964 0.831615 0.413804 
1534348769434 0.109468 0.840941 -0.529938 -0.597686 -0.958933 0.22969 0.166402 -0.228961 0.261656 0.48996 0.83155 0.413766 
1534348769451 0.109326 0.840931 -0.529984 -0.597683 -0.958889 0.229692 0.166652 -0.228967 0.261876 0.489977 0.831471 0.413724 
1534348769471 0.109057 0.840937 -0.53003 -0.597678 -0.958868 0.229571 0.16694 -0.22898 0.262065 0.490023 0.831384 0.413678 
1534348769487 0.108877 0.840901 -0.530125 -0.59768 -0.958849 0.229513 0.167131 -0.228985 0.262211 0.490112 0.831285 0.413645 
1534348769508 0.108681 0.840796 -0.530331 -0.597696 -0.958812 0.229499 0.167362 -0.228982 0.262428 0.490298 0.831107 0.413615 
1534348769525 0.108539 0.840715 -0.530488 -0.597709 -0.958771 0.229517 0.167571 -0.228973 0.262635 0.490428 0.830965 0.413611 
1534348769607 0.108736 0.840786 -0.530336 -0.597742 -0.958743 0.229663 0.167531 -0.22899 0.262656 0.49024 0.83107 0.413728 
1534348769624 0.10899 0.840918 -0.530073 -0.597724 -0.958754 0.22975 0.167349 -0.229003 0.262511 0.489971 0.831274 0.41375 
1534348769644 0.109294 0.841058 -0.52979 -0.597706 -0.958753 0.229887 0.167164 -0.229015 0.262387 0.489667 0.831492 0.413757 
1534348769658 0.109534 0.841158 -0.529581 -0.597693 -0.958754 0.229996 0.167013 -0.229024 0.262286 0.489444 0.831655 0.413746 
1534348769674 0.109649 0.841173 -0.529533 -0.597698 -0.958758 0.230052 0.166914 -0.229028 0.262223 0.489392 0.831706 0.413714 
1534348769691 0.109647 0.841172 -0.529536 -0.597707 -0.958772 0.230024 0.166869 -0.22903 0.262171 0.489407 0.831713 0.413686 
1534348769708 0.109643 0.841178 -0.529526 -0.597719 -0.958783 0.229999 0.166841 -0.229033 0.262133 0.489408 0.831725 0.413655 
1534348769725 0.109641 0.841191 -0.529506 -0.597732 -0.95879 0.229981 0.166825 -0.229036 0.262108 0.489394 0.831741 0.413624 
1534348769741 0.109583 0.841234 -0.52945 -0.597751 -0.958784 0.229944 0.16691 -0.229015 0.262154 0.489338 0.831759 0.413602 
1534348769758 0.109527 0.841282 -0.529385 -0.597759 -0.958771 0.22992 0.167018 -0.228991 0.262225 0.489267 0.831779 0.413605 
1534348769775 0.109488 0.841328 -0.52932 -0.597764 -0.958761 0.229901 0.167101 -0.228969 0.262278 0.489196 0.831804 0.413619 
1534348769791 0.109475 0.841364 -0.529266 -0.597769 -0.958753 0.229897 0.167151 -0.228953 0.262311 0.489137 0.831828 0.413648 
1534348769808 0.109492 0.841382 -0.529233 -0.597772 -0.958755 0.229899 0.167141 -0.228944 0.262299 0.489104 0.831851 0.413681 
1534348769824 0.109539 0.841393 -0.529206 -0.597776 -0.958763 0.229908 0.167082 -0.228942 0.26225 0.489081 0.83188 0.413719 
1534348769843 0.109591 0.841385 -0.529207 -0.597777 -0.958777 0.229914 0.16699 -0.228949 0.262175 0.489091 0.831898 0.413736 
1534348769858 0.109738 0.841369 -0.529203 -0.597779 -0.958807 0.229951 0.166771 -0.228967 0.262006 0.489102 0.831945 0.413774 
1534348769874 0.109916 0.841355 -0.529188 -0.597776 -0.958814 0.230046 0.166597 -0.228978 0.261905 0.489081 0.831989 0.413803 
1534348769891 0.110013 0.841362 -0.529157 -0.597774 -0.958823 0.230084 0.166493 -0.228977 0.261832 0.489051 0.83203 0.413823 
1534348769911 0.11012 0.841423 -0.529038 -0.59777 -0.958847 0.230083 0.166357 -0.228968 0.261699 0.488947 0.832132 0.413858 
1534348769926 0.110128 0.841459 -0.528979 -0.597769 -0.958856 0.23006 0.166338 -0.228955 0.261663 0.488896 0.832174 0.413872 
1534348769944 0.110089 0.841494 -0.528931 -0.597769 -0.95886 0.230018 0.166371 -0.228938 0.261664 0.488855 0.832198 0.413878 
1534348769962 0.109998 0.841519 -0.528911 -0.597765 -0.958849 0.229977 0.166491 -0.228922 0.261742 0.488832 0.832186 0.413872 
1534348769978 0.109915 0.841514 -0.528935 -0.597763 -0.958835 0.229955 0.1666 -0.228917 0.261828 0.48885 0.832149 0.413858 
1534348769995 0.109796 0.841497 -0.528988 -0.597764 -0.958832 0.229898 0.1667 -0.228914 0.261891 0.488907 0.832095 0.413841 
1534348770011 0.109608 0.841467 -0.529074 -0.597767 -0.958855 0.229753 0.166766 -0.228917 0.261885 0.489026 0.832028 0.413818 
1534348770028 0.109336 0.841331 -0.529346 -0.59779 -0.958874 0.2296 0.166867 -0.228919 0.261928 0.489332 0.831834 0.413774 
1534348770045 0.109112 0.841227 -0.529558 -0.597809 -0.958897 0.229458 0.166929 -0.228921 0.261937 0.489578 0.831687 0.413742 
1534348770061 0.109049 0.84114 -0.529709 -0.597823 -0.958889 0.229463 0.166968 -0.228922 0.261992 0.489725 0.831583 0.41372 
1534348770078 0.109047 0.841101 -0.529772 -0.597827 -0.958879 0.229493 0.166985 -0.228924 0.26203 0.489778 0.83154 0.413708 
1534348770143 0.109152 0.841352 -0.529351 -0.597787 -0.958878 0.229477 0.167011 -0.228941 0.261989 0.489354 0.831802 0.413752 
1534348770179 0.10919 0.841633 -0.528897 -0.597787 -0.958797 0.229563 0.16736 -0.228993 0.262271 0.488831 0.832021 0.413832 
1534348770203 0.10902 0.841764 -0.528724 -0.597799 -0.958797 0.229421 0.167554 -0.229026 0.262342 0.488672 0.832092 0.413873 
1534348770223 0.108866 0.841842 -0.528631 -0.597816 -0.958772 0.229351 0.167792 -0.229074 0.262496 0.48857 0.832103 0.413891 
1534348770243 0.108809 0.841866 -0.528604 -0.597824 -0.958744 0.229363 0.167937 -0.229112 0.262623 0.488523 0.832091 0.413888 
1534348770260 0.108725 0.841883 -0.528594 -0.597828 -0.958719 0.229354 0.168093 -0.229143 0.26275 0.488497 0.832065 0.413876 
1534348770276 0.108604 0.841901 -0.52859 -0.597826 -0.958716 0.229283 0.168207 -0.229153 0.26281 0.4885 0.832045 0.413866 
1534348770293 0.108403 0.84193 -0.528586 -0.597825 -0.958728 0.229131 0.168343 -0.229159 0.262848 0.488521 0.83202 0.413855 
1534348770310 0.108213 0.841959 -0.528579 -0.597824 -0.95874 0.228987 0.16847 -0.229164 0.262882 0.488539 0.831999 0.413845 
1534348770326 0.108063 0.841982 -0.528572 -0.597824 -0.958751 0.228871 0.168567 -0.229169 0.262905 0.488553 0.831984 0.413839 
1534348770343 0.108056 0.841977 -0.528582 -0.597827 -0.958744 0.228881 0.168592 -0.229178 0.262933 0.488557 0.831972 0.413837 
1534348770444 0.108015 0.841832 -0.528821 -0.59787 -0.958563 0.22924 0.169135 -0.229219 0.26361 0.488639 0.83171 0.413979 
1534348770461 0.107673 0.841874 -0.528823 -0.597873 -0.958553 0.229041 0.169457 -0.229207 0.263784 0.488659 0.831643 0.41401 
1534348770480 0.107388 0.841905 -0.528833 -0.597873 -0.958529 0.228907 0.169776 -0.229206 0.263989 0.48867 0.831572 0.414034 
1534348770495 0.107183 0.841911 -0.528864 -0.597872 -0.958501 0.228835 0.170031 -0.229214 0.264174 0.488692 0.8315 0.414055 
1534348770511 0.107103 0.841893 -0.528909 -0.597876 -0.958485 0.228821 0.170136 -0.229235 0.264262 0.48873 0.83145 0.414074 
1534348770528 0.10707 0.841871 -0.528952 -0.59788 -0.958473 0.228832 0.170192 -0.229261 0.26432 0.488764 0.831411 0.414092 
1534348770545 0.107041 0.841853 -0.528986 -0.597883 -0.958462 0.22884 0.170242 -0.229277 0.264372 0.48879 0.831379 0.414104 
1534348770566 0.106951 0.841833 -0.529035 -0.597889 -0.958443 0.228829 0.170365 -0.229298 0.264478 0.48883 0.831323 0.414132 
1534348770583 0.106901 0.841832 -0.529047 -0.597891 -0.958436 0.228812 0.170426 -0.229304 0.264522 0.488839 0.831303 0.414139 
1534348770599 0.106855 0.841829 -0.529061 -0.597893 -0.958434 0.228789 0.170467 -0.229308 0.264548 0.488855 0.831285 0.414131 
1534348770646 0.10679 0.841765 -0.529177 -0.5979 -0.958427 0.228784 0.170513 -0.229319 0.264599 0.488969 0.831202 0.414093 
1534348770685 0.106655 0.841674 -0.529348 -0.597922 -0.958427 0.228733 0.170582 -0.229326 0.264654 0.489148 0.831079 0.414079 
1534348770702 0.106515 0.841581 -0.529525 -0.597943 -0.958432 0.228671 0.17064 -0.229326 0.264695 0.489337 0.830955 0.414062 
1534348770721 0.106283 0.841468 -0.529751 -0.597968 -0.958438 0.228558 0.170757 -0.229328 0.264765 0.489584 0.830787 0.414055 
1534348770740 0.106159 0.841407 -0.529872 -0.597976 -0.958433 0.228514 0.170847 -0.229342 0.264834 0.489709 0.830691 0.414069 
1534348770755 0.105999 0.841354 -0.529989 -0.597981 -0.958422 0.228455 0.170985 -0.229366 0.264937 0.489829 0.830588 0.414107 
1534348770772 0.105916 0.841342 -0.530024 -0.597977 -0.958413 0.228425 0.171073 -0.22939 0.265002 0.489862 0.830547 0.41414 
1534348770788 0.105897 0.841345 -0.530023 -0.597972 -0.958407 0.228425 0.171108 -0.229402 0.265031 0.489858 0.83054 0.414157 
1534348770805 0.105969 0.841353 -0.529996 -0.597959 -0.958374 0.228526 0.171158 -0.229426 0.265122 0.489797 0.830548 0.41419 
1534348770822 0.106035 0.841375 -0.529948 -0.597948 -0.958357 0.228589 0.171167 -0.229439 0.265156 0.48973 0.830576 0.414209 
1534348770840 0.106166 0.841354 -0.529955 -0.597943 -0.958335 0.228716 0.171125 -0.229454 0.265186 0.489707 0.83058 0.414205 
1534348770855 0.1063 0.841321 -0.529981 -0.597935 -0.958307 0.228858 0.17109 -0.229461 0.265232 0.489697 0.830571 0.41419 
1534348770872 0.106344 0.841305 -0.529997 -0.597931 -0.958305 0.228893 0.171056 -0.229465 0.265223 0.489708 0.830568 0.414183 
1534348770888 0.106474 0.84122 -0.530107 -0.597916 -0.958327 0.228957 0.170846 -0.229488 0.265091 0.489825 0.830541 0.414156 
1534348770905 0.10649 0.841182 -0.530163 -0.597909 -0.958351 0.228935 0.170742 -0.229504 0.264998 0.4899 0.830527 0.414146 
1534348770922 0.106483 0.841114 -0.530273 -0.597909 -0.958373 0.228911 0.170648 -0.229524 0.26492 0.490028 0.830476 0.414133 
1534348770939 0.106328 0.840979 -0.530517 -0.597929 -0.958392 0.228826 0.170654 -0.229532 0.264913 0.490298 0.830319 0.414107 
1534348770955 0.106083 0.840806 -0.53084 -0.597958 -0.958414 0.228696 0.170707 -0.229535 0.264932 0.490656 0.830101 0.414073 
1534348770972 0.105948 0.84071 -0.53102 -0.597976 -0.958421 0.228635 0.170752 -0.229533 0.264962 0.49085 0.829977 0.414057 
1534348770988 0.105892 0.840722 -0.531012 -0.597974 -0.958435 0.228571 0.170756 -0.229528 0.264933 0.490859 0.829981 0.414067 
1534348771037 0.105832 0.840807 -0.530889 -0.597959 -0.958493 0.2284 0.17066 -0.229501 0.264747 0.490792 0.830079 0.414172 
1534348771051 0.105857 0.840802 -0.530892 -0.597955 -0.958526 0.228356 0.170534 -0.229502 0.264617 0.490822 0.830103 0.414204 
1534348771067 0.105854 0.840777 -0.530932 -0.597943 -0.958586 0.22825 0.170337 -0.229492 0.264401 0.490913 0.830118 0.414235 
1534348771084 0.105843 0.840739 -0.530995 -0.59793 -0.958645 0.228146 0.170144 -0.229479 0.264191 0.491027 0.830118 0.414256 
1534348771104 0.105808 0.840688 -0.531082 -0.597917 -0.958709 0.228022 0.169949 -0.229457 0.263973 0.491171 0.830102 0.414278 
1534348771117 0.105721 0.840622 -0.531204 -0.597921 -0.958719 0.227974 0.16996 -0.229433 0.263973 0.491307 0.830021 0.414279 
1534348771134 0.105613 0.840549 -0.531341 -0.597928 -0.958718 0.227935 0.170018 -0.229404 0.26402 0.49145 0.829922 0.414276 
1534348771150 0.105558 0.840511 -0.531413 -0.597937 -0.958711 0.227928 0.170068 -0.229392 0.264067 0.491519 0.829866 0.414283 
1534348771167 0.10555 0.840514 -0.531409 -0.597946 -0.958695 0.227951 0.170125 -0.229398 0.264127 0.491503 0.829857 0.41429 
1534348771184 0.10549 0.840552 -0.531361 -0.597952 -0.95866 0.227968 0.170299 -0.229394 0.264279 0.491429 0.829852 0.414289 
1534348771201 0.105435 0.840597 -0.531301 -0.597957 -0.958629 0.227978 0.170458 -0.229394 0.264412 0.491348 0.829858 0.414282 
1534348771217 0.105406 0.84062 -0.53127 -0.597964 -0.958615 0.227979 0.170535 -0.229401 0.264474 0.491309 0.829861 0.414263 
1534348771234 0.105427 0.840607 -0.531286 -0.597972 -0.958629 0.227971 0.17047 -0.229419 0.264416 0.491334 0.829864 0.414241 
1534348771250 0.105452 0.840587 -0.531312 -0.597978 -0.958649 0.227955 0.170378 -0.229436 0.264333 0.491375 0.829866 0.414225 
1534348771267 0.105492 0.840553 -0.531358 -0.597986 -0.958683 0.227927 0.170226 -0.229457 0.264195 0.491447 0.829868 0.414212 
1534348771284 0.105537 0.840416 -0.531566 -0.598007 -0.958737 0.227897 0.169962 -0.229481 0.263981 0.491694 0.82979 0.414188 
