1535379187625 0.239882 0.928814 -0.28242 -0.637196 -0.939873 0.295041 0.172015 -0.242695 0.243096 0.224175 0.943743 0.373542 
1535379192777 0.239881 0.928815 -0.282419 -0.637196 -0.939873 0.29504 0.172015 -0.242694 0.243095 0.224175 0.943743 0.373541 
1535379192788 0.239881 0.928815 -0.282419 -0.637196 -0.939873 0.295041 0.172015 -0.242695 0.243096 0.224175 0.943743 0.373541 
1535379193073 0.240512 0.928693 -0.282281 -0.637292 -0.939691 0.295636 0.171986 -0.24262 0.243175 0.223892 0.943789 0.373575 
1535379193353 0.241229 0.928656 -0.281791 -0.637323 -0.939629 0.296118 0.171497 -0.242622 0.242705 0.223409 0.944025 0.373653 
1535379193503 0.241382 0.928612 -0.281805 -0.637388 -0.939591 0.296265 0.171449 -0.24253 0.242698 0.223397 0.944029 0.373631 
1535379193772 0.242471 0.928436 -0.281451 -0.63747 -0.939417 0.297142 0.170887 -0.242534 0.242288 0.222965 0.944237 0.373602 
1535379194104 0.242818 0.928363 -0.281393 -0.637566 -0.939302 0.297487 0.170921 -0.242366 0.242387 0.22281 0.944248 0.373606 
1535379194234 0.243138 0.928312 -0.281285 -0.637562 -0.939236 0.297757 0.170813 -0.242424 0.242322 0.222662 0.9443 0.373658 
1535379194423 0.244087 0.928167 -0.280939 -0.637713 -0.939101 0.298498 0.170262 -0.242306 0.241891 0.222271 0.944502 0.373614 
1535379194818 0.244752 0.928083 -0.280639 -0.637773 -0.938952 0.299056 0.170105 -0.242257 0.241798 0.221873 0.944619 0.373712 
1535379195170 0.245374 0.927969 -0.280473 -0.637822 -0.938834 0.299578 0.169835 -0.24223 0.241625 0.221644 0.944718 0.373707 
1535379195315 0.245061 0.928043 -0.280501 -0.63782 -0.938896 0.299303 0.169978 -0.242225 0.241702 0.221706 0.944683 0.373719 
1535379195471 0.244121 0.928084 -0.281183 -0.637666 -0.938858 0.29879 0.171088 -0.24237 0.242798 0.222225 0.94428 0.37384 
1535379195739 0.243638 0.928028 -0.281788 -0.63762 -0.938832 0.298578 0.171597 -0.242542 0.243382 0.222744 0.944008 0.373892 
1535379196020 0.242643 0.928145 -0.282261 -0.63757 -0.938828 0.297955 0.172696 -0.242404 0.244388 0.223092 0.943666 0.373982 
1535379196314 0.242132 0.928092 -0.282872 -0.637468 -0.938749 0.297775 0.17344 -0.242581 0.245201 0.223551 0.943346 0.374003 
1535379196583 0.241437 0.928106 -0.283423 -0.637415 -0.938685 0.297436 0.174364 -0.242621 0.246128 0.223947 0.94301 0.374051 
1535379196887 0.240877 0.928055 -0.284063 -0.63734 -0.93861 0.297222 0.17513 -0.242744 0.24696 0.22444 0.942676 0.374113 
1535379197174 0.240198 0.928055 -0.28464 -0.6373 -0.938573 0.296875 0.175916 -0.242802 0.247762 0.2249 0.942355 0.374174 
1535379197481 0.239317 0.928143 -0.285092 -0.637226 -0.938563 0.296334 0.176878 -0.242744 0.248651 0.225246 0.942039 0.374247 
