1535117869490 0.247409 0.926997 -0.281894 -0.576368 -0.93521 0.304538 0.18066 -0.223798 0.253319 0.218934 0.942283 0.403442 
1535117872997 0.247409 0.926997 -0.281894 -0.576368 -0.93521 0.304538 0.18066 -0.223798 0.253319 0.218934 0.942283 0.403442 
1535117873610 0.247409 0.926997 -0.281895 -0.576368 -0.93521 0.304538 0.18066 -0.223798 0.253319 0.218935 0.942283 0.403441 
1535117874238 0.248531 0.926551 -0.282374 -0.582495 -0.935178 0.305472 0.179248 -0.226831 0.252339 0.219521 0.942409 0.400467 
1535117875283 0.248957 0.926542 -0.28203 -0.588888 -0.935301 0.305606 0.178372 -0.229615 0.251459 0.219376 0.942678 0.397514 
1535117876338 0.250987 0.926323 -0.280947 -0.620984 -0.936049 0.3062 0.173359 -0.243579 0.246612 0.21947 0.943936 0.382576 
1535117876986 0.251659 0.926341 -0.280285 -0.633771 -0.936309 0.306326 0.171725 -0.249095 0.244935 0.219218 0.944431 0.376587 
1535117877016 0.251659 0.926341 -0.280285 -0.633771 -0.936309 0.306326 0.171725 -0.249095 0.244935 0.219218 0.944431 0.376587 
1535117877475 0.252131 0.92599 -0.281022 -0.635084 -0.93664 0.306501 0.169597 -0.249565 0.243179 0.220455 0.944597 0.375901 
1535117878414 0.25333 0.925094 -0.282886 -0.63831 -0.937538 0.306856 0.163896 -0.250563 0.238425 0.223696 0.945047 0.374267 
1535117879270 0.254043 0.924527 -0.2841 -0.640732 -0.938349 0.306795 0.159308 -0.251294 0.234445 0.226114 0.945467 0.37306 
1535117879297 0.254043 0.924527 -0.2841 -0.640732 -0.938349 0.306795 0.159308 -0.251294 0.234445 0.226114 0.945467 0.37306 
1535117879710 0.252984 0.924768 -0.284259 -0.640423 -0.937915 0.3065 0.1624 -0.25155 0.237308 0.225526 0.944893 0.373508 
1535117880516 0.249378 0.925706 -0.284393 -0.639573 -0.936888 0.304937 0.17104 -0.252106 0.245055 0.22379 0.943327 0.374699 
1535117881338 0.246909 0.926422 -0.284214 -0.639588 -0.936903 0.303128 0.174145 -0.252532 0.247485 0.223283 0.942813 0.374891 
1535117882426 0.241829 0.927999 -0.283436 -0.639594 -0.936563 0.299613 0.181885 -0.253485 0.253711 0.22147 0.941585 0.375627 
1535117883090 0.240236 0.928731 -0.282392 -0.639832 -0.936982 0.297882 0.182567 -0.254138 0.253675 0.220737 0.941766 0.375523 
1535117883725 0.239019 0.929291 -0.281581 -0.640028 -0.937207 0.296637 0.183435 -0.254444 0.253992 0.220055 0.941841 0.375559 
1535117883978 0.238757 0.9294 -0.281443 -0.640075 -0.937227 0.296401 0.183717 -0.254518 0.254166 0.219913 0.941827 0.37555 
1535117884466 0.241676 0.928998 -0.280277 -0.640049 -0.937331 0.298215 0.180217 -0.254528 0.251004 0.219158 0.94285 0.375311 
1535117885077 0.243909 0.928499 -0.279998 -0.639447 -0.936943 0.300125 0.17906 -0.254217 0.250291 0.218668 0.943154 0.375349 
1535117885477 0.246036 0.92806 -0.279591 -0.638906 -0.936547 0.301937 0.178084 -0.253883 0.249691 0.218035 0.943459 0.375563 
1535117885855 0.24744 0.92775 -0.27938 -0.638466 -0.936373 0.303065 0.177079 -0.253772 0.248955 0.217787 0.943711 0.375557 
1535117885891 0.24782 0.927639 -0.279414 -0.638359 -0.936285 0.303423 0.176931 -0.253568 0.248908 0.217764 0.943728 0.375582 
1535117886204 0.247872 0.927621 -0.279425 -0.638356 -0.936276 0.303471 0.176897 -0.253595 0.248891 0.217771 0.943732 0.375578 
1535117886515 0.248002 0.927659 -0.279183 -0.637688 -0.936318 0.303482 0.176655 -0.253198 0.248602 0.217593 0.943849 0.375946 
1535117886831 0.248549 0.927486 -0.279273 -0.636935 -0.93633 0.303884 0.175901 -0.253018 0.248012 0.217772 0.943963 0.376137 
1535117887144 0.249523 0.927138 -0.279557 -0.635948 -0.936302 0.304665 0.174694 -0.252508 0.247137 0.21816 0.944103 0.376363 
1535117887386 0.24965 0.927101 -0.279569 -0.635632 -0.936315 0.304747 0.174483 -0.252316 0.246962 0.218205 0.944138 0.376564 
1535117887414 0.24965 0.927101 -0.279569 -0.635632 -0.936315 0.304747 0.174483 -0.252316 0.246962 0.218205 0.944138 0.376564 
1535117887607 0.250035 0.926987 -0.279604 -0.6354 -0.936276 0.305064 0.174136 -0.252353 0.246719 0.218246 0.944192 0.376605 
1535117887847 0.249761 0.927115 -0.279422 -0.634914 -0.936145 0.304948 0.17504 -0.251997 0.247491 0.217861 0.944079 0.376798 
1535117888138 0.249997 0.927043 -0.279451 -0.633973 -0.93585 0.305383 0.175858 -0.251667 0.248367 0.21756 0.943918 0.377098 
1535117888261 0.249997 0.927043 -0.279451 -0.633973 -0.93585 0.305383 0.175858 -0.251667 0.248367 0.21756 0.943918 0.377098 
1535117888480 0.25005 0.926917 -0.27982 -0.633092 -0.935564 0.305741 0.176753 -0.25124 0.249388 0.217593 0.943641 0.377229 
1535117888678 0.250252 0.926891 -0.279728 -0.631551 -0.93519 0.306195 0.177944 -0.250609 0.250586 0.217068 0.943445 0.377677 
1535117888880 0.250383 0.92683 -0.279811 -0.631494 -0.935133 0.306355 0.177967 -0.250641 0.250667 0.2171 0.943416 0.377675 
1535117889160 0.249779 0.926948 -0.279962 -0.630539 -0.935063 0.306008 0.178933 -0.250142 0.251532 0.217088 0.943188 0.378051 
1535117889495 0.249966 0.926821 -0.280215 -0.630166 -0.934929 0.306308 0.17912 -0.250079 0.251844 0.217207 0.943078 0.378003 
1535117889700 0.249925 0.926819 -0.280258 -0.629413 -0.934748 0.306442 0.179833 -0.249919 0.252555 0.217025 0.942929 0.378364 
1535117889975 0.249775 0.926758 -0.280593 -0.628708 -0.934583 0.30654 0.180521 -0.249629 0.253312 0.217148 0.942698 0.378485 
1535117890004 0.249905 0.926632 -0.280893 -0.628532 -0.934451 0.306806 0.180753 -0.249558 0.253672 0.21731 0.942564 0.378447 
1535117890018 0.249905 0.926632 -0.280893 -0.628532 -0.934451 0.306806 0.180753 -0.249558 0.253672 0.21731 0.942564 0.378447 
1535117890198 0.249905 0.926632 -0.280893 -0.628532 -0.934451 0.306806 0.180753 -0.249558 0.253672 0.21731 0.942564 0.378447 
1535117890218 0.249905 0.926632 -0.280893 -0.628532 -0.934451 0.306806 0.180753 -0.249558 0.253672 0.21731 0.942564 0.378447 
1535117890235 0.249905 0.926632 -0.280893 -0.628532 -0.934451 0.306806 0.180753 -0.249558 0.253672 0.21731 0.942564 0.378447 
1535117890269 0.249905 0.926632 -0.280893 -0.628532 -0.934451 0.306806 0.180753 -0.249558 0.253672 0.21731 0.942564 0.378447 
1535117890316 0.249595 0.926715 -0.280895 -0.628201 -0.934538 0.306507 0.180808 -0.249306 0.253654 0.217378 0.942553 0.378648 
1535117890416 0.249595 0.926715 -0.280895 -0.628201 -0.934538 0.306507 0.180808 -0.249306 0.253654 0.217378 0.942553 0.378648 
1535117890765 0.249751 0.926332 -0.282017 -0.625476 -0.934096 0.307218 0.181884 -0.248158 0.255125 0.218005 0.942011 0.379603 
1535117890778 0.249751 0.926332 -0.282017 -0.625476 -0.934096 0.307218 0.181884 -0.248158 0.255125 0.218005 0.942011 0.379603 
1535117890801 0.249946 0.926215 -0.282229 -0.625384 -0.93403 0.307457 0.181817 -0.24825 0.255175 0.218167 0.94196 0.379584 
1535117891058 0.249856 0.926224 -0.282279 -0.625091 -0.933979 0.307445 0.1821 -0.24795 0.25545 0.218144 0.941891 0.379709 
1535117891240 0.250127 0.926075 -0.282526 -0.624793 -0.933841 0.307808 0.182196 -0.247969 0.255691 0.218263 0.941798 0.379777 
1535117891290 0.250127 0.926075 -0.282526 -0.624793 -0.933841 0.307808 0.182196 -0.247969 0.255691 0.218263 0.941798 0.379777 
1535117891397 0.250421 0.925919 -0.282778 -0.624515 -0.933694 0.308197 0.182292 -0.247905 0.255939 0.218378 0.941704 0.37985 
1535117891599 0.250355 0.92587 -0.282996 -0.624253 -0.933635 0.308242 0.182518 -0.247711 0.256219 0.218521 0.941595 0.379943 
1535117891925 0.250407 0.925845 -0.283031 -0.623711 -0.933619 0.3083 0.182501 -0.247528 0.256226 0.218544 0.941587 0.380114 
1535117892197 0.2507 0.9257 -0.283248 -0.623396 -0.933522 0.308637 0.182426 -0.247591 0.256292 0.218684 0.941537 0.380151 
1535117892498 0.250284 0.92581 -0.283254 -0.622416 -0.933554 0.30831 0.182814 -0.246963 0.256581 0.218678 0.94146 0.380531 
1535117892522 0.250284 0.92581 -0.283254 -0.622416 -0.933554 0.30831 0.182814 -0.246963 0.256581 0.218678 0.94146 0.380531 
1535117892732 0.25065 0.925582 -0.283678 -0.622165 -0.93344 0.308756 0.182645 -0.247016 0.25664 0.219016 0.941365 0.380483 
1535117893021 0.250943 0.925578 -0.283429 -0.621729 -0.933369 0.30898 0.182628 -0.246736 0.256611 0.218714 0.941443 0.380539 
1535117893351 0.251579 0.925359 -0.283581 -0.621024 -0.933164 0.309644 0.18255 -0.246436 0.256734 0.218702 0.941412 0.380727 
1535117893514 0.25186 0.925218 -0.283794 -0.620783 -0.933096 0.309947 0.182383 -0.246432 0.256706 0.218872 0.94138 0.380659 
1535117894057 0.251879 0.925382 -0.283242 -0.619636 -0.932955 0.309973 0.183064 -0.24596 0.257201 0.218142 0.941415 0.381116 
1535117894722 0.251935 0.925375 -0.283214 -0.618817 -0.932847 0.310099 0.183399 -0.245686 0.257538 0.217991 0.941358 0.381232 
1535117895057 0.252103 0.925331 -0.283207 -0.618361 -0.932747 0.310303 0.18356 -0.245532 0.257734 0.217885 0.941329 0.381305 
1535117895301 0.252236 0.92526 -0.283319 -0.618058 -0.932722 0.310444 0.183452 -0.245375 0.257696 0.217985 0.941316 0.381386 
1535117895514 0.252469 0.925223 -0.283235 -0.617355 -0.932605 0.310695 0.183621 -0.245198 0.25789 0.217788 0.941308 0.381684 
1535117895777 0.252784 0.925102 -0.28335 -0.616352 -0.932456 0.311071 0.183742 -0.244806 0.258122 0.217765 0.94125 0.38193 
1535117895869 0.252906 0.925047 -0.283418 -0.615938 -0.932418 0.311205 0.183705 -0.244652 0.258137 0.217804 0.941237 0.382 
1535117896123 0.252935 0.925035 -0.283432 -0.615886 -0.932407 0.311239 0.183706 -0.244654 0.258149 0.217808 0.941233 0.382011 
1535117896450 0.253189 0.924848 -0.283815 -0.614774 -0.932073 0.31178 0.184482 -0.244122 0.259105 0.217828 0.940965 0.382294 
1535117896754 0.253179 0.924884 -0.283707 -0.614174 -0.931927 0.311873 0.185058 -0.243833 0.259638 0.217542 0.940884 0.382603 
1535117896934 0.253447 0.92477 -0.283841 -0.613555 -0.931742 0.312249 0.185357 -0.243592 0.260042 0.217488 0.940785 0.382712 
1535117896961 0.253447 0.92477 -0.283841 -0.613555 -0.931742 0.312249 0.185357 -0.243592 0.260042 0.217488 0.940785 0.382712 
1535117897149 0.253753 0.92459 -0.284152 -0.613316 -0.931573 0.312675 0.185487 -0.243621 0.260347 0.217641 0.940666 0.382734 
1535117897363 0.253241 0.924696 -0.284265 -0.612628 -0.931771 0.312161 0.185362 -0.24297 0.26014 0.217928 0.940656 0.383112 
1535117897556 0.253241 0.924696 -0.284265 -0.612628 -0.931771 0.312161 0.185362 -0.24297 0.26014 0.217928 0.940656 0.383112 
1535117897588 0.253599 0.924426 -0.284822 -0.611852 -0.931658 0.312627 0.185143 -0.242576 0.260194 0.218404 0.940531 0.383375 
1535117897787 0.253599 0.924426 -0.284822 -0.611852 -0.931658 0.312627 0.185143 -0.242576 0.260194 0.218404 0.940531 0.383375 
1535117898178 0.254128 0.923922 -0.285983 -0.610072 -0.931528 0.313351 0.184572 -0.241839 0.260143 0.219496 0.940291 0.383997 
1535117898527 0.253921 0.924222 -0.285196 -0.609852 -0.931624 0.312963 0.184743 -0.241636 0.26 0.218786 0.940496 0.384075 
1535117898856 0.254261 0.924729 -0.283246 -0.608413 -0.931871 0.312612 0.184093 -0.241124 0.258782 0.217141 0.941213 0.384334 
1535117899113 0.254444 0.924849 -0.282688 -0.608098 -0.931975 0.312547 0.183677 -0.240943 0.258226 0.216722 0.941462 0.384298 
1535117899604 0.255175 0.925892 -0.278585 -0.606815 -0.932538 0.311795 0.18209 -0.239917 0.255457 0.213326 0.942992 0.384109 
1535117899914 0.255255 0.926294 -0.277173 -0.606452 -0.932539 0.311574 0.182464 -0.239692 0.255376 0.2119 0.943335 0.384019 
1535117900423 0.255944 0.927423 -0.272727 -0.605406 -0.931794 0.311802 0.185847 -0.2394 0.257396 0.206559 0.943971 0.3839 
1535117900860 0.257345 0.927981 -0.269489 -0.605323 -0.93196 0.312054 0.18459 -0.239303 0.255391 0.203649 0.945147 0.383686 
1535117901317 0.258789 0.928555 -0.266109 -0.605286 -0.932046 0.31238 0.183602 -0.238961 0.253612 0.200511 0.946296 0.383329 
1535117901658 0.259295 0.928624 -0.265377 -0.605213 -0.932019 0.312629 0.183313 -0.239054 0.253193 0.199804 0.946558 0.383298 
1535117902066 0.259295 0.928624 -0.265377 -0.605213 -0.932019 0.312629 0.183313 -0.239054 0.253193 0.199804 0.946558 0.383298 
1535117902211 0.259295 0.928624 -0.265377 -0.605213 -0.932019 0.312629 0.183313 -0.239054 0.253193 0.199804 0.946558 0.383298 
1535117902373 0.259295 0.928624 -0.265377 -0.605213 -0.932019 0.312629 0.183313 -0.239054 0.253193 0.199804 0.946558 0.383298 
1535117902520 0.252995 0.928268 -0.272604 -0.590854 -0.933466 0.308257 0.183356 -0.231235 0.254235 0.208078 0.944494 0.393274 
1535117902806 0.252995 0.928268 -0.272604 -0.590854 -0.933466 0.308257 0.183356 -0.231235 0.254235 0.208078 0.944494 0.393274 
1535117902937 0.252995 0.928268 -0.272604 -0.590854 -0.933466 0.308257 0.183356 -0.231235 0.254235 0.208078 0.944494 0.393274 
