1535123799615 0.213968 0.919323 -0.330247 -0.472332 -0.943828 0.281712 0.172706 -0.171378 0.251807 0.274743 0.92796 0.47409 
1535123804060 0.213968 0.919323 -0.330247 -0.472332 -0.943828 0.281712 0.172706 -0.171378 0.251807 0.274743 0.92796 0.47409 
1535123804965 0.213968 0.919323 -0.330247 -0.472332 -0.943827 0.281712 0.172708 -0.171377 0.251809 0.274742 0.92796 0.474091 
1535123805633 0.221864 0.920536 -0.321543 -0.504541 -0.943031 0.286418 0.169287 -0.185874 0.24793 0.265666 0.931639 0.454191 
1535123806282 0.221864 0.920536 -0.321543 -0.504541 -0.943031 0.286418 0.169287 -0.185874 0.24793 0.265666 0.931639 0.454191 
1535123806945 0.2256 0.921145 -0.31717 -0.5208 -0.942633 0.288622 0.167748 -0.193148 0.246063 0.261131 0.933415 0.444115 
1535123807903 0.2256 0.921145 -0.31717 -0.5208 -0.942633 0.288622 0.167748 -0.193148 0.246063 0.261131 0.933415 0.444115 
1535123808571 0.235909 0.923124 -0.303627 -0.569854 -0.941455 0.294545 0.164029 -0.214314 0.240851 0.247156 0.938565 0.413782 
1535123809214 0.235909 0.923124 -0.303627 -0.569854 -0.941455 0.294545 0.164029 -0.214314 0.240851 0.247156 0.938565 0.413782 
1535123810024 0.246139 0.924816 -0.290055 -0.618831 -0.940187 0.300535 0.160395 -0.235654 0.235507 0.233226 0.943473 0.383383 
1535123810617 0.247267 0.924458 -0.290235 -0.620086 -0.939988 0.301547 0.159661 -0.236577 0.235119 0.233338 0.943542 0.382494 
1535123811259 0.248989 0.924606 -0.288284 -0.626676 -0.939697 0.302692 0.159206 -0.239584 0.234464 0.231259 0.944217 0.378453 
1535123811716 0.248989 0.924606 -0.288284 -0.626676 -0.939697 0.302692 0.159206 -0.239584 0.234464 0.231259 0.944217 0.378453 
1535123811808 0.2498 0.925017 -0.286259 -0.633323 -0.939606 0.302996 0.159167 -0.242167 0.233968 0.229211 0.944839 0.374396 
1535123812274 0.248545 0.924029 -0.29051 -0.633559 -0.939496 0.302967 0.159867 -0.242244 0.235737 0.233198 0.943423 0.374566 
1535123812780 0.247482 0.922686 -0.295641 -0.633638 -0.939319 0.303299 0.160281 -0.24263 0.237557 0.238034 0.941757 0.374882 
1535123813310 0.244401 0.91934 -0.308353 -0.633939 -0.938936 0.303801 0.161567 -0.243488 0.242213 0.250037 0.937451 0.375621 
1535123813612 0.244062 0.919448 -0.308301 -0.633962 -0.938942 0.303555 0.161994 -0.243618 0.242532 0.24994 0.937395 0.375651 
1535123813971 0.243497 0.91992 -0.307338 -0.634042 -0.939122 0.302815 0.162337 -0.24364 0.242404 0.249099 0.937652 0.375551 
1535123814358 0.241131 0.921675 -0.303927 -0.634287 -0.939548 0.300151 0.164802 -0.244304 0.243117 0.245815 0.938333 0.375619 
1535123814867 0.239244 0.922964 -0.301496 -0.634537 -0.939838 0.298115 0.16683 -0.244612 0.243858 0.243444 0.938759 0.375535 
1535123815135 0.238806 0.923197 -0.301131 -0.634631 -0.939884 0.297698 0.167315 -0.244657 0.244111 0.243073 0.938789 0.37552 
1535123815454 0.2393 0.923408 -0.30009 -0.634549 -0.939978 0.29776 0.166673 -0.244785 0.243262 0.242193 0.939237 0.375443 
1535123815740 0.239127 0.924499 -0.29685 -0.63468 -0.940411 0.296626 0.166255 -0.244925 0.241755 0.239405 0.94034 0.375284 
1535123816006 0.238805 0.925287 -0.294647 -0.634801 -0.940742 0.295678 0.166072 -0.245018 0.240784 0.237528 0.941065 0.375153 
1535123816189 0.238592 0.925995 -0.292587 -0.634877 -0.941097 0.294809 0.165604 -0.245188 0.239606 0.235841 0.94179 0.374971 
1535123816221 0.23822 0.926324 -0.291847 -0.634985 -0.94127 0.294245 0.165624 -0.245084 0.239296 0.235251 0.942016 0.374897 
1535123816653 0.240701 0.92581 -0.291441 -0.63477 -0.940865 0.296314 0.164229 -0.245127 0.238403 0.234677 0.942386 0.37487 
1535123817736 0.242648 0.925811 -0.28982 -0.634694 -0.940932 0.297325 0.162004 -0.244824 0.236156 0.23339 0.94327 0.374709 
1535123818196 0.243386 0.925716 -0.289505 -0.634499 -0.940782 0.297933 0.161754 -0.244698 0.235992 0.232992 0.94341 0.374796 
1535123818555 0.245529 0.925481 -0.288445 -0.63392 -0.940482 0.29954 0.160529 -0.244453 0.234967 0.231863 0.943944 0.374958 
1535123818921 0.246834 0.925339 -0.287787 -0.633541 -0.9403 0.300515 0.159772 -0.244209 0.234328 0.231168 0.944273 0.37503 
1535123819129 0.248478 0.925192 -0.286841 -0.633 -0.940064 0.301727 0.15887 -0.243842 0.233533 0.230173 0.944713 0.375168 
1535123819400 0.247965 0.925208 -0.287235 -0.632682 -0.940093 0.30141 0.159303 -0.243671 0.233963 0.230526 0.94452 0.375298 
1535123819560 0.248034 0.925141 -0.28739 -0.631578 -0.939839 0.301735 0.160183 -0.243328 0.234907 0.230369 0.944324 0.375789 
1535123819692 0.248034 0.925141 -0.28739 -0.631578 -0.939839 0.301735 0.160183 -0.243328 0.234907 0.230369 0.944324 0.375789 
1535123820047 0.248505 0.924809 -0.288051 -0.629906 -0.939471 0.302538 0.160828 -0.243012 0.235882 0.230649 0.944013 0.376332 
1535123820082 0.248505 0.924809 -0.288051 -0.629906 -0.939471 0.302538 0.160828 -0.243012 0.235882 0.230649 0.944013 0.376332 
1535123820275 0.248068 0.925051 -0.287649 -0.629478 -0.939484 0.302151 0.16148 -0.242754 0.23629 0.230184 0.944024 0.376465 
1535123820371 0.248068 0.925051 -0.287649 -0.629478 -0.939484 0.302151 0.16148 -0.242754 0.23629 0.230184 0.944024 0.376465 
1535123820480 0.248068 0.925051 -0.287649 -0.629478 -0.939484 0.302151 0.16148 -0.242754 0.23629 0.230184 0.944024 0.376465 
1535123820508 0.247516 0.925315 -0.287278 -0.628164 -0.93924 0.301937 0.163289 -0.242357 0.237834 0.229406 0.943826 0.376938 
1535123820593 0.247516 0.925315 -0.287278 -0.628164 -0.93924 0.301937 0.163289 -0.242357 0.237834 0.229406 0.943826 0.376938 
1535123821035 0.24726 0.925323 -0.28747 -0.626238 -0.938655 0.302351 0.165864 -0.241767 0.240394 0.228823 0.943319 0.377322 
1535123821269 0.246619 0.925512 -0.287414 -0.625904 -0.938811 0.301741 0.16609 -0.241335 0.240443 0.228867 0.943296 0.377578 
1535123821301 0.246619 0.925512 -0.287414 -0.625904 -0.938811 0.301741 0.16609 -0.241335 0.240443 0.228867 0.943296 0.377578 
1535123821485 0.246619 0.925512 -0.287414 -0.625904 -0.938811 0.301741 0.16609 -0.241335 0.240443 0.228867 0.943296 0.377578 
1535123821665 0.246619 0.925438 -0.287652 -0.625039 -0.938698 0.301892 0.166456 -0.241017 0.240884 0.228967 0.943159 0.377842 
1535123821712 0.246619 0.925438 -0.287652 -0.625039 -0.938698 0.301892 0.166456 -0.241017 0.240884 0.228967 0.943159 0.377842 
1535123822027 0.246389 0.925283 -0.288346 -0.623288 -0.938357 0.302178 0.167853 -0.240411 0.242443 0.229214 0.942699 0.378547 
1535123822397 0.24669 0.924965 -0.28911 -0.62261 -0.938154 0.302721 0.16801 -0.24019 0.242923 0.229783 0.942437 0.378649 
1535123823141 0.247088 0.924497 -0.290265 -0.620866 -0.938144 0.30322 0.167164 -0.239488 0.242557 0.231006 0.942233 0.379135 
1535123823841 0.247465 0.924223 -0.290816 -0.620049 -0.938146 0.303582 0.166494 -0.239045 0.242164 0.231626 0.942182 0.379345 
1535123824382 0.248676 0.923559 -0.291887 -0.618373 -0.937873 0.304883 0.16565 -0.23832 0.241979 0.23256 0.941999 0.379891 
1535123825051 0.248861 0.923437 -0.292117 -0.618059 -0.937852 0.305074 0.165421 -0.238145 0.241873 0.232795 0.941968 0.38 
1535123825086 0.248861 0.923437 -0.292117 -0.618059 -0.937852 0.305074 0.165421 -0.238145 0.241873 0.232795 0.941968 0.38 
1535123825597 0.249261 0.923153 -0.292673 -0.617258 -0.937657 0.30564 0.165478 -0.237942 0.242215 0.23318 0.941785 0.380284 
1535123826136 0.249581 0.922804 -0.2935 -0.616292 -0.937403 0.306256 0.165778 -0.237512 0.242866 0.233753 0.941475 0.380545 
1535123826666 0.249568 0.92277 -0.293617 -0.616066 -0.93736 0.306309 0.165926 -0.237331 0.24305 0.233814 0.941413 0.380612 
1535123826702 0.249568 0.92277 -0.293617 -0.616066 -0.93736 0.306309 0.165926 -0.237331 0.24305 0.233814 0.941413 0.380612 
1535123827013 0.249385 0.922945 -0.293224 -0.615762 -0.937375 0.306097 0.166233 -0.237127 0.243179 0.233404 0.941481 0.380744 
1535123827778 0.249583 0.922931 -0.293099 -0.614997 -0.937181 0.306398 0.166768 -0.237027 0.24372 0.233065 0.941425 0.380923 
1535123828213 0.249312 0.922895 -0.293441 -0.614582 -0.937207 0.306246 0.166903 -0.236751 0.243899 0.233404 0.941295 0.381083 
1535123828700 0.249412 0.922677 -0.294041 -0.613377 -0.937117 0.306511 0.166924 -0.236454 0.244144 0.233918 0.941104 0.381506 
1535123828724 0.249412 0.922677 -0.294041 -0.613377 -0.937117 0.306511 0.166924 -0.236454 0.244144 0.233918 0.941104 0.381506 
1535123828814 0.249448 0.922629 -0.294162 -0.613126 -0.937155 0.306521 0.166691 -0.236381 0.243961 0.234094 0.941107 0.381561 
1535123829254 0.249616 0.922571 -0.2942 -0.612745 -0.937042 0.306753 0.166896 -0.23622 0.24422 0.234018 0.941059 0.381706 
1535123829832 0.250416 0.922564 -0.293542 -0.611089 -0.936866 0.30736 0.166768 -0.235399 0.244077 0.233248 0.941287 0.382055 
1535123830335 0.250818 0.922511 -0.293366 -0.610455 -0.936721 0.307747 0.166868 -0.235192 0.24422 0.232949 0.941324 0.382314 
1535123830366 0.250922 0.9225 -0.293314 -0.610222 -0.936721 0.30781 0.166754 -0.235072 0.244115 0.232911 0.941361 0.382312 
1535123830641 0.251224 0.922459 -0.293183 -0.609746 -0.936437 0.308267 0.167501 -0.234857 0.244891 0.232467 0.941269 0.382562 
1535123831124 0.251801 0.922166 -0.293609 -0.609109 -0.936105 0.309063 0.167894 -0.234716 0.24557 0.232573 0.941066 0.38253 
1535123831585 0.252045 0.922165 -0.293402 -0.608184 -0.93582 0.309464 0.168741 -0.234237 0.246404 0.232041 0.940979 0.38281 
1535123831982 0.252319 0.922028 -0.293598 -0.607896 -0.935607 0.309892 0.169133 -0.234085 0.246929 0.232017 0.940848 0.382834 
1535123832007 0.252319 0.922028 -0.293598 -0.607896 -0.935607 0.309892 0.169133 -0.234085 0.246929 0.232017 0.940848 0.382834 
1535123832185 0.252624 0.921943 -0.293603 -0.607625 -0.935471 0.310233 0.16926 -0.234028 0.247133 0.231899 0.940823 0.382821 
1535123832389 0.252353 0.92218 -0.29309 -0.607578 -0.935608 0.309822 0.169258 -0.233791 0.246892 0.231504 0.940984 0.382966 
1535123832608 0.252961 0.922246 -0.292357 -0.606902 -0.935454 0.310256 0.169311 -0.233582 0.246852 0.230657 0.941202 0.38309 
1535123832841 0.252961 0.922246 -0.292357 -0.606902 -0.935454 0.310256 0.169311 -0.233582 0.246852 0.230657 0.941202 0.38309 
1535123832886 0.253431 0.922473 -0.291233 -0.606015 -0.935413 0.310417 0.169242 -0.233058 0.246525 0.229532 0.941563 0.383275 
1535123833051 0.253431 0.922473 -0.291233 -0.606015 -0.935413 0.310417 0.169242 -0.233058 0.246525 0.229532 0.941563 0.383275 
1535123833151 0.254037 0.922663 -0.290099 -0.605226 -0.935298 0.310742 0.169287 -0.232651 0.246341 0.228324 0.941905 0.38353 
1535123833353 0.254112 0.922647 -0.290086 -0.605175 -0.935288 0.310801 0.169232 -0.232668 0.2463 0.22831 0.941919 0.383512 
1535123833638 0.253953 0.9229 -0.28942 -0.604322 -0.935295 0.31056 0.169634 -0.2322 0.246437 0.227614 0.942051 0.383833 
1535123833978 0.254135 0.922863 -0.289376 -0.603991 -0.935277 0.310697 0.169482 -0.232153 0.246317 0.227576 0.942092 0.383811 
1535123834261 0.254083 0.923039 -0.288862 -0.603323 -0.935273 0.310569 0.169736 -0.23188 0.246385 0.227038 0.942204 0.384044 
1535123834495 0.254118 0.9232 -0.288316 -0.60265 -0.935306 0.310464 0.169752 -0.23159 0.246226 0.226526 0.942368 0.384152 
1535123834519 0.254461 0.923114 -0.288288 -0.602363 -0.935212 0.310786 0.169677 -0.231628 0.246227 0.226434 0.942391 0.38416 
1535123834767 0.254459 0.923113 -0.288292 -0.602364 -0.935212 0.310786 0.169678 -0.231626 0.246229 0.226438 0.942389 0.384159 
1535123835135 0.253992 0.923732 -0.286719 -0.601362 -0.935283 0.310101 0.170537 -0.231006 0.246443 0.224848 0.942714 0.384296 
1535123835458 0.25386 0.923928 -0.286204 -0.600931 -0.935297 0.3099 0.170827 -0.230767 0.246526 0.22432 0.942818 0.384324 
1535123835485 0.25386 0.923928 -0.286204 -0.600931 -0.935297 0.3099 0.170827 -0.230767 0.246526 0.22432 0.942818 0.384324 
1535123835762 0.25413 0.923943 -0.285913 -0.600599 -0.935152 0.310169 0.171131 -0.230753 0.246796 0.223883 0.942851 0.384355 
1535123836137 0.254699 0.924415 -0.283876 -0.60068 -0.935425 0.309948 0.170035 -0.230542 0.24517 0.222237 0.943665 0.384157 
1535123836671 0.256024 0.925332 -0.279665 -0.600154 -0.935656 0.309908 0.168837 -0.230174 0.2429 0.218444 0.945136 0.383861 
1535123837060 0.25631 0.925558 -0.278654 -0.600071 -0.935723 0.309866 0.168537 -0.230029 0.242336 0.217545 0.945488 0.383811 
1535123837607 0.257915 0.926535 -0.273886 -0.600345 -0.936204 0.309715 0.166129 -0.22995 0.23875 0.213566 0.947305 0.38333 
1535123838051 0.259123 0.927144 -0.270665 -0.600458 -0.936438 0.30979 0.16466 -0.229911 0.236513 0.210794 0.948487 0.383038 
1535123838097 0.259341 0.927347 -0.269759 -0.60055 -0.936579 0.30966 0.164105 -0.229787 0.235716 0.210092 0.948841 0.382916 
1535123838321 0.259341 0.927347 -0.269759 -0.60055 -0.936579 0.30966 0.164105 -0.229787 0.235716 0.210092 0.948841 0.382916 
1535123838409 0.259341 0.927347 -0.269759 -0.60055 -0.936579 0.30966 0.164105 -0.229787 0.235716 0.210092 0.948841 0.382916 
1535123838541 0.259341 0.927347 -0.269759 -0.60055 -0.936579 0.30966 0.164105 -0.229787 0.235716 0.210092 0.948841 0.382916 
1535123838623 0.259341 0.927347 -0.269759 -0.60055 -0.936579 0.30966 0.164105 -0.229787 0.235716 0.210092 0.948841 0.382916 
1535123838761 0.259341 0.927347 -0.269759 -0.60055 -0.936579 0.30966 0.164105 -0.229787 0.235716 0.210092 0.948841 0.382916 
1535123838839 0.259341 0.927347 -0.269759 -0.60055 -0.936579 0.30966 0.164105 -0.229787 0.235716 0.210092 0.948841 0.382916 
1535123838982 0.259341 0.927347 -0.269759 -0.60055 -0.936579 0.30966 0.164105 -0.229787 0.235716 0.210092 0.948841 0.382916 
1535123839088 0.259341 0.927347 -0.269759 -0.60055 -0.936579 0.30966 0.164105 -0.229787 0.235716 0.210092 0.948841 0.382916 
