1537347410349 0 0 0 0 0 0 0 0 0 0 0 0 
1537347410350 0 0 0 0 0 0 0 0 0 0 0 0 
1537347410360 0.275657 0.633204 -0.723233 -0.604483 -0.8825 0.464965 0.0707247 -0.181741 0.381061 0.618757 0.686973 0.426588 
1537347410363 0 0 0 0 0 0 0 0 0 0 0 0 
1537347410366 0 0 0 0 0 0 0 0 0 0 0 0 
1537347410370 0 0 0 0 0 0 0 0 0 0 0 0 
1537347410380 -0.17857 0.80438 -0.566644 -0.606955 -0.97468 -0.0658428 0.21369 -0.257392 0.134579 0.590455 0.795771 0.416439 
1537347410383 0 0 0 0 0 0 0 0 0 0 0 0 
1537347410387 0 0 0 0 0 0 0 0 0 0 0 0 
1537347410390 0 0 0 0 0 0 0 0 0 0 0 0 
1537347410400 -0.171198 0.757858 -0.629558 -0.616648 -0.973471 -0.0316588 0.226609 -0.259661 0.151806 0.651651 0.743172 0.425616 
1537347410410 -0.165187 0.706194 -0.688479 -0.62634 -0.971588 0.00344883 0.236652 -0.26193 0.169496 0.70801 0.68556 0.434793 
1537347410421 -0.160582 0.649759 -0.742985 -0.636032 -0.969045 0.0392278 0.243747 -0.264198 0.187523 0.759127 0.623347 0.44397 
1537347410430 -0.157416 0.588958 -0.792685 -0.645722 -0.96586 0.0754221 0.247844 -0.266466 0.205756 0.804637 0.556978 0.453146 
1537347410440 -0.15571 0.524225 -0.837223 -0.65541 -0.962055 0.111773 0.248913 -0.268731 0.224065 0.844213 0.486929 0.462322 
1537347410450 -0.155476 0.456025 -0.876281 -0.665092 -0.957658 0.148019 0.246945 -0.270993 0.24232 0.877571 0.413702 0.471496 
1537347410460 -0.156715 0.384847 -0.909579 -0.674765 -0.9527 0.183903 0.241954 -0.273247 0.260389 0.904474 0.337823 0.480667 
1537347410470 -0.158855 0.311424 -0.936899 -0.682265 -0.947283 0.219358 0.23353 -0.273928 0.278243 0.924607 0.26016 0.489145 
1537347425540 0.275657 0.633204 -0.723233 -0.604483 -0.8825 0.464965 0.0707247 -0.181741 0.381061 0.618757 0.686973 0.426588 
1537347425544 0 0 0 0 0 0 0 0 0 0 0 0 
1537347425547 0 0 0 0 0 0 0 0 0 0 0 0 
1537347425549 0 0 0 0 0 0 0 0 0 0 0 0 
1537347425549 0 0 0 0 0 0 0 0 0 0 0 0 
1537347425550 0 0 0 0 0 0 0 0 0 0 0 0 
1537347425553 0 0 0 0 0 0 0 0 0 0 0 0 
1537347425560 -0.162956 0.23462 -0.958331 -0.694792 -0.941756 0.252624 0.221985 -0.278735 0.29418 0.938688 0.179788 0.49549 
1537347425564 0.275657 0.633204 -0.723233 -0.604483 -0.8825 0.464965 0.0707247 -0.181741 0.381061 0.618757 0.686973 0.426588 
1537347425564 0 0 0 0 0 0 0 0 0 0 0 0 
1537347425567 0 0 0 0 0 0 0 0 0 0 0 0 
1537347425570 0 0 0 0 0 0 0 0 0 0 0 0 
1537347425573 0.17566 0.884621 -0.43196 -0.485376 -0.945708 0.273519 0.175566 -0.177541 0.273459 0.377668 0.88464 0.485333 
1537347425573 0 0 0 0 0 0 0 0 0 0 0 0 
1537347425577 0 0 0 0 0 0 0 0 0 0 0 0 
1537347425580 0 0 0 0 0 0 0 0 0 0 0 0 
1537347425584 0 0 0 0 0 0 0 0 0 0 0 0 
1537347425584 0.141324 0.842407 -0.519979 -0.507057 -0.9466 0.268745 0.178114 -0.189472 0.289786 0.46704 0.835403 0.480565 
1537347425587 0 0 0 0 0 0 0 0 0 0 0 0 
1537347425591 0 0 0 0 0 0 0 0 0 0 0 0 
1537347425593 0.10513 0.790478 -0.603401 -0.530994 -0.947267 0.264296 0.181197 -0.201744 0.302709 0.552532 0.776579 0.478123 
1537347425600 -0.162351 0.233624 -0.958677 -0.695491 -0.942259 0.251691 0.220906 -0.279734 0.292899 0.939187 0.179272 0.491994 
1537347425603 0.0677501 0.729735 -0.680365 -0.555309 -0.947733 0.26018 0.184685 -0.214039 0.311788 0.632292 0.709221 0.476114 
1537347425610 -0.161745 0.232629 -0.959022 -0.69619 -0.94276 0.250756 0.219828 -0.280733 0.291618 0.939684 0.178755 0.488498 
1537347425613 0.0296245 0.660957 -0.749839 -0.579624 -0.947994 0.256415 0.188568 -0.226334 0.316905 0.705257 0.63418 0.474105 
1537347425620 -0.161137 0.231634 -0.959365 -0.696889 -0.94326 0.249819 0.21875 -0.281731 0.290337 0.940179 0.178236 0.485002 
1537347425624 0 0 0 0 0 0 0 0 0 0 0 0 
1537347425625 -0.00882901 0.584902 -0.811056 -0.603939 -0.948048 0.253043 0.192805 -0.238629 0.318005 0.770622 0.552281 0.472096 
1537347425626 0 0 0 0 0 0 0 0 0 0 0 0 
1537347425627 0 0 0 0 0 0 0 0 0 0 0 0 
1537347425629 0 0 0 0 0 0 0 0 0 0 0 0 
1537347425630 0 0 0 0 0 0 0 0 0 0 0 0 
1537347425633 0 0 0 0 0 0 0 0 0 0 0 0 
1537347425640 -0.160528 0.230639 -0.959706 -0.697588 -0.943757 0.248881 0.217672 -0.28273 0.289056 0.940672 0.177715 0.481505 
1537347425643 -0.0471863 0.502407 -0.863343 -0.628253 -0.947893 0.250102 0.19735 -0.250923 0.315074 0.827669 0.464427 0.470087 
1537347425643 0 0 0 0 0 0 0 0 0 0 0 0 
1537347425647 0 0 0 0 0 0 0 0 0 0 0 0 
1537347425650 0 0 0 0 0 0 0 0 0 0 0 0 
1537347425653 -0.0850251 0.414381 -0.906123 -0.652566 -0.947532 0.247623 0.202152 -0.263217 0.308145 0.875769 0.371585 0.468078 
1537347425660 -0.159917 0.229645 -0.960047 -0.698287 -0.944252 0.247942 0.216594 -0.283728 0.287775 0.941163 0.177193 0.478009 
1537347425663 -0.121927 0.321792 -0.938927 -0.676875 -0.946969 0.245635 0.207156 -0.275508 0.297295 0.914392 0.274778 0.466067 
1537347425670 -0.159304 0.228652 -0.960386 -0.698985 -0.944745 0.247 0.215517 -0.284727 0.286494 0.941652 0.176669 0.474513 
1537347425680 -0.158691 0.227659 -0.960723 -0.699684 -0.945236 0.246058 0.21444 -0.285725 0.285213 0.94214 0.176144 0.471016 
1537347425690 -0.157404 0.22695 -0.961102 -0.69804 -0.945791 0.245325 0.212826 -0.284959 0.284083 0.942502 0.176033 0.466754 
1537347425692 0 0 0 0 0 0 0 0 0 0 0 0 
1537347425692 0 0 0 0 0 0 0 0 0 0 0 0 
1537347425702 0.275657 0.633204 -0.723233 -0.604483 -0.8825 0.464965 0.0707247 -0.181741 0.381061 0.618757 0.686973 0.426588 
1537347425705 0 0 0 0 0 0 0 0 0 0 0 0 
1537347425709 0 0 0 0 0 0 0 0 0 0 0 0 
1537347425716 0 0 0 0 0 0 0 0 0 0 0 0 
1537347425721 0 0 0 0 0 0 0 0 0 0 0 0 
1537347425721 0 0 0 0 0 0 0 0 0 0 0 0 
1537347425722 -0.157459 0.225674 -0.961394 -0.701081 -0.946211 0.244168 0.212287 -0.287721 0.282649 0.943108 0.175089 0.464024 
1537347425732 0.275657 0.633204 -0.723233 -0.604483 -0.8825 0.464965 0.0707247 -0.181741 0.381061 0.618757 0.686973 0.426588 
1537347425732 -0.157459 0.225674 -0.961394 -0.701081 -0.946211 0.244168 0.212287 -0.287721 0.282649 0.943108 0.175088 0.464024 
1537347425736 0 0 0 0 0 0 0 0 0 0 0 0 
1537347425738 0 0 0 0 0 0 0 0 0 0 0 0 
1537347425741 0 0 0 0 0 0 0 0 0 0 0 0 
1537347425743 -0.157459 0.225673 -0.961394 -0.701081 -0.946211 0.244168 0.212288 -0.287721 0.282649 0.943109 0.175088 0.464024 
1537347425752 -0.156885 0.225498 -0.961529 -0.70115 -0.946328 0.244241 0.211684 -0.287711 0.282579 0.943131 0.175077 0.464001 
1537347425752 -0.15746 0.225673 -0.961394 -0.701081 -0.946211 0.244167 0.212288 -0.287721 0.282649 0.943109 0.175088 0.464024 
1537347425762 -0.156312 0.225322 -0.961663 -0.701218 -0.946444 0.244313 0.211082 -0.287701 0.282508 0.943155 0.175066 0.463979 
1537347425762 -0.15746 0.225673 -0.961394 -0.701081 -0.946211 0.244167 0.212288 -0.287721 0.282649 0.943109 0.175088 0.464024 
1537347425767 0 0 0 0 0 0 0 0 0 0 0 0 
1537347425769 0 0 0 0 0 0 0 0 0 0 0 0 
1537347425772 -0.155738 0.225146 -0.961798 -0.701287 -0.946559 0.244385 0.210479 -0.287691 0.282438 0.943178 0.175054 0.463956 
1537347425772 0 0 0 0 0 0 0 0 0 0 0 0 
1537347425782 -0.155165 0.224971 -0.961931 -0.701356 -0.946675 0.244457 0.209876 -0.287681 0.282367 0.943201 0.175043 0.463934 
1537347425782 -0.157461 0.225673 -0.961394 -0.701081 -0.946211 0.244167 0.212289 -0.287721 0.282648 0.943109 0.175087 0.464024 
1537347425792 -0.154592 0.224795 -0.962065 -0.701424 -0.946789 0.244529 0.209273 -0.28767 0.282296 0.943225 0.175031 0.463911 
1537347425792 -0.157461 0.225672 -0.961394 -0.701081 -0.946211 0.244167 0.212289 -0.287721 0.282648 0.943109 0.175087 0.464024 
1537347425802 -0.154018 0.224619 -0.962198 -0.701493 -0.946904 0.244601 0.20867 -0.28766 0.282226 0.943248 0.175019 0.463889 
1537347425802 -0.157461 0.225672 -0.961394 -0.701081 -0.946211 0.244166 0.212289 -0.287721 0.282648 0.943109 0.175087 0.464024 
1537347425812 -0.153445 0.224443 -0.962331 -0.701562 -0.947018 0.244673 0.208067 -0.28765 0.282155 0.943271 0.175007 0.463866 
1537347425812 -0.156795 0.225952 -0.961437 -0.698734 -0.946277 0.244377 0.211755 -0.285958 0.2828 0.942988 0.175496 0.463279 
1537347425822 -0.152871 0.224266 -0.962463 -0.70163 -0.947132 0.244744 0.207464 -0.28764 0.282085 0.943295 0.174996 0.463844 
1537347425832 -0.151623 0.224372 -0.962636 -0.699346 -0.947308 0.245029 0.20632 -0.285856 0.282166 0.943196 0.175397 0.463072 
1537347425839 0 0 0 0 0 0 0 0 0 0 0 0 
1537347425839 0 0 0 0 0 0 0 0 0 0 0 0 
1537347425843 0 0 0 0 0 0 0 0 0 0 0 0 
1537347425853 0.275657 0.633204 -0.723233 -0.604483 -0.8825 0.464965 0.0707247 -0.181741 0.381061 0.618757 0.686973 0.426588 
1537347425858 0 0 0 0 0 0 0 0 0 0 0 0 
1537347425858 0 0 0 0 0 0 0 0 0 0 0 0 
1537347425862 0 0 0 0 0 0 0 0 0 0 0 0 
1537347425863 -0.156677 0.225683 -0.961519 -0.701192 -0.946454 0.243931 0.211476 -0.287767 0.282271 0.943168 0.17538 0.463977 
1537347425865 0 0 0 0 0 0 0 0 0 0 0 0 
1537347425866 0 0 0 0 0 0 0 0 0 0 0 0 
1537347425868 0 0 0 0 0 0 0 0 0 0 0 0 
1537347425869 0 0 0 0 0 0 0 0 0 0 0 0 
1537347425872 0 0 0 0 0 0 0 0 0 0 0 0 
1537347425873 0 0 0 0 0 0 0 0 0 0 0 0 
1537347425882 0.275657 0.633204 -0.723233 -0.604483 -0.8825 0.464965 0.0707247 -0.181741 0.381061 0.618757 0.686973 0.426588 
1537347425885 -0.155891 0.225694 -0.961644 -0.701302 -0.946696 0.243696 0.210662 -0.287812 0.281894 0.943226 0.175674 0.46393 
1537347425886 0 0 0 0 0 0 0 0 0 0 0 0 
1537347425889 0 0 0 0 0 0 0 0 0 0 0 0 
1537347425892 -0.15129 0.224267 -0.962713 -0.701796 -0.947577 0.24439 0.205842 -0.287741 0.281441 0.943386 0.175536 0.463737 
1537347425893 0 0 0 0 0 0 0 0 0 0 0 0 
1537347425902 -0.150856 0.224619 -0.962699 -0.701824 -0.947795 0.243893 0.205426 -0.287863 0.280939 0.943431 0.1761 0.463675 
1537347425903 -0.155105 0.225705 -0.961769 -0.701413 -0.946937 0.243461 0.209848 -0.287857 0.281517 0.943284 0.175967 0.463882 
1537347425912 -0.150422 0.224972 -0.962684 -0.701853 -0.948013 0.243397 0.20501 -0.287985 0.280436 0.943475 0.176664 0.463613 
1537347425913 -0.15432 0.225717 -0.961893 -0.701524 -0.947178 0.243226 0.209034 -0.287902 0.281139 0.943341 0.17626 0.463835 
1537347425922 -0.149989 0.225325 -0.962669 -0.701881 -0.94823 0.2429 0.204594 -0.288107 0.279933 0.943519 0.177228 0.463551 
1537347425923 -0.153534 0.225729 -0.962016 -0.701635 -0.947418 0.242991 0.20822 -0.287947 0.280762 0.943399 0.176552 0.463788 
1537347425932 -0.149556 0.225679 -0.962654 -0.701909 -0.948447 0.242404 0.204177 -0.288229 0.279429 0.943562 0.177791 0.46349 
1537347425933 -0.152748 0.225741 -0.962138 -0.701745 -0.947657 0.242755 0.207405 -0.287992 0.280384 0.943457 0.176844 0.463741 
1537347425942 -0.149123 0.226032 -0.962638 -0.701938 -0.948664 0.241907 0.203759 -0.288351 0.278925 0.943605 0.178354 0.463428 
1537347425943 -0.151962 0.225753 -0.962259 -0.701856 -0.947895 0.24252 0.20659 -0.288038 0.280006 0.943514 0.177136 0.463694 
1537347425952 -0.14869 0.226386 -0.962622 -0.701966 -0.94888 0.241411 0.203342 -0.288473 0.278421 0.943647 0.178917 0.463366 
1537347425953 -0.151175 0.225765 -0.96238 -0.701967 -0.948132 0.242285 0.205775 -0.288083 0.279627 0.943572 0.177428 0.463647 
1537347425962 -0.148258 0.226739 -0.962605 -0.701994 -0.949095 0.240915 0.202924 -0.288595 0.277917 0.943689 0.17948 0.463304 
1537347425963 -0.149718 0.226058 -0.96254 -0.699723 -0.948431 0.242263 0.20442 -0.286355 0.279398 0.943508 0.178129 0.462857 
1537347425972 -0.14716 0.22737 -0.962625 -0.699682 -0.949371 0.240631 0.20197 -0.286954 0.277559 0.94361 0.180447 0.462509 
1537347425988 0 0 0 0 0 0 0 0 0 0 0 0 
1537347425988 0 0 0 0 0 0 0 0 0 0 0 0 
1537347425991 0 0 0 0 0 0 0 0 0 0 0 0 
1537347426001 0.275657 0.633204 -0.723233 -0.604483 -0.8825 0.464965 0.0707247 -0.181741 0.381061 0.618757 0.686973 0.426588 
1537347426002 0.275657 0.633204 -0.723233 -0.604483 -0.8825 0.464965 0.0707247 -0.181741 0.381061 0.618757 0.686973 0.426588 
1537347426005 0 0 0 0 0 0 0 0 0 0 0 0 
1537347426005 0 0 0 0 0 0 0 0 0 0 0 0 
1537347426008 0 0 0 0 0 0 0 0 0 0 0 0 
1537347426008 0 0 0 0 0 0 0 0 0 0 0 0 
1537347426011 0 0 0 0 0 0 0 0 0 0 0 0 
1537347426012 0 0 0 0 0 0 0 0 0 0 0 0 
1537347426022 -0.149107 0.226042 -0.962638 -0.702139 -0.948644 0.241983 0.203761 -0.28821 0.279 0.943583 0.178353 0.463537 
1537347426022 -0.147118 0.227534 -0.962593 -0.702016 -0.949473 0.24028 0.201909 -0.28881 0.277233 0.94366 0.180687 0.463201 
1537347426025 0 0 0 0 0 0 0 0 0 0 0 0 
1537347426025 0 0 0 0 0 0 0 0 0 0 0 0 
1537347426028 0 0 0 0 0 0 0 0 0 0 0 0 
1537347426032 0 0 0 0 0 0 0 0 0 0 0 0 
1537347426035 -0.148611 0.226294 -0.962656 -0.70209 -0.948684 0.242151 0.203377 -0.288248 0.279131 0.94348 0.178695 0.463521 
1537347426038 0 0 0 0 0 0 0 0 0 0 0 0 
1537347426041 0 0 0 0 0 0 0 0 0 0 0 0 
1537347426042 -0.146843 0.22762 -0.962614 -0.70198 -0.94942 0.240638 0.201731 -0.288781 0.277559 0.943548 0.180771 0.463222 
1537347426052 -0.148116 0.226546 -0.962673 -0.702041 -0.948723 0.242319 0.202994 -0.288285 0.279261 0.943376 0.179038 0.463505 
1537347426052 -0.146568 0.227706 -0.962636 -0.701945 -0.949367 0.240995 0.201554 -0.288751 0.277886 0.943436 0.180854 0.463243 
1537347426061 -0.14762 0.226797 -0.96269 -0.701992 -0.948762 0.242487 0.202611 -0.288322 0.279391 0.943273 0.179381 0.463488 
1537347426062 -0.146293 0.227791 -0.962657 -0.70191 -0.949314 0.241353 0.201376 -0.288722 0.278212 0.943324 0.180937 0.463264 
1537347426071 -0.147124 0.227049 -0.962706 -0.701943 -0.948801 0.242655 0.202227 -0.28836 0.279521 0.943169 0.179723 0.463472 
1537347426072 -0.146018 0.227877 -0.962679 -0.701875 -0.94926 0.241711 0.201199 -0.288693 0.278538 0.943212 0.18102 0.463285 
1537347426081 -0.146628 0.2273 -0.962723 -0.701894 -0.948839 0.242824 0.201844 -0.288397 0.279651 0.943065 0.180066 0.463456 
1537347426082 -0.145744 0.227963 -0.9627 -0.701839 -0.949207 0.242068 0.201021 -0.288663 0.278864 0.943099 0.181104 0.463307 
1537347426091 -0.146132 0.227551 -0.962739 -0.701845 -0.948877 0.242992 0.201461 -0.288434 0.279781 0.942961 0.180409 0.46344 
1537347426092 -0.145469 0.228048 -0.962722 -0.701804 -0.949153 0.242426 0.200844 -0.288634 0.27919 0.942987 0.181187 0.463328 
1537347426102 -0.145636 0.227802 -0.962755 -0.701796 -0.948915 0.243161 0.201078 -0.288471 0.27991 0.942857 0.180752 0.463423 
1537347426102 -0.145193 0.228133 -0.962743 -0.701769 -0.949099 0.242783 0.200666 -0.288605 0.279516 0.942874 0.181271 0.463349 
1537347426112 -0.14448 0.228324 -0.962805 -0.699433 -0.949011 0.24354 0.200165 -0.286764 0.280184 0.942633 0.181495 0.462682 
1537347426112 -0.14426 0.228489 -0.962799 -0.69942 -0.949103 0.243351 0.199959 -0.286832 0.279987 0.942642 0.181754 0.462646 
1537347426155 0 0 0 0 0 0 0 0 0 0 0 0 
1537347426161 0 0 0 0 0 0 0 0 0 0 0 0 
1537347426161 0 0 0 0 0 0 0 0 0 0 0 0 
1537347426162 0 0 0 0 0 0 0 0 0 0 0 0 
1537347426172 0.275657 0.633204 -0.723233 -0.604483 -0.8825 0.464965 0.0707247 -0.181741 0.381061 0.618757 0.686973 0.426588 
1537347426175 0 0 0 0 0 0 0 0 0 0 0 0 
1537347426178 0 0 0 0 0 0 0 0 0 0 0 0 
1537347426182 0 0 0 0 0 0 0 0 0 0 0 0 
1537347426192 -0.110398 0.324018 -0.939588 -0.677433 -0.949304 0.245591 0.196232 -0.276251 0.294337 0.913618 0.280479 0.465497 
1537347426195 0 0 0 0 0 0 0 0 0 0 0 0 
1537347426198 0 0 0 0 0 0 0 0 0 0 0 0 
1537347426202 0 0 0 0 0 0 0 0 0 0 0 0 
1537347426212 -0.0748326 0.416193 -0.906192 -0.653058 -0.94945 0.248089 0.192346 -0.263875 0.304869 0.874777 0.376589 0.46757 
1537347426225 -0.0383633 0.503814 -0.86296 -0.628684 -0.949424 0.250955 0.18872 -0.251499 0.311644 0.826555 0.468706 0.469643 
1537347426225 0 0 0 0 0 0 0 0 0 0 0 0 
1537347426228 0 0 0 0 0 0 0 0 0 0 0 0 
1537347426232 0 0 0 0 0 0 0 0 0 0 0 0 
1537347426242 -0.00138776 0.585929 -0.810361 -0.604308 -0.949228 0.254157 0.185393 -0.239123 0.314586 0.769475 0.555827 0.471716 
1537347426252 0.0356917 0.661643 -0.748969 -0.579931 -0.948862 0.257662 0.182402 -0.226745 0.313666 0.704159 0.637004 0.473788 
1537347426262 0.0724709 0.730133 -0.679451 -0.555555 -0.948332 0.261429 0.17978 -0.214368 0.308892 0.631317 0.711355 0.47586 
1537347426272 0.108553 0.790654 -0.602563 -0.531179 -0.947643 0.265421 0.177553 -0.201991 0.300316 0.55174 0.77807 0.477933 
1537347426282 0.143525 0.842476 -0.519264 -0.50705 -0.946801 0.269608 0.175728 -0.18963 0.288044 0.466418 0.836352 0.480288 
1537347426292 0.176496 0.884093 -0.4327 -0.487598 -0.945761 0.274127 0.174327 -0.177839 0.272736 0.378463 0.884523 0.487728 
1537347439937 0 0 0 0 0 0 0 0 0 0 0 0 
1537347439937 0 0 0 0 0 0 0 0 0 0 0 0 
1537347439940 0 0 0 0 0 0 0 0 0 0 0 0 
1537347439951 0.275657 0.633204 -0.723233 -0.604483 -0.8825 0.464965 0.0707247 -0.181741 0.381061 0.618757 0.686973 0.426588 
1537347439961 -0.113875 0.314434 -0.942425 -0.680135 -0.949262 0.245462 0.196598 -0.277364 0.293146 0.916995 0.270528 0.465762 
1537347439964 0 0 0 0 0 0 0 0 0 0 0 0 
1537347439967 0 0 0 0 0 0 0 0 0 0 0 0 
1537347439970 0 0 0 0 0 0 0 0 0 0 0 0 
1537347439981 0 0 0 0 0 0 0 0 0 0 0 0 
1537347439981 0 0 0 0 0 0 0 0 0 0 0 0 
1537347439981 -0.0820931 0.397759 -0.91381 -0.658847 -0.94939 0.247721 0.193116 -0.266378 0.303184 0.883415 0.357292 0.4682 
1537347439990 0.275657 0.633204 -0.723233 -0.604483 -0.8825 0.464965 0.0707247 -0.181741 0.381061 0.618757 0.686973 0.426588 
1537347439991 -0.0494872 0.477579 -0.877194 -0.637477 -0.94938 0.250287 0.189826 -0.255329 0.310207 0.842184 0.441018 0.470611 
1537347439994 0 0 0 0 0 0 0 0 0 0 0 0 
1537347439995 0 0 0 0 0 0 0 0 0 0 0 0 
1537347439997 0 0 0 0 0 0 0 0 0 0 0 0 
1537347439997 0 0 0 0 0 0 0 0 0 0 0 0 
1537347440000 0 0 0 0 0 0 0 0 0 0 0 0 
1537347440000 0 0 0 0 0 0 0 0 0 0 0 0 
1537347440010 0.205643 0.915355 -0.346174 -0.461107 -0.944793 0.277906 0.173591 -0.166167 0.255101 0.291365 0.921971 0.484586 
1537347440010 -0.016359 0.553186 -0.832897 -0.616076 -0.949232 0.253134 0.186768 -0.244256 0.314152 0.793668 0.520961 0.473014 
1537347440013 0 0 0 0 0 0 0 0 0 0 0 0 
1537347440014 0 0 0 0 0 0 0 0 0 0 0 0 
1537347440017 0 0 0 0 0 0 0 0 0 0 0 0 
1537347440017 0 0 0 0 0 0 0 0 0 0 0 0 
1537347440020 0 0 0 0 0 0 0 0 0 0 0 0 
1537347440022 0 0 0 0 0 0 0 0 0 0 0 0 
1537347440030 0.202534 0.912318 -0.355887 -0.464094 -0.944884 0.277525 0.173707 -0.16746 0.257244 0.301091 0.918243 0.484952 
1537347440031 0.016995 0.623915 -0.781308 -0.59466 -0.948946 0.256234 0.183974 -0.233174 0.314982 0.738292 0.596416 0.475413 
1537347440040 0.1994 0.909176 -0.365566 -0.467093 -0.944973 0.277145 0.173828 -0.168755 0.259355 0.310789 0.91441 0.485328 
1537347440040 0.0502806 0.689143 -0.722879 -0.573238 -0.948524 0.25956 0.181471 -0.222087 0.312689 0.676543 0.666719 0.477812 
1537347440050 0.196243 0.905929 -0.375209 -0.470103 -0.945061 0.276766 0.173953 -0.170051 0.261434 0.320458 0.910472 0.485717 
1537347440051 0.0832033 0.748299 -0.658123 -0.551813 -0.94797 0.26308 0.17928 -0.210998 0.307295 0.608965 0.731254 0.48021 
1537347440060 0.193063 0.902576 -0.384816 -0.473125 -0.945148 0.276389 0.174081 -0.171349 0.263481 0.330099 0.906428 0.486118 
1537347440061 0.115477 0.800862 -0.587609 -0.530386 -0.947289 0.266767 0.177421 -0.199909 0.298845 0.536148 0.789454 0.482608 
1537347440070 0.189861 0.899118 -0.394385 -0.476158 -0.945233 0.276014 0.174213 -0.172647 0.265494 0.33971 0.902281 0.486532 
1537347440071 0.146767 0.846229 -0.512207 -0.509728 -0.946485 0.270613 0.17588 -0.188958 0.287445 0.458983 0.84066 0.485569 
1537347440080 0.186637 0.895556 -0.403913 -0.479198 -0.945317 0.275642 0.174348 -0.173945 0.267473 0.349287 0.898029 0.486954 
1537347440083 0 0 0 0 0 0 0 0 0 0 0 0 
1537347440095 0.183393 0.891891 -0.413397 -0.48224 -0.9454 0.275271 0.174485 -0.175242 0.269417 0.358827 0.893676 0.487381 
1537347440097 0 0 0 0 0 0 0 0 0 0 0 0 
1537347440100 0 0 0 0 0 0 0 0 0 0 0 0 
1537347440110 0.179738 0.887314 -0.424697 -0.488943 -0.945441 0.275072 0.174579 -0.176946 0.271729 0.370148 0.888344 0.491852 
1537347440142 0 0 0 0 0 0 0 0 0 0 0 0 
1537347440142 0 0 0 0 0 0 0 0 0 0 0 0 
1537347440152 0.275657 0.633204 -0.723233 -0.604483 -0.8825 0.464965 0.0707247 -0.181741 0.381061 0.618757 0.686973 0.426588 
1537347440162 0.176872 0.884297 -0.432128 -0.488126 -0.945564 0.274528 0.174765 -0.177805 0.273175 0.377693 0.884716 0.488036 
1537347440173 0.176873 0.884297 -0.432128 -0.488126 -0.945564 0.274529 0.174765 -0.177805 0.273175 0.377693 0.884716 0.488036 
1537347440182 0.176873 0.884297 -0.432128 -0.488126 -0.945564 0.274529 0.174765 -0.177805 0.273176 0.377693 0.884716 0.488036 
1537347440190 0 0 0 0 0 0 0 0 0 0 0 0 
1537347440191 0 0 0 0 0 0 0 0 0 0 0 0 
1537347440192 0.176874 0.884297 -0.432127 -0.488126 -0.945564 0.27453 0.174765 -0.177805 0.273176 0.377693 0.884716 0.488036 
1537347440201 0.275657 0.633204 -0.723233 -0.604483 -0.8825 0.464965 0.0707247 -0.181741 0.381061 0.618757 0.686973 0.426588 
1537347440202 0.176874 0.884297 -0.432127 -0.488126 -0.945564 0.27453 0.174765 -0.177805 0.273176 0.377693 0.884716 0.488036 
1537347440211 0.176872 0.884297 -0.432128 -0.488126 -0.945564 0.274528 0.174765 -0.177805 0.273175 0.377693 0.884716 0.488036 
1537347440212 0.176875 0.884297 -0.432127 -0.488126 -0.945563 0.274531 0.174765 -0.177805 0.273176 0.377692 0.884716 0.488036 
1537347440221 0.176873 0.884297 -0.432128 -0.488126 -0.945564 0.274529 0.174765 -0.177805 0.273175 0.377693 0.884716 0.488036 
1537347440222 0.176875 0.884297 -0.432127 -0.488126 -0.945563 0.274531 0.174765 -0.177805 0.273177 0.377692 0.884717 0.488036 
1537347440231 0.176873 0.884297 -0.432128 -0.488126 -0.945564 0.274529 0.174765 -0.177805 0.273176 0.377693 0.884716 0.488036 
1537347440232 0.176876 0.884297 -0.432127 -0.488126 -0.945563 0.274532 0.174765 -0.177805 0.273177 0.377692 0.884717 0.488036 
1537347440237 0 0 0 0 0 0 0 0 0 0 0 0 
1537347440242 0.176874 0.884297 -0.432127 -0.488126 -0.945564 0.27453 0.174765 -0.177805 0.273176 0.377693 0.884716 0.488036 
1537347440242 0 0 0 0 0 0 0 0 0 0 0 0 
1537347440242 0 0 0 0 0 0 0 0 0 0 0 0 
1537347440246 0 0 0 0 0 0 0 0 0 0 0 0 
1537347440248 0 0 0 0 0 0 0 0 0 0 0 0 
1537347440251 0.176874 0.884297 -0.432127 -0.488126 -0.945564 0.27453 0.174765 -0.177805 0.273176 0.377693 0.884716 0.488036 
1537347440252 0 0 0 0 0 0 0 0 0 0 0 0 
1537347440261 0.176875 0.884297 -0.432127 -0.488126 -0.945563 0.274531 0.174765 -0.177805 0.273176 0.377692 0.884716 0.488036 
1537347440262 0.17655 0.88359 -0.433703 -0.491227 -0.94553 0.274682 0.17471 -0.178141 0.273503 0.379234 0.883956 0.49147 
1537347440277 0.176875 0.884297 -0.432127 -0.488126 -0.945563 0.274531 0.174765 -0.177805 0.273177 0.377692 0.884717 0.488036 
1537347440281 0.176876 0.884297 -0.432127 -0.488126 -0.945563 0.274532 0.174765 -0.177805 0.273177 0.377692 0.884717 0.488036 
1537347440291 0.17655 0.88359 -0.433703 -0.491227 -0.94553 0.274682 0.17471 -0.178141 0.273503 0.379234 0.883956 0.49147 
1537347440346 0 0 0 0 0 0 0 0 0 0 0 0 
1537347440346 0 0 0 0 0 0 0 0 0 0 0 0 
1537347440350 0 0 0 0 0 0 0 0 0 0 0 0 
1537347440360 0.275657 0.633204 -0.723233 -0.604483 -0.8825 0.464965 0.0707247 -0.181741 0.381061 0.618757 0.686973 0.426588 
1537347440368 0 0 0 0 0 0 0 0 0 0 0 0 
1537347440368 0 0 0 0 0 0 0 0 0 0 0 0 
1537347440370 0.176877 0.884297 -0.432127 -0.488126 -0.945563 0.274533 0.174765 -0.177805 0.273177 0.377691 0.884717 0.488036 
1537347440371 0 0 0 0 0 0 0 0 0 0 0 0 
1537347440373 0 0 0 0 0 0 0 0 0 0 0 0 
1537347440376 0 0 0 0 0 0 0 0 0 0 0 0 
1537347440379 0 0 0 0 0 0 0 0 0 0 0 0 
1537347440382 0.275657 0.633204 -0.723233 -0.604483 -0.8825 0.464965 0.0707247 -0.181741 0.381061 0.618757 0.686973 0.426588 
1537347440383 0 0 0 0 0 0 0 0 0 0 0 0 
1537347440386 0 0 0 0 0 0 0 0 0 0 0 0 
1537347440389 0 0 0 0 0 0 0 0 0 0 0 0 
1537347440392 0.176877 0.884297 -0.432127 -0.488126 -0.945563 0.274533 0.174765 -0.177805 0.273177 0.377691 0.884717 0.488036 
1537347440393 0 0 0 0 0 0 0 0 0 0 0 0 
1537347440395 0 0 0 0 0 0 0 0 0 0 0 0 
1537347440396 0 0 0 0 0 0 0 0 0 0 0 0 
1537347440398 0 0 0 0 0 0 0 0 0 0 0 0 
1537347440400 0 0 0 0 0 0 0 0 0 0 0 0 
1537347440402 0 0 0 0 0 0 0 0 0 0 0 0 
1537347440410 0.176877 0.884297 -0.432127 -0.488126 -0.945563 0.274533 0.174765 -0.177805 0.273177 0.377691 0.884717 0.488036 
1537347440412 0.176877 0.884297 -0.432127 -0.488126 -0.945563 0.274533 0.174765 -0.177805 0.273177 0.377691 0.884717 0.488036 
1537347440420 0.176877 0.884297 -0.432127 -0.488126 -0.945563 0.274533 0.174765 -0.177805 0.273177 0.377691 0.884717 0.488036 
1537347440422 0.176877 0.884297 -0.432127 -0.488126 -0.945563 0.274533 0.174765 -0.177805 0.273177 0.377691 0.884717 0.488036 
1537347440433 0.176877 0.884297 -0.432127 -0.488126 -0.945563 0.274533 0.174765 -0.177805 0.273177 0.377691 0.884717 0.488036 
1537347440433 0.176877 0.884297 -0.432127 -0.488126 -0.945563 0.274533 0.174765 -0.177805 0.273177 0.377691 0.884717 0.488036 
1537347440440 0.176877 0.884297 -0.432127 -0.488126 -0.945563 0.274533 0.174765 -0.177805 0.273177 0.377691 0.884717 0.488036 
1537347440442 0.176877 0.884297 -0.432127 -0.488126 -0.945563 0.274533 0.174765 -0.177805 0.273177 0.377691 0.884717 0.488036 
1537347440450 0.176877 0.884297 -0.432127 -0.488126 -0.945563 0.274533 0.174765 -0.177805 0.273177 0.377691 0.884717 0.488036 
1537347440452 0.176877 0.884297 -0.432127 -0.488126 -0.945563 0.274533 0.174765 -0.177805 0.273177 0.377691 0.884717 0.488036 
1537347440460 0.176877 0.884297 -0.432127 -0.488126 -0.945563 0.274533 0.174765 -0.177805 0.273177 0.377691 0.884717 0.488036 
1537347440462 0.176877 0.884297 -0.432127 -0.488126 -0.945563 0.274533 0.174765 -0.177805 0.273177 0.377691 0.884717 0.488036 
1537347440470 0.176877 0.884297 -0.432127 -0.488126 -0.945563 0.274533 0.174765 -0.177805 0.273177 0.377691 0.884717 0.488036 
1537347440472 0.176877 0.884297 -0.432127 -0.488126 -0.945563 0.274533 0.174765 -0.177805 0.273177 0.377691 0.884717 0.488036 
1537347440480 0.176551 0.88359 -0.433703 -0.491227 -0.945529 0.274682 0.174711 -0.178141 0.273503 0.379234 0.883956 0.49147 
1537347440482 0.176551 0.88359 -0.433703 -0.491227 -0.945529 0.274682 0.174711 -0.178141 0.273503 0.379234 0.883956 0.49147 
1537347440548 0 0 0 0 0 0 0 0 0 0 0 0 
1537347440548 0 0 0 0 0 0 0 0 0 0 0 0 
1537347440551 0 0 0 0 0 0 0 0 0 0 0 0 
1537347440559 0.275657 0.633204 -0.723233 -0.604483 -0.8825 0.464965 0.0707247 -0.181741 0.381061 0.618757 0.686973 0.426588 
1537347440562 0 0 0 0 0 0 0 0 0 0 0 0 
1537347440565 0.275657 0.633204 -0.723233 -0.604483 -0.8825 0.464965 0.0707247 -0.181741 0.381061 0.618757 0.686973 0.426588 
1537347440565 0 0 0 0 0 0 0 0 0 0 0 0 
1537347440567 0 0 0 0 0 0 0 0 0 0 0 0 
1537347440571 0 0 0 0 0 0 0 0 0 0 0 0 
1537347440572 0.176877 0.884297 -0.432127 -0.488126 -0.945563 0.274533 0.174765 -0.177805 0.273177 0.377691 0.884717 0.488036 
1537347440581 0.176877 0.884297 -0.432127 -0.488126 -0.945563 0.274533 0.174765 -0.177805 0.273177 0.377691 0.884717 0.488036 
1537347440582 0.176877 0.884297 -0.432127 -0.488126 -0.945563 0.274533 0.174765 -0.177805 0.273177 0.377691 0.884717 0.488036 
1537347440593 0.176877 0.884297 -0.432127 -0.488126 -0.945563 0.274533 0.174765 -0.177805 0.273177 0.377691 0.884717 0.488036 
1537347440593 0.176877 0.884297 -0.432127 -0.488126 -0.945563 0.274533 0.174765 -0.177805 0.273177 0.377691 0.884717 0.488036 
1537347440601 0.176877 0.884297 -0.432127 -0.488126 -0.945563 0.274533 0.174765 -0.177805 0.273177 0.377691 0.884717 0.488036 
1537347440602 0.176877 0.884297 -0.432127 -0.488126 -0.945563 0.274533 0.174765 -0.177805 0.273177 0.377691 0.884717 0.488036 
1537347440611 0.176877 0.884297 -0.432127 -0.488126 -0.945563 0.274533 0.174765 -0.177805 0.273177 0.377691 0.884717 0.488036 
1537347440614 0 0 0 0 0 0 0 0 0 0 0 0 
1537347440616 0.176877 0.884297 -0.432127 -0.488126 -0.945563 0.274533 0.174765 -0.177805 0.273177 0.377691 0.884717 0.488036 
1537347440616 0 0 0 0 0 0 0 0 0 0 0 0 
1537347440617 0 0 0 0 0 0 0 0 0 0 0 0 
1537347440619 0 0 0 0 0 0 0 0 0 0 0 0 
1537347440621 0 0 0 0 0 0 0 0 0 0 0 0 
1537347440622 0 0 0 0 0 0 0 0 0 0 0 0 
1537347440631 0.176877 0.884297 -0.432127 -0.488126 -0.945563 0.274533 0.174765 -0.177805 0.273177 0.377691 0.884717 0.488036 
1537347440632 0.176877 0.884297 -0.432127 -0.488126 -0.945563 0.274533 0.174765 -0.177805 0.273177 0.377691 0.884717 0.488036 
1537347440641 0.176877 0.884297 -0.432127 -0.488126 -0.945563 0.274533 0.174765 -0.177805 0.273177 0.377691 0.884717 0.488036 
1537347440642 0.176877 0.884297 -0.432127 -0.488126 -0.945563 0.274533 0.174765 -0.177805 0.273177 0.377691 0.884717 0.488036 
1537347440651 0.176877 0.884297 -0.432127 -0.488126 -0.945563 0.274533 0.174765 -0.177805 0.273177 0.377691 0.884717 0.488036 
1537347440652 0.176877 0.884297 -0.432127 -0.488126 -0.945563 0.274533 0.174765 -0.177805 0.273177 0.377691 0.884717 0.488036 
1537347440661 0.176877 0.884297 -0.432127 -0.488126 -0.945563 0.274533 0.174765 -0.177805 0.273177 0.377691 0.884717 0.488036 
1537347440662 0.176551 0.88359 -0.433703 -0.491227 -0.945529 0.274682 0.174711 -0.178141 0.273503 0.379234 0.883956 0.49147 
1537347440671 0.176551 0.88359 -0.433703 -0.491227 -0.945529 0.274682 0.174711 -0.178141 0.273503 0.379234 0.883956 0.49147 
1537347440688 0 0 0 0 0 0 0 0 0 0 0 0 
1537347440688 0 0 0 0 0 0 0 0 0 0 0 0 
1537347440691 0 0 0 0 0 0 0 0 0 0 0 0 
1537347440700 0 0 0 0 0 0 0 0 0 0 0 0 
1537347440700 0 0 0 0 0 0 0 0 0 0 0 0 
1537347440701 0.275657 0.633204 -0.723233 -0.604483 -0.8825 0.464965 0.0707247 -0.181741 0.381061 0.618757 0.686973 0.426588 
1537347440703 0 0 0 0 0 0 0 0 0 0 0 0 
1537347440707 0 0 0 0 0 0 0 0 0 0 0 0 
1537347440710 0 0 0 0 0 0 0 0 0 0 0 0 
1537347440711 0.145976 0.845911 -0.512957 -0.508371 -0.945479 0.271885 0.179301 -0.187676 0.291138 0.458816 0.83948 0.48866 
1537347440713 0 0 0 0 0 0 0 0 0 0 0 0 
1537347440717 0 0 0 0 0 0 0 0 0 0 0 0 
1537347440720 0 0 0 0 0 0 0 0 0 0 0 0 
1537347440721 0.113434 0.799839 -0.589399 -0.529216 -0.9452 0.269673 0.184047 -0.197625 0.306153 0.536223 0.786598 0.489917 
1537347440730 0.275657 0.633204 -0.723233 -0.604483 -0.8825 0.464965 0.0707247 -0.181741 0.381061 0.618757 0.686973 0.426588 
1537347440731 0.0796163 0.746627 -0.660462 -0.550061 -0.944737 0.267893 0.188958 -0.207574 0.318014 0.608919 0.726695 0.491174 
1537347440740 0.145976 0.845911 -0.512957 -0.508371 -0.945479 0.271885 0.179301 -0.187676 0.291138 0.458816 0.83948 0.48866 
1537347440741 0.0448313 0.686757 -0.725503 -0.570905 -0.944094 0.266563 0.193988 -0.217523 0.326615 0.676246 0.660313 0.492431 
1537347440750 0.113434 0.799839 -0.589399 -0.529216 -0.9452 0.269673 0.184047 -0.197625 0.306153 0.536223 0.786598 0.489917 
1537347440751 0.00938891 0.620769 -0.783937 -0.591749 -0.943276 0.265693 0.199094 -0.227472 0.331878 0.7376 0.588051 0.493688 
1537347440761 -0.0263875 0.54926 -0.835235 -0.612592 -0.94229 0.265291 0.204228 -0.23742 0.333755 0.792423 0.510562 0.494944 
1537347440761 0.0796163 0.746627 -0.660462 -0.550061 -0.944737 0.267893 0.188958 -0.207574 0.318014 0.608919 0.726695 0.491174 
1537347440770 0.0448313 0.686757 -0.725503 -0.570905 -0.944094 0.266563 0.193988 -0.217523 0.326615 0.676246 0.660313 0.492431 
1537347440771 -0.0621763 0.472876 -0.878933 -0.633431 -0.941147 0.265362 0.209345 -0.247365 0.33223 0.840221 0.428546 0.4962 
1537347440780 0.00938891 0.620769 -0.783937 -0.591749 -0.943276 0.265693 0.199094 -0.227472 0.331878 0.7376 0.588051 0.493688 
1537347440781 -0.0976502 0.392307 -0.914637 -0.65426 -0.939856 0.265906 0.214395 -0.257303 0.327316 0.880562 0.342746 0.497452 
1537347440790 -0.0263875 0.54926 -0.835235 -0.612592 -0.94229 0.265291 0.204228 -0.23742 0.333755 0.792423 0.510562 0.494944 
1537347440791 -0.131969 0.308472 -0.942035 -0.673256 -0.938473 0.267091 0.21893 -0.265865 0.319143 0.912966 0.254245 0.498033 
1537347440800 -0.0621763 0.472876 -0.878933 -0.633431 -0.941147 0.265362 0.209345 -0.247365 0.33223 0.840221 0.428546 0.4962 
1537347440810 -0.0976502 0.392307 -0.914637 -0.65426 -0.939856 0.265906 0.214395 -0.257303 0.327316 0.880562 0.342746 0.497452 
1537347440816 0 0 0 0 0 0 0 0 0 0 0 0 
1537347440817 0 0 0 0 0 0 0 0 0 0 0 0 
1537347440819 0 0 0 0 0 0 0 0 0 0 0 0 
1537347440819 0 0 0 0 0 0 0 0 0 0 0 0 
1537347440820 0 0 0 0 0 0 0 0 0 0 0 0 
1537347440830 0.275657 0.633204 -0.723233 -0.604483 -0.8825 0.464965 0.0707247 -0.181741 0.381061 0.618757 0.686973 0.426588 
1537347440830 -0.131969 0.308472 -0.942035 -0.673256 -0.938473 0.267091 0.21893 -0.265865 0.319143 0.912966 0.254245 0.498033 
1537347440840 -0.166404 0.221582 -0.960839 -0.695844 -0.936856 0.268431 0.224154 -0.277113 0.307587 0.937468 0.162922 0.49992 
1537347440850 -0.166447 0.221594 -0.960829 -0.695847 -0.936832 0.268471 0.224207 -0.277109 0.307637 0.937454 0.16291 0.499925 
1537347440856 0 0 0 0 0 0 0 0 0 0 0 0 
1537347440856 0 0 0 0 0 0 0 0 0 0 0 0 
1537347440860 0 0 0 0 0 0 0 0 0 0 0 0 
1537347440860 -0.16649 0.221606 -0.960818 -0.695851 -0.936808 0.268511 0.22426 -0.277105 0.307688 0.937439 0.162897 0.499929 
1537347440870 -0.166534 0.221618 -0.960808 -0.695854 -0.936784 0.268551 0.224313 -0.277101 0.307738 0.937425 0.162885 0.499934 
1537347440871 0.275657 0.633204 -0.723233 -0.604483 -0.8825 0.464965 0.0707247 -0.181741 0.381061 0.618757 0.686973 0.426588 
1537347440873 0 0 0 0 0 0 0 0 0 0 0 0 
1537347440873 0 0 0 0 0 0 0 0 0 0 0 0 
1537347440876 0 0 0 0 0 0 0 0 0 0 0 0 
1537347440876 0 0 0 0 0 0 0 0 0 0 0 0 
1537347440879 0 0 0 0 0 0 0 0 0 0 0 0 
1537347440880 0 0 0 0 0 0 0 0 0 0 0 0 
1537347440890 -0.166577 0.22163 -0.960798 -0.695857 -0.93676 0.268591 0.224366 -0.277097 0.307788 0.937411 0.162873 0.499939 
1537347440890 -0.166404 0.221582 -0.960839 -0.695844 -0.936856 0.268431 0.224154 -0.277113 0.307587 0.937468 0.162922 0.49992 
1537347440893 0 0 0 0 0 0 0 0 0 0 0 0 
1537347440893 0 0 0 0 0 0 0 0 0 0 0 0 
1537347440896 0 0 0 0 0 0 0 0 0 0 0 0 
1537347440896 0 0 0 0 0 0 0 0 0 0 0 0 
1537347440899 0 0 0 0 0 0 0 0 0 0 0 0 
1537347440900 0 0 0 0 0 0 0 0 0 0 0 0 
1537347440910 -0.166621 0.221642 -0.960787 -0.695861 -0.936735 0.268631 0.22442 -0.277093 0.307838 0.937396 0.16286 0.499944 
1537347440910 -0.166447 0.221594 -0.960829 -0.695847 -0.936832 0.268471 0.224207 -0.277109 0.307637 0.937454 0.16291 0.499925 
1537347440920 -0.166664 0.221654 -0.960777 -0.695864 -0.936711 0.268671 0.224473 -0.27709 0.307889 0.937382 0.162848 0.499949 
1537347440920 -0.16649 0.221606 -0.960818 -0.695851 -0.936808 0.268511 0.22426 -0.277105 0.307688 0.937439 0.162897 0.499929 
1537347440930 -0.166708 0.221666 -0.960767 -0.695868 -0.936687 0.268712 0.224526 -0.277086 0.307939 0.937368 0.162835 0.499953 
1537347440930 -0.166534 0.221618 -0.960808 -0.695854 -0.936784 0.268551 0.224313 -0.277101 0.307738 0.937425 0.162885 0.499934 
1537347440940 -0.166577 0.22163 -0.960798 -0.695857 -0.93676 0.268591 0.224366 -0.277097 0.307788 0.937411 0.162873 0.499939 
1537347440941 -0.165942 0.22205 -0.960811 -0.693354 -0.936747 0.268982 0.223949 -0.27513 0.308169 0.937199 0.163369 0.498855 
1537347440950 -0.166621 0.221642 -0.960787 -0.695861 -0.936735 0.268631 0.22442 -0.277093 0.307838 0.937396 0.16286 0.499944 
1537347440955 0 0 0 0 0 0 0 0 0 0 0 0 
1537347440956 0 0 0 0 0 0 0 0 0 0 0 0 
1537347440960 0 0 0 0 0 0 0 0 0 0 0 0 
1537347440970 -0.166664 0.221654 -0.960777 -0.695864 -0.936711 0.268671 0.224473 -0.27709 0.307889 0.937382 0.162848 0.499949 
1537347440972 0 0 0 0 0 0 0 0 0 0 0 0 
1537347440972 0 0 0 0 0 0 0 0 0 0 0 0 
1537347440980 -0.166708 0.221666 -0.960767 -0.695868 -0.936687 0.268712 0.224526 -0.277086 0.307939 0.937368 0.162835 0.499953 
1537347440984 0.275657 0.633204 -0.723233 -0.604483 -0.8825 0.464965 0.0707247 -0.181741 0.381061 0.618757 0.686973 0.426588 
1537347440984 0 0 0 0 0 0 0 0 0 0 0 0 
1537347440986 0 0 0 0 0 0 0 0 0 0 0 0 
1537347440990 0 0 0 0 0 0 0 0 0 0 0 0 
1537347440995 -0.166134 0.221916 -0.960808 -0.695864 -0.936245 0.270402 0.224341 -0.277038 0.30959 0.936822 0.162845 0.499848 
1537347440995 0 0 0 0 0 0 0 0 0 0 0 0 
1537347440997 0 0 0 0 0 0 0 0 0 0 0 0 
1537347441000 0 0 0 0 0 0 0 0 0 0 0 0 
1537347441002 -0.165473 0.222141 -0.96087 -0.695855 -0.935848 0.272012 0.224049 -0.276997 0.311139 0.936303 0.16288 0.499733 
1537347441005 0 0 0 0 0 0 0 0 0 0 0 0 
1537347441010 -0.165942 0.22205 -0.960811 -0.693354 -0.936747 0.268982 0.223949 -0.27513 0.308169 0.937199 0.163369 0.498855 
1537347441012 0 0 0 0 0 0 0 0 0 0 0 0 
1537347441012 0 0 0 0 0 0 0 0 0 0 0 0 
1537347441023 -0.164811 0.222365 -0.960932 -0.695845 -0.935448 0.273622 0.223758 -0.276957 0.312688 0.93578 0.162915 0.499618 
1537347441029 0 0 0 0 0 0 0 0 0 0 0 0 
1537347441029 0 0 0 0 0 0 0 0 0 0 0 0 
1537347441032 0 0 0 0 0 0 0 0 0 0 0 0 
1537347441039 0 0 0 0 0 0 0 0 0 0 0 0 
1537347441039 0 0 0 0 0 0 0 0 0 0 0 0 
1537347441044 -0.164149 0.222588 -0.960994 -0.695835 -0.935046 0.27523 0.223467 -0.276917 0.314236 0.935255 0.162951 0.499504 
1537347441046 0 0 0 0 0 0 0 0 0 0 0 0 
1537347441049 0 0 0 0 0 0 0 0 0 0 0 0 
1537347441050 0.275657 0.633204 -0.723233 -0.604483 -0.8825 0.464965 0.0707247 -0.181741 0.381061 0.618757 0.686973 0.426588 
1537347441055 0 0 0 0 0 0 0 0 0 0 0 0 
1537347441055 0 0 0 0 0 0 0 0 0 0 0 0 
1537347441056 0 0 0 0 0 0 0 0 0 0 0 0 
1537347441059 0 0 0 0 0 0 0 0 0 0 0 0 
1537347441062 -0.163487 0.22281 -0.961055 -0.695825 -0.934641 0.276838 0.223175 -0.276876 0.315783 0.934728 0.162988 0.499389 
1537347441063 0 0 0 0 0 0 0 0 0 0 0 0 
1537347441066 0 0 0 0 0 0 0 0 0 0 0 0 
1537347441069 0 0 0 0 0 0 0 0 0 0 0 0 
1537347441072 -0.162824 0.223031 -0.961117 -0.695815 -0.934233 0.278445 0.222884 -0.276836 0.317329 0.934198 0.163025 0.499274 
1537347441080 -0.165364 0.222246 -0.960865 -0.695856 -0.935848 0.272065 0.223987 -0.277006 0.311198 0.936262 0.162999 0.499679 
1537347441082 -0.162161 0.22325 -0.961178 -0.695805 -0.933822 0.280052 0.222593 -0.276796 0.318874 0.933665 0.163063 0.499159 
1537347441090 -0.163932 0.222798 -0.960982 -0.695837 -0.935045 0.275335 0.223343 -0.276933 0.314352 0.935175 0.16319 0.499395 
1537347441092 -0.161498 0.223469 -0.961239 -0.695796 -0.933408 0.281657 0.222302 -0.276755 0.320418 0.93313 0.163101 0.499044 
1537347441100 -0.162498 0.223345 -0.961099 -0.695818 -0.93423 0.278602 0.222698 -0.27686 0.317503 0.934076 0.163383 0.499111 
1537347441103 -0.160038 0.224037 -0.961351 -0.693322 -0.933069 0.28349 0.221395 -0.274805 0.322134 0.932438 0.163672 0.497856 
1537347441110 -0.161062 0.223887 -0.961215 -0.6958 -0.933404 0.281867 0.222055 -0.276788 0.32065 0.932966 0.163579 0.498827 
1537347441121 -0.159624 0.224424 -0.961329 -0.695781 -0.932566 0.285128 0.221412 -0.276715 0.323792 0.931845 0.163776 0.498544 
1537347441129 0 0 0 0 0 0 0 0 0 0 0 0 
1537347441129 0 0 0 0 0 0 0 0 0 0 0 0 
1537347441130 -0.158184 0.224955 -0.961443 -0.695763 -0.931716 0.288387 0.220769 -0.276642 0.326931 0.930714 0.163976 0.49826 
1537347441139 0.275657 0.633204 -0.723233 -0.604483 -0.8825 0.464965 0.0707247 -0.181741 0.381061 0.618757 0.686973 0.426588 
1537347441140 -0.156742 0.225482 -0.961556 -0.695744 -0.930854 0.291642 0.220127 -0.27657 0.330065 0.929571 0.164178 0.497976 
1537347441150 -0.159396 0.224221 -0.961414 -0.695767 -0.932149 0.286523 0.221367 -0.276642 0.325102 0.931466 0.163337 0.498646 
1537347441150 -0.155299 0.226004 -0.961668 -0.695725 -0.92998 0.294895 0.219485 -0.276497 0.333195 0.928418 0.164382 0.497692 
1537347441160 -0.158622 0.224539 -0.961468 -0.695758 -0.931722 0.288178 0.221014 -0.27661 0.3267 0.930879 0.163497 0.498477 
1537347441160 -0.153077 0.226845 -0.961826 -0.69331 -0.929163 0.298368 0.218248 -0.274569 0.336487 0.927102 0.165103 0.496375 
1537347441170 -0.157847 0.224856 -0.961522 -0.69575 -0.931292 0.289832 0.220662 -0.276578 0.328297 0.930289 0.163657 0.498307 
1537347441179 -0.157071 0.225171 -0.961575 -0.695741 -0.93086 0.291486 0.22031 -0.276545 0.329893 0.929696 0.163818 0.498138 
1537347441189 -0.156295 0.225484 -0.961628 -0.695732 -0.930424 0.293138 0.219959 -0.276513 0.331487 0.9291 0.16398 0.497969 
1537347441200 -0.155518 0.225797 -0.961681 -0.695723 -0.929985 0.29479 0.219607 -0.276481 0.333081 0.928501 0.164142 0.4978 
1537347441210 -0.154741 0.226107 -0.961733 -0.695714 -0.929542 0.296442 0.219256 -0.276449 0.334673 0.9279 0.164305 0.497631 
1537347441220 -0.153963 0.226417 -0.961785 -0.695705 -0.929097 0.298092 0.218905 -0.276416 0.336264 0.927295 0.164468 0.497462 
1537347441229 -0.15241 0.227048 -0.961884 -0.693306 -0.928717 0.299965 0.21796 -0.274533 0.338019 0.926537 0.165145 0.496264 
