1535367210146 -0.107956 0.952161 -0.285893 -0.512676 -0.993743 -0.0950723 0.0586124 -0.262386 0.028628 0.290432 0.956467 0.365852 
1535367223990 -0.0727597 0.956071 -0.283962 -0.524965 -0.996096 -0.0553925 0.0687293 -0.260413 0.0499807 0.287855 0.956369 0.366451 
1535367225125 -0.00142897 0.95963 -0.281262 -0.549857 -0.995639 0.0248695 0.0899099 -0.256409 0.0932751 0.280164 0.95541 0.36789 
1535367226269 0.0706134 0.957457 -0.279802 -0.574761 -0.988243 0.105284 0.110869 -0.252455 0.135611 0.268683 0.953635 0.369275 
1535367227428 0.142031 0.949486 -0.279829 -0.599763 -0.9738 0.184747 0.132597 -0.248349 0.177596 0.253664 0.950849 0.370826 
1535367228603 0.212652 0.935697 -0.281514 -0.624723 -0.952569 0.262704 0.153619 -0.244313 0.217696 0.235494 0.947181 0.372267 
1535367228745 0.213698 0.935543 -0.281235 -0.625043 -0.952052 0.263963 0.154663 -0.244122 0.218929 0.234699 0.947094 0.372641 
1535367229066 0.21467 0.935716 -0.279915 -0.625164 -0.952089 0.2644 0.153683 -0.244209 0.217814 0.233513 0.947644 0.372292 
1535367229485 0.221164 0.935838 -0.274396 -0.626991 -0.950741 0.269564 0.153058 -0.243562 0.217205 0.227029 0.949358 0.371633 
1535367229835 0.225963 0.935903 -0.270235 -0.628207 -0.949646 0.273448 0.152963 -0.243187 0.217054 0.222064 0.950566 0.371373 
1535367230105 0.228314 0.935911 -0.268222 -0.628815 -0.949098 0.275361 0.152938 -0.242881 0.216994 0.219651 0.95114 0.371204 
1535367230491 0.233105 0.935836 -0.264336 -0.630056 -0.947998 0.279262 0.152686 -0.242493 0.216708 0.214998 0.952267 0.37085 
1535367230647 0.233784 0.935888 -0.263552 -0.630274 -0.947851 0.279766 0.152674 -0.242273 0.216619 0.214115 0.952487 0.370693 
1535367230889 0.2337 0.935376 -0.265437 -0.630506 -0.947524 0.280337 0.15365 -0.242325 0.218133 0.2156 0.951806 0.370986 
1535367231229 0.235073 0.933847 -0.269576 -0.631449 -0.946154 0.283357 0.156529 -0.24255 0.22256 0.218265 0.950172 0.3716 
1535367231467 0.235844 0.933079 -0.271554 -0.631958 -0.945465 0.284916 0.157859 -0.242611 0.224665 0.219515 0.949389 0.371854 
1535367231857 0.238025 0.93077 -0.27751 -0.633576 -0.943309 0.289589 0.16219 -0.242724 0.231325 0.223173 0.946933 0.372816 
1535367232105 0.238786 0.929991 -0.279459 -0.634104 -0.942557 0.291197 0.163677 -0.242694 0.233596 0.224323 0.946104 0.373045 
1535367232358 0.239383 0.929241 -0.281436 -0.634681 -0.94182 0.292679 0.165272 -0.242615 0.235948 0.225499 0.94524 0.373388 
1535367232619 0.239685 0.928944 -0.28216 -0.634927 -0.941478 0.293349 0.166031 -0.242601 0.237005 0.225852 0.944891 0.373546 
1535367232895 0.239425 0.928627 -0.283422 -0.635278 -0.941395 0.293469 0.166288 -0.242887 0.237595 0.226998 0.944468 0.373752 
1535367233229 0.239491 0.927725 -0.286305 -0.636238 -0.940707 0.294691 0.168008 -0.243116 0.240237 0.229093 0.943294 0.374287 
1535367233504 0.239235 0.926906 -0.289158 -0.637132 -0.940143 0.295567 0.169623 -0.243371 0.24269 0.23127 0.942134 0.374782 
1535367233526 0.239346 0.92683 -0.28931 -0.637191 -0.940058 0.295755 0.169767 -0.243427 0.24291 0.231335 0.942061 0.374851 
1535367233735 0.238872 0.926869 -0.289575 -0.637359 -0.940118 0.29541 0.170035 -0.243373 0.243144 0.231618 0.941931 0.374935 
1535367233979 0.238085 0.927179 -0.289231 -0.637437 -0.94034 0.294575 0.170255 -0.24391 0.243057 0.231441 0.941997 0.374861 
1535367234245 0.236769 0.927473 -0.28937 -0.637823 -0.940512 0.293499 0.171158 -0.244419 0.243674 0.231631 0.941791 0.374962 
1535367234325 0.236518 0.927547 -0.289338 -0.637964 -0.940507 0.293319 0.171494 -0.244558 0.243937 0.231563 0.941739 0.375054 
1535367234516 0.236712 0.927523 -0.289255 -0.637886 -0.940446 0.2935 0.171519 -0.244408 0.243984 0.231428 0.941761 0.375003 
1535367234561 0.237097 0.927455 -0.289158 -0.637774 -0.940376 0.293822 0.171349 -0.244335 0.243879 0.231291 0.941821 0.374949 
1535367234683 0.237536 0.92734 -0.289165 -0.637666 -0.94035 0.294162 0.17091 -0.244462 0.243554 0.231319 0.941899 0.374812 
1535367234767 0.238002 0.92732 -0.288846 -0.637595 -0.940262 0.294519 0.170783 -0.244368 0.243441 0.230945 0.94202 0.374774 
1535367234906 0.238501 0.927257 -0.288637 -0.637472 -0.940171 0.294923 0.170585 -0.244306 0.243301 0.230683 0.94212 0.374688 
1535367235060 0.239317 0.927185 -0.288193 -0.637287 -0.940018 0.295568 0.170314 -0.24434 0.243093 0.230148 0.942305 0.374598 
1535367235078 0.239322 0.927194 -0.28816 -0.637282 -0.940024 0.295559 0.170295 -0.244339 0.243065 0.230122 0.942318 0.374591 
1535367235289 0.239533 0.92717 -0.288061 -0.637216 -0.939998 0.295716 0.170167 -0.244193 0.242958 0.230016 0.942372 0.374607 
1535367235466 0.240115 0.927114 -0.287756 -0.637039 -0.940025 0.296048 0.169436 -0.24408 0.242276 0.229814 0.942596 0.374731 
1535367235706 0.241596 0.926982 -0.286943 -0.636619 -0.939825 0.297141 0.168628 -0.243927 0.241577 0.228937 0.942989 0.374719 
1535367235949 0.242863 0.927001 -0.285809 -0.636181 -0.939722 0.297932 0.167804 -0.243583 0.240707 0.227828 0.94348 0.374855 
1535367236199 0.244217 0.926934 -0.284869 -0.635791 -0.9396 0.298839 0.166874 -0.243345 0.239811 0.22691 0.943929 0.375003 
1535367236225 0.24451 0.926901 -0.284728 -0.635715 -0.939551 0.299068 0.166743 -0.243304 0.239707 0.226746 0.943995 0.375 
1535367236505 0.244595 0.926905 -0.284639 -0.635289 -0.939579 0.299085 0.16655 -0.243202 0.239507 0.226704 0.944056 0.375121 
1535367236848 0.244784 0.927002 -0.284161 -0.63426 -0.939488 0.299219 0.166823 -0.24268 0.239672 0.226131 0.944152 0.375499 
1535367237190 0.245369 0.926959 -0.283799 -0.633222 -0.93939 0.299661 0.166583 -0.242315 0.239459 0.225724 0.944303 0.375842 
1535367237402 0.245821 0.926895 -0.283615 -0.632842 -0.939234 0.300095 0.166678 -0.242253 0.239605 0.225408 0.944342 0.376079 
1535367237495 0.245959 0.926878 -0.283552 -0.632619 -0.939197 0.300216 0.166669 -0.242171 0.239609 0.225317 0.944362 0.376135 
1535367237790 0.245485 0.926933 -0.283781 -0.632152 -0.939287 0.299837 0.166847 -0.241817 0.239744 0.225594 0.944262 0.376252 
1535367238021 0.245679 0.926828 -0.283957 -0.631692 -0.939134 0.30015 0.167145 -0.241594 0.240144 0.225609 0.944156 0.376451 
1535367238343 0.24593 0.926576 -0.284561 -0.630698 -0.938971 0.30059 0.167269 -0.241423 0.240523 0.226058 0.943952 0.376713 
1535367238657 0.245775 0.926483 -0.284999 -0.629782 -0.938899 0.300627 0.167608 -0.240949 0.240964 0.226392 0.94376 0.376891 
1535367239013 0.245618 0.92645 -0.285242 -0.628823 -0.938871 0.300586 0.167837 -0.240475 0.241232 0.226581 0.943646 0.377226 
1535367239332 0.24592 0.926284 -0.285519 -0.628633 -0.938732 0.300981 0.167906 -0.240447 0.241465 0.226734 0.94355 0.377291 
1535367239612 0.245427 0.926449 -0.28541 -0.627838 -0.938814 0.300534 0.168248 -0.239941 0.241649 0.226654 0.943522 0.377487 
1535367239836 0.245833 0.926261 -0.285671 -0.627337 -0.938576 0.301093 0.168578 -0.239907 0.242161 0.226681 0.943384 0.377653 
1535367240146 0.245957 0.926163 -0.285881 -0.626507 -0.938411 0.301374 0.168995 -0.239613 0.242674 0.226708 0.943246 0.377791 
1535367240453 0.246078 0.926021 -0.286236 -0.625689 -0.938223 0.3017 0.169453 -0.239319 0.243274 0.226854 0.943056 0.378023 
1535367240685 0.246236 0.925915 -0.286444 -0.62521 -0.938114 0.301951 0.169609 -0.239126 0.243536 0.226953 0.942965 0.378134 
1535367240711 0.246207 0.92591 -0.286483 -0.625113 -0.938109 0.301942 0.169653 -0.239063 0.243585 0.226982 0.942945 0.37815 
1535367240989 0.246029 0.925846 -0.286843 -0.624698 -0.937958 0.302023 0.170345 -0.23888 0.244347 0.227137 0.942711 0.378296 
1535367241319 0.245868 0.925604 -0.28776 -0.62368 -0.937544 0.302462 0.171838 -0.238618 0.24609 0.227538 0.94216 0.378624 
1535367241676 0.246134 0.925169 -0.288929 -0.622242 -0.936757 0.303594 0.174119 -0.238256 0.248807 0.227799 0.941383 0.379143 
1535367241698 0.246096 0.925148 -0.28903 -0.622133 -0.936708 0.303631 0.174319 -0.238254 0.249029 0.227837 0.941315 0.379168 
1535367241944 0.246029 0.92507 -0.289336 -0.622034 -0.936749 0.303603 0.174144 -0.23814 0.248938 0.228191 0.941254 0.379178 
1535367242177 0.246032 0.925007 -0.289534 -0.621584 -0.936704 0.303684 0.174247 -0.237878 0.249106 0.228337 0.941174 0.379341 
1535367242407 0.245818 0.924978 -0.289807 -0.621168 -0.936703 0.303584 0.174425 -0.237678 0.24932 0.228586 0.941057 0.379567 
1535367242558 0.246265 0.924784 -0.290049 -0.620922 -0.936575 0.304064 0.174274 -0.237723 0.249359 0.228735 0.94101 0.379681 
1535367242781 0.245855 0.924792 -0.29037 -0.620531 -0.936634 0.30378 0.174458 -0.237405 0.249546 0.229079 0.940877 0.379821 
1535367242906 0.246113 0.924618 -0.290705 -0.620299 -0.936548 0.304105 0.174349 -0.237461 0.249611 0.229349 0.940794 0.379887 
1535367242921 0.246102 0.924615 -0.290727 -0.620308 -0.936547 0.304102 0.17436 -0.237447 0.249626 0.229369 0.940785 0.37989 
1535367242938 0.246072 0.924617 -0.290744 -0.620321 -0.936551 0.30408 0.174377 -0.237423 0.249642 0.229388 0.940776 0.379894 
1535367243129 0.245671 0.924732 -0.290718 -0.620136 -0.936577 0.303767 0.174785 -0.237219 0.24994 0.22934 0.940709 0.379985 
1535367243236 0.245782 0.924586 -0.291086 -0.619925 -0.936383 0.304093 0.175253 -0.237188 0.250554 0.229494 0.940508 0.380112 
1535367243378 0.245819 0.924484 -0.291378 -0.61967 -0.9363 0.304251 0.175423 -0.237218 0.250828 0.229695 0.940386 0.380199 
1535367243505 0.245892 0.924336 -0.291789 -0.619471 -0.936199 0.304473 0.175576 -0.237206 0.251133 0.229999 0.94023 0.380224 
1535367243761 0.245833 0.924171 -0.292361 -0.619041 -0.936027 0.304697 0.176106 -0.237022 0.251833 0.230365 0.939953 0.380416 
1535367243852 0.246018 0.924081 -0.292487 -0.618808 -0.935893 0.304976 0.176334 -0.237067 0.252148 0.230355 0.939871 0.380546 
1535367244026 0.245865 0.924011 -0.292837 -0.618642 -0.935801 0.305017 0.17675 -0.236919 0.25264 0.230581 0.939684 0.380675 
1535367244046 0.245939 0.923979 -0.292876 -0.618632 -0.935775 0.305102 0.176742 -0.236959 0.252663 0.230598 0.939673 0.380674 
1535367244248 0.246004 0.923983 -0.292809 -0.618542 -0.935874 0.305044 0.176316 -0.236829 0.252233 0.230658 0.939774 0.380621 
1535367244303 0.246126 0.923997 -0.292662 -0.618374 -0.935888 0.305091 0.176164 -0.236686 0.252063 0.23054 0.939848 0.380663 
1535367244501 0.246279 0.924015 -0.292476 -0.617966 -0.93594 0.305116 0.175841 -0.236504 0.251719 0.230434 0.939967 0.380764 
1535367244731 0.246633 0.92384 -0.292732 -0.617635 -0.935892 0.305461 0.175501 -0.236326 0.251553 0.230681 0.939951 0.380856 
1535367244796 0.246678 0.923827 -0.292734 -0.617474 -0.935904 0.305482 0.1754 -0.236269 0.251464 0.230703 0.939969 0.380887 
1535367245124 0.24702 0.923658 -0.292979 -0.61726 -0.93584 0.305829 0.175134 -0.236246 0.251365 0.23092 0.939942 0.380942 
1535367245341 0.246646 0.923888 -0.292571 -0.617217 -0.935941 0.305393 0.175354 -0.236013 0.251356 0.230579 0.940029 0.380964 
1535367245627 0.246816 0.923756 -0.292843 -0.616479 -0.936025 0.305489 0.17474 -0.235619 0.250877 0.23098 0.940058 0.381119 
1535367245881 0.247389 0.923625 -0.292773 -0.615956 -0.935935 0.305964 0.174389 -0.235386 0.250648 0.230875 0.940145 0.38132 
1535367246167 0.247607 0.923544 -0.292845 -0.615457 -0.935956 0.306113 0.174014 -0.235163 0.250353 0.231003 0.940192 0.381454 
1535367246186 0.247567 0.923555 -0.292842 -0.615385 -0.935972 0.306069 0.174007 -0.235091 0.250335 0.231014 0.940194 0.381473 
1535367246403 0.247458 0.923655 -0.292621 -0.61511 -0.935963 0.305959 0.174249 -0.234923 0.250475 0.230763 0.940218 0.381571 
1535367246593 0.247658 0.923675 -0.292388 -0.614719 -0.93583 0.306179 0.174577 -0.234968 0.250775 0.230391 0.94023 0.381662 
1535367246859 0.247441 0.923849 -0.292021 -0.614043 -0.935834 0.305952 0.17495 -0.234645 0.250971 0.229993 0.940275 0.381792 
1535367247164 0.247578 0.923971 -0.291517 -0.613011 -0.935646 0.306125 0.175652 -0.234486 0.251539 0.229269 0.9403 0.382014 
1535367247316 0.247636 0.924043 -0.29124 -0.612783 -0.935524 0.306225 0.176129 -0.23434 0.251936 0.228846 0.940297 0.382156 
1535367247335 0.247639 0.924049 -0.291219 -0.612761 -0.935519 0.306227 0.17615 -0.234323 0.251951 0.22882 0.940299 0.382168 
1535367247625 0.24788 0.924018 -0.291111 -0.612206 -0.935518 0.306379 0.175892 -0.233949 0.251718 0.22874 0.940381 0.382272 
1535367247959 0.24875 0.92382 -0.290997 -0.611167 -0.935366 0.307114 0.175416 -0.233472 0.251422 0.228554 0.940505 0.382546 
1535367247996 0.2491 0.923719 -0.291019 -0.611028 -0.93527 0.307454 0.175333 -0.233452 0.251433 0.228506 0.940514 0.382571 
1535367248011 0.249195 0.923696 -0.291013 -0.610985 -0.935245 0.307543 0.175313 -0.233418 0.251434 0.228481 0.94052 0.382581 
1535367248231 0.248812 0.923819 -0.29095 -0.610701 -0.93523 0.307272 0.175864 -0.233151 0.251867 0.228348 0.940436 0.382653 
1535367248479 0.248821 0.923822 -0.290932 -0.610025 -0.934979 0.307502 0.176794 -0.232893 0.252788 0.228025 0.940267 0.382904 
1535367248790 0.249312 0.923592 -0.29124 -0.608987 -0.934482 0.308358 0.177927 -0.23255 0.254138 0.227799 0.939958 0.383135 
1535367249029 0.249319 0.923631 -0.291111 -0.60828 -0.934265 0.308533 0.178763 -0.232207 0.254929 0.227406 0.939839 0.383315 
1535367249062 0.249448 0.923587 -0.29114 -0.608121 -0.934176 0.30871 0.178924 -0.232189 0.255129 0.227344 0.9398 0.38337 
1535367249335 0.249152 0.923692 -0.29106 -0.607756 -0.934226 0.308438 0.179131 -0.232006 0.255236 0.227285 0.939785 0.383535 
1535367249662 0.249177 0.923862 -0.290499 -0.606466 -0.934133 0.30843 0.179631 -0.231657 0.255553 0.226604 0.939863 0.38391 
1535367249921 0.249309 0.923832 -0.290483 -0.605811 -0.933994 0.308644 0.179983 -0.23143 0.25593 0.226438 0.939801 0.384101 
1535367250177 0.249209 0.923895 -0.290367 -0.60558 -0.933947 0.308592 0.180319 -0.231298 0.256201 0.22625 0.939772 0.38428 
1535367250193 0.249211 0.923895 -0.290367 -0.60558 -0.933946 0.308594 0.180319 -0.231298 0.256202 0.226249 0.939772 0.384279 
1535367250414 0.249061 0.924063 -0.289958 -0.605186 -0.934074 0.308294 0.18017 -0.231076 0.255881 0.225968 0.939927 0.384273 
1535367250673 0.248944 0.924297 -0.289314 -0.604521 -0.934166 0.308003 0.180189 -0.230711 0.255657 0.225411 0.940122 0.384328 
1535367250946 0.249039 0.924392 -0.288929 -0.603712 -0.934159 0.308003 0.180226 -0.230433 0.25559 0.225022 0.940233 0.384426 
1535367251118 0.249096 0.924491 -0.288562 -0.603364 -0.934187 0.307947 0.180174 -0.230368 0.255431 0.22469 0.940356 0.38448 
1535367251214 0.248888 0.924607 -0.288368 -0.603148 -0.934258 0.307698 0.180235 -0.230179 0.255377 0.224552 0.940404 0.384523 
1535367251230 0.248884 0.924614 -0.288351 -0.603124 -0.934261 0.307689 0.180234 -0.230174 0.25537 0.224538 0.940409 0.384526 
1535367251439 0.249753 0.924655 -0.287467 -0.603091 -0.934126 0.308259 0.17996 -0.230289 0.255015 0.223584 0.940732 0.384505 
1535367251492 0.25022 0.924728 -0.286823 -0.603012 -0.93412 0.308474 0.179619 -0.23022 0.254577 0.222983 0.940994 0.384424 
1535367251637 0.250235 0.92493 -0.286159 -0.602886 -0.934248 0.308244 0.179348 -0.230037 0.254091 0.222464 0.941248 0.38434 
1535367251831 0.250916 0.925184 -0.28474 -0.602633 -0.934248 0.308458 0.178982 -0.229832 0.253421 0.221108 0.941748 0.384263 
1535367252034 0.251547 0.925414 -0.28343 -0.602392 -0.934273 0.308637 0.178542 -0.229643 0.252703 0.21989 0.942226 0.384177 
1535367252183 0.252147 0.925536 -0.282498 -0.602223 -0.93424 0.308918 0.178229 -0.229522 0.252226 0.218981 0.942565 0.384108 
1535367252205 0.252136 0.92554 -0.282494 -0.602218 -0.934251 0.3089 0.178203 -0.229514 0.252196 0.218988 0.942572 0.38409 
1535367252431 0.252317 0.925685 -0.281858 -0.602359 -0.93433 0.308839 0.177892 -0.229489 0.251721 0.218463 0.942821 0.384107 
1535367252479 0.252606 0.925832 -0.281115 -0.602421 -0.934455 0.308796 0.177309 -0.229413 0.250966 0.2179 0.943152 0.38402 
1535367252675 0.253804 0.926042 -0.279337 -0.602346 -0.934503 0.309278 0.176217 -0.229419 0.249577 0.216316 0.943885 0.38393 
1535367252771 0.254126 0.926174 -0.278608 -0.602457 -0.934625 0.309265 0.175589 -0.229176 0.24879 0.215772 0.944217 0.383653 
1535367253014 0.255171 0.926504 -0.276548 -0.602472 -0.934743 0.309525 0.174498 -0.229009 0.247272 0.213975 0.945025 0.383623 
1535367253193 0.255655 0.926574 -0.275863 -0.602462 -0.934816 0.309682 0.173829 -0.229004 0.246495 0.213441 0.945348 0.383521 
1535367254278 0.24999 0.926121 -0.282497 -0.588226 -0.935942 0.305872 0.174511 -0.222517 0.248026 0.220775 0.943261 0.393196 
1535367256901 0.212492 0.919658 -0.330268 -0.472851 -0.944128 0.280365 0.173254 -0.171173 0.25193 0.275 0.92785 0.47355 
1535367257008 0.213325 0.919404 -0.330438 -0.472501 -0.943803 0.28133 0.173464 -0.171258 0.252445 0.274864 0.927751 0.474081 
1535367257032 0.213295 0.919402 -0.330461 -0.472496 -0.943813 0.281303 0.173454 -0.171243 0.252434 0.274896 0.927744 0.474088 
1535367257049 0.213329 0.919392 -0.330469 -0.472501 -0.943806 0.281335 0.173436 -0.171253 0.252428 0.274899 0.927745 0.474094 
1535367257066 0.213353 0.919386 -0.330469 -0.472504 -0.943799 0.281359 0.173436 -0.171256 0.252435 0.274893 0.927745 0.474097 
1535367257088 0.213363 0.919385 -0.330466 -0.472504 -0.943796 0.281369 0.173439 -0.171255 0.25244 0.274887 0.927745 0.474101 
1535367257103 0.213371 0.919386 -0.330458 -0.472503 -0.943794 0.281375 0.173437 -0.171256 0.252438 0.274878 0.927748 0.474105 
1535367257124 0.213378 0.919386 -0.330453 -0.472502 -0.943793 0.28138 0.173436 -0.171256 0.252438 0.274871 0.92775 0.474108 
1535367257142 0.213383 0.919386 -0.33045 -0.472502 -0.943791 0.281385 0.173437 -0.171255 0.252439 0.274868 0.927751 0.47411 
1535367257344 0.213437 0.919389 -0.330407 -0.472497 -0.94378 0.281427 0.173432 -0.171256 0.252437 0.274815 0.927767 0.474135 
1535367257369 0.213441 0.919388 -0.330406 -0.472497 -0.943779 0.28143 0.173432 -0.171256 0.252438 0.274813 0.927768 0.474136 
1535367257392 0.213445 0.919388 -0.330405 -0.472496 -0.943778 0.281434 0.173432 -0.171256 0.252439 0.27481 0.927768 0.474137 
1535367257421 0.213448 0.919388 -0.330403 -0.472496 -0.943777 0.281437 0.173433 -0.171256 0.252439 0.274808 0.927769 0.474138 
1535367257433 0.213451 0.919388 -0.330402 -0.472496 -0.943776 0.281439 0.173432 -0.171256 0.25244 0.274806 0.927769 0.474139 
1535367257449 0.213456 0.919388 -0.330398 -0.472496 -0.943775 0.281444 0.173432 -0.171256 0.252439 0.274801 0.927771 0.474141 
1535367257470 0.213463 0.919388 -0.330392 -0.472495 -0.943774 0.281448 0.173431 -0.171256 0.252438 0.274794 0.927773 0.474145 
1535367257492 0.213471 0.919389 -0.330386 -0.472494 -0.943772 0.281455 0.173429 -0.171256 0.252438 0.274786 0.927776 0.474148 
