1535391678782 0.428872 0.846975 0.314168 -0.547706 -0.903073 0.393124 0.172953 -0.215236 0.0229802 -0.357891 0.933481 0.339011 
1535391683178 0.428872 0.846975 0.314168 -0.547706 -0.903073 0.393124 0.172953 -0.215236 0.0229802 -0.357891 0.933481 0.339011 
1535391684157 0.428873 0.846974 0.31417 -0.547706 -0.903073 0.393126 0.17295 -0.215236 0.0229762 -0.357892 0.93348 0.339011 
1535391685238 0.417063 0.871545 0.257815 -0.555955 -0.907652 0.384666 0.167928 -0.217361 0.0471838 -0.304043 0.951489 0.342246 
1535391686269 0.392221 0.90934 0.138792 -0.572669 -0.914843 0.369857 0.162077 -0.222472 0.0960495 -0.190543 0.976969 0.348857 
1535391687362 0.377015 0.922872 0.0785262 -0.581014 -0.918612 0.361742 0.159041 -0.225021 0.118369 -0.132096 0.984144 0.352185 
1535391688431 0.360506 0.93258 0.0181604 -0.589309 -0.922345 0.353513 0.155912 -0.227702 0.13898 -0.0729573 0.987604 0.355442 
1535391689525 0.342225 0.938658 -0.0424591 -0.597736 -0.925985 0.344585 0.154317 -0.230116 0.159482 -0.0134948 0.987109 0.358841 
1535391690589 0.322889 0.940805 -0.103093 -0.606102 -0.929414 0.335762 0.153147 -0.232647 0.178696 0.046366 0.982811 0.362158 
1535391691637 0.302328 0.939123 -0.163234 -0.614452 -0.932729 0.326767 0.152445 -0.235121 0.196504 0.106164 0.974739 0.365437 
1535391692711 0.280658 0.933567 -0.222897 -0.622825 -0.935834 0.317746 0.152484 -0.237738 0.213179 0.165798 0.962842 0.368793 
1535391692742 0.280658 0.933567 -0.222897 -0.622825 -0.935834 0.317746 0.152484 -0.237738 0.213179 0.165798 0.962842 0.368793 
1535391693325 0.279757 0.933391 -0.224761 -0.623223 -0.936128 0.317157 0.151907 -0.237823 0.213073 0.167908 0.9625 0.369049 
1535391693800 0.278467 0.93315 -0.227349 -0.623869 -0.936555 0.316291 0.151077 -0.237822 0.212886 0.170855 0.962023 0.369353 
1535391694241 0.277028 0.932924 -0.230017 -0.624492 -0.936982 0.315326 0.150446 -0.237913 0.212885 0.173844 0.961487 0.369682 
1535391694685 0.275802 0.932619 -0.232713 -0.625163 -0.937406 0.31452 0.149491 -0.237989 0.212611 0.176917 0.960987 0.370099 
1535391695128 0.274315 0.932346 -0.235548 -0.625812 -0.937831 0.313542 0.148879 -0.238021 0.212661 0.180065 0.960392 0.370416 
1535391695578 0.273056 0.93207 -0.238088 -0.626448 -0.938247 0.312685 0.148055 -0.238086 0.212444 0.182958 0.959893 0.370795 
1535391696044 0.271639 0.931823 -0.240661 -0.627102 -0.938717 0.31167 0.147214 -0.238109 0.212184 0.185924 0.95938 0.3712 
1535391696481 0.270343 0.931503 -0.243346 -0.627719 -0.939086 0.310843 0.146608 -0.238178 0.212208 0.188889 0.958795 0.37153 
1535391696910 0.268974 0.931193 -0.246035 -0.628404 -0.939524 0.309901 0.145793 -0.238218 0.212007 0.191941 0.958233 0.371951 
1535391696942 0.268974 0.931193 -0.246035 -0.628404 -0.939524 0.309901 0.145793 -0.238218 0.212007 0.191941 0.958233 0.371951 
1535391697288 0.267695 0.930558 -0.249802 -0.628894 -0.939614 0.309507 0.146052 -0.238405 0.213225 0.19562 0.957219 0.37222 
1535391697668 0.265912 0.929823 -0.2544 -0.62948 -0.939669 0.308926 0.146923 -0.238441 0.215204 0.199984 0.955873 0.372609 
1535391698014 0.26407 0.929006 -0.25926 -0.630097 -0.939767 0.308315 0.14758 -0.238637 0.217036 0.204672 0.954466 0.372932 
1535391698357 0.262555 0.928157 -0.263798 -0.630669 -0.939774 0.307975 0.148245 -0.238819 0.218837 0.208988 0.953118 0.37332 
1535391698729 0.260758 0.92729 -0.268586 -0.631273 -0.939849 0.307423 0.148916 -0.238998 0.220658 0.213599 0.951675 0.373637 
1535391699071 0.258922 0.926434 -0.273274 -0.631875 -0.939923 0.306836 0.149652 -0.239156 0.222493 0.218108 0.950224 0.374003 
1535391699414 0.257282 0.925501 -0.277946 -0.632456 -0.93998 0.306407 0.150173 -0.239349 0.22415 0.222627 0.948786 0.374321 
1535391699806 0.255585 0.924557 -0.282614 -0.633063 -0.939996 0.305988 0.150928 -0.239559 0.226018 0.227081 0.947286 0.374739 
1535391700146 0.253693 0.923617 -0.287352 -0.633654 -0.940137 0.305328 0.151384 -0.239755 0.227558 0.231745 0.945786 0.375025 
1535391700169 0.253693 0.923617 -0.287352 -0.633654 -0.940137 0.305328 0.151384 -0.239755 0.227558 0.231745 0.945786 0.375025 
1535391700410 0.253292 0.923447 -0.288253 -0.633772 -0.940151 0.305188 0.151577 -0.239805 0.227944 0.232609 0.945481 0.375157 
1535391700667 0.252502 0.923083 -0.290104 -0.634113 -0.940171 0.304936 0.151966 -0.23995 0.22874 0.234376 0.944852 0.375282 
1535391700917 0.251611 0.92272 -0.292027 -0.634421 -0.940282 0.304533 0.152085 -0.2401 0.229263 0.236321 0.944241 0.375319 
1535391701200 0.250785 0.922389 -0.293776 -0.634728 -0.940328 0.304214 0.15244 -0.240258 0.22998 0.238016 0.943641 0.375608 
1535391701462 0.249661 0.922034 -0.295843 -0.635051 -0.940493 0.303622 0.1526 -0.240387 0.230527 0.240141 0.942969 0.3757 
1535391701710 0.248971 0.921632 -0.297672 -0.635348 -0.940482 0.30347 0.152969 -0.240479 0.231316 0.24187 0.942333 0.375756 
1535391701967 0.248182 0.921273 -0.299435 -0.635664 -0.940501 0.30321 0.153368 -0.240664 0.232086 0.243556 0.941709 0.376007 
1535391702230 0.247195 0.920939 -0.301274 -0.635953 -0.940635 0.302709 0.153536 -0.240757 0.232595 0.245436 0.941096 0.376138 
1535391702480 0.246334 0.920553 -0.303152 -0.636282 -0.940684 0.302391 0.153863 -0.240884 0.233309 0.247268 0.940439 0.376305 
1535391702500 0.246334 0.920553 -0.303152 -0.636282 -0.940684 0.302391 0.153863 -0.240884 0.233309 0.247268 0.940439 0.376305 
1535391702516 0.246154 0.920498 -0.303467 -0.636328 -0.940719 0.302285 0.153856 -0.240893 0.233358 0.247605 0.940338 0.376316 
1535391702535 0.246154 0.920498 -0.303467 -0.636328 -0.940719 0.302285 0.153856 -0.240893 0.233358 0.247605 0.940338 0.376316 
1535391702691 0.245952 0.920432 -0.303831 -0.636445 -0.940696 0.302234 0.154097 -0.241017 0.233664 0.247911 0.940181 0.376384 
1535391702783 0.245786 0.920673 -0.303233 -0.636478 -0.940757 0.301957 0.154266 -0.241145 0.233592 0.247352 0.940347 0.376281 
1535391702872 0.245353 0.920754 -0.303339 -0.636586 -0.940916 0.301515 0.154164 -0.241269 0.233409 0.247592 0.940329 0.376173 
1535391702972 0.244831 0.920889 -0.303349 -0.636734 -0.941046 0.301026 0.154326 -0.241298 0.233433 0.247682 0.940299 0.376168 
1535391703071 0.24447 0.920989 -0.303339 -0.636883 -0.941068 0.300757 0.154713 -0.241385 0.23372 0.24764 0.940239 0.376221 
1535391703180 0.24437 0.920957 -0.303515 -0.637003 -0.941089 0.300697 0.154703 -0.241646 0.233741 0.24783 0.940184 0.376092 
1535391703283 0.243819 0.921145 -0.303389 -0.637107 -0.941218 0.300167 0.154949 -0.241662 0.233797 0.247775 0.940184 0.376162 
1535391703398 0.243377 0.921263 -0.303383 -0.637248 -0.941312 0.299766 0.155151 -0.241731 0.233879 0.247818 0.940153 0.376193 
1535391703563 0.243227 0.921299 -0.303396 -0.637293 -0.941342 0.299636 0.155224 -0.241817 0.233916 0.247844 0.940136 0.376188 
1535391703666 0.243135 0.921321 -0.303403 -0.637357 -0.941325 0.299593 0.15541 -0.241821 0.23408 0.247815 0.940103 0.376113 
1535391703779 0.243438 0.921341 -0.303097 -0.637285 -0.941244 0.299832 0.155438 -0.241669 0.23409 0.247448 0.940197 0.376201 
1535391703875 0.24379 0.921246 -0.303103 -0.637323 -0.941133 0.300188 0.155421 -0.241834 0.234169 0.24737 0.940198 0.376139 
1535391703987 0.243948 0.921281 -0.302871 -0.637312 -0.9411 0.30029 0.155421 -0.241916 0.234136 0.247117 0.940273 0.376119 
1535391704075 0.244079 0.921306 -0.302688 -0.637372 -0.941059 0.300392 0.155474 -0.241933 0.234165 0.246899 0.940323 0.376074 
1535391704192 0.244018 0.921368 -0.30255 -0.63742 -0.941053 0.300334 0.155624 -0.241891 0.234253 0.24674 0.940343 0.376032 
1535391704279 0.244317 0.921312 -0.30248 -0.637472 -0.940955 0.300628 0.155648 -0.242003 0.234335 0.246592 0.940361 0.37595 
1535391704391 0.244516 0.921253 -0.302497 -0.637505 -0.940852 0.300874 0.155796 -0.242073 0.234541 0.246511 0.940331 0.375908 
1535391704424 0.244635 0.921366 -0.302057 -0.63749 -0.940827 0.300907 0.155886 -0.242137 0.234519 0.246048 0.940458 0.375901 
1535391704438 0.244635 0.921366 -0.302057 -0.63749 -0.940827 0.300907 0.155886 -0.242137 0.234519 0.246048 0.940458 0.375901 
1535391704701 0.244916 0.921197 -0.302343 -0.637356 -0.940711 0.301267 0.155885 -0.241904 0.234687 0.246239 0.940366 0.376023 
1535391704823 0.244916 0.921197 -0.302343 -0.637356 -0.940711 0.301267 0.155885 -0.241904 0.234687 0.246239 0.940366 0.376023 
1535391704925 0.24584 0.921006 -0.302177 -0.63704 -0.940537 0.302048 0.155427 -0.241782 0.234422 0.245999 0.940495 0.376047 
1535391705070 0.246446 0.920836 -0.302203 -0.636878 -0.940387 0.30262 0.155223 -0.241754 0.234388 0.245933 0.940521 0.376046 
1535391705165 0.246947 0.920737 -0.302095 -0.63665 -0.940314 0.303017 0.154889 -0.241737 0.234152 0.245814 0.940611 0.376129 
1535391705307 0.24744 0.920711 -0.301771 -0.636562 -0.940189 0.303427 0.154846 -0.241586 0.234134 0.245406 0.940721 0.376257 
1535391705395 0.247865 0.92062 -0.301698 -0.636338 -0.940119 0.303775 0.154587 -0.241517 0.233964 0.245315 0.940787 0.376313 
1535391705542 0.248412 0.920509 -0.301587 -0.636187 -0.93999 0.304261 0.154416 -0.241458 0.233902 0.24513 0.940851 0.376369 
1535391705572 0.248705 0.920492 -0.301396 -0.636025 -0.939919 0.3045 0.154373 -0.241359 0.233874 0.244895 0.94092 0.376443 
1535391705587 0.248705 0.920492 -0.301396 -0.636025 -0.939919 0.3045 0.154373 -0.241359 0.233874 0.244895 0.94092 0.376443 
1535391705727 0.249025 0.92035 -0.301568 -0.635986 -0.939868 0.304799 0.154099 -0.241448 0.233742 0.245059 0.940909 0.376375 
1535391705910 0.24881 0.920428 -0.301506 -0.635595 -0.939918 0.304591 0.154202 -0.24125 0.233767 0.245024 0.940912 0.376642 
1535391706103 0.248904 0.920331 -0.301725 -0.635251 -0.939942 0.304665 0.153908 -0.241044 0.233571 0.245295 0.94089 0.376778 
1535391706304 0.249224 0.920198 -0.301867 -0.634878 -0.93984 0.305012 0.153844 -0.240892 0.23364 0.245365 0.940855 0.376947 
1535391706513 0.249375 0.920145 -0.301902 -0.634485 -0.939846 0.305114 0.153608 -0.240763 0.233456 0.245436 0.940882 0.37704 
1535391706711 0.249825 0.920004 -0.301961 -0.634059 -0.939746 0.305531 0.15339 -0.240672 0.233378 0.245446 0.940899 0.377198 
1535391706914 0.250109 0.919891 -0.302071 -0.633668 -0.939694 0.305795 0.153182 -0.240589 0.233282 0.245542 0.940898 0.377403 
1535391707104 0.250311 0.919829 -0.302089 -0.633287 -0.939645 0.305985 0.1531 -0.240391 0.233261 0.245534 0.940905 0.377541 
1535391707333 0.250598 0.919759 -0.302065 -0.632774 -0.939569 0.306254 0.153031 -0.240108 0.233261 0.245462 0.940924 0.377806 
1535391707344 0.250598 0.919759 -0.302065 -0.632774 -0.939569 0.306254 0.153031 -0.240108 0.233261 0.245462 0.940924 0.377806 
1535391707533 0.250741 0.919641 -0.302306 -0.632677 -0.939564 0.306395 0.152777 -0.240189 0.233125 0.245728 0.940888 0.377767 
1535391707733 0.250685 0.919646 -0.302337 -0.632246 -0.939472 0.306459 0.153216 -0.239948 0.233559 0.245629 0.940807 0.377957 
1535391707941 0.250875 0.919584 -0.30237 -0.631754 -0.939329 0.306743 0.153526 -0.239823 0.23393 0.245509 0.940745 0.378143 
1535391708147 0.250729 0.919605 -0.302426 -0.631349 -0.939316 0.306668 0.153756 -0.239498 0.234139 0.245522 0.94069 0.378281 
1535391708349 0.250944 0.919489 -0.3026 -0.630868 -0.939206 0.306956 0.153849 -0.239425 0.234347 0.245597 0.940619 0.378421 
1535391708555 0.250829 0.91948 -0.302723 -0.630463 -0.939164 0.306944 0.154133 -0.239126 0.234641 0.245646 0.940533 0.378601 
1535391708759 0.250976 0.91942 -0.302782 -0.629985 -0.939068 0.307153 0.154299 -0.238984 0.234866 0.245607 0.940487 0.378742 
1535391708968 0.250934 0.919363 -0.302992 -0.629554 -0.939018 0.307213 0.154487 -0.23874 0.235113 0.245749 0.940388 0.378853 
1535391709208 0.251058 0.919315 -0.303034 -0.629017 -0.938922 0.307403 0.154687 -0.238574 0.23536 0.24569 0.940341 0.379074 
1535391709364 0.251075 0.9193 -0.303067 -0.628952 -0.93891 0.307432 0.154703 -0.238582 0.235391 0.245711 0.940328 0.379102 
1535391709493 0.251075 0.9193 -0.303067 -0.628952 -0.93891 0.307432 0.154703 -0.238582 0.235391 0.245711 0.940328 0.379102 
1535391709709 0.251311 0.919306 -0.302852 -0.628567 -0.938813 0.307656 0.154847 -0.238429 0.235526 0.245407 0.940374 0.379208 
1535391709885 0.251304 0.919268 -0.302974 -0.628197 -0.938756 0.307731 0.155043 -0.238303 0.235761 0.245456 0.940302 0.379209 
1535391710106 0.251395 0.919256 -0.302934 -0.627825 -0.938692 0.307853 0.15519 -0.238142 0.235919 0.245348 0.940291 0.379277 
1535391710281 0.251329 0.91925 -0.303006 -0.627513 -0.938628 0.307887 0.15551 -0.237891 0.236244 0.245326 0.940215 0.379384 
1535391710475 0.251423 0.919284 -0.302827 -0.627127 -0.938565 0.307985 0.155696 -0.2377 0.236395 0.245078 0.940242 0.379482 
1535391710638 0.251631 0.919256 -0.302737 -0.626718 -0.938417 0.308263 0.156039 -0.237611 0.236762 0.244829 0.940214 0.379566 
1535391710823 0.251603 0.919264 -0.302738 -0.626356 -0.938403 0.308259 0.156129 -0.23743 0.236845 0.244807 0.940199 0.379591 
1535391710921 0.251654 0.919229 -0.3028 -0.62601 -0.938341 0.308368 0.156286 -0.237254 0.237037 0.2448 0.940152 0.379642 
1535391711107 0.251643 0.919267 -0.302695 -0.625849 -0.938334 0.30835 0.156365 -0.237197 0.237077 0.244681 0.940173 0.379699 
1535391711167 0.251643 0.919267 -0.302695 -0.625849 -0.938334 0.30835 0.156365 -0.237197 0.237077 0.244681 0.940173 0.379699 
1535391711336 0.251654 0.919167 -0.30299 -0.625548 -0.938238 0.308506 0.15663 -0.237062 0.237443 0.24486 0.940034 0.379791 
1535391711492 0.251704 0.919087 -0.303189 -0.625173 -0.938148 0.308667 0.156852 -0.237033 0.237745 0.244956 0.939933 0.379941 
1535391711679 0.251601 0.919093 -0.303256 -0.624873 -0.938135 0.308623 0.157018 -0.236807 0.237906 0.24499 0.939883 0.380084 
1535391711851 0.251653 0.918969 -0.303589 -0.624509 -0.938038 0.308815 0.157222 -0.236792 0.238235 0.245213 0.939742 0.380201 
1535391712033 0.251562 0.918973 -0.303654 -0.624171 -0.93802 0.308782 0.157392 -0.236628 0.238402 0.24524 0.939692 0.380316 
1535391712210 0.251674 0.918854 -0.303919 -0.623808 -0.937922 0.309004 0.15754 -0.236546 0.238668 0.245403 0.939582 0.380406 
1535391712390 0.251436 0.918871 -0.304066 -0.623506 -0.937922 0.308869 0.157803 -0.236341 0.238917 0.245512 0.93949 0.380488 
1535391712689 0.251498 0.918808 -0.304206 -0.623078 -0.937837 0.309022 0.158011 -0.236252 0.239189 0.245556 0.93941 0.380635 
1535391712829 0.251385 0.918812 -0.304288 -0.622936 -0.93784 0.308956 0.15812 -0.236169 0.239295 0.245624 0.939365 0.380688 
1535391712992 0.251385 0.918812 -0.304288 -0.622936 -0.93784 0.308956 0.15812 -0.236169 0.239295 0.245624 0.939365 0.380688 
1535391713309 0.25189 0.918452 -0.304954 -0.622578 -0.937743 0.309512 0.15761 -0.236066 0.239144 0.246268 0.939235 0.380843 
1535391713484 0.251816 0.918351 -0.305318 -0.622363 -0.93775 0.309518 0.157558 -0.235844 0.239195 0.246636 0.939125 0.380921 
1535391713671 0.251977 0.918215 -0.305597 -0.6221 -0.937683 0.309743 0.157512 -0.235767 0.239286 0.246863 0.939042 0.38106 
1535391713849 0.251977 0.918215 -0.305597 -0.6221 -0.937683 0.309743 0.157512 -0.235767 0.239286 0.246863 0.939042 0.38106 
1535391714093 0.252072 0.918088 -0.3059 -0.621856 -0.937659 0.309883 0.157379 -0.235627 0.239281 0.247159 0.938966 0.381144 
1535391714285 0.252287 0.917705 -0.306869 -0.621144 -0.937661 0.310191 0.156761 -0.235241 0.239048 0.24819 0.938753 0.381431 
1535391714312 0.252247 0.917685 -0.306963 -0.621058 -0.937667 0.310174 0.156755 -0.235167 0.239064 0.248288 0.938723 0.381473 
1535391714329 0.252252 0.917678 -0.306979 -0.621026 -0.937666 0.310181 0.156746 -0.235145 0.239062 0.248305 0.938719 0.38149 
1535391714508 0.252224 0.917678 -0.307003 -0.620973 -0.937677 0.310155 0.156737 -0.235091 0.239052 0.248337 0.938713 0.381517 
1535391714572 0.252341 0.917757 -0.30667 -0.620802 -0.937668 0.310187 0.156727 -0.235089 0.238962 0.248006 0.938824 0.381555 
1535391714712 0.252327 0.917689 -0.306885 -0.620636 -0.937619 0.310264 0.156863 -0.235015 0.239167 0.248161 0.938731 0.381611 
1535391714838 0.252321 0.917724 -0.306784 -0.620441 -0.937601 0.310262 0.156979 -0.23491 0.239247 0.248032 0.938744 0.381694 
1535391714942 0.252534 0.917683 -0.306731 -0.620253 -0.937516 0.310483 0.157045 -0.23483 0.239352 0.247906 0.938751 0.38175 
1535391715077 0.252692 0.917623 -0.306783 -0.620046 -0.93742 0.310698 0.157196 -0.234799 0.239563 0.247862 0.938709 0.381853 
1535391715200 0.252629 0.917718 -0.306548 -0.619848 -0.937429 0.310607 0.157324 -0.23468 0.239595 0.247622 0.938764 0.381961 
1535391715322 0.252765 0.917701 -0.306487 -0.619611 -0.937381 0.310736 0.157351 -0.234693 0.239637 0.247522 0.938779 0.382054 
1535391715346 0.252765 0.917701 -0.306487 -0.619611 -0.937381 0.310736 0.157351 -0.234693 0.239637 0.247522 0.938779 0.382054 
1535391715373 0.252747 0.917708 -0.306481 -0.619538 -0.937382 0.310723 0.157374 -0.234649 0.239654 0.247514 0.938777 0.382083 
1535391715382 0.252823 0.917683 -0.306493 -0.619501 -0.937359 0.310799 0.157359 -0.234664 0.239664 0.24751 0.938776 0.382087 
1535391715522 0.252866 0.917672 -0.306492 -0.61948 -0.937346 0.310842 0.157354 -0.23467 0.23967 0.2475 0.938777 0.382091 
1535391715569 0.252816 0.917751 -0.306297 -0.619328 -0.937343 0.310778 0.157499 -0.234491 0.239735 0.247287 0.938816 0.38216 
1535391715676 0.252834 0.917769 -0.306226 -0.619132 -0.937257 0.310866 0.157834 -0.234427 0.24005 0.247107 0.938783 0.382212 
1535391715752 0.252877 0.917773 -0.306181 -0.618926 -0.937168 0.310979 0.158141 -0.234387 0.240354 0.246953 0.938746 0.382258 
1535391715818 0.252727 0.917842 -0.306095 -0.618762 -0.93718 0.310851 0.15832 -0.234262 0.240463 0.246854 0.938744 0.382316 
1535391715930 0.253045 0.91775 -0.306108 -0.618541 -0.937029 0.311222 0.158485 -0.234302 0.240718 0.246728 0.938712 0.382357 
1535391715980 0.252791 0.917906 -0.305851 -0.618374 -0.937071 0.310964 0.158743 -0.234105 0.24082 0.246475 0.938752 0.382437 
1535391716113 0.253079 0.917789 -0.305965 -0.618165 -0.936894 0.311358 0.159014 -0.234116 0.241206 0.246414 0.938669 0.382421 
1535391716131 0.253012 0.917817 -0.305936 -0.618133 -0.936902 0.311299 0.159081 -0.234059 0.241245 0.246383 0.938667 0.382436 
1535391716153 0.252885 0.917874 -0.30587 -0.61806 -0.936914 0.311191 0.159225 -0.233937 0.241333 0.246309 0.938664 0.382467 
1535391716249 0.252847 0.917898 -0.305829 -0.618009 -0.93691 0.311161 0.159303 -0.233878 0.241386 0.246255 0.938664 0.382485 
1535391716411 0.25283 0.917938 -0.305724 -0.617839 -0.936901 0.311142 0.1594 -0.233791 0.241443 0.246132 0.938682 0.382571 
1535391716556 0.253118 0.917862 -0.305714 -0.617549 -0.936792 0.311445 0.159446 -0.233843 0.241563 0.246031 0.938678 0.382671 
1535391716578 0.253118 0.917862 -0.305714 -0.617549 -0.936792 0.311445 0.159446 -0.233843 0.241563 0.246031 0.938678 0.382671 
1535391716703 0.25297 0.917978 -0.305488 -0.617297 -0.936824 0.311273 0.159593 -0.233685 0.241593 0.245816 0.938726 0.382783 
1535391716915 0.253058 0.918021 -0.305286 -0.616789 -0.936756 0.311367 0.159809 -0.233422 0.241764 0.245537 0.938755 0.382933 
1535391717056 0.253321 0.917884 -0.305478 -0.616494 -0.936639 0.311697 0.159851 -0.233472 0.241941 0.245629 0.938686 0.382952 
1535391717193 0.253046 0.918016 -0.305311 -0.616245 -0.936685 0.311435 0.160092 -0.233267 0.242052 0.245469 0.938699 0.38301 
1535391717209 0.253046 0.918016 -0.305311 -0.616245 -0.936685 0.311435 0.160092 -0.233267 0.242052 0.245469 0.938699 0.38301 
1535391717372 0.253122 0.918002 -0.305289 -0.616184 -0.93665 0.311518 0.160135 -0.233242 0.242107 0.245415 0.938699 0.383027 
1535391717452 0.253173 0.917984 -0.305302 -0.615876 -0.936582 0.311623 0.160327 -0.233129 0.242317 0.24535 0.938662 0.383122 
1535391717607 0.25329 0.917912 -0.30542 -0.615563 -0.936615 0.31169 0.160004 -0.233093 0.242066 0.245533 0.938678 0.383107 
1535391717781 0.25332 0.917961 -0.30525 -0.615259 -0.936597 0.311699 0.160093 -0.232911 0.242105 0.245341 0.938719 0.383216 
1535391717972 0.253565 0.917904 -0.305216 -0.614922 -0.936488 0.311969 0.160204 -0.232889 0.24227 0.245209 0.938711 0.383347 
1535391718116 0.253645 0.917866 -0.305264 -0.614646 -0.936457 0.312062 0.160202 -0.232719 0.242305 0.245232 0.938696 0.383378 
1535391718305 0.253636 0.917914 -0.305127 -0.614329 -0.936494 0.311995 0.160117 -0.232587 0.242172 0.245138 0.938754 0.383429 
1535391718488 0.253933 0.917805 -0.305209 -0.613991 -0.936377 0.312328 0.160151 -0.232564 0.242313 0.245123 0.938722 0.383503 
1535391718653 0.253936 0.917868 -0.305016 -0.613645 -0.936353 0.312321 0.160306 -0.232339 0.242402 0.244895 0.938759 0.383633 
1535391718674 0.25396 0.917865 -0.305006 -0.613566 -0.936335 0.312354 0.160348 -0.232308 0.242447 0.244866 0.938755 0.383666 
1535391718688 0.25396 0.917865 -0.305006 -0.613566 -0.936335 0.312354 0.160348 -0.232308 0.242447 0.244866 0.938755 0.383666 
1535391718900 0.254099 0.917916 -0.304735 -0.613395 -0.936344 0.312392 0.160223 -0.232259 0.242268 0.244624 0.938864 0.383668 
1535391719091 0.254385 0.918018 -0.304191 -0.613088 -0.936239 0.312596 0.160437 -0.232086 0.242373 0.243983 0.939004 0.383684 
1535391719240 0.254634 0.918072 -0.303817 -0.612792 -0.936185 0.312754 0.160447 -0.231962 0.242322 0.243574 0.939123 0.383751 
1535391719349 0.25467 0.918203 -0.303391 -0.612528 -0.936189 0.3127 0.160527 -0.231761 0.242267 0.24315 0.939247 0.38385 
1535391719475 0.255193 0.91818 -0.303021 -0.612218 -0.936054 0.313125 0.160485 -0.231657 0.242237 0.24269 0.939374 0.383885 
1535391719630 0.255069 0.918319 -0.302703 -0.611951 -0.936138 0.312901 0.160432 -0.231479 0.242044 0.242451 0.939485 0.383883 
1535391719734 0.255825 0.918393 -0.30184 -0.611326 -0.935918 0.313484 0.160581 -0.231286 0.242099 0.241417 0.939737 0.384054 
1535391719758 0.255936 0.918356 -0.301859 -0.611315 -0.935887 0.313592 0.160547 -0.231319 0.2421 0.241416 0.939737 0.38404 
1535391719893 0.255936 0.918356 -0.301859 -0.611315 -0.935887 0.313592 0.160547 -0.231319 0.2421 0.241416 0.939737 0.38404 
1535391719982 0.2561 0.918509 -0.301254 -0.61091 -0.935856 0.313629 0.160657 -0.230978 0.242047 0.240786 0.939912 0.384152 
1535391720114 0.256586 0.918325 -0.301402 -0.610586 -0.935736 0.314104 0.160426 -0.230918 0.241994 0.240869 0.939905 0.384144 
1535391720302 0.257066 0.918298 -0.301074 -0.610232 -0.935648 0.31446 0.16024 -0.2308 0.241824 0.240507 0.940041 0.38423 
1535391720474 0.257486 0.918282 -0.300766 -0.609883 -0.935539 0.3148 0.160214 -0.230644 0.241802 0.240125 0.940144 0.384337 
1535391720639 0.25763 0.918343 -0.300453 -0.609584 -0.935536 0.314846 0.16014 -0.230388 0.24166 0.239828 0.940257 0.384388 
1535391720818 0.258104 0.918343 -0.300046 -0.609212 -0.935421 0.31521 0.160092 -0.230295 0.241597 0.239349 0.940395 0.384504 
1535391721006 0.258442 0.918299 -0.29989 -0.608887 -0.935327 0.315506 0.160063 -0.230102 0.241603 0.239128 0.94045 0.384558 
1535391721159 0.258649 0.918383 -0.299456 -0.60851 -0.935296 0.315601 0.160056 -0.229786 0.241501 0.238682 0.940589 0.384649 
1535391721177 0.258613 0.918413 -0.299396 -0.608463 -0.935307 0.315555 0.160082 -0.229727 0.241497 0.238628 0.940604 0.384669 
1535391721353 0.258627 0.918426 -0.299341 -0.608405 -0.935305 0.315557 0.160088 -0.229686 0.241489 0.238572 0.94062 0.384686 
1535391721504 0.259007 0.918641 -0.298352 -0.608066 -0.935249 0.315699 0.160138 -0.229759 0.241299 0.237556 0.940926 0.384738 
1535391721644 0.259085 0.91888 -0.297547 -0.607809 -0.935255 0.315605 0.160286 -0.22952 0.241191 0.236754 0.941156 0.384767 
1535391721773 0.259267 0.918995 -0.297032 -0.607537 -0.935215 0.315679 0.160374 -0.229479 0.24115 0.236209 0.941303 0.384767 
1535391721915 0.259091 0.919267 -0.296345 -0.607295 -0.935304 0.315351 0.160498 -0.229247 0.240993 0.235589 0.941499 0.384795 
1535391722059 0.259404 0.919394 -0.295677 -0.606999 -0.935237 0.315514 0.160571 -0.229212 0.240918 0.234875 0.941696 0.384795 
1535391722213 0.259408 0.919577 -0.295102 -0.606767 -0.935227 0.315425 0.160802 -0.22902 0.240952 0.234274 0.941837 0.384855 
1535391722358 0.259739 0.919711 -0.294395 -0.606469 -0.935148 0.315605 0.16091 -0.228961 0.240903 0.233508 0.94204 0.384923 
1535391722387 0.259739 0.919711 -0.294395 -0.606469 -0.935148 0.315605 0.16091 -0.228961 0.240903 0.233508 0.94204 0.384923 
1535391722408 0.259654 0.919968 -0.293665 -0.606245 -0.935256 0.315315 0.16085 -0.228791 0.240574 0.232886 0.942278 0.384928 
1535391722628 0.25965 0.919991 -0.293597 -0.606215 -0.93526 0.315296 0.160865 -0.228753 0.240564 0.232821 0.942297 0.384935 
1535391722810 0.26017 0.920146 -0.292648 -0.606123 -0.935258 0.315489 0.160499 -0.228699 0.24001 0.231944 0.942654 0.384932 
1535391722994 0.260137 0.920326 -0.292111 -0.605978 -0.935348 0.315286 0.160373 -0.228544 0.239694 0.231506 0.942842 0.384856 
1535391723193 0.260299 0.920598 -0.291107 -0.605753 -0.935437 0.315135 0.160148 -0.228408 0.23917 0.230626 0.943191 0.384895 
1535391723369 0.26071 0.920736 -0.290304 -0.605568 -0.935448 0.315267 0.159824 -0.228315 0.238679 0.229896 0.943493 0.384893 
1535391723550 0.260657 0.920979 -0.289579 -0.60541 -0.935557 0.315001 0.159711 -0.228155 0.238308 0.229288 0.943735 0.3849 
1535391723727 0.2608 0.921218 -0.288688 -0.605217 -0.935647 0.314857 0.159465 -0.227983 0.237798 0.228521 0.94405 0.38479 
1535391723901 0.260939 0.921401 -0.287979 -0.605059 -0.935663 0.314815 0.159456 -0.227802 0.237583 0.227843 0.944268 0.384842 
1535391723930 0.261116 0.921665 -0.286969 -0.604839 -0.935812 0.31462 0.158967 -0.227647 0.2368 0.22704 0.944658 0.384764 
1535391724130 0.260851 0.921285 -0.288426 -0.604885 -0.935504 0.314985 0.160052 -0.227768 0.238303 0.228074 0.944031 0.38496 
1535391724371 0.260063 0.921073 -0.289815 -0.604734 -0.935421 0.314764 0.160972 -0.227749 0.23949 0.229236 0.943449 0.385119 
1535391724636 0.259555 0.920744 -0.291309 -0.604548 -0.935169 0.314917 0.162129 -0.227745 0.241018 0.230342 0.94279 0.385199 
1535391724869 0.259009 0.920521 -0.292499 -0.604293 -0.934964 0.314947 0.163253 -0.227751 0.242399 0.231192 0.942227 0.385474 
1535391725112 0.258516 0.920191 -0.293971 -0.604069 -0.934773 0.315051 0.164141 -0.227803 0.243656 0.232363 0.941615 0.385531 
1535391725330 0.257803 0.919959 -0.295317 -0.603847 -0.934646 0.314921 0.165111 -0.227768 0.244897 0.233451 0.941024 0.38568 
1535391725566 0.257541 0.919574 -0.296743 -0.603536 -0.934326 0.315303 0.166192 -0.227965 0.24639 0.234453 0.940385 0.385845 
1535391725799 0.256906 0.919335 -0.29803 -0.603368 -0.934121 0.315292 0.167358 -0.227889 0.247825 0.235401 0.939771 0.386087 
1535391726045 0.256186 0.919052 -0.29952 -0.603144 -0.93395 0.315229 0.168427 -0.227834 0.24921 0.236588 0.939106 0.386102 
1535391726083 0.255997 0.918904 -0.300134 -0.602936 -0.93381 0.315344 0.168986 -0.227912 0.249928 0.237008 0.938809 0.386232 
1535391726095 0.256023 0.918876 -0.3002 -0.60294 -0.933783 0.3154 0.169032 -0.227936 0.250003 0.237045 0.93878 0.38623 
1535391726253 0.255997 0.918872 -0.300232 -0.602945 -0.933777 0.315394 0.169076 -0.227928 0.250051 0.237067 0.938762 0.386229 
1535391726288 0.255938 0.918938 -0.300081 -0.603086 -0.93387 0.315237 0.168856 -0.22784 0.249765 0.23702 0.93885 0.38616 
1535391726417 0.255929 0.918999 -0.299901 -0.603111 -0.933913 0.315157 0.16877 -0.227807 0.249615 0.236888 0.938923 0.386135 
1535391726457 0.255892 0.918862 -0.300352 -0.603016 -0.933854 0.315271 0.168885 -0.227883 0.249874 0.237269 0.938758 0.386172 
1535391726590 0.25583 0.918881 -0.300349 -0.602985 -0.933849 0.315231 0.168981 -0.227863 0.249953 0.23725 0.938742 0.386224 
1535391726627 0.255699 0.918836 -0.300597 -0.602921 -0.93379 0.315243 0.169288 -0.227852 0.250308 0.237407 0.938607 0.386277 
1535391726746 0.255761 0.918768 -0.300753 -0.602895 -0.933723 0.315378 0.169405 -0.227911 0.250495 0.237493 0.938536 0.386308 
1535391726794 0.25564 0.918742 -0.300936 -0.602854 -0.933671 0.315377 0.169692 -0.227887 0.250811 0.237595 0.938425 0.386351 
1535391726831 0.25564 0.918742 -0.300936 -0.602854 -0.933671 0.315377 0.169692 -0.227887 0.250811 0.237595 0.938425 0.386351 
1535391726847 0.255568 0.918663 -0.301236 -0.602849 -0.933633 0.315419 0.169825 -0.22789 0.251027 0.237842 0.938305 0.386334 
1535391727831 0.250367 0.919154 -0.304093 -0.588632 -0.934919 0.311126 0.170668 -0.221389 0.251481 0.241572 0.93723 0.395937 
1535391728799 0.24539 0.91931 -0.307657 -0.574198 -0.936175 0.307127 0.171027 -0.21496 0.251716 0.246052 0.936001 0.405625 
1535391729737 0.240965 0.919258 -0.311288 -0.559692 -0.937298 0.303636 0.171106 -0.208777 0.251809 0.25054 0.934785 0.415443 
1535391730672 0.236138 0.91933 -0.314754 -0.545241 -0.938368 0.299873 0.171874 -0.20233 0.252396 0.25477 0.933482 0.425206 
1535391731619 0.23143 0.919244 -0.318482 -0.530806 -0.939521 0.296143 0.172048 -0.196079 0.252471 0.259404 0.932185 0.434907 
1535391732476 0.226885 0.919141 -0.32203 -0.516301 -0.940601 0.292548 0.172296 -0.189898 0.252574 0.263811 0.930919 0.444744 
1535391732493 0.227033 0.919061 -0.322154 -0.516223 -0.940572 0.292704 0.172191 -0.189952 0.252549 0.263916 0.930896 0.444809 
1535391733734 0.217356 0.918908 -0.329187 -0.48737 -0.942779 0.284995 0.173047 -0.177243 0.252831 0.272738 0.928273 0.464228 
1535391736074 0.212854 0.918661 -0.332799 -0.472907 -0.943796 0.281456 0.173295 -0.171015 0.252868 0.277208 0.926938 0.474037 
1535391736545 0.215506 0.917865 -0.333288 -0.472808 -0.942646 0.284636 0.174359 -0.170278 0.254904 0.276598 0.926562 0.474075 
1535391737058 0.21844 0.917045 -0.333636 -0.472735 -0.941209 0.288276 0.176132 -0.169161 0.2577 0.275547 0.926102 0.474073 
1535391737563 0.22144 0.916197 -0.333988 -0.472645 -0.939824 0.291884 0.177577 -0.168143 0.260182 0.274568 0.925699 0.474124 
1535391738036 0.224205 0.915422 -0.334267 -0.472505 -0.938465 0.29527 0.179161 -0.167013 0.262707 0.273529 0.925293 0.474156 
1535391738517 0.227011 0.914553 -0.334754 -0.472428 -0.937041 0.298772 0.180802 -0.165822 0.265368 0.272634 0.924798 0.47418 
1535391738992 0.229986 0.913703 -0.335041 -0.472276 -0.93561 0.302338 0.182276 -0.164839 0.267842 0.271547 0.924404 0.474227 
