1537284028209 0 0 0 0 0 0 0 0 0 0 0 0 
1537284028209 0 0 0 0 0 0 0 0 0 0 0 0 
1537284028217 0 0 0 0 0 0 0 0 0 0 0 0 
1537284028217 0 0 0 0 0 0 0 0 0 0 0 0 
1537284028221 0 0 0 0 0 0 0 0 0 0 0 0 
1537284028222 0 0 0 0 0 0 0 0 0 0 0 0 
1537284028222 0 0 0 0 0 0 0 0 0 0 0 0 
1537284028229 0.275657 0.633204 -0.723233 -0.604483 -0.8825 0.464965 0.0707247 -0.181741 0.381061 0.618757 0.686973 0.426588 
1537284028232 0 0 0 0 0 0 0 0 0 0 0 0 
1537284028234 0 0 0 0 0 0 0 0 0 0 0 0 
1537284028234 0 0 0 0 0 0 0 0 0 0 0 0 
1537284028234 0 0 0 0 0 0 0 0 0 0 0 0 
1537284028236 0 0 0 0 0 0 0 0 0 0 0 0 
1537284028236 0 0 0 0 0 0 0 0 0 0 0 0 
1537284028238 0 0 0 0 0 0 0 0 0 0 0 0 
1537284028239 0 0 0 0 0 0 0 0 0 0 0 0 
1537284028249 0.275657 0.633204 -0.723233 -0.604483 -0.8825 0.464965 0.0707247 -0.181741 0.381061 0.618757 0.686973 0.426588 
1537284028249 -0.178264 0.803966 -0.567328 -0.607623 -0.974961 -0.0664192 0.212225 -0.258382 0.13294 0.590955 0.795675 0.412928 
1537284028253 0 0 0 0 0 0 0 0 0 0 0 0 
1537284028254 0 0 0 0 0 0 0 0 0 0 0 0 
1537284028255 0 0 0 0 0 0 0 0 0 0 0 0 
1537284028255 0 0 0 0 0 0 0 0 0 0 0 0 
1537284028258 0 0 0 0 0 0 0 0 0 0 0 0 
1537284028259 0 0 0 0 0 0 0 0 0 0 0 0 
1537284028269 0.175782 0.884725 -0.431696 -0.485347 -0.945732 0.273512 0.175447 -0.177534 0.273296 0.377429 0.884792 0.485321 
1537284028269 -0.170468 0.756941 -0.630857 -0.617984 -0.974098 -0.032919 0.223719 -0.261642 0.148575 0.652653 0.742946 0.418594 
1537284028279 0.141589 0.842661 -0.519494 -0.507021 -0.946653 0.26872 0.177873 -0.189458 0.289485 0.466596 0.835755 0.480565 
1537284028279 -0.16392 0.704694 -0.690316 -0.628345 -0.972623 0.00140102 0.232385 -0.264901 0.164728 0.70951 0.685172 0.42426 
1537284028289 0.105558 0.790944 -0.602715 -0.530904 -0.947352 0.264237 0.180841 -0.201721 0.302295 0.551894 0.777194 0.478082 
1537284028289 -0.158667 0.647601 -0.745277 -0.638704 -0.970547 0.0362932 0.238163 -0.268159 0.181283 0.761115 0.622768 0.429926 
1537284028299 0.0683531 0.730448 -0.679539 -0.555188 -0.947853 0.260074 0.184216 -0.214008 0.31129 0.631512 0.710134 0.47606 
1537284028299 -0.154748 0.586071 -0.795345 -0.649062 -0.967885 0.0715064 0.241009 -0.271416 0.198121 0.807098 0.556184 0.435592 
1537284028309 0.0304122 0.661953 -0.748928 -0.579472 -0.948153 0.256252 0.18799 -0.226294 0.316355 0.704381 0.635426 0.474037 
1537284028309 -0.152189 0.520549 -0.840159 -0.659418 -0.964656 0.106787 0.240905 -0.274672 0.215121 0.847127 0.485899 0.441257 
1537284028319 -0.00785246 0.586209 -0.810122 -0.603757 -0.948248 0.25281 0.192126 -0.238581 0.317432 0.769705 0.553887 0.472014 
1537284028319 -0.15101 0.451506 -0.879396 -0.669768 -0.960884 0.141882 0.237849 -0.277924 0.232161 0.880915 0.412419 0.446921 
1537284028322 0 0 0 0 0 0 0 0 0 0 0 0 
1537284028325 0 0 0 0 0 0 0 0 0 0 0 0 
1537284028328 0 0 0 0 0 0 0 0 0 0 0 0 
1537284028329 -0.151217 0.37944 -0.912775 -0.680109 -0.956595 0.176539 0.231863 -0.281168 0.249119 0.908218 0.336275 0.452582 
1537284028339 -0.0460208 0.504045 -0.86245 -0.628041 -0.948137 0.249786 0.196577 -0.250868 0.314512 0.826768 0.466409 0.469992 
1537284028339 -0.152284 0.305059 -0.940079 -0.688244 -0.951877 0.210699 0.222568 -0.28285 0.26597 0.928733 0.258293 0.457726 
1537284028354 0 0 0 0 0 0 0 0 0 0 0 0 
1537284028354 0 0 0 0 0 0 0 0 0 0 0 0 
1537284028362 -0.120401 0.324116 -0.938324 -0.676603 -0.947305 0.245123 0.206224 -0.275437 0.296846 0.913708 0.277524 0.465945 
1537284028373 0 0 0 0 0 0 0 0 0 0 0 0 
1537284028389 0 0 0 0 0 0 0 0 0 0 0 0 
1537284028389 0 0 0 0 0 0 0 0 0 0 0 0 
1537284028389 0 0 0 0 0 0 0 0 0 0 0 0 
1537284028390 0 0 0 0 0 0 0 0 0 0 0 0 
1537284028400 -0.155772 0.228333 -0.961041 -0.700781 -0.946595 0.243544 0.211293 -0.287645 0.282301 0.94263 0.178201 0.463889 
1537284028410 0 0 0 0 0 0 0 0 0 0 0 0 
1537284028410 0 0 0 0 0 0 0 0 0 0 0 0 
1537284028410 0 0 0 0 0 0 0 0 0 0 0 0 
1537284028410 0 0 0 0 0 0 0 0 0 0 0 0 
1537284028420 0.275657 0.633204 -0.723233 -0.604483 -0.8825 0.464965 0.0707247 -0.181741 0.381061 0.618757 0.686973 0.426588 
1537284028420 -0.155772 0.228332 -0.961041 -0.700781 -0.946595 0.243543 0.211294 -0.287645 0.2823 0.94263 0.178201 0.463889 
1537284028430 -0.155198 0.228157 -0.961175 -0.70085 -0.94671 0.243616 0.210691 -0.287635 0.282228 0.942653 0.17819 0.463867 
1537284028430 -0.155773 0.228332 -0.961041 -0.700781 -0.946595 0.243543 0.211294 -0.287645 0.2823 0.94263 0.178201 0.463889 
1537284028440 -0.155773 0.228332 -0.961041 -0.700781 -0.946595 0.243543 0.211295 -0.287645 0.2823 0.94263 0.1782 0.463889 
1537284028440 -0.154625 0.227981 -0.961309 -0.700919 -0.946826 0.243688 0.210088 -0.287624 0.282156 0.942677 0.178178 0.463845 
1537284028450 -0.154052 0.227805 -0.961443 -0.700987 -0.946941 0.24376 0.209485 -0.287614 0.282083 0.942701 0.178166 0.463822 
1537284028450 -0.154052 0.227805 -0.961443 -0.700987 -0.946941 0.24376 0.209485 -0.287614 0.282083 0.942701 0.178166 0.463822 
1537284028460 -0.153479 0.227629 -0.961576 -0.701056 -0.947056 0.243832 0.208882 -0.287604 0.282011 0.942725 0.178154 0.4638 
1537284028460 -0.155774 0.228331 -0.961041 -0.700781 -0.946595 0.243542 0.211295 -0.287645 0.282299 0.94263 0.1782 0.463889 
1537284028470 -0.152906 0.227453 -0.961709 -0.701125 -0.94717 0.243903 0.208279 -0.287594 0.281938 0.942749 0.178142 0.463778 
1537284028470 -0.155775 0.228331 -0.961041 -0.700781 -0.946595 0.243542 0.211296 -0.287645 0.282299 0.942631 0.178199 0.463889 
1537284028480 -0.152333 0.227277 -0.961842 -0.701194 -0.947284 0.243975 0.207677 -0.287584 0.281865 0.942773 0.17813 0.463756 
1537284028480 -0.155776 0.228331 -0.961041 -0.700781 -0.946595 0.243541 0.211296 -0.287645 0.282298 0.942631 0.178199 0.463889 
1537284028490 -0.151759 0.227101 -0.961974 -0.701263 -0.947397 0.244046 0.207073 -0.287573 0.281793 0.942797 0.178118 0.463734 
1537284028490 -0.155122 0.228603 -0.961082 -0.698468 -0.946658 0.243749 0.210772 -0.285909 0.282446 0.942511 0.178598 0.463161 
1537284028501 -0.151186 0.226924 -0.962106 -0.701331 -0.947511 0.244118 0.20647 -0.287563 0.28172 0.942821 0.178106 0.463712 
1537284028510 -0.149951 0.227022 -0.962276 -0.699081 -0.947685 0.244399 0.205336 -0.285807 0.281795 0.942725 0.178498 0.462957 
1537284028520 0 0 0 0 0 0 0 0 0 0 0 0 
1537284028520 0 0 0 0 0 0 0 0 0 0 0 0 
1537284028531 0.275657 0.633204 -0.723233 -0.604483 -0.8825 0.464965 0.0707247 -0.181741 0.381061 0.618757 0.686973 0.426588 
1537284028535 0 0 0 0 0 0 0 0 0 0 0 0 
1537284028537 0 0 0 0 0 0 0 0 0 0 0 0 
1537284028540 0 0 0 0 0 0 0 0 0 0 0 0 
1537284028551 -0.154992 0.228342 -0.961165 -0.700892 -0.946836 0.243306 0.210483 -0.28769 0.281919 0.942689 0.178492 0.463842 
1537284028555 0 0 0 0 0 0 0 0 0 0 0 0 
1537284028557 0 0 0 0 0 0 0 0 0 0 0 0 
1537284028560 0 0 0 0 0 0 0 0 0 0 0 0 
1537284028564 0 0 0 0 0 0 0 0 0 0 0 0 
1537284028564 0 0 0 0 0 0 0 0 0 0 0 0 
1537284028571 -0.154207 0.228354 -0.961288 -0.701003 -0.947077 0.24307 0.209669 -0.287735 0.281539 0.942747 0.178785 0.463795 
1537284028575 0 0 0 0 0 0 0 0 0 0 0 0 
1537284028577 0.275657 0.633204 -0.723233 -0.604483 -0.8825 0.464965 0.0707247 -0.181741 0.381061 0.618757 0.686973 0.426588 
1537284028577 0 0 0 0 0 0 0 0 0 0 0 0 
1537284028577 0 0 0 0 0 0 0 0 0 0 0 0 
1537284028578 0 0 0 0 0 0 0 0 0 0 0 0 
1537284028580 0 0 0 0 0 0 0 0 0 0 0 0 
1537284028581 0 0 0 0 0 0 0 0 0 0 0 0 
1537284028591 -0.149606 0.226925 -0.962353 -0.701497 -0.947954 0.243763 0.204848 -0.287665 0.281072 0.942913 0.178646 0.463605 
1537284028595 0 0 0 0 0 0 0 0 0 0 0 0 
1537284028595 0 0 0 0 0 0 0 0 0 0 0 0 
1537284028595 0 0 0 0 0 0 0 0 0 0 0 0 
1537284028597 0 0 0 0 0 0 0 0 0 0 0 0 
1537284028598 0 0 0 0 0 0 0 0 0 0 0 0 
1537284028600 0 0 0 0 0 0 0 0 0 0 0 0 
1537284028601 0 0 0 0 0 0 0 0 0 0 0 0 
1537284028604 0 0 0 0 0 0 0 0 0 0 0 0 
1537284028605 0 0 0 0 0 0 0 0 0 0 0 0 
1537284028615 -0.152638 0.228378 -0.961533 -0.701225 -0.947557 0.2426 0.20804 -0.287826 0.28078 0.942862 0.179371 0.463702 
1537284028615 -0.149174 0.227278 -0.962337 -0.701526 -0.948171 0.243267 0.204431 -0.287787 0.280568 0.942956 0.17921 0.463544 
1537284028624 -0.151853 0.22839 -0.961654 -0.701335 -0.947796 0.242365 0.207225 -0.287871 0.2804 0.942919 0.179663 0.463655 
1537284028625 -0.148742 0.227632 -0.96232 -0.701554 -0.948388 0.242771 0.204015 -0.287909 0.280063 0.942998 0.179773 0.463482 
1537284028634 -0.151068 0.228403 -0.961775 -0.701446 -0.948034 0.24213 0.20641 -0.287916 0.280019 0.942977 0.179956 0.463609 
1537284028635 -0.14831 0.227986 -0.962303 -0.701582 -0.948605 0.242275 0.203598 -0.288031 0.279559 0.943041 0.180337 0.46342 
1537284028644 -0.150282 0.228416 -0.961895 -0.701557 -0.948271 0.241895 0.205595 -0.287961 0.279638 0.943034 0.180247 0.463562 
1537284028645 -0.147878 0.22834 -0.962285 -0.70161 -0.948821 0.241778 0.20318 -0.288153 0.279054 0.943082 0.1809 0.463358 
1537284028654 -0.149497 0.228428 -0.962014 -0.701668 -0.948507 0.241659 0.20478 -0.288006 0.279257 0.943091 0.180539 0.463515 
1537284028655 -0.147446 0.228694 -0.962267 -0.701639 -0.949036 0.241282 0.202763 -0.288275 0.278549 0.943124 0.181462 0.463296 
1537284028664 -0.148053 0.228714 -0.962169 -0.699457 -0.948803 0.241634 0.203434 -0.286306 0.279021 0.943028 0.18123 0.462742 
1537284028665 -0.147015 0.229048 -0.962249 -0.701667 -0.949252 0.240786 0.202345 -0.288397 0.278043 0.943164 0.182025 0.463234 
1537284028675 -0.146584 0.229402 -0.962231 -0.701695 -0.949466 0.24029 0.201926 -0.288519 0.277537 0.943205 0.182587 0.463172 
1537284028686 -0.1455 0.230026 -0.962246 -0.699416 -0.949739 0.240004 0.200982 -0.286905 0.277174 0.943126 0.183544 0.462395 
1537284028702 0.275657 0.633204 -0.723233 -0.604483 -0.8825 0.464965 0.0707247 -0.181741 0.381061 0.618757 0.686973 0.426588 
1537284028705 0 0 0 0 0 0 0 0 0 0 0 0 
1537284028708 0 0 0 0 0 0 0 0 0 0 0 0 
1537284028712 0 0 0 0 0 0 0 0 0 0 0 0 
1537284028715 0 0 0 0 0 0 0 0 0 0 0 0 
1537284028715 0 0 0 0 0 0 0 0 0 0 0 0 
1537284028718 0 0 0 0 0 0 0 0 0 0 0 0 
1537284028722 -0.14743 0.228706 -0.962267 -0.701841 -0.949017 0.241357 0.202764 -0.288134 0.278624 0.943101 0.181463 0.463405 
1537284028722 -0.14743 0.228706 -0.962267 -0.701841 -0.949017 0.241357 0.202764 -0.288134 0.278624 0.943101 0.181463 0.463405 
1537284028728 0 0 0 0 0 0 0 0 0 0 0 0 
1537284028728 0 0 0 0 0 0 0 0 0 0 0 0 
1537284028729 0 0 0 0 0 0 0 0 0 0 0 0 
1537284028729 0 0 0 0 0 0 0 0 0 0 0 0 
1537284028731 0 0 0 0 0 0 0 0 0 0 0 0 
1537284028732 0 0 0 0 0 0 0 0 0 0 0 0 
1537284028735 0 0 0 0 0 0 0 0 0 0 0 0 
1537284028738 0 0 0 0 0 0 0 0 0 0 0 0 
1537284028742 0 0 0 0 0 0 0 0 0 0 0 0 
1537284028748 0 0 0 0 0 0 0 0 0 0 0 0 
1537284028750 0 0 0 0 0 0 0 0 0 0 0 0 
1537284028752 0 0 0 0 0 0 0 0 0 0 0 0 
1537284028752 0 0 0 0 0 0 0 0 0 0 0 0 
1537284028752 0 0 0 0 0 0 0 0 0 0 0 0 
1537284028755 0 0 0 0 0 0 0 0 0 0 0 0 
1537284028755 0 0 0 0 0 0 0 0 0 0 0 0 
1537284028769 -0.145446 0.230197 -0.962213 -0.701717 -0.949842 0 0 0 0 0 0 0 
1537284028769 0 0 0 0 0 0 0 0 0 0 0 0 
1537284028769 -0.146934 0.228957 -0.962283 -0.701792 -0.949056 0.241525 0.202381 -0.288171 0.278752 0.942997 0.181805 0.463389 
1537284028769 0 0 0 0 0 0 0 0 0 0 0 0 
1537284028771 0 0 0 0 0 0 0 0 0 0 0 0 
1537284028772 0 0 0 0 0 0 0 0 0 0 0 0 
1537284028775 0 0 0 0 0 0 0 0 0 0 0 0 
1537284028775 0 0 0 0 0 0 0 0 0 0 0 0 
1537284028778 0 0 0 0 0 0 0 0 0 0 0 0 
1537284028778 0 0 0 0 0 0 0 0 0 0 0 0 
1537284028783 0 0 0 0 0 0 0 0 0 0 0 0 
1537284028783 0 0 0 0 0 0 0 0 0 0 0 0 
1537284028792 -0.14517 0.230283 -0.962235 -0.701682 -0.949789 0.240014 0.200733 -0.288704 0.277175 0.94306 0.183877 0.46309 
1537284028792 -0.146438 0.229208 -0.962299 -0.701743 -0.949095 0.241694 0.201997 -0.288208 0.278881 0.942893 0.182147 0.463373 
1537284028802 -0.144894 0.230368 -0.962256 -0.701647 -0.949736 0.240372 0.200555 -0.288675 0.277501 0.942948 0.18396 0.463111 
1537284028802 -0.145941 0.229459 -0.962315 -0.701694 -0.949134 0.241862 0.201613 -0.288246 0.27901 0.942789 0.18249 0.463356 
1537284028812 -0.144618 0.230453 -0.962277 -0.701611 -0.949683 0.24073 0.200377 -0.288645 0.277826 0.942836 0.184044 0.463132 
1537284028812 -0.145445 0.22971 -0.96233 -0.701645 -0.949172 0.242031 0.20123 -0.288283 0.279138 0.942685 0.182832 0.46334 
1537284028815 0 0 0 0 0 0 0 0 0 0 0 0 
1537284028815 0 0 0 0 0 0 0 0 0 0 0 0 
1537284028818 0 0 0 0 0 0 0 0 0 0 0 0 
1537284028818 0 0 0 0 0 0 0 0 0 0 0 0 
1537284028821 0 0 0 0 0 0 0 0 0 0 0 0 
1537284028822 0 0 0 0 0 0 0 0 0 0 0 0 
1537284028828 0 0 0 0 0 0 0 0 0 0 0 0 
1537284028828 0 0 0 0 0 0 0 0 0 0 0 0 
1537284028828 0 0 0 0 0 0 0 0 0 0 0 0 
1537284028829 0 0 0 0 0 0 0 0 0 0 0 0 
1537284028831 0 0 0 0 0 0 0 0 0 0 0 0 
1537284028832 0 0 0 0 0 0 0 0 0 0 0 0 
1537284028842 -0.144949 0.229961 -0.962345 -0.701596 -0.94921 0.2422 0.200846 -0.28832 0.279266 0.94258 0.183175 0.463323 
1537284028842 -0.144342 0.230538 -0.962298 -0.701576 -0.94963 0.241087 0.2002 -0.288616 0.278152 0.942724 0.184127 0.463153 
1537284028845 0 0 0 0 0 0 0 0 0 0 0 0 
1537284028848 0 0 0 0 0 0 0 0 0 0 0 0 
1537284028851 0 0 0 0 0 0 0 0 0 0 0 0 
1537284028852 -0.144452 0.230211 -0.96236 -0.701547 -0.949248 0.242368 0.200462 -0.288358 0.279394 0.942476 0.183517 0.463307 
1537284028865 -0.144066 0.230623 -0.962319 -0.701541 -0.949577 0.241445 0.200022 -0.288587 0.278477 0.942612 0.184211 0.463174 
1537284028865 -0.143956 0.230462 -0.962374 -0.701498 -0.949286 0.242537 0.200079 -0.288395 0.279522 0.942371 0.18386 0.463291 
1537284028872 -0.14379 0.230708 -0.96234 -0.701506 -0.949523 0.241802 0.199844 -0.288557 0.278802 0.942499 0.184294 0.463195 
1537284028872 -0.142812 0.230976 -0.962421 -0.699167 -0.94938 0.242914 0.199175 -0.286714 0.27979 0.942148 0.184593 0.462566 
1537284028886 0 0 0 0 0 0 0 0 0 0 0 0 
1537284028886 0 0 0 0 0 0 0 0 0 0 0 0 
1537284028888 0 0 0 0 0 0 0 0 0 0 0 0 
1537284028892 0 0 0 0 0 0 0 0 0 0 0 0 
1537284028902 -0.142592 0.231141 -0.962414 -0.699155 -0.949471 0.242725 0.19897 -0.286782 0.279592 0.942156 0.184851 0.46253 
1537284028911 0.275657 0.633204 -0.723233 -0.604483 -0.8825 0.464965 0.0707247 -0.181741 0.381061 0.618757 0.686973 0.426588 
1537284028930 -0.142622 0.231085 -0.962423 -0.701369 -0.949318 0.243233 0.199082 -0.288396 0.280098 0.942039 0.184682 0.463448 
1537284028932 0 0 0 0 0 0 0 0 0 0 0 0 
1537284028932 0 0 0 0 0 0 0 0 0 0 0 0 
1537284028932 0 0 0 0 0 0 0 0 0 0 0 0 
1537284028938 0 0 0 0 0 0 0 0 0 0 0 0 
1537284028938 0 0 0 0 0 0 0 0 0 0 0 0 
1537284028938 0 0 0 0 0 0 0 0 0 0 0 0 
1537284028939 0 0 0 0 0 0 0 0 0 0 0 0 
1537284028941 0 0 0 0 0 0 0 0 0 0 0 0 
1537284028942 0 0 0 0 0 0 0 0 0 0 0 0 
1537284028952 -0.142282 0.231207 -0.962444 -0.701338 -0.949274 0.24359 0.198852 -0.288322 0.280418 0.941917 0.18482 0.463639 
1537284028952 0.275657 0.633204 -0.723233 -0.604483 -0.8825 0.464965 0.0707247 -0.181741 0.381061 0.618757 0.686973 0.426588 
1537284028958 0 0 0 0 0 0 0 0 0 0 0 0 
1537284028958 0 0 0 0 0 0 0 0 0 0 0 0 
1537284028959 0 0 0 0 0 0 0 0 0 0 0 0 
1537284028959 0 0 0 0 0 0 0 0 0 0 0 0 
1537284028961 0 0 0 0 0 0 0 0 0 0 0 0 
1537284028962 0 0 0 0 0 0 0 0 0 0 0 0 
1537284028972 -0.142622 0.231085 -0.962423 -0.701369 -0.949318 0.243233 0.199082 -0.288396 0.280098 0.942039 0.184682 0.463448 
1537284028972 -0.141942 0.231328 -0.962465 -0.701307 -0.94923 0.243948 0.198623 -0.288248 0.280739 0.941794 0.184958 0.463829 
1537284028979 0 0 0 0 0 0 0 0 0 0 0 0 
1537284028979 0 0 0 0 0 0 0 0 0 0 0 0 
1537284028979 0 0 0 0 0 0 0 0 0 0 0 0 
1537284028979 0 0 0 0 0 0 0 0 0 0 0 0 
1537284028981 0 0 0 0 0 0 0 0 0 0 0 0 
1537284028982 0 0 0 0 0 0 0 0 0 0 0 0 
1537284028992 -0.141602 0.23145 -0.962486 -0.701276 -0.949186 0.244306 0.198393 -0.288174 0.281059 0.941672 0.185095 0.46402 
1537284028992 -0.142282 0.231207 -0.962444 -0.701338 -0.949274 0.24359 0.198852 -0.288322 0.280418 0.941917 0.18482 0.463639 
1537284029002 -0.141261 0.231572 -0.962507 -0.701244 -0.949142 0.244663 0.198164 -0.2881 0.281379 0.941549 0.185233 0.46421 
1537284029002 -0.141942 0.231328 -0.962465 -0.701307 -0.94923 0.243948 0.198623 -0.288248 0.280739 0.941794 0.184958 0.463829 
1537284029012 -0.140921 0.231693 -0.962528 -0.701213 -0.949098 0.245021 0.197934 -0.288027 0.281699 0.941426 0.185371 0.4644 
1537284029012 -0.141602 0.23145 -0.962486 -0.701276 -0.949186 0.244306 0.198393 -0.288174 0.281059 0.941672 0.185095 0.46402 
1537284029022 -0.140581 0.231815 -0.962548 -0.701182 -0.949053 0.245378 0.197705 -0.287953 0.282019 0.941303 0.185509 0.464591 
1537284029022 -0.141261 0.231572 -0.962507 -0.701244 -0.949142 0.244663 0.198164 -0.2881 0.281379 0.941549 0.185233 0.46421 
1537284029032 -0.14024 0.231936 -0.962569 -0.701151 -0.949009 0.245736 0.197476 -0.287879 0.282339 0.94118 0.185647 0.464781 
1537284029032 -0.140921 0.231693 -0.962528 -0.701213 -0.949098 0.245021 0.197934 -0.288027 0.281699 0.941426 0.185371 0.4644 
1537284029042 -0.139255 0.232317 -0.96262 -0.69886 -0.949017 0.2463 0.196729 -0.286101 0.282797 0.940938 0.186175 0.46426 
1537284029042 -0.140581 0.231815 -0.962548 -0.701182 -0.949053 0.245378 0.197705 -0.287953 0.282019 0.941303 0.185509 0.464591 
1537284029053 -0.140581 0.231815 -0.962548 -0.701182 -0.949053 0.245378 0.197705 -0.287953 0.282019 0.941303 0.185509 0.464591 
1537284029065 -0.139255 0.232317 -0.96262 -0.69886 -0.949017 0.2463 0.196729 -0.286101 0.282797 0.940938 0.186175 0.46426 
1537284029085 0 0 0 0 0 0 0 0 0 0 0 0 
1537284029085 0 0 0 0 0 0 0 0 0 0 0 0 
1537284029096 0.275657 0.633204 -0.723233 -0.604483 -0.8825 0.464965 0.0707247 -0.181741 0.381061 0.618757 0.686973 0.426588 
1537284029098 0 0 0 0 0 0 0 0 0 0 0 0 
1537284029103 0 0 0 0 0 0 0 0 0 0 0 0 
1537284029108 0 0 0 0 0 0 0 0 0 0 0 0 
1537284029118 -0.13952 0.232192 -0.962611 -0.70104 -0.948911 0.246499 0.196992 -0.287651 0.283023 0.940917 0.185939 0.465474 
1537284029118 0 0 0 0 0 0 0 0 0 0 0 0 
1537284029121 0 0 0 0 0 0 0 0 0 0 0 0 
1537284029124 0 0 0 0 0 0 0 0 0 0 0 0 
1537284029126 0 0 0 0 0 0 0 0 0 0 0 0 
1537284029126 0 0 0 0 0 0 0 0 0 0 0 0 
1537284029130 0 0 0 0 0 0 0 0 0 0 0 0 
1537284029135 -0.139481 0.232207 -0.962614 -0.700992 -0.948904 0.246546 0.196968 -0.287571 0.283066 0.940901 0.185954 0.465786 
1537284029136 0 0 0 0 0 0 0 0 0 0 0 0 
1537284029138 0 0 0 0 0 0 0 0 0 0 0 0 
1537284029141 0 0 0 0 0 0 0 0 0 0 0 0 
1537284029143 0.275657 0.633204 -0.723233 -0.604483 -0.8825 0.464965 0.0707247 -0.181741 0.381061 0.618757 0.686973 0.426588 
1537284029144 0 0 0 0 0 0 0 0 0 0 0 0 
1537284029148 0 0 0 0 0 0 0 0 0 0 0 0 
1537284029148 0 0 0 0 0 0 0 0 0 0 0 0 
1537284029150 0 0 0 0 0 0 0 0 0 0 0 0 
1537284029151 0 0 0 0 0 0 0 0 0 0 0 0 
1537284029153 0 0 0 0 0 0 0 0 0 0 0 0 
1537284029154 0 0 0 0 0 0 0 0 0 0 0 0 
1537284029160 0 0 0 0 0 0 0 0 0 0 0 0 
1537284029161 0 0 0 0 0 0 0 0 0 0 0 0 
1537284029163 -0.139785 0.232268 -0.962555 -0.700949 -0.948817 0.246617 0.1973 -0.287524 0.283209 0.940867 0.185906 0.465878 
1537284029164 0 0 0 0 0 0 0 0 0 0 0 0 
1537284029172 0 0 0 0 0 0 0 0 0 0 0 0 
1537284029172 0 0 0 0 0 0 0 0 0 0 0 0 
1537284029172 0 0 0 0 0 0 0 0 0 0 0 0 
1537284029172 0 0 0 0 0 0 0 0 0 0 0 0 
1537284029174 0 0 0 0 0 0 0 0 0 0 0 0 
1537284029177 0 0 0 0 0 0 0 0 0 0 0 0 
1537284029184 -0.140011 0.232358 -0.9625 -0.700811 -0.948715 0.246783 0.197582 -0.287316 0.283439 0.940802 0.185889 0.466594 
1537284029185 -0.139442 0.232222 -0.962616 -0.700944 -0.948897 0.246594 0.196943 -0.287491 0.283109 0.940885 0.185969 0.466098 
1537284029193 -0.140238 0.232449 -0.962445 -0.700672 -0.948612 0.246949 0.197865 -0.287109 0.283668 0.940736 0.185872 0.46731 
1537284029195 -0.139403 0.232236 -0.962618 -0.700896 -0.948889 0.246641 0.196919 -0.28741 0.283153 0.940869 0.185984 0.46641 
1537284029203 -0.140464 0.232539 -0.962391 -0.700533 -0.94851 0.247115 0.198147 -0.286901 0.283898 0.94067 0.185855 0.468026 
1537284029205 -0.139364 0.232251 -0.96262 -0.700848 -0.948882 0.246689 0.196894 -0.28733 0.283196 0.940853 0.185999 0.466721 
1537284029213 -0.14069 0.23263 -0.962336 -0.700394 -0.948408 0.247281 0.19843 -0.286693 0.284128 0.940604 0.185838 0.468742 
1537284029215 -0.139325 0.232265 -0.962622 -0.700799 -0.948875 0.246736 0.196869 -0.28725 0.28324 0.940837 0.186014 0.467033 
1537284029216 0 0 0 0 0 0 0 0 0 0 0 0 
1537284029220 0 0 0 0 0 0 0 0 0 0 0 0 
1537284029223 0 0 0 0 0 0 0 0 0 0 0 0 
1537284029225 -0.139286 0.23228 -0.962624 -0.700751 -0.948868 0.246784 0.196845 -0.28717 0.283283 0.940821 0.186029 0.467345 
1537284029230 0 0 0 0 0 0 0 0 0 0 0 0 
1537284029231 0 0 0 0 0 0 0 0 0 0 0 0 
1537284029233 -0.140916 0.23272 -0.962281 -0.700255 -0.948306 0.247447 0.198712 -0.286486 0.284358 0.940538 0.185821 0.469458 
1537284029234 0 0 0 0 0 0 0 0 0 0 0 0 
1537284029243 -0.141142 0.232811 -0.962226 -0.700116 -0.948203 0.247613 0.198995 -0.286278 0.284587 0.940472 0.185803 0.470174 
1537284029245 -0.139247 0.232295 -0.962626 -0.700703 -0.94886 0.246832 0.19682 -0.287089 0.283327 0.940805 0.186045 0.467657 
1537284029253 -0.141368 0.232901 -0.962171 -0.699978 -0.9481 0.247778 0.199277 -0.28607 0.284817 0.940406 0.185786 0.470891 
1537284029255 -0.138557 0.232574 -0.962658 -0.698396 -0.948907 0.247086 0.196273 -0.2853 0.283508 0.940669 0.186456 0.467238 
1537284029263 -0.138557 0.232574 -0.962658 -0.698396 -0.948907 0.247086 0.196273 -0.2853 0.283508 0.940669 0.186456 0.467238 
1537284029289 0 0 0 0 0 0 0 0 0 0 0 0 
1537284029289 0 0 0 0 0 0 0 0 0 0 0 0 
1537284029300 0 0 0 0 0 0 0 0 0 0 0 0 
1537284029300 0 0 0 0 0 0 0 0 0 0 0 0 
1537284029304 0 0 0 0 0 0 0 0 0 0 0 0 
1537284029311 0.275657 0.633204 -0.723233 -0.604483 -0.8825 0.464965 0.0707247 -0.181741 0.381061 0.618757 0.686973 0.426588 
1537284029314 0.275657 0.633204 -0.723233 -0.604483 -0.8825 0.464965 0.0707247 -0.181741 0.381061 0.618757 0.686973 0.426588 
1537284029314 0 0 0 0 0 0 0 0 0 0 0 0 
1537284029318 0 0 0 0 0 0 0 0 0 0 0 0 
1537284029318 0 0 0 0 0 0 0 0 0 0 0 0 
1537284029320 0 0 0 0 0 0 0 0 0 0 0 0 
1537284029322 0 0 0 0 0 0 0 0 0 0 0 0 
1537284029324 0 0 0 0 0 0 0 0 0 0 0 0 
1537284029325 0 0 0 0 0 0 0 0 0 0 0 0 
1537284029334 -0.142047 0.233159 -0.962008 -0.699624 -0.947817 0.248194 0.200105 -0.285555 0.285421 0.940232 0.185737 0.472646 
1537284029338 -0.139662 0.232476 -0.962522 -0.70044 -0.948675 0.247129 0.197341 -0.286702 0.283745 0.940682 0.18603 0.469009 
1537284029338 0 0 0 0 0 0 0 0 0 0 0 0 
1537284029338 0 0 0 0 0 0 0 0 0 0 0 0 
1537284029340 0 0 0 0 0 0 0 0 0 0 0 0 
1537284029341 0 0 0 0 0 0 0 0 0 0 0 0 
1537284029344 0 0 0 0 0 0 0 0 0 0 0 0 
1537284029344 0 0 0 0 0 0 0 0 0 0 0 0 
1537284029354 -0.142273 0.233236 -0.961956 -0.699549 -0.94774 0.248278 0.200368 -0.285456 0.285565 0.940191 0.185723 0.47297 
1537284029355 -0.140154 0.232628 -0.962414 -0.700274 -0.948503 0.247332 0.197912 -0.286475 0.284075 0.940591 0.185984 0.469737 
1537284029364 -0.1425 0.233312 -0.961904 -0.699473 -0.947662 0.248361 0.200631 -0.285356 0.28571 0.94015 0.18571 0.473294 
1537284029365 -0.140646 0.232781 -0.962306 -0.700108 -0.948331 0.247534 0.198482 -0.286248 0.284406 0.9405 0.185938 0.470465 
1537284029374 -0.142727 0.233389 -0.961852 -0.699397 -0.947585 0.248445 0.200894 -0.285256 0.285854 0.940109 0.185696 0.473618 
1537284029375 -0.141138 0.232933 -0.962197 -0.699941 -0.948159 0.247736 0.199052 -0.286021 0.284737 0.940409 0.185892 0.471193 
1537284029384 -0.142954 0.233466 -0.961799 -0.699321 -0.947507 0.248529 0.201157 -0.285157 0.285998 0.940068 0.185682 0.473942 
1537284029385 -0.14163 0.233085 -0.962087 -0.699775 -0.947986 0.247939 0.199622 -0.285794 0.285068 0.940318 0.185846 0.471921 
1537284029394 -0.143181 0.233543 -0.961747 -0.699246 -0.947429 0.248613 0.20142 -0.285057 0.286143 0.940026 0.185668 0.474265 
1537284029395 -0.142122 0.233238 -0.961978 -0.699609 -0.947813 0.248141 0.200193 -0.285567 0.285398 0.940227 0.1858 0.472649 
1537284029398 0 0 0 0 0 0 0 0 0 0 0 0 
1537284029398 0 0 0 0 0 0 0 0 0 0 0 0 
1537284029400 0 0 0 0 0 0 0 0 0 0 0 0 
1537284029402 0 0 0 0 0 0 0 0 0 0 0 0 
1537284029404 0 0 0 0 0 0 0 0 0 0 0 0 
1537284029405 0 0 0 0 0 0 0 0 0 0 0 0 
1537284029414 -0.143408 0.233619 -0.961694 -0.69917 -0.947351 0.248697 0.201683 -0.284958 0.286287 0.939985 0.185654 0.474589 
1537284029415 -0.142614 0.233391 -0.961868 -0.699442 -0.947639 0.248343 0.200763 -0.28534 0.285729 0.940135 0.185753 0.473377 
1537284029424 -0.143635 0.233696 -0.961642 -0.699094 -0.947273 0.24878 0.201946 -0.284858 0.286432 0.939944 0.185641 0.474913 
1537284029427 0 0 0 0 0 0 0 0 0 0 0 0 
1537284029427 -0.143105 0.233544 -0.961758 -0.699276 -0.947465 0.248544 0.201333 -0.285113 0.28606 0.940044 0.185707 0.474105 
1537284029430 0 0 0 0 0 0 0 0 0 0 0 0 
1537284029434 0 0 0 0 0 0 0 0 0 0 0 0 
1537284029435 -0.142934 0.233973 -0.961679 -0.69685 -0.947349 0.248954 0.201373 -0.283169 0.28653 0.939829 0.18607 0.474056 
1537284029446 -0.143198 0.234049 -0.961621 -0.696759 -0.947253 0.249072 0.20168 -0.283041 0.286716 0.939779 0.186038 0.474458 
2122 0.233238 -0.961978 -0.699609 -0.947813 0.248141 0.200193 -0.285567 0.285398 0.940227 0.1858 0.472649 
1537284029398 0 0 0 0 0 0 0 0 0 0 0 0 
1537284029398 0 0 0 0 0 0 0 0 0 0 0 0 
1537284029400 0 0 0 0 0 0 0 0 0 0 0 0 
1537284029401 0 0 0 0 0 0 0 0 0 0 0 0 
1537284029404 0 0 0 0 0 0 0 0 0 0 0 0 
1537284029405 0 0 0 0 0 0 0 0 0 0 0 0 
1537284029414 -0.143408 0.233619 -0.961694 -0.69917 -0.947351 0.248697 0.201683 -0.284958 0.286287 0.939985 0.185654 0.474589 
1537284029415 -0.142614 0.233391 -0.961868 -0.699442 -0.947639 0.248343 0.200763 -0.28534 0.285729 0.940135 0.185753 0.473377 
1537284029424 -0.143635 0.233696 -0.961642 -0.699094 -0.947273 0.24878 0.201946 -0.284858 0.286432 0.939944 0.185641 0.474913 
1537284029427 0 0 0 0 0 0 0 0 0 0 0 0 
1537284029428 -0.143105 0.233544 -0.961758 -0.699276 -0.947465 0.248544 0.201333 -0.285113 0.28606 0.940044 0.185707 0.474105 
1537284029430 0 0 0 0 0 0 0 0 0 0 0 0 
1537284029434 0 0 0 0 0 0 0 0 0 0 0 0 
1537284029435 -0.142934 0.233973 -0.961679 -0.69685 -0.947349 0.248954 0.201373 -0.283169 0.28653 0.939829 0.18607 0.474056 
1537284029445 -0.143198 0.234049 -0.961621 -0.696759 -0.947253 0.249072 0.20168 -0.283041 0.286716 0.939779 0.186038 0.474458 
