1534335195734 0.0970711 0.863636 -0.494683 -0.526692 -0.962941 0.20716 0.17271 -0.235878 0.251637 0.459585 0.85174 0.441233 
1534335199573 0.0970722 0.863635 -0.494684 -0.526692 -0.962941 0.20716 0.172709 -0.235879 0.251636 0.459586 0.851739 0.441233 
1534335200389 0.102095 0.863826 -0.493336 -0.543001 -0.962639 0.210825 0.169937 -0.234077 0.250804 0.457555 0.853077 0.434854 
1534335200954 0.105216 0.863491 -0.493267 -0.551424 -0.962397 0.213334 0.16817 -0.233129 0.250444 0.457024 0.853467 0.431458 
1534335201550 0.108015 0.863292 -0.493011 -0.559826 -0.962162 0.215564 0.166664 -0.232198 0.250155 0.456355 0.85391 0.428069 
1534335202152 0.111015 0.863205 -0.492496 -0.568174 -0.961892 0.217927 0.165142 -0.231341 0.24988 0.455395 0.854503 0.424918 
1534335202746 0.113675 0.862998 -0.492253 -0.576571 -0.961713 0.219941 0.163505 -0.230331 0.249371 0.45482 0.854958 0.421483 
1534335203352 0.116396 0.862855 -0.491866 -0.584938 -0.961482 0.222051 0.162005 -0.229393 0.249007 0.454064 0.855466 0.418147 
1534335203967 0.119413 0.862635 -0.49153 -0.593333 -0.961197 0.224445 0.160387 -0.228488 0.248677 0.453305 0.855964 0.414802 
1534335204562 0.122253 0.862455 -0.491147 -0.600906 -0.960925 0.226682 0.158868 -0.227231 0.24835 0.452533 0.856467 0.411562 
1534335204590 0.121922 0.862371 -0.491378 -0.601118 -0.961002 0.226374 0.158841 -0.22701 0.248215 0.452849 0.85634 0.411348 
1534335204807 0.122503 0.862275 -0.491401 -0.601625 -0.960876 0.226978 0.158743 -0.227099 0.248417 0.452728 0.856345 0.411276 
1534335205118 0.123097 0.862523 -0.490816 -0.603429 -0.960827 0.227335 0.158526 -0.227065 0.248312 0.452075 0.85672 0.410723 
1534335205344 0.123348 0.862305 -0.491137 -0.60442 -0.960847 0.227517 0.158144 -0.227012 0.24811 0.452401 0.856606 0.41023 
1534335205565 0.123585 0.862281 -0.49112 -0.605386 -0.960814 0.227724 0.158047 -0.226926 0.248121 0.452342 0.856634 0.409898 
1534335205880 0.124278 0.862284 -0.49094 -0.607249 -0.96077 0.228209 0.157613 -0.226842 0.247944 0.452092 0.856818 0.409185 
1534335206100 0.124381 0.86215 -0.491149 -0.608278 -0.960759 0.228333 0.157503 -0.22666 0.247937 0.452285 0.856718 0.40879 
1534335206323 0.124399 0.862179 -0.491093 -0.609294 -0.960763 0.228327 0.157487 -0.226428 0.247912 0.452233 0.856753 0.408417 
1534335206347 0.124504 0.862139 -0.491137 -0.609428 -0.960745 0.228434 0.157442 -0.22646 0.247929 0.452255 0.856736 0.408365 
1534335206489 0.124637 0.862146 -0.49109 -0.609556 -0.960749 0.228501 0.157315 -0.226443 0.247844 0.452207 0.856786 0.408163 
1534335206545 0.1246 0.862564 -0.490366 -0.609432 -0.960707 0.228422 0.157686 -0.226413 0.248025 0.45145 0.857133 0.408231 
1534335206658 0.124922 0.862961 -0.489584 -0.609374 -0.960644 0.228598 0.157818 -0.226511 0.248108 0.450601 0.857555 0.40807 
1534335206706 0.125322 0.863198 -0.489063 -0.609419 -0.960543 0.228938 0.157939 -0.226642 0.248298 0.449973 0.85783 0.407823 
1534335206818 0.125629 0.863542 -0.488378 -0.60952 -0.960419 0.22923 0.158266 -0.226612 0.248621 0.449165 0.85816 0.407551 
1534335206889 0.125778 0.863934 -0.487645 -0.609636 -0.960362 0.229293 0.15852 -0.226622 0.248765 0.448378 0.85853 0.40732 
1534335206991 0.126059 0.864222 -0.487062 -0.609691 -0.960304 0.22947 0.158621 -0.226671 0.24885 0.447731 0.858842 0.406999 
1534335207052 0.126337 0.864778 -0.486002 -0.609766 -0.960191 0.229653 0.159035 -0.226722 0.249142 0.446563 0.859366 0.406952 
1534335207154 0.126444 0.86506 -0.485472 -0.609829 -0.960182 0.22964 0.159109 -0.226681 0.249123 0.446024 0.859652 0.406646 
1534335207174 0.126609 0.865226 -0.485134 -0.609846 -0.96016 0.229723 0.159125 -0.226739 0.249125 0.445659 0.85984 0.406598 
1534335207190 0.126701 0.86532 -0.484941 -0.609864 -0.960127 0.229804 0.159205 -0.226784 0.249205 0.445434 0.859934 0.406543 
1534335207322 0.126493 0.865303 -0.485026 -0.609888 -0.960094 0.229747 0.159488 -0.226817 0.249439 0.445497 0.859833 0.406368 
1534335207344 0.126134 0.865276 -0.485168 -0.609898 -0.960155 0.229436 0.159568 -0.226814 0.249385 0.44571 0.859738 0.406426 
1534335207375 0.125855 0.865273 -0.485245 -0.609876 -0.960203 0.229187 0.159636 -0.226865 0.24934 0.445842 0.859683 0.406521 
1534335207461 0.125941 0.865288 -0.485196 -0.609829 -0.960227 0.229189 0.159486 -0.22717 0.249203 0.445813 0.859738 0.406518 
1534335207485 0.125663 0.865397 -0.485074 -0.60985 -0.960266 0.22892 0.159639 -0.22728 0.249195 0.445739 0.859778 0.406504 
1534335207541 0.125411 0.865644 -0.484699 -0.609878 -0.960268 0.228687 0.159961 -0.227441 0.249313 0.44538 0.85993 0.406409 
1534335207639 0.124818 0.865787 -0.484595 -0.609888 -0.960369 0.228109 0.160181 -0.227646 0.249223 0.445397 0.859947 0.406209 
1534335207669 0.124629 0.865889 -0.484463 -0.609908 -0.960372 0.227959 0.160377 -0.227765 0.249307 0.445277 0.859985 0.406196 
1534335207687 0.124517 0.865957 -0.484369 -0.609916 -0.960382 0.227851 0.160467 -0.22787 0.249322 0.445199 0.860021 0.40619 
1534335207703 0.124528 0.865997 -0.484296 -0.609917 -0.96037 0.227866 0.160517 -0.227958 0.249362 0.445114 0.860054 0.406181 
1534335207875 0.123651 0.865632 -0.485171 -0.609745 -0.960452 0.227321 0.160801 -0.228131 0.249484 0.4461 0.859507 0.406155 
1534335208063 0.12258 0.865213 -0.486189 -0.609429 -0.960488 0.22676 0.161377 -0.228737 0.249874 0.447197 0.858823 0.406116 
1534335208145 0.122058 0.865068 -0.486578 -0.609314 -0.960545 0.226397 0.161549 -0.229025 0.249911 0.447662 0.858571 0.40606 
1534335208301 0.120687 0.864998 -0.487045 -0.609162 -0.9607 0.225324 0.162123 -0.229363 0.249979 0.448338 0.858198 0.406097 
1534335208396 0.120195 0.864783 -0.487548 -0.609028 -0.960664 0.225168 0.162557 -0.229707 0.250357 0.448831 0.85783 0.40611 
1534335208415 0.120226 0.86474 -0.487617 -0.609004 -0.960642 0.22524 0.162587 -0.229772 0.250427 0.448878 0.857785 0.406111 
1534335208433 0.120246 0.864693 -0.487695 -0.608977 -0.960623 0.225302 0.162613 -0.229843 0.250489 0.448937 0.857736 0.406109 
1534335208607 0.1192 0.864732 -0.487883 -0.608571 -0.960827 0.224297 0.162796 -0.229913 0.250206 0.449366 0.857594 0.406008 
1534335208645 0.119188 0.864788 -0.487787 -0.60833 -0.960843 0.224241 0.162775 -0.22998 0.250148 0.449286 0.857653 0.406014 
1534335208764 0.119062 0.864908 -0.487606 -0.608023 -0.960767 0.224262 0.163196 -0.230116 0.2505 0.449045 0.857676 0.406222 
1534335208934 0.118362 0.864929 -0.487738 -0.60743 -0.960833 0.223716 0.163556 -0.230415 0.250579 0.449276 0.857532 0.406178 
1534335208984 0.118046 0.864992 -0.487702 -0.60719 -0.960862 0.223454 0.163747 -0.230437 0.250619 0.449285 0.857516 0.406179 
1534335209102 0.117812 0.864959 -0.487818 -0.606873 -0.960904 0.223248 0.163778 -0.230662 0.250565 0.449451 0.857444 0.406197 
1534335209126 0.117622 0.864951 -0.487878 -0.606803 -0.960942 0.223069 0.163803 -0.230642 0.250512 0.449555 0.857405 0.40616 
1534335209145 0.117439 0.864969 -0.487891 -0.606738 -0.96097 0.222901 0.163862 -0.230623 0.250487 0.449605 0.857387 0.406132 
1534335209160 0.117283 0.864991 -0.487889 -0.606657 -0.960994 0.222758 0.16392 -0.230635 0.250471 0.449633 0.857377 0.406107 
1534335209328 0.116874 0.864965 -0.488033 -0.606335 -0.960954 0.222591 0.16438 -0.230778 0.250814 0.449766 0.857206 0.406276 
1534335209376 0.116228 0.864898 -0.488306 -0.60611 -0.960986 0.222166 0.164769 -0.230756 0.250993 0.450104 0.856977 0.406301 
1534335209536 0.115412 0.864832 -0.488615 -0.605511 -0.960969 0.221724 0.165461 -0.230934 0.251434 0.450448 0.856667 0.406453 
1534335209589 0.114801 0.864914 -0.488615 -0.605222 -0.96096 0.221342 0.166026 -0.230998 0.251749 0.450479 0.856558 0.406584 
1534335209757 0.113891 0.864832 -0.488973 -0.604636 -0.960945 0.220842 0.166776 -0.231172 0.252219 0.450882 0.856208 0.406715 
1534335209781 0.113594 0.864816 -0.48907 -0.6045 -0.960941 0.220672 0.167019 -0.231207 0.252365 0.450996 0.856104 0.406734 
1534335209801 0.113441 0.864817 -0.489104 -0.604382 -0.960915 0.220627 0.167233 -0.23127 0.252535 0.451016 0.856044 0.40678 
1534335209819 0.113454 0.8648 -0.489131 -0.604285 -0.960887 0.220689 0.167308 -0.231354 0.252634 0.451018 0.856013 0.406835 
1534335210004 0.112684 0.864598 -0.489665 -0.60406 -0.961093 0.21992 0.167139 -0.231121 0.252196 0.45178 0.855741 0.406741 
1534335210044 0.112195 0.864598 -0.489778 -0.603826 -0.961089 0.219628 0.167546 -0.231157 0.252429 0.451923 0.855597 0.406874 
1534335210167 0.112258 0.864542 -0.489863 -0.603508 -0.961021 0.219807 0.167699 -0.231393 0.252658 0.451943 0.855518 0.407129 
1534335210224 0.111676 0.864428 -0.490197 -0.603289 -0.961107 0.219336 0.167824 -0.231405 0.25259 0.45239 0.855302 0.407089 
1534335210338 0.111325 0.864438 -0.490258 -0.603045 -0.961065 0.219192 0.168253 -0.231426 0.252905 0.452439 0.855183 0.40726 
1534335210387 0.110828 0.864333 -0.490557 -0.602857 -0.961126 0.218813 0.168395 -0.231374 0.252889 0.452824 0.854984 0.407246 
1534335210411 0.110716 0.864339 -0.490571 -0.602797 -0.961123 0.218748 0.168499 -0.231376 0.252952 0.452843 0.854955 0.407306 
1534335210428 0.110732 0.864362 -0.490526 -0.602767 -0.961099 0.218793 0.168577 -0.231407 0.253035 0.452777 0.854966 0.407371 
1534335210540 0.110545 0.864269 -0.490734 -0.602523 -0.961122 0.218669 0.168607 -0.2315 0.25303 0.453016 0.85484 0.407347 
1534335210626 0.110517 0.864595 -0.490164 -0.602429 -0.961167 0.218458 0.168622 -0.231484 0.25287 0.452494 0.855164 0.407234 
1534335210670 0.110569 0.864754 -0.489873 -0.602385 -0.961157 0.218453 0.168684 -0.23147 0.252885 0.452194 0.855319 0.407204 
1534335210732 0.110375 0.86493 -0.489606 -0.60222 -0.961194 0.218207 0.168794 -0.231439 0.252831 0.451975 0.85545 0.407114 
1534335210754 0.110301 0.864973 -0.489546 -0.602125 -0.96121 0.218119 0.168818 -0.231449 0.252802 0.451936 0.855479 0.407075 
1534335210787 0.11028 0.865091 -0.489342 -0.601984 -0.961211 0.218062 0.168883 -0.231489 0.252806 0.451736 0.855584 0.407083 
1534335210807 0.110278 0.865105 -0.489319 -0.601915 -0.9612 0.218078 0.168931 -0.231521 0.252852 0.451703 0.855587 0.407098 
1534335210838 0.110335 0.865107 -0.489301 -0.601835 -0.961175 0.218156 0.168971 -0.231589 0.252922 0.45166 0.85559 0.407124 
1534335210850 0.110354 0.865137 -0.489244 -0.6018 -0.961159 0.218185 0.169021 -0.231613 0.252972 0.451589 0.855612 0.407149 
1534335210867 0.110342 0.8652 -0.489135 -0.601762 -0.961153 0.218167 0.169079 -0.231617 0.253 0.451477 0.855663 0.407174 
1534335210891 0.110278 0.865343 -0.488897 -0.601708 -0.961165 0.218056 0.169152 -0.231588 0.252982 0.451257 0.855785 0.407193 
1534335210979 0.110008 0.865414 -0.488833 -0.601606 -0.961183 0.217833 0.169338 -0.231551 0.253032 0.451229 0.855785 0.407022 
1534335211052 0.10943 0.865706 -0.488444 -0.601406 -0.961132 0.217465 0.1701 -0.231498 0.253477 0.450846 0.855855 0.406863 
1534335211117 0.109342 0.865741 -0.488401 -0.601253 -0.961131 0.217401 0.17019 -0.231583 0.253519 0.450809 0.855862 0.406756 
1534335211163 0.109185 0.86587 -0.488209 -0.601112 -0.961097 0.217319 0.170486 -0.231623 0.253716 0.450601 0.855913 0.406691 
1534335211183 0.109093 0.865929 -0.488124 -0.601043 -0.961085 0.217262 0.170624 -0.231628 0.253799 0.450515 0.855934 0.406662 
1534335211200 0.10903 0.865976 -0.488056 -0.600992 -0.961077 0.217221 0.170721 -0.231628 0.253856 0.450445 0.855953 0.406651 
1534335211216 0.108956 0.866032 -0.487973 -0.600945 -0.961075 0.217158 0.170811 -0.231625 0.253896 0.450368 0.855982 0.406644 
1534335211242 0.108825 0.866092 -0.487894 -0.600875 -0.96107 0.217065 0.170958 -0.231614 0.253971 0.450296 0.855998 0.406621 
1534335211261 0.10872 0.866098 -0.487908 -0.600839 -0.961068 0.217001 0.17105 -0.231597 0.254022 0.450316 0.855972 0.406594 
1534335211388 0.10879 0.866143 -0.487813 -0.600756 -0.961169 0.21685 0.170675 -0.231716 0.253611 0.450303 0.856101 0.406622 
1534335211409 0.108725 0.866231 -0.487671 -0.600647 -0.961227 0.216675 0.170569 -0.231737 0.253418 0.450218 0.856203 0.406583 
1534335211481 0.108063 0.866442 -0.487443 -0.600407 -0.961309 0.216045 0.170909 -0.231687 0.253393 0.450114 0.856265 0.406461 
1534335211502 0.107997 0.866455 -0.487435 -0.600387 -0.961311 0.215996 0.170961 -0.2317 0.253414 0.450113 0.856259 0.406455 
1534335211518 0.107957 0.866479 -0.487401 -0.600362 -0.961323 0.215941 0.170962 -0.231712 0.253385 0.450093 0.856278 0.406452 
1534335211538 0.107917 0.866579 -0.487232 -0.600316 -0.961347 0.215838 0.170956 -0.23172 0.253311 0.44995 0.856375 0.406455 
1534335211554 0.107858 0.866691 -0.487046 -0.600241 -0.96138 0.215703 0.17094 -0.231742 0.25321 0.449799 0.856485 0.406454 
1534335211617 0.107827 0.866714 -0.487012 -0.600055 -0.961409 0.215624 0.170875 -0.231852 0.253112 0.449793 0.856517 0.406441 
1534335211685 0.107669 0.866317 -0.487752 -0.60005 -0.96145 0.215592 0.170687 -0.231749 0.253024 0.450571 0.856133 0.406411 
1534335211718 0.107642 0.866174 -0.488011 -0.600025 -0.961535 0.215475 0.170358 -0.231677 0.252714 0.450902 0.856051 0.406406 
1534335211762 0.107536 0.866108 -0.488152 -0.599968 -0.961601 0.215313 0.170187 -0.231593 0.252506 0.451106 0.856005 0.406434 
1534335211826 0.107634 0.866038 -0.488256 -0.599837 -0.961613 0.215377 0.170039 -0.231667 0.25242 0.451211 0.855975 0.406507 
1534335211873 0.107696 0.865925 -0.488441 -0.599699 -0.961641 0.215404 0.169844 -0.231727 0.252284 0.451414 0.855908 0.406512 
1534335211895 0.107673 0.865882 -0.488522 -0.599633 -0.961657 0.215376 0.169788 -0.231727 0.252233 0.45151 0.855873 0.406523 
1534335211910 0.10763 0.865859 -0.488574 -0.599589 -0.961672 0.215332 0.169764 -0.231711 0.252197 0.451576 0.855848 0.406536 
1534335211926 0.107549 0.865846 -0.488615 -0.59955 -0.961693 0.215247 0.169749 -0.231688 0.25215 0.451642 0.855827 0.406555 
1534335211943 0.107467 0.865855 -0.488616 -0.599527 -0.961714 0.215156 0.169748 -0.231678 0.252106 0.451666 0.855827 0.406584 
1534335211960 0.1074 0.865875 -0.488596 -0.599511 -0.961731 0.215077 0.169752 -0.231677 0.25207 0.451667 0.855838 0.406619 
1534335211976 0.107347 0.865885 -0.48859 -0.5995 -0.961747 0.215011 0.169742 -0.231676 0.25203 0.451679 0.855843 0.406636 
1534335211993 0.107338 0.865887 -0.488588 -0.599495 -0.961756 0.214989 0.16972 -0.231676 0.251999 0.451685 0.855849 0.406637 
1534335212037 0.107437 0.865957 -0.488441 -0.599488 -0.961781 0.214982 0.16959 -0.2317 0.251864 0.451553 0.855958 0.406591 
1534335212051 0.107553 0.866015 -0.488315 -0.59948 -0.961778 0.21504 0.169533 -0.231715 0.251825 0.451416 0.856042 0.406578 
1534335212068 0.107707 0.866076 -0.488172 -0.599464 -0.961774 0.215121 0.169451 -0.23173 0.251773 0.45126 0.856139 0.406554 
1534335212087 0.107824 0.866146 -0.488021 -0.59944 -0.961785 0.21515 0.169353 -0.231737 0.251682 0.451111 0.856245 0.406526 
1534335212105 0.107878 0.866199 -0.487915 -0.599408 -0.961807 0.215126 0.169258 -0.231726 0.251574 0.451021 0.856324 0.406494 
1534335212126 0.107889 0.86622 -0.487877 -0.599374 -0.961836 0.215073 0.169158 -0.231707 0.251457 0.451007 0.856366 0.406451 
1534335212143 0.107854 0.866221 -0.487883 -0.599319 -0.961892 0.214951 0.168998 -0.231681 0.25126 0.451063 0.856394 0.406407 
1534335212158 0.107827 0.866218 -0.487894 -0.599274 -0.961931 0.214865 0.168886 -0.231669 0.251123 0.45111 0.856409 0.406379 
1534335212175 0.107818 0.866226 -0.487882 -0.599237 -0.961956 0.214812 0.16881 -0.231665 0.251031 0.45112 0.856431 0.406372 
1534335212220 0.107826 0.866223 -0.487885 -0.599185 -0.961964 0.214803 0.168773 -0.231691 0.250994 0.45113 0.856437 0.406444 
1534335212236 0.107781 0.866222 -0.487896 -0.599185 -0.961968 0.214769 0.168798 -0.231714 0.251002 0.451147 0.856425 0.406495 
1534335212250 0.10767 0.866229 -0.487908 -0.59918 -0.961982 0.214671 0.168838 -0.231733 0.250992 0.451181 0.856411 0.406543 
1534335212270 0.107495 0.866178 -0.488037 -0.599185 -0.961998 0.214551 0.168901 -0.231761 0.251008 0.451334 0.856325 0.406608 
1534335212290 0.107348 0.866142 -0.488134 -0.599169 -0.962012 0.214448 0.168954 -0.231784 0.251017 0.451454 0.856259 0.40667 
1534335212403 0.10723 0.866087 -0.488257 -0.598861 -0.962057 0.214311 0.168868 -0.231961 0.250893 0.451623 0.856206 0.406774 
1534335212427 0.107138 0.86633 -0.487847 -0.598843 -0.962042 0.214197 0.169098 -0.231924 0.25099 0.451212 0.856395 0.406788 
1534335212453 0.106951 0.866518 -0.487553 -0.598839 -0.962019 0.214056 0.169406 -0.231876 0.251157 0.450918 0.856501 0.406748 
1534335212477 0.106835 0.866616 -0.487405 -0.598838 -0.961986 0.214009 0.169653 -0.231849 0.251333 0.450752 0.856536 0.406664 
1534335212553 0.106773 0.866595 -0.487455 -0.598776 -0.961945 0.214052 0.169834 -0.231907 0.251518 0.450771 0.856472 0.406475 
1534335212579 0.106613 0.866657 -0.48738 -0.598644 -0.961909 0.213994 0.170109 -0.231957 0.251723 0.450679 0.85646 0.406447 
1534335212594 0.106422 0.866761 -0.487237 -0.598543 -0.961907 0.213843 0.170314 -0.231994 0.251814 0.450551 0.856501 0.406457 
1534335212614 0.106177 0.866883 -0.487073 -0.598433 -0.961917 0.213628 0.170523 -0.232044 0.251876 0.450418 0.856552 0.406478 
1534335212632 0.106084 0.866889 -0.487083 -0.598362 -0.961921 0.213562 0.170587 -0.232115 0.251902 0.450438 0.856534 0.406493 
1534335212723 0.105701 0.867062 -0.486858 -0.598232 -0.961881 0.213332 0.171096 -0.232205 0.252213 0.450215 0.85656 0.406584 
1534335212890 0.105272 0.866659 -0.487667 -0.597872 -0.962095 0.21282 0.170528 -0.232274 0.251575 0.451231 0.856213 0.406432 
1534335212931 0.104842 0.866641 -0.487793 -0.597716 -0.962131 0.212493 0.170735 -0.232292 0.251618 0.451421 0.8561 0.406457 
1534335212976 0.104666 0.866715 -0.487698 -0.59751 -0.962137 0.212346 0.170885 -0.232386 0.251669 0.451347 0.856124 0.406518 
1534335213037 0.10439 0.866839 -0.487538 -0.597305 -0.962178 0.212056 0.171015 -0.232461 0.251627 0.451246 0.85619 0.406606 
1534335213057 0.104203 0.866833 -0.487589 -0.597253 -0.962215 0.211873 0.17103 -0.232459 0.251562 0.451343 0.856158 0.406588 
1534335213079 0.103993 0.866827 -0.487643 -0.597187 -0.962258 0.211667 0.171047 -0.232457 0.251486 0.45145 0.856123 0.406571 
1534335213096 0.103822 0.866835 -0.487666 -0.597137 -0.96229 0.211498 0.171074 -0.232449 0.251433 0.451514 0.856105 0.406566 
1534335213117 0.103671 0.866839 -0.487691 -0.597095 -0.962315 0.211357 0.171109 -0.232437 0.251401 0.451574 0.856083 0.406558 
1534335213138 0.103461 0.866837 -0.487739 -0.597041 -0.962347 0.211169 0.171163 -0.232421 0.251366 0.451666 0.856045 0.406555 
1534335213279 0.103585 0.866905 -0.487592 -0.596767 -0.962208 0.211472 0.171569 -0.232619 0.251846 0.451393 0.856048 0.406713 
1534335213316 0.103286 0.866909 -0.487649 -0.596572 -0.962228 0.211245 0.171733 -0.232652 0.251891 0.451492 0.855983 0.406673 
1534335213441 0.102795 0.867005 -0.487581 -0.596213 -0.962186 0.210978 0.1723 -0.232762 0.252254 0.451432 0.855907 0.406828 
1534335213470 0.102426 0.867033 -0.487609 -0.596065 -0.96224 0.210637 0.172415 -0.232741 0.252198 0.451537 0.855868 0.406817 
1534335213490 0.102223 0.867058 -0.487607 -0.595984 -0.962254 0.210475 0.172534 -0.232734 0.252226 0.451565 0.855845 0.406824 
1534335213510 0.10207 0.867084 -0.487593 -0.595902 -0.962253 0.210369 0.172666 -0.232739 0.25229 0.451564 0.855827 0.406845 
1534335213528 0.10203 0.867109 -0.487557 -0.595859 -0.962237 0.210365 0.172764 -0.232761 0.25237 0.451518 0.855828 0.406876 
1534335213545 0.102023 0.867145 -0.487495 -0.595827 -0.962216 0.210384 0.172855 -0.23279 0.252451 0.45144 0.855845 0.406914 
1534335213632 0.101947 0.867128 -0.48754 -0.595708 -0.96223 0.210317 0.172857 -0.232831 0.252427 0.451504 0.855818 0.406908 
1534335213659 0.101797 0.867087 -0.487645 -0.595643 -0.96226 0.210182 0.172853 -0.232777 0.252373 0.451645 0.85576 0.406882 
1534335213744 0.101636 0.867096 -0.487662 -0.595436 -0.962253 0.210091 0.173007 -0.232733 0.252467 0.451671 0.855718 0.407027 
1534335213797 0.101603 0.867191 -0.4875 -0.595258 -0.962198 0.210134 0.173259 -0.232812 0.252688 0.451468 0.85576 0.407161 
1534335213818 0.101559 0.867236 -0.487429 -0.595177 -0.96219 0.210104 0.17334 -0.232849 0.252738 0.451395 0.855784 0.407202 
1534335213835 0.101487 0.867272 -0.48738 -0.595118 -0.962193 0.21004 0.173401 -0.232868 0.252755 0.451356 0.855799 0.407227 
1534335213851 0.101402 0.867303 -0.487343 -0.595065 -0.962197 0.209968 0.173466 -0.232872 0.252774 0.451331 0.855807 0.407249 
1534335213867 0.101275 0.867338 -0.487307 -0.595012 -0.962206 0.209859 0.173548 -0.232858 0.252791 0.451314 0.855811 0.407276 
1534335213884 0.101171 0.867355 -0.487299 -0.594976 -0.962212 0.209777 0.173616 -0.232843 0.252811 0.45132 0.855802 0.407298 
1534335213901 0.101138 0.867355 -0.487306 -0.594965 -0.962214 0.209752 0.173634 -0.23284 0.252815 0.451332 0.855794 0.407302 
1534335213917 0.10106 0.867333 -0.487361 -0.594941 -0.962228 0.209685 0.173637 -0.232826 0.252793 0.451405 0.855763 0.407286 
1534335213937 0.101085 0.867296 -0.487422 -0.594947 -0.962235 0.209701 0.173576 -0.232815 0.252755 0.451468 0.85574 0.407258 
1534335214041 0.101418 0.866928 -0.488007 -0.595033 -0.962332 0.20987 0.172835 -0.2327 0.252254 0.452096 0.855557 0.407156 
1534335214050 0.101298 0.866874 -0.488127 -0.594995 -0.962375 0.209735 0.172757 -0.232634 0.252136 0.452261 0.855504 0.407119 
1534335214070 0.101168 0.866819 -0.488252 -0.59494 -0.962421 0.20959 0.172679 -0.232573 0.252014 0.452434 0.855449 0.407092 
1534335214085 0.101113 0.866786 -0.488321 -0.594891 -0.962447 0.209521 0.17262 -0.232549 0.251938 0.452529 0.855421 0.407091 
1534335214102 0.101112 0.866763 -0.488362 -0.594849 -0.962457 0.20951 0.172576 -0.232549 0.251899 0.452578 0.855406 0.40711 
1534335214122 0.101192 0.866764 -0.488344 -0.59482 -0.962449 0.209574 0.17254 -0.232582 0.251896 0.452547 0.855424 0.407157 
1534335214139 0.101293 0.866773 -0.488308 -0.594801 -0.962435 0.209661 0.172515 -0.232624 0.25191 0.452491 0.855449 0.407203 
1534335214161 0.101395 0.866779 -0.488276 -0.594782 -0.96242 0.209751 0.17249 -0.232669 0.251926 0.452437 0.855473 0.407247 
1534335214181 0.101416 0.86679 -0.488252 -0.594784 -0.962414 0.209771 0.172499 -0.232671 0.251942 0.452407 0.855484 0.407266 
1534335214198 0.101395 0.866794 -0.488249 -0.594797 -0.962418 0.209748 0.172502 -0.232653 0.251933 0.452409 0.855486 0.407256 
1534335214218 0.101378 0.866812 -0.48822 -0.594839 -0.962422 0.209725 0.17251 -0.23262 0.251926 0.452385 0.855501 0.407233 
1534335214235 0.101367 0.866828 -0.488195 -0.594876 -0.962426 0.209705 0.172514 -0.23259 0.251916 0.452364 0.855514 0.407213 
1534335214254 0.101398 0.866833 -0.488179 -0.594919 -0.96242 0.209732 0.17251 -0.23254 0.251924 0.452341 0.855524 0.407182 
1534335214376 0.101726 0.866878 -0.488031 -0.594813 -0.962464 0.209846 0.172129 -0.23257 0.251626 0.452202 0.855686 0.407079 
1534335214394 0.101683 0.867089 -0.487665 -0.594761 -0.962442 0.209783 0.172325 -0.232592 0.251725 0.451827 0.855855 0.407107 
1534335214416 0.101659 0.867284 -0.487324 -0.594725 -0.96242 0.209739 0.172504 -0.232628 0.25182 0.451474 0.856013 0.40713 
1534335214479 0.101557 0.867504 -0.486953 -0.594765 -0.962427 0.209584 0.172653 -0.232677 0.251835 0.451123 0.856194 0.407041 
1534335214524 0.101465 0.867654 -0.486705 -0.594774 -0.962477 0.209383 0.172618 -0.232652 0.251681 0.450928 0.856342 0.406921 
1534335214549 0.101427 0.867813 -0.486428 -0.594754 -0.962507 0.209249 0.172614 -0.232636 0.251581 0.450683 0.8565 0.406873 
1534335214563 0.101407 0.867891 -0.486295 -0.594746 -0.96252 0.209185 0.172618 -0.232628 0.251539 0.450563 0.856575 0.406849 
1534335214579 0.101374 0.867946 -0.486202 -0.594744 -0.962532 0.209123 0.172627 -0.232619 0.251507 0.450485 0.856626 0.406817 
1534335214596 0.101328 0.868001 -0.486115 -0.594746 -0.962546 0.20905 0.172639 -0.232606 0.251473 0.450414 0.856673 0.406775 
1534335214614 0.10129 0.868033 -0.486065 -0.594749 -0.962554 0.208999 0.172653 -0.232594 0.251456 0.450376 0.856698 0.406742 
1534335214746 0.101428 0.868025 -0.486051 -0.594739 -0.962515 0.20916 0.172677 -0.232609 0.25155 0.450317 0.856701 0.406823 
1534335214762 0.101503 0.867849 -0.486349 -0.594757 -0.962502 0.209293 0.172587 -0.232625 0.251569 0.450594 0.85655 0.406859 
1534335214780 0.101572 0.867679 -0.486638 -0.594768 -0.962494 0.209412 0.172488 -0.232636 0.251572 0.450866 0.856406 0.406896 
1534335214796 0.101616 0.867552 -0.486855 -0.594771 -0.962491 0.20949 0.172411 -0.232641 0.251567 0.451074 0.856298 0.406919 
1534335214813 0.101649 0.867509 -0.486925 -0.594759 -0.962492 0.209524 0.172362 -0.232645 0.251548 0.451141 0.856268 0.406941 
1534335214833 0.101644 0.867492 -0.486957 -0.594739 -0.962493 0.209525 0.172354 -0.232644 0.251545 0.451174 0.856252 0.406951 
1534335214850 0.101627 0.867461 -0.487015 -0.594722 -0.962498 0.209517 0.172339 -0.232643 0.251535 0.451237 0.856222 0.406944 
1534335214869 0.101611 0.867427 -0.487079 -0.594712 -0.962508 0.2095 0.172301 -0.232643 0.251501 0.45131 0.856193 0.406935 
1534335214884 0.101597 0.867369 -0.487185 -0.594713 -0.962516 0.209498 0.172262 -0.232643 0.251479 0.451422 0.85614 0.40693 
1534335214900 0.101596 0.867291 -0.487323 -0.59472 -0.962518 0.209521 0.172221 -0.232645 0.25147 0.45156 0.85607 0.406926 
1534335214978 0.101754 0.86724 -0.487383 -0.594758 -0.962552 0.209578 0.171962 -0.232653 0.251277 0.451633 0.856088 0.406949 
1534335214994 0.101766 0.867329 -0.487221 -0.594786 -0.962555 0.209549 0.17198 -0.232645 0.25126 0.451475 0.856177 0.406952 
1534335215011 0.101776 0.86748 -0.486949 -0.594796 -0.962568 0.209478 0.171992 -0.232636 0.251205 0.451217 0.856329 0.406946 
1534335215033 0.101737 0.867655 -0.486645 -0.594806 -0.962579 0.209372 0.17206 -0.232616 0.251179 0.450929 0.856488 0.406912 
1534335215048 0.101751 0.867772 -0.486434 -0.594821 -0.962582 0.209334 0.172091 -0.232597 0.251163 0.450722 0.856602 0.406868 
1534335215067 0.10174 0.867839 -0.486317 -0.594834 -0.96259 0.209288 0.1721 -0.232569 0.251135 0.450615 0.856666 0.406815 
1534335215081 0.101716 0.86784 -0.486321 -0.594843 -0.962603 0.209251 0.172077 -0.232548 0.251098 0.450631 0.856669 0.406768 
1534335215098 0.101699 0.867831 -0.486339 -0.594853 -0.962622 0.209209 0.172021 -0.232531 0.251031 0.450666 0.85667 0.406713 
1534335215116 0.101696 0.867812 -0.486374 -0.594859 -0.962646 0.20917 0.171932 -0.232525 0.250939 0.450721 0.856668 0.406651 
1534335215133 0.101706 0.867806 -0.486383 -0.594857 -0.962655 0.209163 0.171891 -0.232529 0.250901 0.450736 0.856671 0.406629 
1534335215148 0.101782 0.867797 -0.486383 -0.594853 -0.962659 0.209207 0.171815 -0.232549 0.250855 0.450733 0.856686 0.406642 
1534335215167 0.101865 0.867789 -0.48638 -0.594847 -0.962658 0.209264 0.171751 -0.232569 0.250825 0.450722 0.856701 0.406673 
1534335215182 0.101919 0.867777 -0.486391 -0.594843 -0.962651 0.209315 0.171728 -0.232578 0.25083 0.450722 0.856699 0.406711 
1534335215198 0.10195 0.867763 -0.486408 -0.594836 -0.962641 0.209357 0.17173 -0.232576 0.250854 0.450729 0.856689 0.40676 
1534335215221 0.101953 0.867661 -0.486589 -0.594855 -0.962627 0.209422 0.171734 -0.232567 0.250909 0.450895 0.856585 0.406795 
1534335215238 0.10197 0.867618 -0.486663 -0.594865 -0.962619 0.20946 0.171728 -0.232563 0.25093 0.45096 0.856545 0.406816 
1534335215255 0.101994 0.867615 -0.486663 -0.594867 -0.96262 0.209475 0.171706 -0.232562 0.250918 0.450959 0.856549 0.406825 
1534335215271 0.102005 0.867621 -0.48665 -0.594867 -0.962626 0.209469 0.171678 -0.23256 0.250889 0.45095 0.856562 0.406816 
1534335215288 0.101996 0.86762 -0.486654 -0.594866 -0.962634 0.20945 0.171657 -0.232558 0.250863 0.450962 0.856564 0.406793 
1534335215305 0.102002 0.867681 -0.486544 -0.59485 -0.962658 0.209389 0.171598 -0.232557 0.250769 0.450873 0.856638 0.406758 
1534335215321 0.10201 0.867746 -0.486428 -0.594831 -0.962685 0.209322 0.171526 -0.232556 0.250661 0.450779 0.856719 0.40672 
1534335215338 0.102011 0.867772 -0.486381 -0.594821 -0.962704 0.209281 0.171474 -0.232555 0.250591 0.450748 0.856756 0.406686 
1534335215356 0.102005 0.867781 -0.486366 -0.594813 -0.962725 0.209235 0.171408 -0.232549 0.25051 0.450752 0.856777 0.406638 
1534335215375 0.101999 0.86776 -0.486404 -0.594812 -0.962737 0.209217 0.171364 -0.232541 0.250467 0.4508 0.856764 0.406601 
1534335215395 0.101995 0.867731 -0.486457 -0.594811 -0.962747 0.209207 0.17132 -0.232529 0.25043 0.450861 0.856743 0.406564 
1534335215412 0.102013 0.867709 -0.486491 -0.594809 -0.962755 0.209212 0.171271 -0.232522 0.250393 0.4509 0.856734 0.40654 
1534335215469 0.102079 0.867616 -0.486643 -0.594795 -0.962795 0.209214 0.171042 -0.232506 0.250211 0.451078 0.856693 0.406483 
1534335215493 0.102052 0.867535 -0.486795 -0.5948 -0.962783 0.209246 0.171068 -0.23249 0.250267 0.45122 0.856602 0.406508 
1534335215507 0.102026 0.86743 -0.486987 -0.594816 -0.962765 0.2093 0.171106 -0.232483 0.250349 0.451396 0.856485 0.406525 
1534335215524 0.101974 0.86729 -0.487247 -0.594836 -0.962729 0.209381 0.17121 -0.232475 0.250509 0.451627 0.856317 0.406571 
1534335215540 0.101921 0.867233 -0.48736 -0.594841 -0.962704 0.209413 0.171311 -0.232467 0.250626 0.451723 0.856232 0.406626 
1534335215557 0.101897 0.867226 -0.487376 -0.594832 -0.962678 0.209447 0.171414 -0.232458 0.250735 0.45172 0.856202 0.406694 
1534335215575 0.10188 0.86722 -0.487391 -0.594825 -0.962661 0.209469 0.171486 -0.23245 0.250809 0.451721 0.856179 0.406741 
1534335215591 0.101802 0.867213 -0.487419 -0.594818 -0.962655 0.209432 0.171561 -0.232439 0.250861 0.451751 0.856148 0.40679 
1534335215610 0.101716 0.867195 -0.48747 -0.594811 -0.962653 0.209389 0.171627 -0.232424 0.250905 0.451807 0.856106 0.406829 
1534335215703 0.101716 0.867117 -0.487609 -0.594829 -0.962702 0.209328 0.171428 -0.232458 0.250718 0.451985 0.856066 0.406633 
1534335215720 0.101852 0.867139 -0.487541 -0.594836 -0.962683 0.20944 0.171396 -0.232483 0.250735 0.45189 0.856112 0.406584 
1534335215734 0.102008 0.867215 -0.487373 -0.594826 -0.962663 0.209548 0.171376 -0.232501 0.250748 0.451694 0.856211 0.406554 
1534335215750 0.102196 0.867341 -0.48711 -0.59481 -0.96262 0.2097 0.171429 -0.232517 0.250835 0.451383 0.85635 0.406513 
1534335215774 0.1023 0.867457 -0.486881 -0.594802 -0.962591 0.209777 0.171498 -0.232524 0.250903 0.451123 0.856467 0.406479 
1534335215790 0.102291 0.86749 -0.486825 -0.594801 -0.962591 0.20976 0.171521 -0.232524 0.250909 0.451068 0.856494 0.406472 
1534335215807 0.102215 0.867558 -0.486719 -0.594808 -0.962588 0.209693 0.171618 -0.232511 0.25095 0.450968 0.856535 0.406437 
1534335215921 0.102169 0.867436 -0.486945 -0.594805 -0.962596 0.209693 0.171575 -0.232454 0.250939 0.451202 0.856415 0.406409 
1534335215935 0.102186 0.867261 -0.487254 -0.594821 -0.96261 0.209739 0.171437 -0.232445 0.250877 0.451517 0.856267 0.406408 
1534335215951 0.102175 0.867101 -0.487542 -0.594836 -0.962631 0.209751 0.171305 -0.232432 0.250801 0.45182 0.85613 0.406424 
1534335215969 0.102205 0.866995 -0.487723 -0.594839 -0.962644 0.209783 0.171192 -0.232434 0.250739 0.452007 0.856049 0.40644 
1534335215985 0.102231 0.866923 -0.487845 -0.594823 -0.962672 0.209776 0.171048 -0.232445 0.250624 0.452148 0.856008 0.406473 
1534335216036 0.102027 0.866919 -0.487896 -0.594778 -0.962735 0.209535 0.170988 -0.232475 0.250464 0.452269 0.855991 0.406582 
1534335216063 0.10203 0.866809 -0.48809 -0.594772 -0.962742 0.209562 0.170915 -0.232492 0.250436 0.452466 0.855895 0.406623 
1534335216079 0.102106 0.866673 -0.488316 -0.594779 -0.962747 0.209649 0.17078 -0.232513 0.250385 0.452687 0.855793 0.406636 
1534335216093 0.102171 0.866563 -0.488497 -0.594782 -0.962754 0.209715 0.170658 -0.232531 0.250331 0.452866 0.855714 0.406644 
1534335216111 0.102232 0.866442 -0.488699 -0.59478 -0.962765 0.209776 0.17052 -0.232549 0.250263 0.45307 0.855626 0.406652 
1534335216137 0.102293 0.866325 -0.488893 -0.594752 -0.962805 0.209782 0.170285 -0.232553 0.250084 0.45329 0.855562 0.406667 
1534335216153 0.102286 0.86628 -0.488975 -0.594748 -0.962826 0.209756 0.170201 -0.23254 0.250007 0.453389 0.855532 0.406667 
1534335216206 0.102115 0.866296 -0.488982 -0.594753 -0.962828 0.209639 0.170333 -0.232493 0.250068 0.453412 0.855502 0.406676 
1534335216220 0.102051 0.866357 -0.488887 -0.594761 -0.962813 0.209605 0.170461 -0.232486 0.250153 0.453311 0.855531 0.406685 
1534335216244 0.101919 0.866587 -0.488508 -0.594778 -0.96277 0.209519 0.17081 -0.23249 0.250374 0.452912 0.855677 0.406723 
1534335216260 0.101874 0.866763 -0.488205 -0.594774 -0.962761 0.209446 0.170951 -0.232502 0.250426 0.452609 0.855822 0.406742 
1534335216280 0.101806 0.866939 -0.487906 -0.594773 -0.962754 0.209353 0.171104 -0.232522 0.250481 0.452313 0.855962 0.406753 
1534335216296 0.101719 0.867017 -0.487786 -0.594786 -0.962757 0.209266 0.171194 -0.232556 0.250505 0.452206 0.856012 0.406754 
1534335216313 0.10167 0.867039 -0.487756 -0.594804 -0.962759 0.209222 0.171233 -0.232585 0.250515 0.452182 0.856022 0.406753 
1534335216330 0.101607 0.867056 -0.48774 -0.594817 -0.96277 0.209158 0.171254 -0.232598 0.250501 0.452181 0.856027 0.406749 
1534335216346 0.101546 0.867062 -0.487742 -0.594822 -0.96278 0.209098 0.171267 -0.232597 0.250485 0.452197 0.856023 0.406742 
1534335216364 0.101481 0.867044 -0.487786 -0.594829 -0.962789 0.209048 0.171281 -0.232594 0.250479 0.452253 0.855995 0.406728 
1534335216447 0.100983 0.866843 -0.488247 -0.594858 -0.962779 0.208819 0.171613 -0.232549 0.250717 0.452744 0.855666 0.406745 
1534335216469 0.100624 0.866826 -0.488351 -0.594856 -0.962795 0.208569 0.171829 -0.23255 0.250801 0.452892 0.855563 0.406785 
1534335216486 0.100372 0.866826 -0.488405 -0.594855 -0.962799 0.208401 0.172008 -0.232552 0.250885 0.452971 0.855497 0.406812 
1534335216517 0.0999821 0.866808 -0.488516 -0.594848 -0.962762 0.208226 0.172427 -0.23256 0.251183 0.453085 0.855349 0.406852 
1534335216535 0.099945 0.866793 -0.48855 -0.594846 -0.962729 0.208267 0.172561 -0.232577 0.251324 0.453095 0.855302 0.406871 
1534335216551 0.0999189 0.866783 -0.488573 -0.594839 -0.962692 0.208322 0.172704 -0.232609 0.251477 0.453088 0.85526 0.406901 
1534335216573 0.0999179 0.866788 -0.488564 -0.594836 -0.962654 0.208387 0.172834 -0.232667 0.251621 0.453049 0.855239 0.406953 
1534335216590 0.0998572 0.866807 -0.488543 -0.594834 -0.96264 0.208368 0.172939 -0.232705 0.251701 0.453022 0.85523 0.406992 
1534335216607 0.0996669 0.866833 -0.488535 -0.594833 -0.962656 0.208208 0.173041 -0.232739 0.251714 0.453045 0.855214 0.407011 
1534335216684 0.0993462 0.866757 -0.488736 -0.594831 -0.962727 0.207901 0.173011 -0.232771 0.251567 0.453331 0.855105 0.406986 
1534335216708 0.0993551 0.866606 -0.489002 -0.594831 -0.962799 0.207831 0.172696 -0.232736 0.251289 0.453652 0.855016 0.406949 
1534335216734 0.0993912 0.866387 -0.489382 -0.594832 -0.962888 0.207771 0.172273 -0.232699 0.250935 0.454098 0.854884 0.4069 
1534335216764 0.0994011 0.866199 -0.489714 -0.594833 -0.962945 0.207741 0.171992 -0.232657 0.250713 0.454471 0.854751 0.406905 
1534335216790 0.0993738 0.866122 -0.489854 -0.59485 -0.962941 0.207757 0.171993 -0.232631 0.250737 0.454609 0.85467 0.406964 
1534335216803 0.0993769 0.866115 -0.489866 -0.594857 -0.962935 0.207772 0.172009 -0.232627 0.25076 0.454615 0.854661 0.407001 
1534335216820 0.0993052 0.866104 -0.489901 -0.594866 -0.962943 0.207715 0.17203 -0.232623 0.250756 0.454663 0.854636 0.407054 
1534335216837 0.099201 0.866093 -0.489941 -0.594871 -0.962962 0.207618 0.172041 -0.232621 0.250724 0.454728 0.854611 0.407089 
1534335216854 0.0990738 0.866077 -0.489995 -0.594876 -0.962987 0.207498 0.172049 -0.232622 0.25068 0.454813 0.854579 0.407134 
1534335216873 0.0989618 0.866056 -0.490055 -0.594879 -0.963007 0.207397 0.172056 -0.232627 0.250646 0.4549 0.854542 0.407172 
1534335216890 0.0988855 0.866024 -0.490126 -0.594882 -0.963019 0.207339 0.172062 -0.232633 0.250632 0.454986 0.854501 0.4072 
1534335216909 0.0989178 0.865975 -0.490206 -0.594885 -0.963006 0.2074 0.17206 -0.232644 0.250668 0.455052 0.854455 0.407225 
1534335216923 0.0989485 0.865947 -0.49025 -0.594885 -0.963002 0.207436 0.172037 -0.232655 0.250671 0.455089 0.854434 0.407227 
1534335216940 0.0989993 0.865917 -0.490292 -0.594882 -0.962999 0.207484 0.171996 -0.23267 0.250662 0.455123 0.854419 0.407215 
1534335217026 0.0990663 0.865734 -0.490602 -0.594845 -0.963041 0.207516 0.171726 -0.232731 0.250477 0.455457 0.854295 0.407097 
1534335217039 0.0990104 0.86561 -0.490832 -0.594858 -0.963049 0.20751 0.171689 -0.232737 0.250468 0.455696 0.85417 0.407074 
1534335217056 0.0988226 0.865467 -0.491122 -0.594872 -0.963087 0.20737 0.171642 -0.232743 0.250395 0.456031 0.854013 0.407055 
1534335217076 0.0986485 0.86538 -0.491311 -0.594876 -0.963126 0.207218 0.171605 -0.232747 0.250312 0.456266 0.853912 0.407059 
1534335217158 0.0986165 0.865363 -0.491347 -0.594859 -0.963148 0.207164 0.171549 -0.232757 0.250241 0.456322 0.853903 0.407157 
1534335217172 0.0986929 0.865413 -0.491243 -0.59485 -0.963142 0.207206 0.171532 -0.232756 0.250234 0.456208 0.853966 0.407171 
1534335217188 0.0988807 0.865531 -0.490997 -0.59483 -0.963124 0.207318 0.1715 -0.232763 0.250231 0.455933 0.854114 0.407193 
1534335217205 0.0991028 0.865651 -0.490742 -0.594819 -0.963104 0.207454 0.171447 -0.232779 0.25022 0.455644 0.854271 0.407206 
1534335217222 0.099295 0.865733 -0.490558 -0.594822 -0.963087 0.207578 0.171392 -0.2328 0.250209 0.455431 0.854388 0.407204 
1534335217238 0.0993868 0.865787 -0.490443 -0.594832 -0.963088 0.207615 0.171339 -0.232811 0.250167 0.455311 0.854464 0.407191 
1534335217266 0.0994192 0.865872 -0.490287 -0.594859 -0.963126 0.207538 0.171222 -0.232812 0.250009 0.455185 0.854577 0.407144 
1534335217280 0.0994211 0.865903 -0.490232 -0.594871 -0.963145 0.207493 0.171168 -0.232805 0.249934 0.455146 0.85462 0.407131 
1534335217300 0.0994289 0.86596 -0.490129 -0.594891 -0.963183 0.20741 0.171058 -0.232791 0.249787 0.455076 0.8547 0.407117 
1534335217318 0.0994443 0.865999 -0.490057 -0.594903 -0.963209 0.207358 0.170972 -0.232785 0.249679 0.455025 0.854759 0.407109 
1534335217337 0.0994599 0.866034 -0.489993 -0.594918 -0.963235 0.207307 0.170884 -0.232775 0.249571 0.454982 0.854813 0.407113 
1534335217428 0.0996801 0.866013 -0.489985 -0.594862 -0.963239 0.207447 0.170691 -0.232743 0.249467 0.454958 0.854856 0.407142 
1534335217444 0.100008 0.866091 -0.489781 -0.594838 -0.963252 0.207606 0.170427 -0.232759 0.249287 0.454738 0.855026 0.40715 
1534335217459 0.10023 0.866153 -0.489625 -0.594828 -0.963278 0.207677 0.170193 -0.232759 0.249097 0.454586 0.855162 0.407145 
1534335217474 0.100411 0.866247 -0.489422 -0.594826 -0.963333 0.207658 0.169903 -0.23274 0.24881 0.454416 0.855336 0.407132 
1534335217491 0.100528 0.86634 -0.489233 -0.594828 -0.963418 0.207546 0.169561 -0.232709 0.248436 0.45429 0.855512 0.40709 
1534335217511 0.10057 0.866347 -0.489213 -0.594842 -0.963476 0.207463 0.16933 -0.232685 0.248192 0.454315 0.855569 0.407043 
1534335217528 0.100621 0.866351 -0.489194 -0.594861 -0.963537 0.207384 0.169084 -0.232659 0.247937 0.454343 0.855628 0.406983 
1534335217545 0.100657 0.866346 -0.489197 -0.594869 -0.963575 0.207337 0.16892 -0.232654 0.247772 0.454375 0.855659 0.40692 
1534335217561 0.100686 0.866338 -0.489205 -0.594868 -0.963594 0.207324 0.16883 -0.23266 0.247688 0.454396 0.855672 0.406878 
1534335217581 0.100733 0.86636 -0.489156 -0.594859 -0.963603 0.207329 0.168771 -0.232668 0.247633 0.454351 0.855712 0.406863 
1534335217600 0.100744 0.866383 -0.489113 -0.594847 -0.96359 0.207353 0.168819 -0.23268 0.247681 0.454297 0.855727 0.40688 
1534335217615 0.100724 0.866394 -0.489097 -0.594837 -0.963563 0.207385 0.16893 -0.23269 0.247791 0.45426 0.855714 0.406907 
1534335217632 0.1007 0.866392 -0.489106 -0.59482 -0.963505 0.207477 0.169148 -0.23271 0.248027 0.454223 0.855666 0.406938 
1534335217648 0.100662 0.866365 -0.489162 -0.594807 -0.963446 0.207571 0.169369 -0.232732 0.248271 0.454232 0.85559 0.406965 
1534335217667 0.100543 0.866371 -0.489176 -0.594794 -0.963407 0.207565 0.169601 -0.232743 0.248473 0.454223 0.855536 0.40699 
1534335217682 0.100462 0.866336 -0.489254 -0.594792 -0.963368 0.207597 0.169781 -0.232752 0.248655 0.454275 0.855456 0.407008 
1534335217699 0.100399 0.8663 -0.48933 -0.594799 -0.963351 0.2076 0.169874 -0.232749 0.248747 0.454342 0.855394 0.407017 
