1531909668280 0 0 0 0 0 0 0 0 0 0 0 0 
1531909689070 0 0 0 0 0 0 0 0 0 0 0 0 
1531909689073 0 0 0 0 0 0 0 0 0 0 0 0 
1531909689083 -0.186319 -0.975422 0.117632 -0.595444 0.845148 -0.098067 0.525459 -0.251671 -0.501008 0.19732 0.842648 0.409373 
1531909689093 -0.187231 -0.97521 0.11794 -0.597087 0.845419 -0.098835 0.52488 -0.254964 -0.500212 0.197982 0.842966 0.40735 
1531909689103 -0.187247 -0.975206 0.11795 -0.597265 0.845429 -0.0988476 0.524861 -0.255093 -0.500188 0.197997 0.842976 0.40726 
1531909689113 -0.18725 -0.975206 0.117946 -0.597275 0.845429 -0.0988521 0.52486 -0.255107 -0.500187 0.197995 0.842977 0.407257 
1531909689126 -0.187251 -0.975206 0.117943 -0.597273 0.845429 -0.0988555 0.52486 -0.255114 -0.500187 0.197993 0.842978 0.407258 
1531909689127 0 0 0 0 0 0 0 0 0 0 0 0 
1531909689137 -0.187253 -0.975206 0.11794 -0.597271 0.845429 -0.0988578 0.524859 -0.255119 -0.500187 0.197991 0.842978 0.407259 
1531909689140 0 0 0 0 0 0 0 0 0 0 0 0 
1531909689150 -0.187253 -0.975206 0.117939 -0.597269 0.845429 -0.0988592 0.524859 -0.255122 -0.500186 0.19799 0.842979 0.40726 
1531909689160 -0.187254 -0.975206 0.117938 -0.597268 0.845429 -0.09886 0.524859 -0.255123 -0.500186 0.19799 0.842979 0.407261 
1531909689170 -0.187253 -0.975206 0.117938 -0.59726 0.845429 -0.0988592 0.524859 -0.255118 -0.500187 0.19799 0.842979 0.407261 
1531909689229 0 0 0 0 0 0 0 0 0 0 0 0 
1531909689230 0 0 0 0 0 0 0 0 0 0 0 0 
1531909689240 0.225679 0.770528 0.596117 0.176083 -0.751449 -0.25174 0.609878 0.0580653 0.619995 -0.585588 0.5222 0.47658 
1531909689243 0 0 0 0 0 0 0 0 0 0 0 0 
1531909689251 0 0 0 0 0 0 0 0 0 0 0 0 
1531909689257 -0.195044 -0.97252 0.127132 -0.464194 0.844606 -0.10065 0.525842 -0.202807 -0.498596 0.209939 0.841028 0.402788 
1531909689260 0 0 0 0 0 0 0 0 0 0 0 0 
1531909689263 0 0 0 0 0 0 0 0 0 0 0 0 
1531909689266 0 0 0 0 0 0 0 0 0 0 0 0 
1531909689270 0 0 0 0 0 0 0 0 0 0 0 0 
1531909689280 -0.190048 -0.974098 0.122538 -0.489041 0.84799 -0.0999673 0.520499 -0.21397 -0.494767 0.202831 0.845024 0.389361 
1531909689290 -0.189754 -0.974205 0.122142 -0.490117 0.848303 -0.100038 0.519975 -0.214713 -0.494344 0.202281 0.845403 0.388414 
1531909689300 -0.189673 -0.974234 0.122034 -0.490195 0.848371 -0.100051 0.519862 -0.21478 -0.494257 0.202134 0.845489 0.388289 
1531909689310 -0.189651 -0.974242 0.122003 -0.490208 0.848389 -0.100054 0.519831 -0.214792 -0.494235 0.202093 0.845512 0.388261 
1531909689320 -0.189644 -0.974245 0.121994 -0.490211 0.848395 -0.100054 0.519822 -0.214795 -0.494228 0.20208 0.845519 0.388253 
1531909689330 -0.189639 -0.974246 0.121989 -0.490213 0.848398 -0.100054 0.519817 -0.214797 -0.494224 0.202073 0.845523 0.388248 
1531909689340 -0.189628 -0.97425 0.121978 -0.490218 0.848406 -0.100053 0.519805 -0.214796 -0.494215 0.202056 0.845532 0.388239 
1531909689350 -0.189502 -0.974281 0.121925 -0.490276 0.848493 -0.100002 0.519672 -0.214675 -0.494114 0.201932 0.845621 0.388202 
1531909711148 -0.189502 -0.974281 0.121925 -0.490276 0.848493 -0.100002 0.519672 -0.214675 -0.494114 0.201932 0.845621 0.388202 
1531909717841 -0.189502 -0.974281 0.121925 -0.490276 0.848493 -0.100002 0.519672 -0.214675 -0.494114 0.201932 0.845621 0.388202 
1531909717851 -0.189634 -0.974248 0.121981 -0.490217 0.848403 -0.100055 0.51981 -0.214797 -0.494219 0.202063 0.845529 0.388242 
1531909717861 -0.18964 -0.974246 0.121989 -0.490213 0.848398 -0.100055 0.519817 -0.214797 -0.494224 0.202074 0.845523 0.388248 
1531909717871 -0.189641 -0.974245 0.121991 -0.490213 0.848397 -0.100055 0.519819 -0.214796 -0.494226 0.202076 0.845521 0.38825 
1531909717881 -0.189642 -0.974245 0.121992 -0.490212 0.848396 -0.100055 0.51982 -0.214796 -0.494226 0.202077 0.845521 0.388251 
1531909717891 -0.189642 -0.974245 0.121992 -0.490212 0.848396 -0.100055 0.51982 -0.214796 -0.494226 0.202077 0.845521 0.388251 
1531909717901 -0.189642 -0.974245 0.121992 -0.490212 0.848396 -0.100055 0.51982 -0.214796 -0.494226 0.202077 0.845521 0.388251 
1531909717911 -0.189642 -0.974245 0.121992 -0.490212 0.848396 -0.100055 0.51982 -0.214796 -0.494226 0.202077 0.845521 0.388251 
1531909717921 -0.189642 -0.974245 0.121992 -0.490212 0.848396 -0.100055 0.51982 -0.214796 -0.494226 0.202077 0.845521 0.388251 
1531909717931 -0.18964 -0.974246 0.121991 -0.490213 0.848397 -0.100054 0.519818 -0.214795 -0.494225 0.202075 0.845522 0.388249 
1531909717990 -0.18964 -0.974246 0.121991 -0.490213 0.848397 -0.100054 0.519818 -0.214795 -0.494225 0.202075 0.845522 0.388249 
1531909717997 -0.189643 -0.974245 0.121992 -0.490212 0.848396 -0.100055 0.51982 -0.214796 -0.494227 0.202078 0.84552 0.388251 
1531909718007 -0.189643 -0.974245 0.121992 -0.490212 0.848396 -0.100055 0.519821 -0.214796 -0.494227 0.202078 0.84552 0.388251 
1531909718017 -0.189643 -0.974245 0.121993 -0.490212 0.848396 -0.100055 0.519821 -0.214796 -0.494227 0.202078 0.84552 0.388251 
1531909718027 -0.189643 -0.974245 0.121993 -0.490212 0.848396 -0.100055 0.519821 -0.214796 -0.494227 0.202078 0.84552 0.388251 
1531909718037 -0.189643 -0.974245 0.121993 -0.490212 0.848396 -0.100055 0.519821 -0.214796 -0.494227 0.202078 0.84552 0.388251 
1531909718047 -0.189643 -0.974245 0.121993 -0.490212 0.848396 -0.100055 0.519821 -0.214796 -0.494227 0.202078 0.84552 0.388251 
1531909718057 -0.189643 -0.974245 0.121993 -0.490212 0.848396 -0.100055 0.519821 -0.214796 -0.494227 0.202078 0.84552 0.388251 
1531909718067 -0.189643 -0.974245 0.121993 -0.490212 0.848396 -0.100055 0.519821 -0.214796 -0.494227 0.202078 0.84552 0.388251 
1531909718077 -0.189643 -0.974245 0.121993 -0.490212 0.848396 -0.100055 0.519821 -0.214796 -0.494227 0.202078 0.84552 0.388251 
1531909719095 0.275657 -0.8825 0.381061 -0.604483 0.633204 0.464965 0.618757 -0.181741 -0.723233 0.0707247 0.686973 0.426588 
1531909719100 -0.186319 -0.975422 0.117632 -0.595444 0.845148 -0.098067 0.525459 -0.251671 -0.501008 0.19732 0.842648 0.409373 
1531909719110 -0.187231 -0.97521 0.11794 -0.597087 0.845419 -0.098835 0.52488 -0.254964 -0.500212 0.197982 0.842966 0.40735 
1531909719120 -0.187247 -0.975206 0.11795 -0.597265 0.845429 -0.0988476 0.524861 -0.255093 -0.500188 0.197997 0.842976 0.40726 
1531909719129 -0.18725 -0.975206 0.117946 -0.597275 0.845429 -0.0988521 0.52486 -0.255107 -0.500187 0.197995 0.842977 0.407257 
1531909719142 -0.187251 -0.975206 0.117943 -0.597273 0.845429 -0.0988555 0.52486 -0.255114 -0.500187 0.197993 0.842978 0.407258 
1531909719142 0 0 0 0 0 0 0 0 0 0 0 0 
1531909719145 0 0 0 0 0 0 0 0 0 0 0 0 
1531909719155 -0.187253 -0.975206 0.11794 -0.597271 0.845429 -0.0988578 0.524859 -0.255119 -0.500187 0.197991 0.842978 0.407259 
1531909719165 -0.187253 -0.975206 0.117939 -0.597269 0.845429 -0.0988592 0.524859 -0.255122 -0.500186 0.19799 0.842979 0.40726 
1531909719175 -0.187254 -0.975206 0.117938 -0.597268 0.845429 -0.09886 0.524859 -0.255123 -0.500186 0.19799 0.842979 0.407261 
1531909719185 -0.187253 -0.975206 0.117938 -0.59726 0.845429 -0.0988592 0.524859 -0.255118 -0.500187 0.19799 0.842979 0.407261 
1531910022222 -0.187253 -0.975206 0.117938 -0.59726 0.845429 -0.0988592 0.524859 -0.255118 -0.500187 0.19799 0.842979 0.407261 
1531910031554 -0.189643 -0.974245 0.121993 -0.490212 0.848396 -0.100055 0.519821 -0.214796 -0.494227 0.202078 0.84552 0.388251 
1531910031564 -0.189643 -0.974245 0.121993 -0.490212 0.848396 -0.100055 0.519821 -0.214796 -0.494227 0.202078 0.84552 0.388251 
1531910031574 -0.189643 -0.974245 0.121993 -0.490212 0.848396 -0.100055 0.519821 -0.214796 -0.494227 0.202078 0.84552 0.388251 
1531910031575 0.275657 -0.8825 0.381061 -0.604483 0.633204 0.464965 0.618757 -0.181741 -0.723233 0.0707247 0.686973 0.426588 
1531910031583 -0.186319 -0.975422 0.117632 -0.595444 0.845148 -0.098067 0.525459 -0.251671 -0.501008 0.19732 0.842648 0.409373 
1531910031584 -0.189643 -0.974245 0.121993 -0.490212 0.848396 -0.100055 0.519821 -0.214796 -0.494227 0.202078 0.84552 0.388251 
1531910031593 -0.187231 -0.97521 0.11794 -0.597087 0.845419 -0.098835 0.52488 -0.254964 -0.500212 0.197982 0.842966 0.40735 
1531910031594 -0.189643 -0.974245 0.121993 -0.490212 0.848396 -0.100055 0.519821 -0.214796 -0.494227 0.202078 0.84552 0.388251 
1531910031602 -0.187247 -0.975206 0.11795 -0.597265 0.845429 -0.0988476 0.524861 -0.255093 -0.500188 0.197997 0.842976 0.40726 
1531910031604 -0.189643 -0.974245 0.121993 -0.490212 0.848396 -0.100055 0.519821 -0.214796 -0.494227 0.202078 0.84552 0.388251 
1531910031605 0 0 0 0 0 0 0 0 0 0 0 0 
1531910031608 0 0 0 0 0 0 0 0 0 0 0 0 
1531910031610 0 0 0 0 0 0 0 0 0 0 0 0 
1531910031612 0 0 0 0 0 0 0 0 0 0 0 0 
1531910031615 0 0 0 0 0 0 0 0 0 0 0 0 
1531910031618 -0.189643 -0.974245 0.121993 -0.490212 0.848396 -0.100055 0.519821 -0.214796 -0.494227 0.202078 0.84552 0.388251 
1531910031625 -0.18725 -0.975206 0.117946 -0.597275 0.845429 -0.0988521 0.52486 -0.255107 -0.500187 0.197995 0.842977 0.407257 
1531910031628 -0.189643 -0.974245 0.121993 -0.490212 0.848396 -0.100055 0.519821 -0.214796 -0.494227 0.202078 0.84552 0.388251 
1531910031636 -0.187251 -0.975206 0.117943 -0.597273 0.845429 -0.0988555 0.52486 -0.255114 -0.500187 0.197993 0.842978 0.407258 
1531910031638 -0.189643 -0.974245 0.121993 -0.490212 0.848396 -0.100055 0.519821 -0.214796 -0.494227 0.202078 0.84552 0.388251 
1531910031646 -0.187253 -0.975206 0.11794 -0.597271 0.845429 -0.0988578 0.524859 -0.255119 -0.500187 0.197991 0.842978 0.407259 
1531910031648 -0.189643 -0.974245 0.121993 -0.490212 0.848396 -0.100055 0.519821 -0.214796 -0.494227 0.202078 0.84552 0.388251 
1531910031655 -0.187253 -0.975206 0.117939 -0.597269 0.845429 -0.0988592 0.524859 -0.255122 -0.500186 0.19799 0.842979 0.40726 
1531910031662 0 0 0 0 0 0 0 0 0 0 0 0 
1531910031662 0 0 0 0 0 0 0 0 0 0 0 0 
1531910031665 0 0 0 0 0 0 0 0 0 0 0 0 
1531910031669 0 0 0 0 0 0 0 0 0 0 0 0 
1531910031681 -0.187254 -0.975206 0.117938 -0.597268 0.845429 -0.09886 0.524859 -0.255123 -0.500186 0.19799 0.842979 0.407261 
1531910031682 0 0 0 0 0 0 0 0 0 0 0 0 
1531910031685 0 0 0 0 0 0 0 0 0 0 0 0 
1531910031695 -0.187253 -0.975206 0.117938 -0.59726 0.845429 -0.0988592 0.524859 -0.255118 -0.500187 0.19799 0.842979 0.407261 
1531910031812 0 0 0 0 0 0 0 0 0 0 0 0 
1531910031812 0 0 0 0 0 0 0 0 0 0 0 0 
1531910031815 0 0 0 0 0 0 0 0 0 0 0 0 
1531910031815 -0.187253 -0.975206 0.117938 -0.59726 0.845429 -0.0988592 0.524859 -0.255118 -0.500187 0.19799 0.842979 0.407261 
1531910031824 -0.187254 -0.975206 0.117937 -0.597267 0.845429 -0.0988608 0.524859 -0.255126 -0.500186 0.197989 0.842979 0.407261 
1531910031825 -0.189643 -0.974245 0.121993 -0.490212 0.848396 -0.100055 0.519821 -0.214796 -0.494227 0.202078 0.84552 0.388251 
1531910031827 0 0 0 0 0 0 0 0 0 0 0 0 
1531910031835 -0.189643 -0.974245 0.121993 -0.490212 0.848396 -0.100055 0.519821 -0.214796 -0.494227 0.202078 0.84552 0.388251 
1531910031837 -0.187254 -0.975206 0.117937 -0.597268 0.845429 -0.0988609 0.524859 -0.255126 -0.500186 0.197989 0.842979 0.407261 
1531910031845 -0.189643 -0.974245 0.121993 -0.490212 0.848396 -0.100055 0.519821 -0.214796 -0.494227 0.202078 0.84552 0.388251 
1531910031847 -0.187254 -0.975206 0.117937 -0.597268 0.845429 -0.0988609 0.524859 -0.255126 -0.500186 0.197989 0.842979 0.407261 
1531910031855 -0.189643 -0.974245 0.121993 -0.490212 0.848396 -0.100055 0.519821 -0.214796 -0.494227 0.202078 0.84552 0.388251 
1531910031857 -0.187254 -0.975206 0.117937 -0.597268 0.845429 -0.0988609 0.524859 -0.255126 -0.500186 0.197989 0.842979 0.407261 
1531910031865 -0.189643 -0.974245 0.121993 -0.490212 0.848396 -0.100055 0.519821 -0.214796 -0.494227 0.202078 0.84552 0.388251 
1531910031867 -0.187254 -0.975206 0.117937 -0.597268 0.845429 -0.0988609 0.524859 -0.255126 -0.500186 0.197989 0.842979 0.407261 
1531910031875 -0.189643 -0.974245 0.121993 -0.490212 0.848396 -0.100055 0.519821 -0.214796 -0.494227 0.202078 0.84552 0.388251 
1531910031877 -0.187254 -0.975206 0.117937 -0.597268 0.845429 -0.0988609 0.524859 -0.255126 -0.500186 0.197989 0.842979 0.407261 
1531910031885 -0.189643 -0.974245 0.121993 -0.490212 0.848396 -0.100055 0.519821 -0.214796 -0.494227 0.202078 0.84552 0.388251 
1531910031887 -0.187254 -0.975206 0.117937 -0.597268 0.845429 -0.0988609 0.524859 -0.255126 -0.500186 0.197989 0.842979 0.407261 
1531910031895 -0.189643 -0.974245 0.121993 -0.490212 0.848396 -0.100055 0.519821 -0.214796 -0.494227 0.202078 0.84552 0.388251 
1531910031897 -0.187254 -0.975206 0.117937 -0.597268 0.845429 -0.0988609 0.524859 -0.255126 -0.500186 0.197989 0.842979 0.407261 
1531910031905 -0.189643 -0.974245 0.121993 -0.490212 0.848396 -0.100055 0.519821 -0.214796 -0.494227 0.202078 0.84552 0.388251 
1531910031907 -0.187254 -0.975206 0.117937 -0.597268 0.845429 -0.0988609 0.524859 -0.255126 -0.500186 0.197989 0.842979 0.407261 
1531910031918 -0.189643 -0.974245 0.121993 -0.490212 0.848396 -0.100055 0.519821 -0.214796 -0.494227 0.202078 0.84552 0.388251 
1531910444136 -0.189643 -0.974245 0.121993 -0.490212 0.848396 -0.100055 0.519821 -0.214796 -0.494227 0.202078 0.84552 0.388251 
1531910454346 -0.189643 -0.974245 0.121993 -0.490212 0.848396 -0.100055 0.519821 -0.214796 -0.494227 0.202078 0.84552 0.388251 
1531910454351 -0.189643 -0.974245 0.121993 -0.490212 0.848396 -0.100055 0.519821 -0.214796 -0.494227 0.202078 0.84552 0.388251 
1531910454361 -0.189643 -0.974245 0.121993 -0.490212 0.848396 -0.100055 0.519821 -0.214796 -0.494227 0.202078 0.84552 0.388251 
1531910454362 0.275657 0.633204 -0.723233 -0.604483 -0.8825 0.464965 0.0707247 -0.181741 0.381061 0.618757 0.686973 0.426588 
1531910454364 0 0 0 0 0 0 0 0 0 0 0 0 
1531910454364 0 0 0 0 0 0 0 0 0 0 0 0 
1531910454367 0 0 0 0 0 0 0 0 0 0 0 0 
1531910454378 -0.189643 -0.974245 0.121993 -0.490212 0.848396 -0.100055 0.519821 -0.214796 -0.494227 0.202078 0.84552 0.388251 
1531910454381 0 0 0 0 0 0 0 0 0 0 0 0 
1531910454382 -0.186319 0.845148 -0.501008 -0.595444 -0.975422 -0.098067 0.19732 -0.251671 0.117632 0.525459 0.842648 0.409373 
1531910454384 0 0 0 0 0 0 0 0 0 0 0 0 
1531910454387 0 0 0 0 0 0 0 0 0 0 0 0 
1531910454391 -0.187231 0.845419 -0.500212 -0.597087 -0.97521 -0.098835 0.197982 -0.254964 0.11794 0.52488 0.842966 0.40735 
1531910454398 -0.189643 -0.974245 0.121993 -0.490212 0.848396 -0.100055 0.519821 -0.214796 -0.494227 0.202078 0.84552 0.388251 
1531910454401 0 0 0 0 0 0 0 0 0 0 0 0 
1531910454401 0 0 0 0 0 0 0 0 0 0 0 0 
1531910454404 0 0 0 0 0 0 0 0 0 0 0 0 
1531910454404 0 0 0 0 0 0 0 0 0 0 0 0 
1531910454407 0 0 0 0 0 0 0 0 0 0 0 0 
1531910454408 0 0 0 0 0 0 0 0 0 0 0 0 
1531910454418 -0.189643 -0.974245 0.121993 -0.490212 0.848396 -0.100055 0.519821 -0.214796 -0.494227 0.202078 0.84552 0.388251 
1531910454418 -0.18725 0.845429 -0.500187 -0.597275 -0.975206 -0.0988521 0.197995 -0.255107 0.117946 0.52486 0.842977 0.407257 
1531910454428 -0.189643 -0.974245 0.121993 -0.490212 0.848396 -0.100055 0.519821 -0.214796 -0.494227 0.202078 0.84552 0.388251 
1531910454431 0 0 0 0 0 0 0 0 0 0 0 0 
1531910454434 0 0 0 0 0 0 0 0 0 0 0 0 
1531910454435 0 0 0 0 0 0 0 0 0 0 0 0 
1531910454435 0 0 0 0 0 0 0 0 0 0 0 0 
1531910454437 0 0 0 0 0 0 0 0 0 0 0 0 
1531910454438 0 0 0 0 0 0 0 0 0 0 0 0 
1531910454448 -0.189643 -0.974245 0.121993 -0.490212 0.848396 -0.100055 0.519821 -0.214796 -0.494227 0.202078 0.84552 0.388251 
1531910454449 -0.187253 0.845429 -0.500187 -0.597271 -0.975206 -0.0988578 0.197991 -0.255119 0.11794 0.524859 0.842978 0.407259 
1531910454458 -0.189643 -0.974245 0.121993 -0.490212 0.848396 -0.100055 0.519821 -0.214796 -0.494227 0.202078 0.84552 0.388251 
1531910454459 -0.187253 0.845429 -0.500186 -0.597269 -0.975206 -0.0988592 0.19799 -0.255122 0.117939 0.524859 0.842979 0.40726 
1531910454461 0 0 0 0 0 0 0 0 0 0 0 0 
1531910454462 0 0 0 0 0 0 0 0 0 0 0 0 
1531910454464 0 0 0 0 0 0 0 0 0 0 0 0 
1531910454465 0 0 0 0 0 0 0 0 0 0 0 0 
1531910454474 -0.189643 -0.974245 0.121993 -0.490212 0.848396 -0.100055 0.519821 -0.214796 -0.494227 0.202078 0.84552 0.388251 
1531910454476 -0.187254 0.845429 -0.500186 -0.597268 -0.975206 -0.09886 0.19799 -0.255123 0.117938 0.524859 0.842979 0.407261 
1531910454486 -0.187253 0.845429 -0.500187 -0.59726 -0.975206 -0.0988592 0.19799 -0.255118 0.117938 0.524859 0.842979 0.407261 
1531910454543 -0.189643 -0.974245 0.121993 -0.490212 0.848396 -0.100055 0.519821 -0.214796 -0.494227 0.202078 0.84552 0.388251 
1531910454544 0 0 0 0 0 0 0 0 0 0 0 0 
1531910454544 -0.187253 0.845429 -0.500187 -0.59726 -0.975206 -0.0988592 0.19799 -0.255118 0.117938 0.524859 0.842979 0.407261 
1531910454554 -0.189643 -0.974245 0.121993 -0.490212 0.848396 -0.100055 0.519821 -0.214796 -0.494227 0.202078 0.84552 0.388251 
1531910454554 -0.187254 0.845429 -0.500186 -0.597267 -0.975206 -0.0988608 0.197989 -0.255126 0.117937 0.524859 0.842979 0.407261 
1531910454556 0 0 0 0 0 0 0 0 0 0 0 0 
1531910454564 -0.189643 -0.974245 0.121993 -0.490212 0.848396 -0.100055 0.519821 -0.214796 -0.494227 0.202078 0.84552 0.388251 
1531910454566 -0.187254 0.845429 -0.500186 -0.597268 -0.975206 -0.0988609 0.197989 -0.255126 0.117937 0.524859 0.842979 0.407261 
1531910454567 0 0 0 0 0 0 0 0 0 0 0 0 
1531910454570 0 0 0 0 0 0 0 0 0 0 0 0 
1531910454573 0 0 0 0 0 0 0 0 0 0 0 0 
1531910454576 -0.187254 0.845429 -0.500186 -0.597268 -0.975206 -0.0988609 0.197989 -0.255126 0.117937 0.524859 0.842979 0.407261 
1531910454583 -0.189643 -0.974245 0.121993 -0.490212 0.848396 -0.100055 0.519821 -0.214796 -0.494227 0.202078 0.84552 0.388251 
1531910454589 -0.187254 0.845429 -0.500186 -0.597268 -0.975206 -0.0988609 0.197989 -0.255126 0.117937 0.524859 0.842979 0.407261 
1531910454590 0 0 0 0 0 0 0 0 0 0 0 0 
1531910454593 0 0 0 0 0 0 0 0 0 0 0 0 
1531910454594 -0.189643 -0.974245 0.121993 -0.490212 0.848396 -0.100055 0.519821 -0.214796 -0.494227 0.202078 0.84552 0.388251 
1531910454596 0 0 0 0 0 0 0 0 0 0 0 0 
1531910454604 -0.189643 -0.974245 0.121993 -0.490212 0.848396 -0.100055 0.519821 -0.214796 -0.494227 0.202078 0.84552 0.388251 
1531910454607 -0.187254 0.845429 -0.500186 -0.597268 -0.975206 -0.0988609 0.197989 -0.255126 0.117937 0.524859 0.842979 0.407261 
1531910454614 -0.189643 -0.974245 0.121993 -0.490212 0.848396 -0.100055 0.519821 -0.214796 -0.494227 0.202078 0.84552 0.388251 
1531910454616 -0.187254 0.845429 -0.500186 -0.597268 -0.975206 -0.0988609 0.197989 -0.255126 0.117937 0.524859 0.842979 0.407261 
1531910454623 -0.189643 -0.974245 0.121993 -0.490212 0.848396 -0.100055 0.519821 -0.214796 -0.494227 0.202078 0.84552 0.388251 
1531910454626 -0.187254 0.845429 -0.500186 -0.597268 -0.975206 -0.0988609 0.197989 -0.255126 0.117937 0.524859 0.842979 0.407261 
1531910454634 -0.189643 -0.974245 0.121993 -0.490212 0.848396 -0.100055 0.519821 -0.214796 -0.494227 0.202078 0.84552 0.388251 
1531910454636 -0.187254 0.845429 -0.500186 -0.597268 -0.975206 -0.0988609 0.197989 -0.255126 0.117937 0.524859 0.842979 0.407261 
1531910454644 -0.189643 -0.974245 0.121993 -0.490212 0.848396 -0.100055 0.519821 -0.214796 -0.494227 0.202078 0.84552 0.388251 
1531910454646 -0.187254 0.845429 -0.500186 -0.597268 -0.975206 -0.0988609 0.197989 -0.255126 0.117937 0.524859 0.842979 0.407261 
1531910454708 0 0 0 0 0 0 0 0 0 0 0 0 
1531910454713 0 0 0 0 0 0 0 0 0 0 0 0 
1531910454719 -0.187254 0.845429 -0.500186 -0.597268 -0.975206 -0.0988609 0.197989 -0.255126 0.117937 0.524859 0.842979 0.407261 
1531910454719 0 0 0 0 0 0 0 0 0 0 0 0 
1531910454719 0 0 0 0 0 0 0 0 0 0 0 0 
1531910454720 0 0 0 0 0 0 0 0 0 0 0 0 
1531910454735 0 0 0 0 0 0 0 0 0 0 0 0 
1531910454735 0 0 0 0 0 0 0 0 0 0 0 0 
1531910454735 0 0 0 0 0 0 0 0 0 0 0 0 
1531910454736 -0.189643 -0.974245 0.121993 -0.490212 0.848396 -0.100055 0.519821 -0.214796 -0.494227 0.202078 0.84552 0.388251 
1531910454738 0 0 0 0 0 0 0 0 0 0 0 0 
1531910454740 0 0 0 0 0 0 0 0 0 0 0 0 
1531910454748 -0.187254 0.845429 -0.500186 -0.597268 -0.975206 -0.0988609 0.197989 -0.255126 0.117937 0.524859 0.842979 0.407261 
1531910454750 -0.189643 -0.974245 0.121993 -0.490212 0.848396 -0.100055 0.519821 -0.214796 -0.494227 0.202078 0.84552 0.388251 
1531910454754 0 0 0 0 0 0 0 0 0 0 0 0 
1531910454756 0 0 0 0 0 0 0 0 0 0 0 0 
1531910454758 -0.187254 0.845429 -0.500186 -0.597268 -0.975206 -0.0988609 0.197989 -0.255126 0.117937 0.524859 0.842979 0.407261 
1531910454759 0 0 0 0 0 0 0 0 0 0 0 0 
1531910454771 -0.187254 0.845429 -0.500186 -0.597268 -0.975206 -0.0988609 0.197989 -0.255126 0.117937 0.524859 0.842979 0.407261 
1531910454771 0 0 0 0 0 0 0 0 0 0 0 0 
1531910454775 0 0 0 0 0 0 0 0 0 0 0 0 
1531910454775 -0.189643 -0.974245 0.121993 -0.490212 0.848396 -0.100055 0.519821 -0.214796 -0.494227 0.202078 0.84552 0.388251 
1531910454779 0 0 0 0 0 0 0 0 0 0 0 0 
1531910454779 0 0 0 0 0 0 0 0 0 0 0 0 
1531910454788 -0.187254 0.845429 -0.500186 -0.597268 -0.975206 -0.0988609 0.197989 -0.255126 0.117937 0.524859 0.842979 0.407261 
1531910454789 -0.189643 -0.974245 0.121993 -0.490212 0.848396 -0.100055 0.519821 -0.214796 -0.494227 0.202078 0.84552 0.388251 
1531910454798 -0.187254 0.845429 -0.500186 -0.597268 -0.975206 -0.0988609 0.197989 -0.255126 0.117937 0.524859 0.842979 0.407261 
1531910454799 -0.189643 -0.974245 0.121993 -0.490212 0.848396 -0.100055 0.519821 -0.214796 -0.494227 0.202078 0.84552 0.388251 
1531910454808 -0.187254 0.845429 -0.500186 -0.597268 -0.975206 -0.0988609 0.197989 -0.255126 0.117937 0.524859 0.842979 0.407261 
1531910454809 -0.189643 -0.974245 0.121993 -0.490212 0.848396 -0.100055 0.519821 -0.214796 -0.494227 0.202078 0.84552 0.388251 
1531910454819 -0.187254 0.845429 -0.500186 -0.597268 -0.975206 -0.0988609 0.197989 -0.255126 0.117937 0.524859 0.842979 0.407261 
1531910454819 -0.189643 -0.974245 0.121993 -0.490212 0.848396 -0.100055 0.519821 -0.214796 -0.494227 0.202078 0.84552 0.388251 
1531910454828 -0.187254 0.845429 -0.500186 -0.597268 -0.975206 -0.0988609 0.197989 -0.255126 0.117937 0.524859 0.842979 0.407261 
1531910454828 -0.189643 -0.974245 0.121993 -0.490212 0.848396 -0.100055 0.519821 -0.214796 -0.494227 0.202078 0.84552 0.388251 
1531910454838 -0.189643 -0.974245 0.121993 -0.490212 0.848396 -0.100055 0.519821 -0.214796 -0.494227 0.202078 0.84552 0.388251 
1531910454848 -0.189643 -0.974245 0.121993 -0.490212 0.848396 -0.100055 0.519821 -0.214796 -0.494227 0.202078 0.84552 0.388251 
