1535373638036 0.235299 0.928327 -0.287824 -0.637618 -0.942281 0.290469 0.166535 -0.24402 0.238203 0.232025 0.943092 0.374846 
1535373644024 0.235299 0.928327 -0.287824 -0.637618 -0.942281 0.290469 0.166535 -0.24402 0.238203 0.232025 0.943092 0.374846 
1535373644333 0.235394 0.928311 -0.287798 -0.637618 -0.942259 0.290554 0.166514 -0.244015 0.238198 0.231983 0.943104 0.374844 
1535373644630 0.236146 0.928312 -0.28718 -0.637643 -0.942254 0.290981 0.165791 -0.243843 0.23747 0.231446 0.94342 0.374662 
1535373644927 0.236834 0.92828 -0.286716 -0.637713 -0.94221 0.29143 0.165252 -0.243607 0.236958 0.231009 0.943655 0.374406 
1535373645249 0.23776 0.928247 -0.286055 -0.637734 -0.942145 0.292032 0.164561 -0.243494 0.236291 0.230379 0.943977 0.374279 
1535373645573 0.238532 0.92821 -0.285532 -0.637762 -0.942094 0.292536 0.163959 -0.24331 0.235716 0.229888 0.94424 0.374068 
1535373645908 0.239245 0.928196 -0.284981 -0.637817 -0.942054 0.292982 0.16339 -0.243095 0.235152 0.229377 0.944505 0.373903 
1535373646225 0.239998 0.92817 -0.284432 -0.637841 -0.942015 0.293456 0.162762 -0.242906 0.234539 0.228876 0.944779 0.373696 
1535373646548 0.240974 0.928108 -0.283807 -0.637879 -0.941923 0.294125 0.162084 -0.242811 0.233906 0.228266 0.945083 0.373528 
1535373646936 0.24169 0.928057 -0.283366 -0.637936 -0.941866 0.294609 0.161537 -0.24259 0.233397 0.227851 0.945309 0.373293 
