1533676790626 -0.247476 0.659534 -0.709768 -0.622731 -0.961269 -0.0754077 0.265096 -0.255202 0.121318 0.747883 0.652651 0.400104 
1533676790632 0 0 0 0 0 0 0 0 0 0 0 0 
1533676790633 0 0 0 0 0 0 0 0 0 0 0 0 
1533676790636 0 0 0 0 0 0 0 0 0 0 0 0 
1533676790646 -0.305681 0.419359 -0.854809 -0.648194 -0.946145 -0.0332496 0.322031 -0.255279 0.106624 0.907212 0.406938 0.392946 
1533676790656 -0.356823 0.145719 -0.922737 -0.673655 -0.931146 0.0239611 0.363859 -0.255353 0.0751311 0.989036 0.127136 0.385788 
1533676790666 -0.396471 -0.137669 -0.907666 -0.699119 -0.917571 0.0912656 0.386955 -0.255429 0.029567 0.986265 -0.162505 0.37863 
1533676790669 0 0 0 0 0 0 0 0 0 0 0 0 
1533676790673 0 0 0 0 0 0 0 0 0 0 0 0 
1533676790676 0 0 0 0 0 0 0 0 0 0 0 0 
1533676790686 -0.421189 -0.406247 -0.810903 -0.72458 -0.906597 0.162831 0.389318 -0.255506 -0.0261192 0.899138 -0.436884 0.371472 
1533676790689 0 0 0 0 0 0 0 0 0 0 0 0 
1533676790693 0 0 0 0 0 0 0 0 0 0 0 0 
1533676790696 0 0 0 0 0 0 0 0 0 0 0 0 
1533676790706 -0.428835 -0.636737 -0.640833 -0.750037 -0.899174 0.232455 0.370743 -0.25558 -0.0871011 0.735208 -0.672222 0.364314 
1533676790709 0 0 0 0 0 0 0 0 0 0 0 0 
1533676790713 0 0 0 0 0 0 0 0 0 0 0 0 
1533676790716 0 0 0 0 0 0 0 0 0 0 0 0 
1533676790726 -0.418716 -0.809152 -0.41225 -0.775122 -0.895966 0.294079 0.33281 -0.255499 -0.14806 0.508715 -0.848108 0.357103 
1533676790729 0 0 0 0 0 0 0 0 0 0 0 0 
1533676790733 0 0 0 0 0 0 0 0 0 0 0 0 
1533676790736 0 0 0 0 0 0 0 0 0 0 0 0 
1533676790739 0 0 0 0 0 0 0 0 0 0 0 0 
1533676790743 0 0 0 0 0 0 0 0 0 0 0 0 
1533676790746 0 0 0 0 0 0 0 0 0 0 0 0 
1533676790749 0 0 0 0 0 0 0 0 0 0 0 0 
1533676790753 0 0 0 0 0 0 0 0 0 0 0 0 
1533676790756 0 0 0 0 0 0 0 0 0 0 0 0 
1533676790766 -0.391448 -0.908287 -0.14759 -0.780019 -0.897749 0.34174 0.277956 -0.247947 -0.202026 0.241304 -0.949188 0.347061 
1533676790769 0 0 0 0 0 0 0 0 0 0 0 0 
1533676790773 0 0 0 0 0 0 0 0 0 0 0 0 
1533676790776 0 0 0 0 0 0 0 0 0 0 0 0 
1533676790786 -0.350959 -0.927406 0.129409 -0.75568 -0.904052 0.371593 0.211209 -0.232075 -0.243964 -0.0428668 -0.968836 0.334026 
1533676790896 0 0 0 0 0 0 0 0 0 0 0 0 
1533676790896 0 0 0 0 0 0 0 0 0 0 0 0 
1533676790907 -0.350959 -0.927406 0.129409 -0.75568 -0.904052 0.371593 0.211209 -0.232075 -0.243964 -0.0428668 -0.968836 0.334026 
1533676790917 -0.302808 -0.867456 0.39475 -0.730737 -0.914005 0.381663 0.137576 -0.218988 -0.270003 -0.319144 -0.90843 0.316609 
1533676790927 -0.302808 -0.867456 0.39475 -0.730737 -0.914005 0.381664 0.137577 -0.218988 -0.270004 -0.319144 -0.90843 0.316609 
1533676790937 -0.302808 -0.867456 0.394749 -0.730737 -0.914005 0.381664 0.137578 -0.218988 -0.270005 -0.319143 -0.90843 0.316609 
1533676790947 -0.302808 -0.867456 0.394749 -0.730737 -0.914004 0.381665 0.137579 -0.218988 -0.270006 -0.319142 -0.90843 0.316609 
1533676790957 -0.302809 -0.867456 0.394749 -0.730737 -0.914004 0.381665 0.13758 -0.218988 -0.270007 -0.319142 -0.90843 0.31661 
1533676790967 -0.302809 -0.867456 0.394749 -0.730737 -0.914004 0.381666 0.137581 -0.218988 -0.270008 -0.319141 -0.90843 0.31661 
1533676790977 -0.302809 -0.867456 0.394749 -0.730737 -0.914003 0.381666 0.137582 -0.218988 -0.270009 -0.31914 -0.90843 0.31661 
1533676790987 -0.302809 -0.867456 0.394748 -0.730737 -0.914003 0.381667 0.137583 -0.218988 -0.270009 -0.31914 -0.90843 0.31661 
1533676790997 -0.302848 -0.867521 0.394576 -0.730798 -0.914017 0.381644 0.137554 -0.218992 -0.269919 -0.318991 -0.908509 0.316394 
1533676791105 0 0 0 0 0 0 0 0 0 0 0 0 
1533676791105 0 0 0 0 0 0 0 0 0 0 0 0 
1533676791115 -0.302848 -0.867521 0.394576 -0.730798 -0.914017 0.381644 0.137554 -0.218992 -0.269919 -0.318991 -0.908509 0.316394 
1533676791125 -0.302788 -0.867409 0.394868 -0.730696 -0.913994 0.381685 0.137592 -0.218992 -0.270064 -0.319246 -0.908376 0.316756 
1533676791128 0 0 0 0 0 0 0 0 0 0 0 0 
1533676791132 0 0 0 0 0 0 0 0 0 0 0 0 
1533676791135 0 0 0 0 0 0 0 0 0 0 0 0 
1533676791145 -0.302788 -0.867409 0.394868 -0.730696 -0.913994 0.381685 0.137592 -0.218992 -0.270064 -0.319246 -0.908376 0.316756 
1533676791155 -0.302788 -0.867409 0.394868 -0.730696 -0.913994 0.381685 0.137592 -0.218992 -0.270064 -0.319246 -0.908376 0.316756 
1533676791165 -0.302788 -0.867409 0.394868 -0.730696 -0.913994 0.381685 0.137592 -0.218992 -0.270064 -0.319246 -0.908376 0.316756 
1533676791175 -0.302788 -0.867409 0.394868 -0.730696 -0.913994 0.381685 0.137592 -0.218992 -0.270064 -0.319246 -0.908376 0.316756 
1533676791185 -0.302788 -0.867409 0.394868 -0.730696 -0.913994 0.381685 0.137592 -0.218992 -0.270064 -0.319246 -0.908376 0.316756 
1533676791195 -0.302788 -0.867409 0.394868 -0.730696 -0.913994 0.381685 0.137592 -0.218992 -0.270064 -0.319246 -0.908376 0.316756 
1533676791205 -0.302788 -0.867409 0.394868 -0.730696 -0.913994 0.381685 0.137592 -0.218992 -0.270064 -0.319246 -0.908376 0.316756 
1533676791215 -0.302809 -0.867455 0.394751 -0.730736 -0.914002 0.381668 0.137585 -0.218988 -0.270013 -0.319141 -0.908428 0.316613 
1533676791277 0 0 0 0 0 0 0 0 0 0 0 0 
1533676791277 0 0 0 0 0 0 0 0 0 0 0 0 
1533676791287 -0.302809 -0.867455 0.394751 -0.730736 -0.914002 0.381668 0.137585 -0.218988 -0.270013 -0.319141 -0.908428 0.316613 
1533676791297 -0.302724 -0.86739 0.394959 -0.730671 -0.914003 0.381655 0.137618 -0.218993 -0.270106 -0.319333 -0.908333 0.316835 
1533676791307 -0.302664 -0.867368 0.395053 -0.730644 -0.914012 0.381627 0.137633 -0.218998 -0.270141 -0.319427 -0.90829 0.316915 
1533676791317 -0.302606 -0.867344 0.39515 -0.730617 -0.914023 0.381598 0.137639 -0.219007 -0.270169 -0.319525 -0.908247 0.316994 
1533676791327 -0.302549 -0.86732 0.395246 -0.73059 -0.914034 0.38157 0.137645 -0.219016 -0.270196 -0.319624 -0.908204 0.317073 
1533676791337 -0.302491 -0.867296 0.395343 -0.730563 -0.914045 0.381542 0.137651 -0.219025 -0.270224 -0.319723 -0.908161 0.317152 
1533676791347 -0.302434 -0.867273 0.395438 -0.730536 -0.914055 0.381514 0.137659 -0.219034 -0.270254 -0.31982 -0.908118 0.317231 
1533676791357 -0.302376 -0.86725 0.395534 -0.730509 -0.914065 0.381486 0.137669 -0.219042 -0.270284 -0.319916 -0.908075 0.31731 
1533676791367 -0.302318 -0.867226 0.395629 -0.730482 -0.914075 0.381459 0.137679 -0.21905 -0.270315 -0.320012 -0.908032 0.317389 
1533676791377 -0.302252 -0.867235 0.39566 -0.730478 -0.914084 0.381419 0.137733 -0.219034 -0.270359 -0.320037 -0.90801 0.317408 
1533676791411 0 0 0 0 0 0 0 0 0 0 0 0 
1533676791411 0 0 0 0 0 0 0 0 0 0 0 0 
1533676791414 0 0 0 0 0 0 0 0 0 0 0 0 
1533676791425 -0.302252 -0.867235 0.39566 -0.730478 -0.914084 0.381419 0.137733 -0.219034 -0.270359 -0.320037 -0.90801 0.317408 
1533676791435 -0.302392 -0.867214 0.395599 -0.730472 -0.91401 0.381571 0.137803 -0.219015 -0.270453 -0.319911 -0.908027 0.317545 
1533676791438 0 0 0 0 0 0 0 0 0 0 0 0 
1533676791441 0 0 0 0 0 0 0 0 0 0 0 0 
1533676791444 0 0 0 0 0 0 0 0 0 0 0 0 
1533676791455 -0.302585 -0.867247 0.395379 -0.730516 -0.913924 0.38174 0.137902 -0.218967 -0.270527 -0.31962 -0.908107 0.317543 
1533676791465 -0.302777 -0.86728 0.395159 -0.730559 -0.913839 0.381909 0.138001 -0.218918 -0.2706 -0.319329 -0.908188 0.317541 
1533676791475 -0.30297 -0.867313 0.39494 -0.730602 -0.913753 0.382077 0.1381 -0.21887 -0.270674 -0.319037 -0.908268 0.317539 
1533676791485 -0.303162 -0.867346 0.39472 -0.730645 -0.913668 0.382246 0.138199 -0.218821 -0.270747 -0.318746 -0.908348 0.317537 
1533676791495 -0.303355 -0.867378 0.394501 -0.730688 -0.913582 0.382415 0.138299 -0.218773 -0.27082 -0.318455 -0.908429 0.317535 
1533676791505 -0.303547 -0.867411 0.394281 -0.730731 -0.913497 0.382583 0.138398 -0.218724 -0.270893 -0.318164 -0.908509 0.317533 
1533676791515 -0.30374 -0.867443 0.394061 -0.730774 -0.913411 0.382752 0.138497 -0.218676 -0.270966 -0.317873 -0.908589 0.317531 
1533676791525 -0.303919 -0.867496 0.393808 -0.730829 -0.913321 0.382912 0.138643 -0.218605 -0.271066 -0.317537 -0.908677 0.317505 
1533676791552 -0.303919 -0.867496 0.393808 -0.730829 -0.913321 0.382912 0.138643 -0.218605 -0.271066 -0.317537 -0.908677 0.317505 
1533676791555 0 0 0 0 0 0 0 0 0 0 0 0 
1533676791566 -0.3037 -0.867597 0.393753 -0.730874 -0.913378 0.38272 0.138804 -0.218502 -0.271123 -0.317491 -0.908676 0.317416 
1533676791576 -0.303281 -0.867683 0.393888 -0.730886 -0.913517 0.382354 0.138896 -0.218434 -0.271123 -0.317699 -0.908603 0.317304 
1533676791586 -0.302862 -0.867768 0.394022 -0.730898 -0.913656 0.381988 0.138989 -0.218365 -0.271122 -0.317906 -0.908531 0.317193 
1533676791596 -0.302443 -0.867853 0.394157 -0.730911 -0.913795 0.381621 0.139082 -0.218297 -0.271122 -0.318114 -0.908458 0.317081 
1533676791606 -0.302024 -0.867938 0.394291 -0.730923 -0.913934 0.381255 0.139175 -0.218228 -0.271121 -0.318322 -0.908386 0.31697 
1533676791616 -0.301605 -0.868022 0.394426 -0.730935 -0.914072 0.380889 0.139268 -0.21816 -0.27112 -0.31853 -0.908313 0.316858 
1533676791626 -0.301186 -0.868107 0.39456 -0.730947 -0.914211 0.380522 0.139361 -0.218091 -0.27112 -0.318737 -0.90824 0.316747 
1533676791636 -0.300767 -0.868191 0.394694 -0.730959 -0.914349 0.380156 0.139455 -0.218022 -0.271119 -0.318945 -0.908168 0.316635 
1533676791646 -0.300331 -0.86829 0.394808 -0.730979 -0.914482 0.379783 0.139598 -0.21793 -0.271153 -0.319119 -0.908097 0.316516 
1533676791662 0 0 0 0 0 0 0 0 0 0 0 0 
1533676791662 0 0 0 0 0 0 0 0 0 0 0 0 
1533676791666 0 0 0 0 0 0 0 0 0 0 0 0 
1533676791676 -0.300331 -0.86829 0.394808 -0.730979 -0.914482 0.379783 0.139598 -0.21793 -0.271153 -0.319119 -0.908097 0.316516 
1533676791686 -0.299351 -0.868502 0.395086 -0.730897 -0.914711 0.379029 0.140143 -0.218019 -0.271463 -0.319438 -0.907892 0.316479 
1533676791696 -0.298788 -0.868635 0.39522 -0.730806 -0.914802 0.378641 0.140601 -0.218172 -0.271777 -0.319538 -0.907762 0.316544 
1533676791706 -0.298225 -0.868768 0.395353 -0.730715 -0.914891 0.378253 0.141063 -0.218325 -0.272095 -0.319636 -0.907633 0.316609 
1533676791716 -0.297662 -0.868901 0.395485 -0.730624 -0.91498 0.377864 0.141526 -0.218478 -0.272412 -0.319734 -0.907503 0.316673 
1533676791726 -0.297099 -0.869034 0.395617 -0.730533 -0.915069 0.377476 0.14199 -0.21863 -0.27273 -0.319832 -0.907373 0.316738 
1533676791736 -0.296535 -0.869167 0.395748 -0.730443 -0.915157 0.377087 0.142455 -0.218781 -0.273049 -0.319928 -0.907243 0.316803 
1533676791746 -0.29597 -0.8693 0.395878 -0.730353 -0.915244 0.376699 0.14292 -0.218932 -0.273367 -0.320025 -0.907113 0.316867 
1533676791756 -0.295405 -0.869433 0.396008 -0.730262 -0.915331 0.37631 0.143386 -0.219082 -0.273687 -0.320122 -0.906983 0.316932 
1533676791766 -0.294828 -0.869579 0.396116 -0.730189 -0.915413 0.375916 0.143896 -0.219214 -0.274035 -0.320185 -0.906855 0.316976 
1533676791781 0 0 0 0 0 0 0 0 0 0 0 0 
1533676791781 0 0 0 0 0 0 0 0 0 0 0 0 
1533676791782 0 0 0 0 0 0 0 0 0 0 0 0 
1533676791786 0 0 0 0 0 0 0 0 0 0 0 0 
1533676791796 -0.294828 -0.869579 0.396116 -0.730189 -0.915413 0.375916 0.143896 -0.219214 -0.274035 -0.320185 -0.906855 0.316976 
1533676791806 -0.294122 -0.86965 0.396486 -0.730064 -0.915595 0.375378 0.144144 -0.219314 -0.274187 -0.320624 -0.906654 0.31716 
1533676791816 -0.293967 -0.869605 0.3967 -0.73005 -0.915685 0.375223 0.143973 -0.219243 -0.274051 -0.320929 -0.906587 0.317255 
1533676791826 -0.293812 -0.869559 0.396914 -0.730036 -0.915776 0.375068 0.143803 -0.219171 -0.273915 -0.321233 -0.906521 0.31735 
1533676791836 -0.293657 -0.869514 0.397129 -0.730022 -0.915866 0.374912 0.143633 -0.2191 -0.273779 -0.321538 -0.906454 0.317445 
1533676791846 -0.293503 -0.869468 0.397343 -0.730008 -0.915956 0.374757 0.143462 -0.219029 -0.273643 -0.321842 -0.906387 0.31754 
1533676791856 -0.293348 -0.869422 0.397557 -0.729994 -0.916046 0.374602 0.143292 -0.218957 -0.273507 -0.322147 -0.90632 0.317635 
1533676791866 -0.293193 -0.869376 0.397772 -0.72998 -0.916137 0.374446 0.143122 -0.218886 -0.273371 -0.322451 -0.906253 0.31773 
1533676791876 -0.293039 -0.86933 0.397986 -0.729966 -0.916227 0.374291 0.142951 -0.218814 -0.273235 -0.322755 -0.906185 0.317825 
1533676791886 -0.292889 -0.869289 0.398186 -0.729968 -0.916316 0.374137 0.142783 -0.218745 -0.273095 -0.323044 -0.906124 0.317891 
1533676791902 -0.292889 -0.869289 0.398186 -0.729968 -0.916316 0.374137 0.142783 -0.218745 -0.273095 -0.323044 -0.906124 0.317891 
1533676791906 0 0 0 0 0 0 0 0 0 0 0 0 
1533676791916 -0.292145 -0.869723 0.397786 -0.730005 -0.916399 0.373566 0.143739 -0.218521 -0.273612 -0.322538 -0.906149 0.318126 
1533676791926 -0.291566 -0.870209 0.397146 -0.730084 -0.916391 0.373152 0.144864 -0.218375 -0.274257 -0.321704 -0.90625 0.318217 
1533676791936 -0.290987 -0.870695 0.396506 -0.730163 -0.916382 0.372736 0.145988 -0.218228 -0.274903 -0.32087 -0.90635 0.318308 
1533676791946 -0.290408 -0.87118 0.395865 -0.730242 -0.916371 0.37232 0.147111 -0.218081 -0.275549 -0.320037 -0.906449 0.3184 
1533676791956 -0.28983 -0.871664 0.395223 -0.730322 -0.916359 0.371903 0.148235 -0.217934 -0.276195 -0.319203 -0.906546 0.318491 
1533676791966 -0.289252 -0.872147 0.39458 -0.730401 -0.916347 0.371484 0.149358 -0.217788 -0.276842 -0.31837 -0.906642 0.318583 
1533676791976 -0.288675 -0.872629 0.393936 -0.730481 -0.916333 0.371065 0.15048 -0.217641 -0.277489 -0.317537 -0.906736 0.318674 
1533676791986 -0.288098 -0.87311 0.393291 -0.73056 -0.916319 0.370644 0.151602 -0.217495 -0.278137 -0.316704 -0.906829 0.318766 
1533676791996 -0.287573 -0.873566 0.392663 -0.730634 -0.916307 0.37025 0.152631 -0.21741 -0.278716 -0.315907 -0.906929 0.318839 
1533676792012 -0.287573 -0.873566 0.392663 -0.730634 -0.916307 0.37025 0.152631 -0.21741 -0.278716 -0.315907 -0.906929 0.318839 
1533676792016 0 0 0 0 0 0 0 0 0 0 0 0 
1533676792026 -0.287505 -0.87403 0.39168 -0.730738 -0.916225 0.370132 0.153408 -0.217247 -0.279056 -0.314761 -0.907223 0.319144 
1533676792036 -0.288089 -0.87398 0.391362 -0.730759 -0.916166 0.370475 0.152929 -0.217317 -0.278647 -0.314495 -0.907441 0.319319 
1533676792046 -0.288672 -0.87393 0.391043 -0.73078 -0.916107 0.370818 0.152451 -0.217387 -0.278238 -0.314229 -0.907658 0.319494 
1533676792056 -0.289255 -0.87388 0.390724 -0.730801 -0.916048 0.371161 0.151973 -0.217457 -0.277828 -0.313963 -0.907876 0.319669 
1533676792066 -0.289837 -0.87383 0.390405 -0.730823 -0.915988 0.371505 0.151495 -0.217528 -0.277418 -0.313698 -0.908093 0.319844 
1533676792076 -0.29042 -0.873779 0.390086 -0.730844 -0.915927 0.371848 0.151017 -0.217598 -0.277009 -0.313432 -0.90831 0.32002 
1533676792086 -0.291002 -0.873728 0.389766 -0.730865 -0.915866 0.372191 0.15054 -0.217668 -0.276598 -0.313167 -0.908526 0.320195 
1533676792096 -0.291584 -0.873677 0.389446 -0.730886 -0.915805 0.372535 0.150062 -0.217738 -0.276188 -0.312901 -0.908743 0.320371 
1533676792106 -0.292155 -0.873629 0.389124 -0.730908 -0.915744 0.372872 0.149599 -0.217797 -0.275787 -0.312632 -0.908957 0.320551 
1533676792121 0 0 0 0 0 0 0 0 0 0 0 0 
1533676792121 0 0 0 0 0 0 0 0 0 0 0 0 
1533676792122 0 0 0 0 0 0 0 0 0 0 0 0 
1533676792126 0 0 0 0 0 0 0 0 0 0 0 0 
1533676792136 -0.292155 -0.873629 0.389124 -0.730908 -0.915744 0.372872 0.149599 -0.217797 -0.275787 -0.312632 -0.908957 0.320551 
1533676792146 -0.292783 -0.874188 0.387394 -0.731075 -0.915588 0.373107 0.149968 -0.217868 -0.275639 -0.310785 -0.909635 0.320909 
1533676792156 -0.292817 -0.874801 0.385982 -0.73122 -0.915493 0.372989 0.150834 -0.217854 -0.275917 -0.309197 -0.910092 0.321101 
1533676792166 -0.292851 -0.875411 0.384569 -0.731364 -0.915399 0.37287 0.1517 -0.21784 -0.276194 -0.307608 -0.910546 0.321293 
1533676792176 -0.292886 -0.87602 0.383155 -0.731509 -0.915304 0.372749 0.152566 -0.217827 -0.276472 -0.306019 -0.910997 0.321485 
1533676792186 -0.292921 -0.876625 0.38174 -0.731653 -0.915209 0.372627 0.153432 -0.217813 -0.276749 -0.304428 -0.911446 0.321677 
1533676792196 -0.292956 -0.877229 0.380324 -0.731798 -0.915114 0.372504 0.154297 -0.2178 -0.277026 -0.302837 -0.911892 0.321869 
1533676792206 -0.292993 -0.87783 0.378907 -0.731942 -0.915018 0.372379 0.155162 -0.217787 -0.277303 -0.301246 -0.912334 0.322061 
1533676792216 -0.293029 -0.878428 0.377489 -0.732087 -0.914923 0.372253 0.156027 -0.217774 -0.27758 -0.299653 -0.912775 0.322254 
1533676792226 -0.293089 -0.879002 0.376104 -0.732202 -0.914831 0.37214 0.156831 -0.217796 -0.277818 -0.298107 -0.913208 0.322478 
1533676792242 -0.293089 -0.879002 0.376104 -0.732202 -0.914831 0.37214 0.156831 -0.217796 -0.277818 -0.298107 -0.913208 0.322478 
1533676792246 0 0 0 0 0 0 0 0 0 0 0 0 
1533676792256 -0.291512 -0.8795 0.376166 -0.732199 -0.915005 0.371038 0.158421 -0.217692 -0.278903 -0.298012 -0.912908 0.322355 
1533676792266 -0.289925 -0.879369 0.377696 -0.732009 -0.915279 0.370085 0.159067 -0.217647 -0.279658 -0.299579 -0.912164 0.322092 
1533676792276 -0.288335 -0.879234 0.379223 -0.731818 -0.91555 0.369132 0.159716 -0.217602 -0.280411 -0.301146 -0.911417 0.321829 
1533676792286 -0.286744 -0.879095 0.380749 -0.731628 -0.91582 0.368179 0.160366 -0.217557 -0.281161 -0.302713 -0.910666 0.321566 
1533676792296 -0.28515 -0.878953 0.382272 -0.731437 -0.916088 0.367227 0.161018 -0.217512 -0.281908 -0.30428 -0.909913 0.321304 
1533676792306 -0.283555 -0.878806 0.383792 -0.731247 -0.916354 0.366276 0.161672 -0.217467 -0.282652 -0.305847 -0.909156 0.321043 
1533676792316 -0.281958 -0.878655 0.385311 -0.731056 -0.916617 0.365325 0.162328 -0.217422 -0.283394 -0.307413 -0.908397 0.320782 
1533676792326 -0.280359 -0.878501 0.386827 -0.730866 -0.916879 0.364374 0.162986 -0.217376 -0.284133 -0.308979 -0.907634 0.320521 
1533676792336 -0.278804 -0.878333 0.388329 -0.730697 -0.91714 0.363447 0.163584 -0.217375 -0.284818 -0.310544 -0.906885 0.320202 
1533676792352 -0.278804 -0.878333 0.388329 -0.730697 -0.91714 0.363447 0.163584 -0.217375 -0.284818 -0.310544 -0.906885 0.320202 
1533676792356 0 0 0 0 0 0 0 0 0 0 0 0 
1533676792366 -0.275513 -0.87907 0.389008 -0.730611 -0.91799 0.36069 0.164914 -0.217159 -0.285282 -0.31167 -0.906353 0.31996 
1533676792376 -0.273892 -0.879956 0.388149 -0.730757 -0.918583 0.358912 0.165488 -0.217055 -0.284934 -0.311222 -0.906617 0.319877 
1533676792386 -0.27227 -0.880838 0.387289 -0.730902 -0.919173 0.357133 0.166061 -0.216951 -0.284586 -0.310773 -0.90688 0.319793 
1533676792396 -0.270646 -0.881717 0.386428 -0.731048 -0.91976 0.355353 0.166631 -0.216847 -0.28424 -0.310323 -0.907142 0.31971 
1533676792406 -0.269021 -0.882591 0.385566 -0.731194 -0.920343 0.353571 0.1672 -0.216743 -0.283894 -0.309872 -0.907405 0.319627 
1533676792416 -0.267394 -0.883462 0.384702 -0.73134 -0.920923 0.351787 0.167768 -0.21664 -0.28355 -0.309421 -0.907666 0.319544 
1533676792426 -0.265767 -0.884329 0.383837 -0.731485 -0.9215 0.350002 0.168333 -0.216536 -0.283206 -0.308969 -0.907928 0.319462 
1533676792436 -0.264137 -0.885192 0.382972 -0.731631 -0.922074 0.348215 0.168898 -0.216433 -0.282863 -0.308516 -0.908188 0.31938 
1533676792446 -0.262555 -0.886026 0.38213 -0.731756 -0.922647 0.346458 0.16938 -0.216387 -0.282467 -0.3081 -0.908453 0.319302 
1533676792462 0 0 0 0 0 0 0 0 0 0 0 0 
1533676792462 0 0 0 0 0 0 0 0 0 0 0 0 
1533676792462 0 0 0 0 0 0 0 0 0 0 0 0 
1533676792466 0 0 0 0 0 0 0 0 0 0 0 0 
1533676792476 -0.262555 -0.886026 0.38213 -0.731756 -0.922647 0.346458 0.16938 -0.216387 -0.282467 -0.3081 -0.908453 0.319302 
1533676792486 -0.259891 -0.887108 0.38144 -0.73197 -0.923323 0.343945 0.170808 -0.215945 -0.28272 -0.307801 -0.908476 0.31905 
1533676792496 -0.258922 -0.8873 0.381651 -0.732013 -0.923437 0.343262 0.171565 -0.215681 -0.283236 -0.308008 -0.908244 0.318883 
1533676792506 -0.257953 -0.887492 0.381861 -0.732056 -0.92355 0.342578 0.172323 -0.215418 -0.283752 -0.308216 -0.908013 0.318717 
1533676792516 -0.256983 -0.887684 0.38207 -0.732099 -0.923662 0.341894 0.173081 -0.215155 -0.284269 -0.308425 -0.907781 0.318551 
1533676792526 -0.256012 -0.887874 0.382279 -0.732141 -0.923772 0.34121 0.173839 -0.214893 -0.284784 -0.308634 -0.907548 0.318385 
1533676792536 -0.255042 -0.888064 0.382486 -0.732184 -0.923882 0.340526 0.174597 -0.21463 -0.2853 -0.308843 -0.907315 0.31822 
1533676792546 -0.254071 -0.888253 0.382693 -0.732227 -0.92399 0.339842 0.175355 -0.214367 -0.285815 -0.309052 -0.907081 0.318054 
1533676792556 -0.253099 -0.888442 0.3829 -0.73227 -0.924097 0.339158 0.176114 -0.214105 -0.28633 -0.309262 -0.906847 0.317889 
1533676792566 -0.252175 -0.888609 0.383122 -0.732303 -0.924209 0.338501 0.176792 -0.213897 -0.286786 -0.309502 -0.906621 0.317711 
