1532360102813 0.217354 0.737332 -0.639608 -0.51184 -0.952323 0.303919 0.0267323 -0.240425 0.2141 0.603302 0.768237 0.447004 
1532360120298 0.217359 0.737332 -0.639606 -0.51184 -0.952322 0.303922 0.0267279 -0.240426 0.214097 0.603301 0.768238 0.447004 
1532360120917 0.215189 0.738108 -0.639445 -0.521425 -0.952875 0.302068 0.0280094 -0.239135 0.21383 0.603284 0.768326 0.446986 
1532360121542 0.212895 0.738822 -0.639389 -0.531015 -0.953453 0.300112 0.0293149 -0.237798 0.213547 0.603386 0.768325 0.446952 
1532360122173 0.210874 0.739459 -0.639322 -0.540561 -0.953907 0.298533 0.0306544 -0.23661 0.213526 0.60339 0.768328 0.446977 
1532360122805 0.208655 0.740213 -0.639177 -0.550164 -0.954425 0.296723 0.0320599 -0.235265 0.21339 0.603358 0.768391 0.446982 
1532360123437 0.206657 0.740836 -0.639105 -0.559711 -0.95489 0.295087 0.0332911 -0.23407 0.213255 0.603395 0.768398 0.446936 
1532360124068 0.204527 0.741572 -0.638937 -0.569297 -0.955406 0.293268 0.0345466 -0.232783 0.212998 0.603378 0.768483 0.446949 
1532360124718 0.202293 0.742246 -0.638865 -0.578877 -0.955915 0.29144 0.0359159 -0.2315 0.212849 0.603435 0.76848 0.446948 
1532360125360 0.200229 0.742897 -0.638759 -0.588441 -0.956389 0.289723 0.0371618 -0.230188 0.21267 0.603461 0.768509 0.446914 
1532360126006 0.197954 0.743652 -0.638588 -0.597498 -0.956901 0.287841 0.0385702 -0.228758 0.212494 0.603431 0.768581 0.447039 
1532360126026 0.197995 0.74363 -0.638602 -0.597493 -0.95689 0.287881 0.0385482 -0.228775 0.212507 0.60344 0.768571 0.447049 
1532360126290 0.197846 0.743619 -0.638661 -0.59847 -0.9569 0.287827 0.038698 -0.228709 0.212601 0.603479 0.768515 0.446987 
1532360126640 0.197431 0.743795 -0.638584 -0.600509 -0.95701 0.287432 0.0389096 -0.228449 0.21249 0.60345 0.768568 0.446969 
1532360126948 0.197161 0.743842 -0.638613 -0.601564 -0.957084 0.287174 0.0390103 -0.228295 0.21241 0.603515 0.768539 0.446923 
1532360127263 0.197016 0.743953 -0.638529 -0.6026 -0.957123 0.287032 0.0391046 -0.228186 0.21237 0.603446 0.768604 0.446941 
1532360127527 0.196757 0.743939 -0.638625 -0.603577 -0.957162 0.286876 0.0392878 -0.228085 0.212434 0.603537 0.768515 0.4469 
1532360127773 0.196499 0.744048 -0.638577 -0.604589 -0.957197 0.286723 0.0395362 -0.227958 0.212511 0.603475 0.768542 0.446932 
1532360128049 0.196296 0.744146 -0.638526 -0.605608 -0.957271 0.286472 0.0395734 -0.227847 0.212368 0.603474 0.768582 0.446897 
1532360128297 0.19625 0.744222 -0.638451 -0.606549 -0.957272 0.286456 0.0396619 -0.22778 0.212406 0.603387 0.76864 0.446987 
1532360128311 0.196195 0.744231 -0.638457 -0.606577 -0.957289 0.286399 0.0396759 -0.227749 0.212381 0.603404 0.768634 0.446968 
1532360128559 0.19663 0.743018 -0.639735 -0.606543 -0.957296 0.286528 0.0385515 -0.227815 0.211947 0.604835 0.767628 0.447171 
1532360128789 0.196853 0.741977 -0.640873 -0.606578 -0.95737 0.286415 0.0375296 -0.227829 0.211402 0.606165 0.766729 0.447367 
1532360129028 0.196948 0.740908 -0.642081 -0.606627 -0.957493 0.286141 0.0364871 -0.227749 0.210759 0.607602 0.765768 0.44757 
1532360129270 0.197243 0.7397 -0.643381 -0.60663 -0.957515 0.286193 0.0354896 -0.227739 0.210382 0.609046 0.764723 0.4478 
1532360129516 0.197516 0.738624 -0.644533 -0.606652 -0.957628 0.285966 0.034249 -0.227734 0.209612 0.610458 0.763809 0.447985 
1532360129756 0.197712 0.737535 -0.645718 -0.606707 -0.957715 0.285798 0.0331935 -0.227699 0.209026 0.611851 0.762854 0.448168 
1532360130012 0.198198 0.736305 -0.646972 -0.606681 -0.95771 0.285945 0.0320368 -0.227774 0.208587 0.613262 0.761841 0.448387 
1532360130235 0.19856 0.735076 -0.648257 -0.606697 -0.957754 0.285928 0.0308639 -0.227836 0.208042 0.614742 0.760796 0.448513 
1532360130460 0.19864 0.734052 -0.649392 -0.606773 -0.957873 0.285635 0.0298723 -0.227737 0.207417 0.616101 0.759867 0.44873 
1532360130473 0.198613 0.734066 -0.649384 -0.606767 -0.957877 0.285617 0.0298977 -0.227721 0.207422 0.616092 0.759872 0.44876 
1532360130702 0.198823 0.733641 -0.6498 -0.606823 -0.957978 0.285365 0.0290665 -0.227749 0.206755 0.616715 0.759549 0.448752 
1532360130917 0.199047 0.733357 -0.650052 -0.606892 -0.958071 0.285129 0.0283057 -0.227764 0.206107 0.617162 0.759362 0.448931 
1532360131098 0.19917 0.73298 -0.650439 -0.606932 -0.958185 0.284821 0.0275598 -0.227822 0.205459 0.617752 0.759058 0.449003 
1532360131348 0.199169 0.732746 -0.650703 -0.606995 -0.958347 0.284341 0.0268582 -0.22775 0.204702 0.61825 0.758857 0.449161 
1532360131545 0.199513 0.732277 -0.651126 -0.607035 -0.958379 0.284305 0.0260792 -0.227828 0.204216 0.618822 0.758522 0.449218 
1532360131722 0.199636 0.732095 -0.651292 -0.607062 -0.958492 0.283983 0.0254154 -0.227843 0.203562 0.619185 0.758401 0.449374 
1532360131914 0.199912 0.731716 -0.651634 -0.607087 -0.958602 0.283695 0.0244749 -0.227899 0.202774 0.619765 0.758139 0.449452 
1532360132114 0.200142 0.731196 -0.652147 -0.607119 -0.958655 0.283578 0.0237431 -0.227938 0.202295 0.620432 0.757721 0.449528 
1532360132285 0.200133 0.73097 -0.652403 -0.607171 -0.958783 0.283192 0.0231779 -0.227901 0.201698 0.620874 0.757518 0.449617 
1532360132299 0.200144 0.730945 -0.652427 -0.607178 -0.958793 0.283164 0.0231145 -0.227899 0.201639 0.620917 0.757499 0.449622 
1532360132576 0.200159 0.731006 -0.652355 -0.607206 -0.958806 0.283123 0.0230719 -0.227886 0.201562 0.620864 0.757562 0.449694 
1532360132728 0.200313 0.730955 -0.652365 -0.607263 -0.958759 0.283285 0.0230196 -0.227936 0.201632 0.620849 0.757556 0.449733 
1532360132865 0.200436 0.730778 -0.652525 -0.607324 -0.958731 0.283392 0.0228839 -0.227945 0.201643 0.621009 0.757422 0.449719 
1532360133009 0.200525 0.730709 -0.652575 -0.607363 -0.958723 0.283429 0.0227653 -0.227943 0.201594 0.621074 0.757382 0.449721 
1532360133139 0.200612 0.730664 -0.652599 -0.607422 -0.958717 0.283458 0.0226517 -0.227951 0.201535 0.621113 0.757365 0.449727 
1532360133238 0.200739 0.730617 -0.652612 -0.607476 -0.958695 0.283542 0.0225451 -0.227956 0.201515 0.62113 0.757357 0.44975 
1532360133360 0.200876 0.730517 -0.652681 -0.607543 -0.958662 0.28366 0.0224405 -0.227955 0.201533 0.621193 0.7573 0.449779 
1532360133488 0.201003 0.730495 -0.652667 -0.607588 -0.958651 0.28371 0.022304 -0.227967 0.201461 0.621196 0.757317 0.449787 
1532360133620 0.201109 0.730375 -0.652769 -0.607646 -0.958644 0.283747 0.0221358 -0.22799 0.201389 0.621321 0.757234 0.449786 
1532360133634 0.201123 0.730363 -0.652778 -0.607653 -0.958641 0.283756 0.0221199 -0.227994 0.201385 0.621331 0.757226 0.449789 
1532360133711 0.201175 0.730339 -0.65279 -0.607675 -0.958637 0.283777 0.0220586 -0.228006 0.201357 0.62135 0.757218 0.449802 
1532360133840 0.201285 0.730276 -0.652826 -0.607729 -0.958642 0.283773 0.0218626 -0.228022 0.20122 0.621426 0.757193 0.449834 
1532360133976 0.201372 0.73025 -0.652828 -0.607808 -0.958667 0.283707 0.021641 -0.227999 0.201015 0.621486 0.757197 0.449882 
1532360134112 0.201358 0.730252 -0.65283 -0.607885 -0.958678 0.283671 0.0216199 -0.227978 0.200977 0.621501 0.757196 0.449925 
1532360134284 0.201459 0.730037 -0.653039 -0.607955 -0.958707 0.283598 0.0212803 -0.227998 0.200736 0.621786 0.757025 0.44987 
1532360134448 0.201357 0.729955 -0.653162 -0.608069 -0.958756 0.283438 0.0211964 -0.227928 0.200604 0.621955 0.756921 0.449879 
1532360134585 0.201448 0.729897 -0.653199 -0.608168 -0.95878 0.283375 0.0209578 -0.227904 0.200397 0.622052 0.756897 0.449918 
1532360134688 0.201392 0.729878 -0.653237 -0.608225 -0.958798 0.283313 0.0209568 -0.227875 0.200367 0.622102 0.756863 0.449931 
1532360134702 0.201385 0.729872 -0.653247 -0.608233 -0.9588 0.283307 0.0209564 -0.227872 0.200365 0.622113 0.756855 0.449932 
1532360134798 0.201321 0.729885 -0.653252 -0.608292 -0.958814 0.283257 0.0209964 -0.227831 0.200363 0.62212 0.756849 0.449945 
1532360134948 0.201263 0.729967 -0.653178 -0.608378 -0.958829 0.283203 0.0210542 -0.22779 0.200351 0.622048 0.756912 0.449942 
1532360135206 0.201392 0.730061 -0.653034 -0.608454 -0.958798 0.283309 0.0210382 -0.227848 0.200369 0.62189 0.757037 0.449968 
1532360135385 0.201425 0.729993 -0.653099 -0.608508 -0.958797 0.283316 0.0209671 -0.227883 0.200339 0.621966 0.756983 0.449851 
1532360135595 0.201472 0.730067 -0.653002 -0.608561 -0.958763 0.283425 0.0210635 -0.227913 0.200455 0.62183 0.757063 0.449886 
1532360135748 0.201511 0.730105 -0.652947 -0.608626 -0.958728 0.283535 0.0211596 -0.227907 0.200582 0.621735 0.757108 0.449913 
1532360135860 0.201552 0.730043 -0.653004 -0.608702 -0.958713 0.28359 0.0211366 -0.227938 0.200616 0.621783 0.757059 0.449871 
1532360136012 0.201541 0.729995 -0.653061 -0.608772 -0.958715 0.283582 0.0211204 -0.227935 0.200614 0.621843 0.757011 0.449801 
1532360136142 0.201577 0.730027 -0.653014 -0.608843 -0.958694 0.283651 0.0211668 -0.227941 0.200681 0.621774 0.75705 0.449783 
1532360136156 0.20157 0.73004 -0.653002 -0.608853 -0.958691 0.283658 0.0211924 -0.227941 0.200701 0.621755 0.75706 0.449786 
1532360136364 0.201391 0.730026 -0.653072 -0.608921 -0.958719 0.283553 0.0213214 -0.227882 0.200746 0.621819 0.756995 0.449712 
1532360136495 0.201422 0.730084 -0.652998 -0.608987 -0.958708 0.283589 0.0213467 -0.227907 0.200768 0.621735 0.757059 0.449713 
1532360136665 0.201455 0.730169 -0.652892 -0.609058 -0.95868 0.283678 0.0214457 -0.227965 0.20087 0.621594 0.757147 0.44974 
1532360136861 0.20141 0.730244 -0.652823 -0.609124 -0.958674 0.28369 0.0215628 -0.227978 0.200946 0.621501 0.757204 0.449752 
1532360136989 0.201336 0.730304 -0.652779 -0.609173 -0.958685 0.283646 0.0216461 -0.22797 0.200966 0.621451 0.757239 0.449762 
1532360137146 0.201326 0.73043 -0.652641 -0.609281 -0.958664 0.283706 0.0217932 -0.227993 0.201076 0.621276 0.757354 0.449785 
1532360137310 0.201096 0.730349 -0.652803 -0.609347 -0.958716 0.283524 0.0218716 -0.227946 0.201059 0.621454 0.757212 0.449658 
1532360137435 0.201042 0.73036 -0.652807 -0.609425 -0.95871 0.283534 0.0219688 -0.227946 0.201138 0.621436 0.757206 0.449638 
1532360137571 0.200941 0.730372 -0.652825 -0.609495 -0.9587 0.283555 0.0221478 -0.227956 0.201288 0.621413 0.757185 0.44964 
1532360137586 0.200934 0.730376 -0.652821 -0.609499 -0.9587 0.283555 0.02216 -0.227959 0.201296 0.621407 0.757188 0.44964 
1532360137778 0.20089 0.730323 -0.652895 -0.609547 -0.958688 0.283588 0.0222388 -0.227989 0.201395 0.621455 0.757122 0.449585 
1532360137971 0.201016 0.730449 -0.652715 -0.60966 -0.958653 0.283707 0.0222588 -0.228038 0.201439 0.621252 0.757277 0.449595 
1532360138132 0.201008 0.730414 -0.652756 -0.609707 -0.958661 0.283681 0.022223 -0.228023 0.201407 0.621305 0.757242 0.449506 
1532360138274 0.201107 0.730575 -0.652546 -0.609797 -0.958625 0.283796 0.0222948 -0.22803 0.201478 0.621064 0.757421 0.44958 
1532360138431 0.201113 0.730631 -0.652481 -0.609863 -0.95862 0.283812 0.0223321 -0.228006 0.201499 0.62099 0.757476 0.449566 
1532360138580 0.201239 0.7307 -0.652365 -0.609955 -0.958585 0.28393 0.0223244 -0.228035 0.201539 0.620855 0.757576 0.449546 
1532360138721 0.201132 0.730723 -0.652372 -0.610053 -0.958622 0.283804 0.0223385 -0.22798 0.201469 0.620886 0.757569 0.449446 
1532360138975 0.2013 0.730917 -0.652103 -0.610177 -0.958542 0.284062 0.0224984 -0.227935 0.201682 0.620539 0.757797 0.449552 
1532360139119 0.20133 0.730963 -0.652042 -0.610214 -0.958536 0.284083 0.0225012 -0.227971 0.201682 0.620476 0.757848 0.449535 
1532360139132 0.201323 0.730961 -0.652047 -0.610216 -0.958537 0.284079 0.0225062 -0.227972 0.201684 0.62048 0.757845 0.449527 
1532360139338 0.201309 0.730995 -0.652013 -0.610279 -0.958506 0.28417 0.0226551 -0.228021 0.201844 0.620398 0.757869 0.449519 
1532360139455 0.201242 0.730863 -0.652181 -0.610357 -0.958492 0.284212 0.0227404 -0.228016 0.201978 0.620534 0.757722 0.449515 
1532360139548 0.201183 0.730945 -0.652107 -0.610424 -0.95848 0.284239 0.0228992 -0.227994 0.202092 0.620425 0.757781 0.449538 
1532360139683 0.201157 0.730844 -0.652229 -0.610503 -0.958441 0.284358 0.0230352 -0.228033 0.202302 0.62049 0.757672 0.449512 
1532360139845 0.201072 0.730865 -0.652232 -0.61059 -0.958425 0.284398 0.0232182 -0.228017 0.202463 0.620447 0.757664 0.449503 
1532360139984 0.200918 0.730908 -0.652231 -0.610688 -0.958413 0.284418 0.0234911 -0.227961 0.202676 0.620386 0.757656 0.449541 
1532360140166 0.200919 0.730957 -0.652176 -0.610817 -0.95832 0.2847 0.0238555 -0.228044 0.203112 0.6202 0.757692 0.449633 
1532360140285 0.200869 0.730936 -0.652215 -0.610898 -0.95829 0.284786 0.0240241 -0.228059 0.203302 0.620186 0.757653 0.449647 
1532360140299 0.200845 0.730938 -0.65222 -0.610913 -0.958291 0.284781 0.0240545 -0.228049 0.203322 0.620185 0.757648 0.44965 
1532360140469 0.200689 0.730878 -0.652335 -0.610982 -0.958316 0.284688 0.0241433 -0.22803 0.203358 0.620298 0.757546 0.449582 
1532360140600 0.200623 0.730962 -0.652261 -0.611043 -0.958351 0.28457 0.0241361 -0.228089 0.203257 0.620253 0.75761 0.449589 
1532360140738 0.2006 0.731024 -0.652198 -0.611122 -0.958365 0.284525 0.0241436 -0.228158 0.203216 0.620201 0.757664 0.449608 
1532360140905 0.200468 0.73097 -0.6523 -0.61121 -0.958391 0.284431 0.0241979 -0.228181 0.203222 0.620307 0.757575 0.449551 
1532360141059 0.200402 0.731036 -0.652246 -0.611279 -0.958401 0.284391 0.0242762 -0.228185 0.20324 0.620248 0.757619 0.449604 
1532360141222 0.200216 0.730996 -0.652348 -0.61137 -0.958462 0.284184 0.0242776 -0.228211 0.203134 0.620391 0.75753 0.449575 
1532360141372 0.20006 0.731019 -0.652371 -0.611462 -0.958506 0.284032 0.0243321 -0.228214 0.203081 0.620433 0.757509 0.449499 
1532360141491 0.199981 0.731117 -0.652285 -0.611536 -0.958524 0.283963 0.0244122 -0.228227 0.203073 0.620349 0.757581 0.449541 
1532360141615 0.199835 0.731152 -0.652291 -0.611628 -0.958557 0.283846 0.0244996 -0.22821 0.203063 0.620362 0.757573 0.449568 
1532360141629 0.199816 0.73116 -0.652287 -0.611638 -0.958562 0.283829 0.0245121 -0.228206 0.20306 0.620359 0.757576 0.449572 
1532360141870 0.199786 0.731257 -0.652188 -0.61175 -0.958561 0.283823 0.0245951 -0.228163 0.203091 0.620248 0.757659 0.449612 
1532360142077 0.200099 0.731086 -0.652283 -0.611798 -0.958545 0.283914 0.0241627 -0.228233 0.202857 0.620408 0.75759 0.449467 
1532360142223 0.200153 0.731182 -0.652159 -0.611854 -0.95853 0.283964 0.0241919 -0.228234 0.202878 0.620272 0.757696 0.449518 
1532360142430 0.200082 0.731281 -0.65207 -0.611994 -0.958565 0.283844 0.024197 -0.228132 0.202781 0.62021 0.757773 0.449477 
1532360142620 0.200355 0.731389 -0.651865 -0.612187 -0.958555 0.283902 0.023919 -0.228154 0.20256 0.620056 0.757958 0.449465 
1532360142794 0.20035 0.73144 -0.65181 -0.612279 -0.958568 0.28386 0.0238986 -0.22804 0.202503 0.620016 0.758006 0.449482 
1532360142928 0.200511 0.731424 -0.651777 -0.612347 -0.958544 0.283951 0.0237654 -0.228102 0.202455 0.619992 0.758038 0.449467 
1532360143086 0.200648 0.731301 -0.651873 -0.612438 -0.958547 0.283962 0.0235198 -0.228145 0.202308 0.620132 0.757963 0.449334 
1532360152991 0.200694 0.731301 -0.651859 -0.612479 -0.958535 0.284003 0.0235017 -0.228108 0.202317 0.620114 0.757976 0.449363 
1532360153223 0.200446 0.730927 -0.652355 -0.61264 -0.958427 0.284319 0.0240716 -0.228141 0.203072 0.62041 0.757531 0.44941 
1532360153410 0.200384 0.730679 -0.652651 -0.612717 -0.958387 0.284445 0.0241971 -0.228121 0.203324 0.620644 0.757272 0.449457 
1532360153580 0.200282 0.730664 -0.652699 -0.612834 -0.958327 0.284616 0.0245481 -0.228095 0.203705 0.620583 0.757219 0.449582 
1532360153747 0.200069 0.730449 -0.653006 -0.612925 -0.958303 0.284673 0.0248262 -0.228037 0.204027 0.620811 0.756945 0.449594 
1532360153920 0.199987 0.73022 -0.653287 -0.613012 -0.958229 0.284899 0.0251118 -0.228077 0.204458 0.620976 0.756694 0.449642 
1532360154074 0.199901 0.730091 -0.653458 -0.613116 -0.958187 0.28502 0.025324 -0.228052 0.204737 0.621072 0.756539 0.449711 
1532360154267 0.199409 0.729847 -0.65388 -0.613356 -0.958151 0.28508 0.0260001 -0.227894 0.205384 0.621332 0.756151 0.449837 
1532360154281 0.199396 0.729854 -0.653876 -0.613376 -0.958142 0.285106 0.0260541 -0.227892 0.20544 0.621311 0.756153 0.44986 
1532360154473 0.199392 0.730104 -0.653598 -0.613352 -0.958145 0.285086 0.0261564 -0.227884 0.205429 0.621026 0.75639 0.449852 
1532360154664 0.199324 0.730262 -0.653443 -0.61341 -0.958108 0.285184 0.026453 -0.227924 0.205669 0.620796 0.756514 0.449865 
1532360154983 0.199281 0.730345 -0.653363 -0.613427 -0.958147 0.285056 0.0264003 -0.227895 0.205526 0.620756 0.756585 0.449679 
1532360155129 0.199338 0.730584 -0.653078 -0.613464 -0.958087 0.285236 0.0266509 -0.227914 0.205752 0.620393 0.756821 0.449782 
1532360155346 0.199231 0.730785 -0.652886 -0.613463 -0.958073 0.285256 0.026931 -0.227893 0.205921 0.620147 0.756977 0.449692 
1532360155526 0.19925 0.731015 -0.652623 -0.61351 -0.958032 0.285371 0.0271562 -0.227922 0.206091 0.619823 0.757196 0.449734 
1532360155720 0.199312 0.731311 -0.652273 -0.613537 -0.958018 0.285409 0.0272563 -0.227919 0.206098 0.619456 0.757494 0.449763 
1532360155925 0.199087 0.73137 -0.652275 -0.613576 -0.958037 0.285322 0.0275077 -0.227894 0.206226 0.619427 0.757483 0.4496 
1532360156053 0.199159 0.73153 -0.652073 -0.613579 -0.958016 0.285388 0.0275617 -0.227885 0.206256 0.619207 0.757655 0.449632 
1532360156066 0.199177 0.731556 -0.652039 -0.61358 -0.95801 0.285406 0.0275714 -0.227883 0.206266 0.619168 0.757684 0.449639 
1532360156347 0.199177 0.731627 -0.651958 -0.613671 -0.958018 0.285378 0.0275705 -0.22784 0.206226 0.619097 0.757753 0.449563 
1532360156492 0.199418 0.731673 -0.651834 -0.613711 -0.958011 0.28543 0.027303 -0.227895 0.20603 0.619019 0.75787 0.4496 
1532360156632 0.199572 0.731768 -0.65168 -0.613786 -0.958002 0.285472 0.0271739 -0.227952 0.205921 0.618887 0.758007 0.449614 
1532360156896 0.199354 0.731871 -0.651631 -0.613941 -0.958095 0.285159 0.027163 -0.227814 0.205699 0.618909 0.75805 0.449499 
1532360157134 0.19968 0.731949 -0.651443 -0.613984 -0.958059 0.285306 0.0269001 -0.227872 0.20555 0.61875 0.75822 0.449583 
1532360157289 0.199809 0.731922 -0.651434 -0.614041 -0.958071 0.285286 0.0266733 -0.22793 0.205368 0.61879 0.758237 0.449499 
1532360157497 0.199911 0.732202 -0.651088 -0.614239 -0.958083 0.285252 0.026617 -0.227933 0.205213 0.618475 0.758535 0.449547 
1532360157663 0.199906 0.732198 -0.651095 -0.61429 -0.958129 0.285111 0.0264505 -0.227905 0.205001 0.618545 0.758536 0.449474 
1532360157677 0.199925 0.732212 -0.651073 -0.614297 -0.958127 0.285121 0.0264428 -0.22791 0.204996 0.618524 0.758555 0.449482 
1532360157887 0.20006 0.732363 -0.650861 -0.614478 -0.958106 0.285195 0.0264073 -0.227949 0.204962 0.618311 0.758737 0.449511 
1532360158053 0.199951 0.732336 -0.650925 -0.614578 -0.958131 0.285107 0.0264482 -0.227874 0.204953 0.618383 0.758681 0.449477 
1532360158214 0.199971 0.732468 -0.65077 -0.614691 -0.958124 0.285125 0.0265042 -0.227851 0.204964 0.618218 0.758812 0.449526 
1532360158385 0.200125 0.732396 -0.650804 -0.614771 -0.958134 0.285116 0.0262308 -0.22791 0.204766 0.618308 0.758793 0.449431 
1532360158564 0.200342 0.732522 -0.650595 -0.614856 -0.958089 0.285274 0.0261661 -0.227973 0.204765 0.618086 0.758974 0.449529 
1532360158720 0.200278 0.732505 -0.650634 -0.614973 -0.9581 0.285232 0.0262005 -0.227913 0.204773 0.618125 0.758939 0.449512 
1532360158835 0.200242 0.732484 -0.650669 -0.615099 -0.958115 0.285183 0.0261839 -0.227869 0.204739 0.618173 0.75891 0.449466 
1532360158952 0.20038 0.73256 -0.650541 -0.615168 -0.958097 0.285251 0.0261017 -0.22792 0.204689 0.618051 0.759022 0.449468 
1532360158966 0.200388 0.732567 -0.650531 -0.615175 -0.958096 0.285255 0.0260983 -0.227923 0.204686 0.618041 0.759031 0.449467 
1532360159159 0.200368 0.732636 -0.65046 -0.615244 -0.958102 0.285233 0.0261336 -0.227889 0.204679 0.61797 0.759091 0.449461 
1532360159330 0.200384 0.732621 -0.650471 -0.615344 -0.958096 0.285252 0.0261267 -0.227899 0.204689 0.617979 0.759081 0.449439 
1532360159510 0.200461 0.732694 -0.650365 -0.615448 -0.958073 0.285329 0.0261433 -0.22793 0.204723 0.617857 0.759172 0.44947 
1532360159778 0.200404 0.732653 -0.650429 -0.615568 -0.9581 0.285243 0.0261013 -0.227921 0.204653 0.617945 0.759119 0.449331 
1532360160124 0.20022 0.732852 -0.650261 -0.615696 -0.958081 0.285269 0.0265008 -0.22783 0.20492 0.617697 0.759248 0.449456 
1532360160308 0.200271 0.732803 -0.650301 -0.615835 -0.958088 0.285256 0.0263862 -0.22789 0.204838 0.617762 0.759218 0.449316 
1532360160451 0.200276 0.732821 -0.650279 -0.615933 -0.95808 0.285282 0.0264195 -0.22789 0.204873 0.617727 0.759236 0.449328 
1532360160628 0.200258 0.732812 -0.650295 -0.616033 -0.958089 0.285252 0.0264063 -0.227887 0.204849 0.617752 0.759223 0.449267 
1532360160642 0.200254 0.732807 -0.650302 -0.616038 -0.95809 0.285247 0.0264026 -0.227886 0.204844 0.617761 0.759217 0.449258 
1532360160879 0.200288 0.732865 -0.650226 -0.616114 -0.958096 0.285233 0.0263638 -0.227906 0.204787 0.617698 0.759283 0.449246 
1532360161103 0.200356 0.733014 -0.650037 -0.616227 -0.958106 0.285204 0.0263005 -0.22794 0.204672 0.617535 0.759447 0.449216 
1532360161306 0.200383 0.733232 -0.649782 -0.616295 -0.958113 0.285176 0.0263326 -0.227922 0.20461 0.617288 0.759664 0.44926 
1532360161482 0.200428 0.733282 -0.649712 -0.616356 -0.958135 0.285116 0.0262165 -0.227938 0.204467 0.617257 0.759728 0.449191 
1532360161702 0.200423 0.733413 -0.649566 -0.616485 -0.958175 0.284988 0.0261301 -0.227939 0.204282 0.617161 0.759856 0.449094 
1532360161921 0.200415 0.73361 -0.649346 -0.616576 -0.958191 0.284931 0.0261679 -0.227905 0.204216 0.616953 0.760043 0.449156 
1532360162080 0.200461 0.733625 -0.649315 -0.61667 -0.958241 0.284784 0.025926 -0.227896 0.203934 0.617003 0.760078 0.449054 
1532360162212 0.200493 0.733758 -0.649155 -0.616755 -0.958252 0.28475 0.025903 -0.227908 0.203854 0.61686 0.760215 0.449053 
1532360162332 0.20053 0.733893 -0.648991 -0.61683 -0.958264 0.284713 0.0258672 -0.227934 0.20376 0.616717 0.760356 0.449035 
1532360162346 0.200537 0.733912 -0.648967 -0.61684 -0.958264 0.284712 0.0258665 -0.227937 0.203752 0.616694 0.760377 0.449036 
1532360162566 0.200417 0.733974 -0.648934 -0.616929 -0.958299 0.284589 0.0259213 -0.227866 0.203705 0.616678 0.760403 0.449002 
1532360162800 0.200515 0.733934 -0.648949 -0.61701 -0.958272 0.284685 0.025876 -0.227935 0.203737 0.616681 0.760392 0.449006 
1532360162975 0.200536 0.73407 -0.648788 -0.617159 -0.95824 0.284778 0.0260259 -0.227984 0.203865 0.616476 0.760524 0.44908 
1532360163144 0.200191 0.734066 -0.6489 -0.617283 -0.958304 0.284542 0.0262418 -0.227876 0.203902 0.61659 0.760421 0.448978 
1532360163338 0.200328 0.734185 -0.648722 -0.617374 -0.95826 0.284689 0.0262802 -0.227957 0.203979 0.61638 0.760571 0.449056 
1532360163500 0.200341 0.73418 -0.648724 -0.617413 -0.958255 0.284706 0.0262785 -0.227972 0.203989 0.616379 0.76057 0.44905 
1532360163642 0.200291 0.7342 -0.648717 -0.617522 -0.958269 0.284655 0.0263 -0.227989 0.20397 0.616378 0.760575 0.449067 
1532360163904 0.200109 0.734196 -0.648778 -0.617667 -0.958329 0.284451 0.0263142 -0.227965 0.203865 0.616478 0.760522 0.448989 
1532360163918 0.200121 0.734192 -0.648779 -0.617669 -0.958324 0.284469 0.0263174 -0.227964 0.20388 0.616473 0.760522 0.448991 
1532360164092 0.200185 0.734277 -0.648663 -0.617776 -0.958298 0.284551 0.0263652 -0.227976 0.203937 0.616335 0.760619 0.449051 
1532360164273 0.200275 0.734251 -0.648664 -0.617891 -0.958306 0.284541 0.0262074 -0.227985 0.203814 0.61637 0.760624 0.449027 
1532360164432 0.200332 0.734158 -0.648752 -0.618035 -0.958316 0.284521 0.0260536 -0.227988 0.203711 0.61649 0.760554 0.449003 
1532360164606 0.200295 0.734159 -0.648762 -0.618168 -0.958348 0.284419 0.0259819 -0.22798 0.203595 0.616535 0.760548 0.448908 
1532360164779 0.200409 0.734215 -0.648663 -0.618287 -0.958321 0.284511 0.0259542 -0.228 0.203608 0.616427 0.760633 0.449025 
1532360164985 0.200501 0.734197 -0.648656 -0.618594 -0.958337 0.284476 0.0257676 -0.227985 0.203446 0.616465 0.760645 0.448955 
1532360165282 0.200488 0.734492 -0.648325 -0.618753 -0.958363 0.284383 0.0258165 -0.22787 0.203335 0.616155 0.760926 0.449114 
1532360165464 0.200583 0.734308 -0.648505 -0.618843 -0.958375 0.284367 0.0255659 -0.227932 0.203187 0.616382 0.760781 0.449005 
1532360165478 0.200613 0.734307 -0.648496 -0.618852 -0.958372 0.284378 0.0255342 -0.227943 0.203168 0.616378 0.76079 0.449005 
1532360165688 0.200567 0.734469 -0.648327 -0.618973 -0.958358 0.284408 0.0257187 -0.227925 0.203279 0.616171 0.760927 0.449089 
1532360165888 0.20033 0.734471 -0.648398 -0.619156 -0.958382 0.284306 0.0259442 -0.227835 0.203399 0.616216 0.760859 0.449046 
1532360166120 0.200543 0.734507 -0.648292 -0.619254 -0.958312 0.284545 0.0259404 -0.227964 0.203521 0.616063 0.76095 0.44909 
1532360166311 0.200285 0.734456 -0.648429 -0.619423 -0.95838 0.284308 0.0260054 -0.227866 0.203453 0.616233 0.760831 0.448939 
1532360166529 0.200364 0.734545 -0.648304 -0.619555 -0.958316 0.284509 0.026181 -0.227959 0.20368 0.616035 0.760931 0.44909 
1532360166760 0.200349 0.734484 -0.648377 -0.619715 -0.958293 0.284579 0.0262599 -0.227972 0.203802 0.616074 0.760866 0.449042 
1532360166980 0.200249 0.734537 -0.648349 -0.619951 -0.958276 0.284615 0.0264774 -0.22802 0.203979 0.615995 0.760883 0.449022 
1532360167148 0.200056 0.734455 -0.648501 -0.620101 -0.95831 0.284494 0.026573 -0.227962 0.204011 0.616148 0.76075 0.44891 
1532360167161 0.200069 0.734462 -0.648489 -0.620113 -0.958305 0.28451 0.0265765 -0.227968 0.204021 0.616133 0.76076 0.44892 
1532360167360 0.200193 0.734519 -0.648386 -0.62022 -0.958268 0.284633 0.026573 -0.228038 0.20407 0.616008 0.760848 0.448905 
1532360167550 0.20022 0.734636 -0.648246 -0.620403 -0.958262 0.284651 0.0266131 -0.228041 0.204075 0.615861 0.760966 0.448909 
1532360167856 0.200127 0.734736 -0.64816 -0.620644 -0.958289 0.284552 0.0266762 -0.227977 0.204035 0.615787 0.761036 0.448833 
1532360168076 0.200389 0.734862 -0.647937 -0.62076 -0.958225 0.284774 0.0266247 -0.228097 0.204081 0.615534 0.761228 0.448886 
1532360168327 0.200257 0.734916 -0.647916 -0.620993 -0.958256 0.284662 0.0267088 -0.227992 0.204066 0.615521 0.761243 0.448788 
1532360168548 0.200482 0.73501 -0.64774 -0.621113 -0.958194 0.284873 0.0266837 -0.228111 0.204137 0.615311 0.761394 0.448854 
1532360168784 0.200352 0.735114 -0.647662 -0.621331 -0.958212 0.284797 0.0268327 -0.227992 0.204177 0.615222 0.761455 0.448798 
1532360168995 0.200551 0.735143 -0.647568 -0.621453 -0.958171 0.284945 0.0267345 -0.228115 0.204175 0.615119 0.761539 0.448755 
1532360169173 0.200452 0.735223 -0.647508 -0.621601 -0.958185 0.284887 0.0268499 -0.228054 0.204207 0.61505 0.761586 0.448749 
1532360169187 0.200438 0.735235 -0.647499 -0.621615 -0.958185 0.284886 0.026875 -0.228048 0.204223 0.615037 0.761593 0.448755 
1532360169496 0.200402 0.735278 -0.647461 -0.621793 -0.958194 0.284852 0.0269076 -0.228056 0.204215 0.615 0.761624 0.448665 
1532360169694 0.200596 0.73543 -0.647228 -0.621932 -0.95814 0.285031 0.0269165 -0.228137 0.204275 0.614736 0.761821 0.448767 
1532360169875 0.200432 0.735458 -0.647247 -0.622097 -0.958206 0.284812 0.0269015 -0.228054 0.204128 0.614804 0.761805 0.448596 
1532360170171 0.200689 0.735641 -0.646959 -0.622272 -0.958195 0.284869 0.0266826 -0.228125 0.203927 0.614558 0.762058 0.448613 
1532360170345 0.200723 0.735707 -0.646874 -0.622408 -0.958184 0.284903 0.0267055 -0.228137 0.203944 0.614464 0.762129 0.44863 
1532360170516 0.200638 0.735863 -0.646722 -0.622606 -0.958221 0.284776 0.0267507 -0.228074 0.203856 0.614335 0.762256 0.448621 
1532360170693 0.200561 0.736028 -0.646559 -0.62279 -0.958261 0.284639 0.0267753 -0.228016 0.203743 0.614202 0.762394 0.448597 
1532360170867 0.200558 0.736093 -0.646485 -0.622967 -0.95829 0.284548 0.0266996 -0.228025 0.203609 0.614166 0.762459 0.44848 
1532360171060 0.200675 0.736295 -0.646219 -0.623108 -0.958263 0.284634 0.0267336 -0.228061 0.20362 0.613883 0.762684 0.448565 
1532360177989 0.200615 0.73629 -0.646243 -0.623154 -0.958277 0.284585 0.0267583 -0.228024 0.203613 0.613912 0.762662 0.448568 
1532360178272 0.200631 0.736063 -0.646497 -0.622144 -0.958278 0.284595 0.0266353 -0.22804 0.203595 0.61418 0.762451 0.448682 
1532360178549 0.200704 0.735831 -0.646739 -0.621213 -0.958244 0.284717 0.0265637 -0.228079 0.203684 0.614402 0.762249 0.44884 
1532360178904 0.200594 0.735073 -0.647633 -0.619337 -0.958236 0.284758 0.0264065 -0.228084 0.20383 0.615288 0.761494 0.448901 
1532360179167 0.200542 0.734723 -0.648046 -0.618393 -0.958239 0.284756 0.0263089 -0.228075 0.203865 0.615707 0.761146 0.44893 
1532360179536 0.200467 0.734225 -0.648635 -0.616508 -0.958214 0.284842 0.0262829 -0.228019 0.204056 0.616262 0.760646 0.449194 
1532360179882 0.200297 0.733564 -0.649434 -0.614701 -0.958237 0.284779 0.026133 -0.227993 0.204115 0.617077 0.759969 0.449275 
1532360179896 0.200318 0.733548 -0.649445 -0.614674 -0.958231 0.284799 0.0261185 -0.228008 0.204121 0.617087 0.75996 0.449274 
1532360180128 0.200237 0.733766 -0.649224 -0.614565 -0.958203 0.284866 0.0264263 -0.228057 0.204332 0.616797 0.760138 0.449313 
1532360180335 0.20014 0.73403 -0.648956 -0.614444 -0.958188 0.284887 0.0267257 -0.228061 0.204497 0.616473 0.760357 0.449482 
1532360180546 0.20007 0.73428 -0.648694 -0.614295 -0.958215 0.284789 0.0268295 -0.228038 0.204441 0.616221 0.760576 0.449593 
1532360180738 0.199843 0.734519 -0.648495 -0.614184 -0.958229 0.284708 0.0271828 -0.228043 0.204598 0.615974 0.760734 0.44959 
1532360180940 0.199914 0.734722 -0.648242 -0.614049 -0.958205 0.284781 0.0272692 -0.228087 0.204642 0.615697 0.760946 0.449739 
1532360181125 0.199579 0.734952 -0.648085 -0.613936 -0.958246 0.284605 0.0276585 -0.228063 0.204776 0.615504 0.761066 0.44983 
1532360181352 0.199579 0.735364 -0.647617 -0.613619 -0.958226 0.284645 0.0279121 -0.228181 0.204867 0.614993 0.761455 0.449932 
1532360181610 0.199398 0.735652 -0.647346 -0.613513 -0.958202 0.284683 0.0283678 -0.228143 0.205157 0.614631 0.761668 0.45014 
1532360181624 0.199386 0.735643 -0.64736 -0.613512 -0.958206 0.284671 0.0283657 -0.228142 0.205151 0.614648 0.761656 0.450127 
1532360181796 0.199359 0.735276 -0.647785 -0.613557 -0.958209 0.284674 0.0282287 -0.228163 0.205163 0.615086 0.7613 0.450063 
1532360182022 0.199428 0.734675 -0.648445 -0.613717 -0.958204 0.284723 0.0278913 -0.228175 0.205118 0.61578 0.76075 0.450044 
1532360182178 0.1995 0.73445 -0.648678 -0.613778 -0.958209 0.284726 0.0276778 -0.228175 0.205024 0.616048 0.760559 0.450037 
1532360182337 0.199481 0.734163 -0.649008 -0.613862 -0.958223 0.284695 0.027526 -0.228143 0.204978 0.616403 0.760284 0.450019 
1532360182606 0.199535 0.733865 -0.649329 -0.613972 -0.958231 0.284688 0.0272935 -0.22812 0.204886 0.616762 0.760017 0.450025 
1532360182815 0.199518 0.733589 -0.649646 -0.614039 -0.958212 0.284757 0.0272678 -0.228145 0.204995 0.617058 0.759748 0.450027 
1532360182985 0.199628 0.733298 -0.649941 -0.614078 -0.958208 0.284795 0.0270089 -0.228179 0.204906 0.617387 0.759505 0.450006 
1532360183210 0.199737 0.732865 -0.650395 -0.614139 -0.958206 0.284833 0.0266845 -0.228213 0.20481 0.617882 0.759128 0.44997 
1532360183223 0.199737 0.732862 -0.650399 -0.61414 -0.958205 0.284834 0.0266837 -0.228213 0.204811 0.617886 0.759124 0.44997 
1532360183539 0.199762 0.732777 -0.650487 -0.614257 -0.95818 0.284918 0.0267078 -0.228216 0.204906 0.617948 0.759048 0.450045 
1532360183761 0.199761 0.732439 -0.650868 -0.614453 -0.958171 0.284958 0.0265948 -0.228248 0.204949 0.61833 0.758725 0.449983 
1532360183938 0.199581 0.732325 -0.651051 -0.614543 -0.958202 0.284847 0.0266658 -0.228161 0.204978 0.618517 0.758565 0.449944 
1532360184121 0.199506 0.732134 -0.651289 -0.61466 -0.958203 0.284842 0.0266788 -0.228145 0.205047 0.618745 0.758361 0.449912 
1532360184374 0.199598 0.732092 -0.651307 -0.614779 -0.958156 0.284997 0.0267122 -0.2282 0.205176 0.618723 0.758344 0.449952 
1532360184561 0.199491 0.731862 -0.651599 -0.614846 -0.958168 0.284958 0.0267098 -0.228187 0.205226 0.619013 0.758093 0.449909 
1532360184709 0.199422 0.731823 -0.651664 -0.614959 -0.958174 0.284934 0.0267624 -0.228164 0.205266 0.61907 0.758035 0.449916 
1532360184958 0.199155 0.731506 -0.652101 -0.615115 -0.95823 0.284745 0.0267687 -0.22808 0.205264 0.619532 0.757659 0.449771 
1532360184972 0.19916 0.731511 -0.652094 -0.615116 -0.958228 0.284749 0.02677 -0.228082 0.205266 0.619524 0.757665 0.449774 
1532360185150 0.199213 0.731577 -0.652005 -0.615179 -0.958217 0.284788 0.0267709 -0.228106 0.205268 0.619429 0.757742 0.449791 
1532360185304 0.199152 0.731621 -0.651974 -0.615286 -0.958241 0.284704 0.0267797 -0.228075 0.205212 0.619415 0.757768 0.449728 
1532360185467 0.199117 0.731622 -0.651983 -0.615402 -0.958263 0.284634 0.0267454 -0.228066 0.205144 0.619445 0.757762 0.44964 
1532360185621 0.199221 0.731695 -0.651869 -0.615481 -0.958227 0.284754 0.0267761 -0.228106 0.205214 0.619304 0.757859 0.449729 
1532360185792 0.199241 0.731686 -0.651873 -0.615579 -0.958235 0.284732 0.0267141 -0.228131 0.205155 0.619325 0.757857 0.449667 
1532360185951 0.199223 0.731759 -0.651797 -0.615719 -0.958257 0.28466 0.0266889 -0.228115 0.20507 0.619272 0.757924 0.449634 
1532360186200 0.199155 0.731977 -0.651573 -0.615848 -0.95827 0.284603 0.0268266 -0.228021 0.205076 0.61904 0.758112 0.449725 
1532360186419 0.199256 0.731967 -0.651554 -0.615908 -0.958262 0.284642 0.0267192 -0.22808 0.205017 0.619035 0.758132 0.449665 
1532360186594 0.199351 0.732002 -0.651485 -0.615974 -0.958244 0.284705 0.0266749 -0.228121 0.205007 0.618964 0.758193 0.449663 
1532360186607 0.199346 0.732005 -0.651483 -0.615981 -0.958245 0.2847 0.0266777 -0.228118 0.205006 0.618962 0.758194 0.449661 
1532360186741 0.199265 0.732068 -0.651436 -0.616064 -0.958265 0.284628 0.0267381 -0.228064 0.204991 0.61892 0.758232 0.449646 
1532360186902 0.199372 0.732135 -0.651329 -0.616144 -0.958245 0.2847 0.0267018 -0.228113 0.204982 0.618809 0.758326 0.449633 
1532360187083 0.199569 0.732209 -0.651185 -0.616248 -0.958201 0.284853 0.0266367 -0.228192 0.204996 0.61865 0.758452 0.44961 
1532360187251 0.199515 0.732212 -0.651199 -0.616321 -0.958217 0.284798 0.0266498 -0.228142 0.204974 0.618673 0.758439 0.449534 
1532360187402 0.199602 0.732286 -0.651088 -0.616421 -0.958199 0.284859 0.0266319 -0.228167 0.204971 0.618557 0.758535 0.449506 
1532360187565 0.199596 0.732344 -0.651025 -0.616508 -0.958205 0.28484 0.0266467 -0.228143 0.204953 0.618497 0.758588 0.449462 
1532360187744 0.199651 0.732449 -0.650891 -0.616606 -0.958193 0.284878 0.0266637 -0.228148 0.204955 0.618355 0.758703 0.449457 
1532360187976 0.199725 0.73255 -0.650753 -0.61674 -0.958169 0.284954 0.0266967 -0.228125 0.204992 0.6182 0.75882 0.449423 
1532360188191 0.199693 0.732739 -0.650551 -0.616829 -0.958161 0.284967 0.0268523 -0.22805 0.205061 0.617971 0.758988 0.449509 
1532360188205 0.199704 0.732744 -0.650541 -0.616833 -0.958159 0.284976 0.0268489 -0.228055 0.205062 0.61796 0.758996 0.449511 
1532360188492 0.199839 0.732817 -0.650418 -0.616897 -0.958123 0.285097 0.0268347 -0.228118 0.205097 0.617818 0.759103 0.449561 
1532360188777 0.19976 0.73262 -0.650664 -0.617045 -0.958183 0.284915 0.0266312 -0.228048 0.204894 0.618135 0.758899 0.449411 
1532360188900 0.199779 0.732699 -0.65057 -0.617072 -0.958174 0.28494 0.0266722 -0.228042 0.204916 0.618031 0.758978 0.449453 
1532360189111 0.199849 0.732581 -0.650681 -0.617164 -0.958172 0.284961 0.0265384 -0.22811 0.20486 0.61816 0.758887 0.44934 
1532360189384 0.199659 0.732749 -0.65055 -0.617296 -0.958213 0.284806 0.0267091 -0.227953 0.204852 0.618033 0.758993 0.449452 
1532360189530 0.199738 0.732771 -0.650501 -0.617376 -0.958222 0.284789 0.0265826 -0.227955 0.204734 0.618015 0.75904 0.449437 
1532360189716 0.19978 0.732692 -0.650577 -0.61747 -0.958252 0.284705 0.0263786 -0.227959 0.20455 0.618147 0.758982 0.449308 
1532360189876 0.199815 0.732662 -0.6506 -0.617561 -0.95823 0.284778 0.0264024 -0.227954 0.20462 0.618149 0.758961 0.449364 
1532360190045 0.199788 0.732676 -0.650592 -0.617652 -0.958247 0.284723 0.0263815 -0.227928 0.204568 0.618157 0.758969 0.44933 
1532360190059 0.199785 0.732677 -0.650593 -0.617659 -0.958249 0.284715 0.0263755 -0.227926 0.204558 0.618161 0.758969 0.449322 
1532360190400 0.199738 0.73286 -0.650401 -0.617832 -0.958285 0.284593 0.0263847 -0.227872 0.204436 0.618 0.759133 0.4493 
1532360190589 0.199949 0.732852 -0.650345 -0.617927 -0.958243 0.284747 0.0262588 -0.227958 0.204427 0.617938 0.759185 0.449371 
1532360190830 0.200146 0.732942 -0.650182 -0.618214 -0.958194 0.284916 0.0262206 -0.227993 0.204466 0.617753 0.759325 0.449345 
1532360191000 0.200094 0.733009 -0.650123 -0.618337 -0.958214 0.284845 0.0262426 -0.227936 0.20442 0.617707 0.759375 0.449287 
1532360191175 0.199958 0.733056 -0.650112 -0.618511 -0.958265 0.284673 0.0262544 -0.227859 0.204315 0.61773 0.759384 0.449172 
1532360191370 0.200223 0.733225 -0.64984 -0.618636 -0.958195 0.284911 0.0262385 -0.227969 0.204385 0.61742 0.759618 0.449302 
1532360191536 0.200217 0.733206 -0.649863 -0.618761 -0.958199 0.284897 0.0262217 -0.227919 0.20437 0.617448 0.759599 0.449204 
1532360191693 0.200206 0.733294 -0.649767 -0.618898 -0.958217 0.284839 0.0262094 -0.227904 0.204298 0.617371 0.759681 0.449184 
1532360191706 0.200213 0.733294 -0.649765 -0.618905 -0.958217 0.28484 0.0262002 -0.227908 0.204292 0.617371 0.759683 0.44918 
1532360191887 0.200273 0.733361 -0.649671 -0.619026 -0.958226 0.284817 0.0261165 -0.227938 0.20419 0.617302 0.759767 0.44915 
1532360192080 0.200164 0.733482 -0.649568 -0.619219 -0.958241 0.284755 0.0262592 -0.227843 0.204228 0.617186 0.75985 0.449236 
1532360192257 0.200254 0.733417 -0.649613 -0.619318 -0.958241 0.284769 0.0261122 -0.227914 0.204141 0.617257 0.759816 0.44916 
1532360192441 0.200312 0.733432 -0.649578 -0.619474 -0.958269 0.28469 0.0259377 -0.22792 0.203952 0.617275 0.759852 0.449079 
1532360192627 0.200402 0.733547 -0.649421 -0.619653 -0.958235 0.284797 0.0259912 -0.22795 0.204019 0.61709 0.759985 0.449209 
1532360192807 0.200331 0.733629 -0.649351 -0.61977 -0.958278 0.284655 0.0259624 -0.227944 0.203888 0.617058 0.760046 0.449165 
1532360192988 0.200255 0.733487 -0.649534 -0.619933 -0.958317 0.284535 0.0258571 -0.227945 0.203781 0.617281 0.759893 0.449039 
1532360193183 0.200331 0.733688 -0.649284 -0.620069 -0.958319 0.284531 0.0258378 -0.227924 0.203698 0.617045 0.760107 0.449117 
1532360193361 0.200378 0.733584 -0.649386 -0.62024 -0.95832 0.284538 0.025726 -0.227976 0.203647 0.617165 0.760023 0.449043 
1532360193375 0.200385 0.733605 -0.649361 -0.620253 -0.95832 0.284537 0.0257241 -0.227978 0.203638 0.617141 0.760045 0.449042 
1532360193572 0.200493 0.733783 -0.649127 -0.620382 -0.958304 0.28459 0.0257167 -0.228012 0.203605 0.616905 0.760246 0.449135 
1532360193768 0.200421 0.733811 -0.649117 -0.620546 -0.958364 0.284398 0.0256016 -0.22793 0.203395 0.61696 0.760257 0.449091 
1532360193936 0.200375 0.73377 -0.649177 -0.62071 -0.958399 0.284288 0.0255133 -0.227888 0.203274 0.617059 0.760209 0.449007 
1532360194085 0.200551 0.733815 -0.649072 -0.620824 -0.958369 0.284398 0.0254108 -0.227983 0.203242 0.616955 0.760302 0.449023 
1532360194238 0.200637 0.733938 -0.648907 -0.620987 -0.958376 0.284383 0.0253255 -0.228009 0.203125 0.616816 0.760446 0.449038 
1532360194444 0.200624 0.73402 -0.648818 -0.621155 -0.958413 0.284265 0.0252388 -0.227999 0.202962 0.616773 0.760525 0.449039 
1532360194619 0.200566 0.733989 -0.648871 -0.621294 -0.958455 0.284132 0.0251462 -0.227971 0.202822 0.61687 0.760483 0.448958 
1532360194765 0.200567 0.734039 -0.648814 -0.621458 -0.958489 0.284027 0.025039 -0.227956 0.202661 0.616859 0.760535 0.448896 
1532360194960 0.200691 0.734176 -0.648621 -0.621617 -0.958467 0.284104 0.0250167 -0.227987 0.202643 0.616661 0.7607 0.449005 
1532360194974 0.200675 0.73416 -0.648644 -0.621621 -0.958472 0.284087 0.0250125 -0.227981 0.202635 0.616688 0.760681 0.448993 
1532360195164 0.200809 0.734234 -0.648519 -0.621771 -0.958449 0.28417 0.0249527 -0.228033 0.202611 0.616562 0.76079 0.449018 
1532360195408 0.200735 0.734271 -0.648499 -0.622005 -0.958473 0.284089 0.0249787 -0.227991 0.202572 0.616555 0.760805 0.448932 
