1535385905795 0.217398 0.919604 -0.327209 -0.485672 -0.941584 0.285916 0.177966 -0.177178 0.257212 0.269406 0.928042 0.46413 
1535385914845 0.217399 0.919604 -0.327209 -0.485672 -0.941584 0.285918 0.177965 -0.177179 0.257212 0.269405 0.928042 0.464131 
1535385915777 0.220972 0.920144 -0.323274 -0.499761 -0.941274 0.287977 0.176274 -0.183832 0.255293 0.265337 0.929743 0.455476 
1535385916694 0.223713 0.920902 -0.319204 -0.514242 -0.941149 0.289243 0.174863 -0.190273 0.253359 0.2613 0.931414 0.446423 
1535385917634 0.226458 0.921583 -0.315279 -0.528743 -0.940972 0.290599 0.173563 -0.196739 0.251573 0.257364 0.932993 0.43731 
1535385918578 0.22949 0.922248 -0.311117 -0.543169 -0.940729 0.292185 0.172214 -0.203297 0.249728 0.253155 0.934638 0.428315 
1535385919545 0.232021 0.923031 -0.306888 -0.55765 -0.940685 0.293212 0.170699 -0.209668 0.247544 0.249079 0.936313 0.419265 
1535385920557 0.234744 0.923661 -0.302896 -0.572104 -0.940456 0.294612 0.169545 -0.216118 0.245839 0.245061 0.937821 0.410182 
1535385921526 0.237326 0.924305 -0.298891 -0.586604 -0.940325 0.295819 0.168165 -0.222507 0.243853 0.241145 0.939353 0.401021 
1535385922501 0.240276 0.924871 -0.294756 -0.601036 -0.94005 0.297409 0.166896 -0.229056 0.24202 0.236984 0.940885 0.392043 
1535385923533 0.242978 0.925463 -0.290654 -0.615523 -0.939796 0.298815 0.165808 -0.235456 0.240301 0.232868 0.942352 0.382947 
1535385923570 0.242602 0.925654 -0.290361 -0.615673 -0.9399 0.298399 0.165972 -0.23537 0.240276 0.232645 0.942414 0.382805 
1535385923919 0.243593 0.925398 -0.290347 -0.616722 -0.9397 0.299286 0.165503 -0.236173 0.240053 0.232523 0.942501 0.382111 
1535385924310 0.243587 0.92549 -0.290059 -0.61825 -0.939707 0.299223 0.165581 -0.236696 0.240036 0.232237 0.942576 0.381229 
1535385924643 0.243929 0.925559 -0.28955 -0.61973 -0.93965 0.299427 0.165533 -0.237353 0.23991 0.231698 0.94274 0.38032 
1535385925005 0.244271 0.925605 -0.289116 -0.621131 -0.939656 0.299585 0.165216 -0.238122 0.239539 0.231312 0.942929 0.379445 
1535385925394 0.244468 0.925689 -0.288677 -0.622617 -0.939645 0.299656 0.16515 -0.238763 0.239381 0.23088 0.943075 0.378462 
1535385925764 0.244534 0.925827 -0.28818 -0.624131 -0.939696 0.299564 0.165024 -0.23924 0.239111 0.230447 0.94325 0.377468 
1535385926116 0.244784 0.925919 -0.287672 -0.625567 -0.9397 0.299645 0.164855 -0.239959 0.238842 0.229972 0.943434 0.376588 
1535385926498 0.244933 0.926066 -0.28707 -0.627047 -0.939696 0.299646 0.164872 -0.240511 0.238702 0.229376 0.943614 0.375683 
1535385926856 0.245421 0.926048 -0.286713 -0.628472 -0.939598 0.300022 0.164753 -0.241307 0.238589 0.228961 0.943744 0.374771 
1535385926885 0.245328 0.926099 -0.286625 -0.628591 -0.939628 0.299911 0.164782 -0.241282 0.238567 0.228896 0.943765 0.374711 
1535385926914 0.245063 0.926216 -0.286474 -0.628681 -0.939704 0.299625 0.164869 -0.241148 0.23854 0.228797 0.943796 0.374683 
1535385927163 0.245194 0.925851 -0.287541 -0.628685 -0.939605 0.300002 0.164747 -0.241579 0.238794 0.22978 0.943493 0.374735 
1535385927434 0.244565 0.925828 -0.28815 -0.628954 -0.939666 0.299609 0.165112 -0.241589 0.239197 0.230385 0.943243 0.374693 
1535385927694 0.244279 0.925624 -0.289047 -0.629141 -0.939674 0.29956 0.165155 -0.241858 0.239459 0.231266 0.942961 0.374625 
1535385927952 0.243812 0.925527 -0.28975 -0.629386 -0.939701 0.299332 0.165416 -0.241995 0.239829 0.231948 0.9427 0.374622 
1535385928207 0.243271 0.925441 -0.290478 -0.629653 -0.939784 0.299001 0.165541 -0.242071 0.240052 0.232715 0.942454 0.374589 
1535385928478 0.243055 0.925291 -0.291138 -0.629831 -0.939724 0.299026 0.165837 -0.242338 0.240505 0.233282 0.942198 0.374613 
1535385928728 0.242478 0.925181 -0.291966 -0.630072 -0.939835 0.298662 0.165867 -0.24245 0.240657 0.23418 0.941936 0.374506 
1535385928978 0.242164 0.925121 -0.292418 -0.630274 -0.939867 0.298492 0.165991 -0.242649 0.240846 0.234637 0.941774 0.374581 
1535385929273 0.241508 0.924993 -0.293363 -0.630573 -0.939927 0.298142 0.166279 -0.242666 0.241271 0.235582 0.941429 0.374501 
1535385929293 0.241484 0.925002 -0.293354 -0.630577 -0.939928 0.298124 0.166308 -0.242651 0.241291 0.235571 0.941427 0.374512 
1535385929557 0.241388 0.925361 -0.292299 -0.630267 -0.940023 0.297773 0.166396 -0.242701 0.241015 0.234602 0.94174 0.374642 
1535385929708 0.240669 0.925535 -0.292343 -0.630289 -0.940245 0.297059 0.166418 -0.242802 0.240869 0.234823 0.941722 0.374673 
1535385929940 0.240081 0.925753 -0.292134 -0.630305 -0.940378 0.296479 0.166703 -0.242932 0.240937 0.234695 0.941737 0.374866 
1535385930113 0.239347 0.925953 -0.292104 -0.630304 -0.940577 0.295763 0.16685 -0.243028 0.240888 0.234811 0.94172 0.374923 
1535385930343 0.238601 0.926133 -0.292142 -0.63031 -0.94076 0.295065 0.167054 -0.243119 0.240916 0.234977 0.941672 0.374947 
1535385930505 0.237902 0.926323 -0.292109 -0.630329 -0.940939 0.294392 0.167233 -0.243217 0.240907 0.235072 0.94165 0.375016 
1535385930677 0.237259 0.926522 -0.292001 -0.630311 -0.941105 0.293756 0.167419 -0.243342 0.240894 0.235082 0.941651 0.375055 
1535385930845 0.236557 0.926694 -0.292024 -0.630332 -0.941264 0.29311 0.167659 -0.243449 0.240964 0.235211 0.941601 0.375098 
1535385930963 0.236055 0.926819 -0.292034 -0.630349 -0.941358 0.292664 0.167909 -0.243513 0.24109 0.235273 0.941553 0.375155 
1535385930996 0.235956 0.926844 -0.292036 -0.630354 -0.94137 0.292583 0.167982 -0.243531 0.241138 0.235278 0.94154 0.375175 
1535385931013 0.235956 0.92684 -0.292049 -0.630357 -0.941362 0.292593 0.168007 -0.243543 0.241167 0.235281 0.941531 0.375176 
1535385931261 0.236074 0.926989 -0.29148 -0.630278 -0.941469 0.292469 0.167625 -0.243672 0.240635 0.234848 0.941776 0.37504 
1535385931353 0.235776 0.927121 -0.291301 -0.630266 -0.941591 0.292106 0.167569 -0.243733 0.240448 0.234778 0.941841 0.375014 
1535385931483 0.235497 0.927293 -0.290978 -0.630248 -0.94174 0.291706 0.167434 -0.243855 0.240141 0.234596 0.941965 0.375016 
1535385931642 0.235306 0.927397 -0.290803 -0.630244 -0.941835 0.291445 0.167351 -0.243947 0.239954 0.23451 0.942033 0.375014 
1535385931764 0.234979 0.927558 -0.290552 -0.630223 -0.941949 0.291057 0.167385 -0.243993 0.239826 0.234354 0.942105 0.375021 
1535385931867 0.234631 0.927705 -0.290364 -0.630211 -0.942073 0.290655 0.167387 -0.244044 0.239681 0.23427 0.942163 0.375018 
1535385931987 0.234325 0.927883 -0.290045 -0.630183 -0.942198 0.290258 0.167371 -0.244103 0.239488 0.23406 0.942264 0.375034 
1535385932004 0.234285 0.927903 -0.29001 -0.63018 -0.942214 0.290209 0.167369 -0.244109 0.239466 0.234039 0.942275 0.375036 
1535385932177 0.234771 0.927835 -0.289834 -0.630156 -0.942078 0.290654 0.167361 -0.244134 0.239525 0.233755 0.94233 0.375052 
1535385932194 0.235035 0.927783 -0.289789 -0.63014 -0.942002 0.290908 0.167347 -0.244108 0.239564 0.233649 0.942347 0.375073 
1535385932239 0.235164 0.927693 -0.289973 -0.630126 -0.941962 0.291071 0.16729 -0.24402 0.239596 0.233803 0.9423 0.375094 
1535385932349 0.235345 0.927598 -0.29013 -0.630082 -0.942023 0.291168 0.166775 -0.24401 0.239177 0.234059 0.942343 0.37498 
1535385932401 0.235846 0.927517 -0.28998 -0.630033 -0.941914 0.291602 0.166629 -0.24403 0.23911 0.233837 0.942415 0.374971 
1535385932519 0.236142 0.927502 -0.289789 -0.62995 -0.941902 0.29179 0.166371 -0.244059 0.238867 0.233666 0.942519 0.374988 
1535385932576 0.236492 0.92748 -0.289572 -0.629899 -0.941844 0.292055 0.166233 -0.243997 0.238749 0.233418 0.942611 0.374983 
1535385932711 0.236741 0.927501 -0.289302 -0.629826 -0.94186 0.292167 0.165945 -0.243929 0.238439 0.233196 0.942744 0.374997 
1535385932776 0.236899 0.927488 -0.289214 -0.629787 -0.941878 0.292245 0.165704 -0.243901 0.23821 0.233149 0.942814 0.374956 
1535385932799 0.236909 0.927492 -0.289195 -0.629777 -0.941893 0.292235 0.165642 -0.243894 0.238144 0.233148 0.94283 0.374942 
1535385933112 0.237498 0.927324 -0.289248 -0.629594 -0.941728 0.292822 0.165541 -0.243901 0.238208 0.233077 0.942832 0.375034 
1535385933278 0.23791 0.927365 -0.288778 -0.629384 -0.941615 0.293139 0.165621 -0.24364 0.238243 0.232515 0.942962 0.375195 
1535385933444 0.238696 0.927149 -0.288825 -0.629156 -0.941527 0.293789 0.164971 -0.243695 0.237806 0.232559 0.943061 0.375125 
1535385933570 0.239169 0.927108 -0.288564 -0.62899 -0.941428 0.294174 0.164851 -0.243491 0.237722 0.232235 0.943162 0.375226 
1535385933805 0.240723 0.926787 -0.288302 -0.628548 -0.941048 0.295592 0.164479 -0.243443 0.237656 0.231712 0.943307 0.375368 
1535385933962 0.241213 0.926718 -0.288116 -0.628332 -0.94101 0.295942 0.164069 -0.243331 0.237312 0.231544 0.943436 0.375432 
1535385934121 0.241705 0.926632 -0.287977 -0.628131 -0.940911 0.29636 0.16388 -0.243171 0.237201 0.231351 0.943511 0.375458 
1535385934168 0.24202 0.926562 -0.28794 -0.628065 -0.940834 0.296651 0.1638 -0.243144 0.237188 0.231261 0.943536 0.375464 
1535385934205 0.242189 0.926542 -0.287862 -0.627997 -0.940796 0.296793 0.163761 -0.243082 0.237167 0.231158 0.943567 0.375483 
1535385934412 0.241833 0.926605 -0.287957 -0.627654 -0.940875 0.296482 0.163869 -0.242931 0.237216 0.231302 0.943519 0.375637 
1535385934605 0.242072 0.926521 -0.288027 -0.627259 -0.940741 0.296793 0.164075 -0.24286 0.237504 0.231241 0.943461 0.37577 
1535385934807 0.24224 0.926466 -0.288062 -0.626892 -0.940636 0.29702 0.164266 -0.242727 0.237747 0.231169 0.943418 0.375943 
1535385935007 0.242556 0.926425 -0.287928 -0.626483 -0.940498 0.297352 0.164455 -0.242648 0.237971 0.230907 0.943426 0.376122 
1535385935202 0.242819 0.926342 -0.287974 -0.62609 -0.940359 0.29768 0.164657 -0.242598 0.238253 0.230817 0.943377 0.376291 
1535385935404 0.242922 0.926306 -0.288002 -0.625748 -0.940288 0.297826 0.164796 -0.242423 0.238426 0.230772 0.943344 0.376411 
1535385935599 0.243074 0.926271 -0.287989 -0.625357 -0.940222 0.297994 0.164867 -0.242317 0.238531 0.230699 0.943335 0.376538 
1535385935801 0.24311 0.926227 -0.288099 -0.625034 -0.940156 0.298103 0.165048 -0.242103 0.238755 0.230733 0.94327 0.376647 
1535385935848 0.243026 0.926283 -0.287991 -0.624874 -0.940169 0.298012 0.165137 -0.241986 0.238788 0.230628 0.943287 0.376717 
1535385936035 0.243224 0.926185 -0.288137 -0.624769 -0.94011 0.298235 0.165071 -0.242035 0.238819 0.230732 0.943254 0.376698 
1535385936261 0.243289 0.926077 -0.28843 -0.6243 -0.940047 0.298394 0.165144 -0.24192 0.239002 0.23096 0.943152 0.376903 
1535385936495 0.243204 0.926019 -0.288688 -0.623876 -0.939966 0.298458 0.16549 -0.241628 0.239408 0.231109 0.943013 0.377032 
1535385936716 0.243196 0.925918 -0.289017 -0.62343 -0.939873 0.298601 0.165758 -0.241418 0.239779 0.231328 0.942864 0.377195 
1535385936922 0.24334 0.925819 -0.289213 -0.622962 -0.93976 0.298847 0.165959 -0.241256 0.240078 0.231406 0.942769 0.377358 
1535385937128 0.243304 0.925749 -0.289467 -0.622518 -0.939687 0.298937 0.166205 -0.241038 0.240396 0.23157 0.942648 0.377529 
1535385937336 0.243453 0.925668 -0.289602 -0.622028 -0.939579 0.29917 0.166396 -0.240911 0.240667 0.231594 0.942573 0.377708 
1535385937541 0.243431 0.925616 -0.289787 -0.621597 -0.939524 0.299241 0.16658 -0.240672 0.240905 0.231711 0.942483 0.377875 
1535385937749 0.243647 0.925458 -0.29011 -0.621105 -0.939399 0.299572 0.166695 -0.240598 0.241178 0.231914 0.942364 0.378042 
1535385937783 0.243567 0.92549 -0.290074 -0.620967 -0.939411 0.299498 0.166759 -0.240533 0.24121 0.231881 0.942363 0.378098 
1535385937800 0.24357 0.925483 -0.290096 -0.620907 -0.939403 0.29951 0.166777 -0.240527 0.241236 0.231895 0.942353 0.378117 
1535385938039 0.243335 0.925525 -0.290159 -0.620592 -0.939419 0.299342 0.166991 -0.240154 0.241411 0.231946 0.942296 0.378227 
1535385938234 0.243918 0.925322 -0.290314 -0.620116 -0.939277 0.299917 0.166761 -0.240222 0.241378 0.232009 0.942289 0.378275 
1535385938428 0.243723 0.925326 -0.290465 -0.619791 -0.939291 0.299793 0.166904 -0.239892 0.24152 0.232153 0.942217 0.378397 
1535385938630 0.243803 0.925319 -0.290423 -0.619379 -0.939262 0.29987 0.166928 -0.239731 0.24155 0.232086 0.942226 0.378572 
1535385938843 0.244037 0.925196 -0.290617 -0.618976 -0.939167 0.300161 0.166941 -0.239628 0.241685 0.232198 0.942164 0.378652 
1535385939035 0.243946 0.925219 -0.290621 -0.618626 -0.939145 0.300119 0.167139 -0.239333 0.241861 0.232163 0.942127 0.378791 
1535385939239 0.244039 0.925165 -0.290714 -0.618206 -0.939158 0.300188 0.166942 -0.239243 0.241718 0.232286 0.942134 0.37887 
1535385939442 0.244075 0.925074 -0.290973 -0.617831 -0.939108 0.300309 0.167008 -0.23902 0.241876 0.232492 0.942042 0.378948 
1535385939477 0.243926 0.925147 -0.290866 -0.617701 -0.939153 0.300141 0.167057 -0.238896 0.241853 0.232418 0.942066 0.379003 
1535385939497 0.24396 0.925141 -0.290857 -0.617637 -0.939144 0.300172 0.16705 -0.238887 0.241852 0.232403 0.94207 0.379017 
1535385939804 0.244251 0.924992 -0.291086 -0.617404 -0.939028 0.300529 0.167059 -0.238846 0.242008 0.232534 0.941998 0.379036 
1535385939983 0.244274 0.924915 -0.291311 -0.617087 -0.938976 0.300636 0.16716 -0.238763 0.242187 0.232702 0.941911 0.379137 
1535385940161 0.24446 0.924875 -0.291282 -0.616731 -0.938888 0.300846 0.167275 -0.238671 0.242339 0.232589 0.941899 0.379249 
1535385940333 0.244551 0.924836 -0.291331 -0.616456 -0.938812 0.300991 0.167439 -0.238463 0.242541 0.232558 0.941855 0.379333 
1535385940508 0.24451 0.924794 -0.291498 -0.616116 -0.938813 0.300992 0.167434 -0.238356 0.24258 0.232723 0.941804 0.379399 
1535385940684 0.244678 0.924753 -0.291488 -0.615815 -0.938746 0.301173 0.167483 -0.238173 0.242668 0.232654 0.941798 0.379465 
1535385940866 0.244726 0.92469 -0.291647 -0.615475 -0.938698 0.301281 0.167557 -0.23808 0.242806 0.232763 0.941736 0.379531 
1535385941049 0.244779 0.92466 -0.291696 -0.615144 -0.938665 0.301359 0.167603 -0.237978 0.24288 0.232779 0.941713 0.379626 
1535385941080 0.244712 0.924693 -0.29165 -0.615049 -0.938676 0.301293 0.167662 -0.237913 0.242908 0.232736 0.941717 0.379667 
1535385941096 0.244708 0.924697 -0.291639 -0.614995 -0.938672 0.301292 0.167683 -0.2379 0.242924 0.23272 0.941716 0.379688 
1535385941395 0.244763 0.924526 -0.292134 -0.61483 -0.938619 0.301472 0.16766 -0.237853 0.243076 0.233165 0.941567 0.379681 
1535385941586 0.244728 0.924412 -0.292525 -0.614575 -0.938562 0.301572 0.167796 -0.237731 0.24333 0.233488 0.941421 0.379765 
1535385941781 0.245001 0.924265 -0.29276 -0.614257 -0.938444 0.30192 0.167832 -0.237744 0.243511 0.23362 0.941342 0.379874 
1535385941959 0.244993 0.924179 -0.293039 -0.614022 -0.938406 0.302001 0.167899 -0.237583 0.243667 0.233855 0.941243 0.37999 
1535385942153 0.244899 0.924141 -0.293238 -0.613759 -0.938386 0.30199 0.168028 -0.237454 0.243836 0.234021 0.941158 0.380106 
1535385942337 0.244944 0.924038 -0.293524 -0.61348 -0.938326 0.302132 0.168109 -0.237389 0.244023 0.234244 0.941054 0.380219 
1535385942520 0.244775 0.923993 -0.293806 -0.613252 -0.938319 0.302072 0.168257 -0.237207 0.244219 0.234499 0.94094 0.380325 
1535385942697 0.244754 0.9239 -0.294117 -0.612995 -0.938311 0.302121 0.168213 -0.237117 0.244271 0.234802 0.94085 0.380425 
1535385942731 0.244708 0.923903 -0.294144 -0.612903 -0.938312 0.302093 0.168256 -0.237058 0.244311 0.234826 0.940834 0.380456 
1535385942753 0.244716 0.92389 -0.294178 -0.612835 -0.938307 0.302109 0.168256 -0.237048 0.244323 0.234854 0.940824 0.38048 
1535385942900 0.244822 0.923835 -0.294263 -0.61282 -0.938252 0.302252 0.168307 -0.237022 0.244429 0.234888 0.940788 0.380468 
1535385943100 0.24496 0.923887 -0.293986 -0.612698 -0.938239 0.302311 0.168272 -0.237008 0.24434 0.234609 0.940881 0.380487 
1535385943141 0.244949 0.923878 -0.294024 -0.612558 -0.93819 0.302357 0.168463 -0.236868 0.24454 0.234585 0.940835 0.380551 
1535385943270 0.245251 0.923805 -0.294001 -0.612332 -0.938063 0.302686 0.168577 -0.236897 0.244722 0.234448 0.940822 0.380589 
1535385943316 0.245255 0.923852 -0.293849 -0.612189 -0.938041 0.302683 0.16871 -0.236725 0.244806 0.234266 0.940845 0.380653 
1535385943472 0.245354 0.923841 -0.293801 -0.612007 -0.938001 0.302781 0.168754 -0.23667 0.244859 0.234181 0.940853 0.380682 
1535385943519 0.245226 0.923946 -0.293579 -0.611859 -0.93803 0.302623 0.168874 -0.236491 0.244874 0.233974 0.9409 0.380756 
1535385943663 0.245742 0.923748 -0.293771 -0.611651 -0.93783 0.303212 0.168931 -0.236562 0.245125 0.233993 0.94083 0.380801 
1535385943700 0.245625 0.92382 -0.293642 -0.611561 -0.937851 0.303086 0.169041 -0.236408 0.245163 0.233872 0.94085 0.380854 
1535385943726 0.245604 0.923843 -0.293586 -0.611502 -0.937845 0.303066 0.169106 -0.236326 0.245204 0.233805 0.940856 0.380884 
1535385943744 0.245542 0.923864 -0.293572 -0.611469 -0.93786 0.303007 0.169133 -0.2363 0.24521 0.2338 0.940856 0.380898 
1535385943965 0.245685 0.923847 -0.293505 -0.611305 -0.937809 0.303143 0.169168 -0.236201 0.245259 0.23369 0.94087 0.380933 
1535385944020 0.245667 0.923801 -0.293666 -0.611118 -0.937877 0.303095 0.168878 -0.236137 0.245019 0.233935 0.940872 0.380976 
1535385944191 0.245796 0.923826 -0.293479 -0.61089 -0.937884 0.303145 0.168753 -0.236013 0.244865 0.23377 0.940953 0.381008 
1535385944243 0.245744 0.923869 -0.293386 -0.610717 -0.937882 0.303094 0.168855 -0.235842 0.244924 0.233667 0.940964 0.381081 
1535385944405 0.245897 0.923834 -0.293369 -0.61047 -0.937903 0.303178 0.168587 -0.23583 0.244689 0.233696 0.941017 0.381108 
1535385944459 0.245644 0.923929 -0.293282 -0.610311 -0.937991 0.3029 0.168596 -0.235619 0.244606 0.233681 0.941042 0.381164 
1535385944613 0.246206 0.923758 -0.293348 -0.610057 -0.937843 0.303448 0.168435 -0.235684 0.244609 0.233645 0.941051 0.381282 
1535385944647 0.24611 0.923819 -0.293237 -0.609949 -0.937865 0.303339 0.168506 -0.235546 0.244619 0.233545 0.941073 0.381345 
1535385944663 0.24605 0.923853 -0.29318 -0.609886 -0.937884 0.303268 0.168528 -0.235489 0.244607 0.233503 0.941087 0.381375 
1535385944845 0.246225 0.923764 -0.293314 -0.60985 -0.937841 0.303456 0.168427 -0.235548 0.244595 0.233611 0.941063 0.38137 
1535385945080 0.246176 0.92386 -0.293054 -0.609617 -0.937862 0.303355 0.168497 -0.235462 0.244567 0.233364 0.941131 0.38146 
1535385945250 0.246149 0.923899 -0.292951 -0.609378 -0.937853 0.303326 0.1686 -0.235354 0.244629 0.233244 0.941145 0.381544 
1535385945424 0.246258 0.923879 -0.292924 -0.609162 -0.937806 0.303442 0.16865 -0.235246 0.244698 0.233175 0.941144 0.381588 
1535385945587 0.246313 0.923862 -0.292933 -0.608911 -0.937794 0.303493 0.168624 -0.23521 0.244689 0.233176 0.941146 0.381609 
1535385945785 0.246307 0.923937 -0.2927 -0.608686 -0.937787 0.303454 0.168733 -0.235054 0.244719 0.23293 0.941199 0.381702 
1535385945947 0.246313 0.923981 -0.292556 -0.608465 -0.937777 0.303441 0.168812 -0.234931 0.244753 0.232772 0.94123 0.381801 
1535385946139 0.246359 0.924002 -0.292451 -0.608252 -0.937768 0.303463 0.168826 -0.2348 0.244744 0.232659 0.94126 0.381884 
1535385946253 0.246362 0.924007 -0.292432 -0.608112 -0.93777 0.303459 0.168818 -0.234805 0.244731 0.232644 0.941267 0.381919 
1535385946267 0.246323 0.924028 -0.292398 -0.60807 -0.93778 0.303417 0.16884 -0.234776 0.244731 0.232616 0.941274 0.381937 
1535385946289 0.246271 0.924062 -0.292335 -0.608012 -0.937796 0.303353 0.168866 -0.234735 0.244723 0.232564 0.941289 0.381961 
1535385946516 0.246383 0.924316 -0.291436 -0.60772 -0.937736 0.303325 0.169251 -0.234483 0.244841 0.23159 0.941498 0.382037 
1535385946691 0.246716 0.924302 -0.291201 -0.60741 -0.937664 0.303583 0.169182 -0.234515 0.244779 0.231309 0.941583 0.38209 
1535385946857 0.247023 0.924326 -0.290862 -0.607136 -0.93755 0.303845 0.169346 -0.234414 0.244909 0.230865 0.941659 0.38212 
1535385947044 0.247014 0.924474 -0.2904 -0.606872 -0.937537 0.303767 0.16956 -0.234234 0.244967 0.230377 0.941763 0.382152 
1535385947213 0.247313 0.924512 -0.290023 -0.606536 -0.937481 0.303961 0.169521 -0.234284 0.24488 0.229966 0.941886 0.382241 
1535385947375 0.24722 0.924709 -0.289474 -0.606301 -0.937485 0.303791 0.169803 -0.234019 0.244958 0.229399 0.942004 0.382293 
1535385947539 0.247495 0.924757 -0.289086 -0.606007 -0.93739 0.304003 0.169949 -0.233945 0.245044 0.228924 0.942097 0.382335 
1535385947650 0.247773 0.924722 -0.288959 -0.605864 -0.937315 0.304246 0.169928 -0.234026 0.245051 0.228742 0.94214 0.382343 
1535385947666 0.247733 0.924755 -0.28889 -0.605827 -0.937327 0.304194 0.169955 -0.233986 0.245045 0.228681 0.942156 0.382358 
1535385947876 0.247861 0.924778 -0.288704 -0.605553 -0.937298 0.304277 0.169966 -0.233751 0.245027 0.228474 0.942211 0.382404 
1535385948070 0.248096 0.924693 -0.288774 -0.605277 -0.93726 0.304492 0.16979 -0.233535 0.244934 0.228532 0.942221 0.382418 
1535385948259 0.248547 0.924621 -0.288618 -0.604927 -0.937133 0.3049 0.169758 -0.233451 0.244962 0.228281 0.942275 0.382504 
1535385948447 0.248891 0.92458 -0.288453 -0.604577 -0.937066 0.305175 0.169634 -0.233305 0.244869 0.228079 0.942348 0.382502 
1535385948643 0.249327 0.92455 -0.288173 -0.604209 -0.936953 0.305537 0.169605 -0.233235 0.244855 0.227718 0.942438 0.382627 
1535385948826 0.249482 0.924562 -0.287999 -0.603923 -0.936879 0.305683 0.16975 -0.232959 0.244981 0.227471 0.942465 0.382735 
1535385949030 0.249817 0.924505 -0.287891 -0.603581 -0.936836 0.30594 0.169526 -0.232817 0.244805 0.227356 0.942539 0.382694 
1535385949226 0.250183 0.924478 -0.28766 -0.603215 -0.936735 0.30625 0.169524 -0.232734 0.244817 0.227049 0.94261 0.382802 
1535385949259 0.250229 0.924504 -0.287537 -0.603111 -0.936719 0.306274 0.169568 -0.232657 0.244831 0.226911 0.94264 0.382845 
1535385949281 0.250269 0.924519 -0.287453 -0.603044 -0.936708 0.306297 0.169587 -0.2326 0.244833 0.226817 0.942662 0.382875 
1535385949493 0.250233 0.924562 -0.287349 -0.602881 -0.936733 0.306229 0.169573 -0.232469 0.244776 0.226736 0.942696 0.382922 
1535385949690 0.250548 0.924471 -0.287366 -0.602537 -0.93665 0.306532 0.169483 -0.232415 0.244769 0.226697 0.942707 0.382924 
1535385949876 0.250835 0.924452 -0.287176 -0.602229 -0.936579 0.306766 0.169453 -0.232263 0.244747 0.226458 0.94277 0.382959 
1535385950052 0.251138 0.924432 -0.286977 -0.601869 -0.936494 0.307021 0.169461 -0.23225 0.244763 0.226194 0.942829 0.383052 
1535385950237 0.251173 0.924506 -0.286706 -0.601572 -0.936476 0.307013 0.169573 -0.232037 0.244794 0.225901 0.942892 0.383159 
1535385950418 0.251288 0.924549 -0.286468 -0.601279 -0.936452 0.307073 0.169601 -0.231847 0.244771 0.225645 0.942959 0.383222 
1535385950600 0.251596 0.924542 -0.286219 -0.600959 -0.936374 0.307317 0.16959 -0.231679 0.244753 0.22534 0.943037 0.383277 
1535385950782 0.251789 0.924524 -0.286107 -0.600624 -0.936316 0.307486 0.169602 -0.231625 0.244776 0.225183 0.943068 0.383353 
1535385950832 0.251617 0.924629 -0.285919 -0.600503 -0.936363 0.307287 0.169704 -0.23143 0.244773 0.225024 0.943107 0.383413 
1535385950848 0.251599 0.924643 -0.285891 -0.600472 -0.936366 0.307266 0.169723 -0.231396 0.244778 0.224997 0.943112 0.383425 
1535385951009 0.251976 0.924612 -0.28566 -0.600341 -0.936302 0.307549 0.169567 -0.231495 0.244638 0.224737 0.94321 0.383404 
1535385951070 0.252196 0.924857 -0.284668 -0.600152 -0.936375 0.307456 0.169332 -0.231392 0.244131 0.223851 0.943552 0.383356 
1535385951218 0.252508 0.925029 -0.283833 -0.599915 -0.936383 0.307517 0.169174 -0.231208 0.243774 0.223058 0.943832 0.383428 
1535385951294 0.252688 0.925237 -0.282994 -0.59965 -0.93646 0.30742 0.168922 -0.231071 0.243291 0.222328 0.944129 0.383462 
1535385951437 0.252983 0.925387 -0.282237 -0.599341 -0.936498 0.307457 0.168649 -0.231017 0.242841 0.221649 0.944405 0.383428 
1535385951489 0.253147 0.925592 -0.281416 -0.599125 -0.93651 0.307413 0.168662 -0.230768 0.242624 0.220853 0.944647 0.383465 
1535385951636 0.25335 0.925731 -0.280778 -0.598868 -0.936566 0.307389 0.168392 -0.230669 0.242194 0.220305 0.944885 0.383392 
1535385951685 0.253399 0.925925 -0.280092 -0.598612 -0.936619 0.307251 0.168348 -0.230519 0.241937 0.21968 0.945096 0.383464 
1535385951706 0.253461 0.925949 -0.279958 -0.598559 -0.936623 0.307268 0.1683 -0.230521 0.241859 0.219558 0.945145 0.383466 
1535385951722 0.253572 0.925942 -0.27988 -0.598526 -0.936611 0.307343 0.168226 -0.230557 0.241786 0.219481 0.945181 0.383454 
1535385952029 0.253721 0.926184 -0.278944 -0.598402 -0.936696 0.307201 0.16801 -0.230454 0.2413 0.218658 0.945496 0.383399 
1535385952166 0.254027 0.92645 -0.277777 -0.598199 -0.93666 0.30724 0.168143 -0.230226 0.24112 0.21747 0.945816 0.383366 
1535385952316 0.254198 0.926739 -0.276656 -0.597986 -0.936762 0.307066 0.167888 -0.23006 0.24054 0.216484 0.94619 0.383246 
1535385952423 0.254368 0.927039 -0.275492 -0.597787 -0.936842 0.306906 0.16774 -0.229928 0.240051 0.215425 0.946556 0.383251 
1535385952546 0.254688 0.927254 -0.274472 -0.597616 -0.936897 0.3069 0.167442 -0.229885 0.239496 0.214507 0.946905 0.383188 
1535385952675 0.254849 0.927561 -0.273281 -0.597381 -0.936974 0.306732 0.16732 -0.229722 0.239023 0.213416 0.947271 0.383119 
1535385952805 0.255278 0.927757 -0.272213 -0.597191 -0.936984 0.306837 0.167071 -0.229621 0.238527 0.212409 0.947622 0.383054 
1535385952929 0.25557 0.928037 -0.270984 -0.596952 -0.936999 0.306811 0.167034 -0.229462 0.238155 0.211223 0.947981 0.383024 
1535385952963 0.255589 0.928085 -0.270802 -0.596911 -0.937013 0.306779 0.167012 -0.229428 0.238078 0.211058 0.948037 0.383018 
1535385953188 0.255495 0.92782 -0.271795 -0.596833 -0.93684 0.307045 0.167495 -0.229503 0.238859 0.211835 0.947667 0.383057 
1535385953404 0.254488 0.927584 -0.27354 -0.59664 -0.936713 0.306752 0.168736 -0.229453 0.240425 0.213287 0.946945 0.383261 
1535385953637 0.253865 0.927255 -0.27523 -0.596436 -0.936447 0.30685 0.170031 -0.229425 0.242117 0.214574 0.946223 0.383415 
1535385953877 0.253222 0.926964 -0.276796 -0.596185 -0.936226 0.306874 0.171201 -0.229516 0.243638 0.215792 0.945555 0.383661 
1535385954106 0.252425 0.92672 -0.278337 -0.59596 -0.935981 0.306805 0.172658 -0.22942 0.245401 0.216935 0.944837 0.383925 
1535385954322 0.252226 0.92625 -0.280078 -0.595648 -0.935617 0.307309 0.173728 -0.229706 0.246986 0.218227 0.944127 0.384104 
1535385954524 0.251409 0.92597 -0.281734 -0.595496 -0.935375 0.307249 0.175135 -0.229588 0.248732 0.219496 0.943374 0.384303 
1535385954739 0.250662 0.925669 -0.283381 -0.595288 -0.935174 0.307203 0.176285 -0.229541 0.250237 0.220823 0.942666 0.384473 
1535385954968 0.250077 0.925338 -0.284974 -0.594992 -0.934897 0.307332 0.177523 -0.229634 0.251851 0.222027 0.941953 0.384715 
1535385954997 0.249939 0.925268 -0.285324 -0.594934 -0.934849 0.307342 0.177759 -0.229639 0.252167 0.222306 0.941802 0.384741 
1535385955021 0.249877 0.925201 -0.285595 -0.594872 -0.9348 0.307393 0.177928 -0.229677 0.252409 0.222515 0.941688 0.384763 
1535385955231 0.249862 0.925319 -0.285227 -0.595002 -0.934903 0.307221 0.177686 -0.229598 0.252044 0.222263 0.941846 0.384718 
1535385955445 0.250071 0.92516 -0.285557 -0.594912 -0.934765 0.307556 0.177832 -0.22975 0.252348 0.222458 0.941718 0.384753 
1535385955658 0.249803 0.925246 -0.285513 -0.594898 -0.934791 0.307332 0.178079 -0.229617 0.252514 0.222411 0.941685 0.384807 
1535385955870 0.249934 0.925102 -0.285864 -0.594829 -0.93469 0.307583 0.178177 -0.229759 0.252759 0.222662 0.94156 0.384821 
1535385956087 0.24946 0.92512 -0.286222 -0.594834 -0.934752 0.307257 0.178416 -0.229578 0.253 0.223039 0.941406 0.384808 
1535385956307 0.249527 0.925008 -0.286525 -0.594806 -0.934662 0.307443 0.178567 -0.229666 0.253266 0.223246 0.941285 0.384777 
1535385956521 0.249449 0.924952 -0.286774 -0.594779 -0.934591 0.307498 0.178844 -0.229667 0.253605 0.223404 0.941156 0.384883 
1535385956737 0.249309 0.924956 -0.286882 -0.594698 -0.934587 0.307421 0.178994 -0.229687 0.253755 0.223491 0.941095 0.384944 
1535385956995 0.249208 0.924893 -0.287174 -0.594701 -0.934541 0.307446 0.179191 -0.229677 0.254023 0.22372 0.940969 0.384944 
1535385958018 0.244362 0.924851 -0.29144 -0.581289 -0.935834 0.303646 0.178924 -0.222955 0.253973 0.229017 0.939707 0.394526 
1535385959005 0.240345 0.924288 -0.296523 -0.56762 -0.936894 0.300791 0.178198 -0.21651 0.253898 0.234982 0.938253 0.404455 
1535385960009 0.236523 0.923676 -0.301462 -0.553957 -0.937854 0.298125 0.177626 -0.210061 0.253942 0.240714 0.936787 0.414411 
1535385960949 0.232238 0.923024 -0.306744 -0.540371 -0.938963 0.295042 0.176917 -0.203522 0.253801 0.246935 0.935205 0.424204 
1535385962205 0.224239 0.921687 -0.31656 -0.513039 -0.940939 0.289323 0.17586 -0.190589 0.253676 0.258429 0.932128 0.443992 
1535385963107 0.220188 0.92096 -0.321481 -0.499404 -0.941935 0.286399 0.17531 -0.184147 0.253525 0.264213 0.930546 0.453979 
1535385963983 0.216213 0.920181 -0.326373 -0.485716 -0.942966 0.283469 0.174528 -0.177719 0.253114 0.270024 0.928989 0.463927 
1535385964837 0.212093 0.919325 -0.331449 -0.472109 -0.943875 0.280588 0.174272 -0.171187 0.253213 0.275885 0.927238 0.473819 
1535385968196 0.212853 0.919108 -0.331563 -0.471724 -0.943708 0.281318 0.173997 -0.171354 0.253197 0.275863 0.927249 0.474249 
1535385968215 0.212853 0.919108 -0.331564 -0.471724 -0.943708 0.281319 0.173998 -0.171354 0.253197 0.275863 0.927249 0.474249 
1535385968785 0.212211 0.919287 -0.331477 -0.472127 -0.943907 0.280639 0.174012 -0.171196 0.252993 0.275957 0.927277 0.473782 
1535385969333 0.212411 0.919205 -0.331577 -0.472118 -0.943919 0.280785 0.173715 -0.171207 0.252781 0.276082 0.927297 0.47376 
1535385969847 0.21269 0.919209 -0.331387 -0.472091 -0.94386 0.281006 0.173677 -0.1712 0.252768 0.275844 0.927372 0.473844 
1535385970357 0.212603 0.919203 -0.331461 -0.472092 -0.943946 0.280866 0.173435 -0.171172 0.252518 0.276008 0.927391 0.473852 
1535385970886 0.212713 0.919151 -0.331533 -0.472117 -0.943995 0.280903 0.173111 -0.17115 0.252244 0.276142 0.927426 0.473794 
1535385971385 0.212924 0.919117 -0.331493 -0.472102 -0.943957 0.281082 0.173026 -0.171143 0.252208 0.276074 0.927456 0.473798 
1535385971908 0.212931 0.919115 -0.331492 -0.472096 -0.944027 0.281011 0.172759 -0.171112 0.251938 0.276152 0.927506 0.473821 
1535385972408 0.213113 0.919091 -0.331444 -0.472085 -0.944015 0.28114 0.172615 -0.171127 0.251831 0.276101 0.92755 0.473821 
1535385972935 0.213102 0.91908 -0.331481 -0.472128 -0.944074 0.281075 0.172397 -0.171054 0.251618 0.276205 0.927577 0.473849 
1535385972962 0.213103 0.91908 -0.33148 -0.472128 -0.944074 0.281076 0.172397 -0.171054 0.251618 0.276203 0.927578 0.473849 
1535385973205 0.213088 0.919129 -0.331353 -0.472074 -0.944038 0.281081 0.172584 -0.171115 0.251764 0.276034 0.927588 0.473849 
1535385973442 0.213064 0.919107 -0.331431 -0.472079 -0.944075 0.281039 0.172453 -0.171143 0.251648 0.276152 0.927585 0.473847 
1535385973675 0.213167 0.919082 -0.331433 -0.472079 -0.944046 0.281142 0.172443 -0.171144 0.251669 0.276129 0.927586 0.473844 
1535385973910 0.213176 0.919079 -0.331435 -0.472079 -0.944046 0.281149 0.172432 -0.171145 0.251661 0.276131 0.927587 0.473842 
1535385974163 0.21332 0.919045 -0.331438 -0.472079 -0.944006 0.281292 0.172415 -0.171147 0.251688 0.2761 0.927589 0.473838 
1535385974397 0.213344 0.919039 -0.33144 -0.472081 -0.944003 0.281313 0.1724 -0.171144 0.251681 0.2761 0.927591 0.473836 
1535385974627 0.21329 0.919034 -0.331487 -0.472092 -0.94404 0.281244 0.17231 -0.171141 0.251588 0.276185 0.927591 0.473833 
