1535147475641 0.228432 0.925244 -0.30289 -0.541787 -0.940062 0.290535 0.178532 -0.200397 0.253185 0.243953 0.936154 0.425684 
1535147481168 0.228431 0.925244 -0.302889 -0.541787 -0.940062 0.290534 0.178533 -0.200396 0.253187 0.243952 0.936154 0.425684 
1535147481906 0.231597 0.925174 -0.300692 -0.550841 -0.939615 0.292798 0.177183 -0.204812 0.251967 0.2415 0.937118 0.420831 
1535147482953 0.231597 0.925174 -0.300692 -0.550841 -0.939615 0.292798 0.177183 -0.204812 0.251967 0.2415 0.937118 0.420831 
1535147483720 0.235982 0.925827 -0.295222 -0.569579 -0.939282 0.295199 0.17495 -0.213216 0.249123 0.236012 0.939274 0.410401 
1535147484846 0.240563 0.926273 -0.290084 -0.588305 -0.938924 0.297835 0.172385 -0.221739 0.246073 0.230897 0.941347 0.399856 
1535147485910 0.245024 0.926721 -0.284871 -0.607015 -0.938546 0.300401 0.169975 -0.230243 0.243095 0.225717 0.943375 0.389284 
1535147486680 0.249795 0.92703 -0.279676 -0.625734 -0.938029 0.303326 0.167613 -0.238839 0.240215 0.220475 0.94535 0.378774 
1535147486704 0.249795 0.92703 -0.279676 -0.625734 -0.938029 0.303326 0.167613 -0.238839 0.240215 0.220475 0.94535 0.378774 
1535147487100 0.248969 0.926996 -0.280524 -0.625389 -0.938268 0.302672 0.167458 -0.2387 0.24014 0.221515 0.945127 0.379092 
1535147487583 0.247422 0.927002 -0.281869 -0.624902 -0.93872 0.301398 0.167226 -0.238364 0.239973 0.22322 0.944767 0.379356 
1535147488140 0.246336 0.926839 -0.283353 -0.62437 -0.938989 0.300642 0.167072 -0.238244 0.240037 0.22491 0.944351 0.379795 
1535147488172 0.246336 0.926839 -0.283353 -0.62437 -0.938989 0.300642 0.167072 -0.238244 0.240037 0.22491 0.944351 0.379795 
1535147488540 0.245852 0.926853 -0.283726 -0.62423 -0.939133 0.300231 0.167001 -0.238126 0.239969 0.225399 0.944251 0.379894 
1535147489151 0.245269 0.925998 -0.287003 -0.627622 -0.938706 0.300814 0.168353 -0.240151 0.242229 0.22812 0.94302 0.378397 
1535147489772 0.244374 0.925448 -0.289529 -0.629821 -0.938572 0.300767 0.169177 -0.241313 0.243646 0.230402 0.9421 0.377458 
1535147490296 0.24365 0.925469 -0.290074 -0.630502 -0.9387 0.300234 0.169415 -0.241491 0.243878 0.231014 0.94189 0.377168 
1535147490339 0.24365 0.925469 -0.290074 -0.630502 -0.9387 0.300234 0.169415 -0.241491 0.243878 0.231014 0.94189 0.377168 
1535147490646 0.243304 0.92546 -0.29039 -0.630745 -0.938726 0.300023 0.169646 -0.241553 0.244125 0.231321 0.94175 0.376996 
1535147491054 0.243091 0.925899 -0.289166 -0.631846 -0.938976 0.299412 0.169343 -0.242514 0.243374 0.230354 0.942182 0.376605 
1535147491454 0.242864 0.926075 -0.288794 -0.632209 -0.939052 0.29911 0.169452 -0.242754 0.243306 0.230038 0.942276 0.37642 
1535147491843 0.242604 0.926216 -0.288561 -0.632635 -0.939158 0.298784 0.169445 -0.242925 0.24316 0.229897 0.942349 0.376213 
1535147492251 0.241982 0.926653 -0.287678 -0.633777 -0.939442 0.297912 0.169401 -0.243729 0.242678 0.229265 0.942627 0.375755 
1535147492279 0.241982 0.926653 -0.287678 -0.633777 -0.939442 0.297912 0.169401 -0.243729 0.242678 0.229265 0.942627 0.375755 
1535147492682 0.242134 0.926931 -0.286652 -0.633969 -0.939494 0.297784 0.16934 -0.244007 0.242327 0.228305 0.94295 0.375586 
1535147493541 0.241433 0.928275 -0.28287 -0.63464 -0.940257 0.295878 0.168441 -0.24459 0.240055 0.225303 0.944252 0.375065 
1535147493570 0.241433 0.928275 -0.28287 -0.63464 -0.940257 0.295878 0.168441 -0.24459 0.240055 0.225303 0.944252 0.375065 
1535147494072 0.242759 0.928659 -0.280466 -0.63484 -0.940126 0.296512 0.168059 -0.244834 0.239231 0.222875 0.945037 0.374631 
1535147494926 0.243412 0.928994 -0.278784 -0.634993 -0.94017 0.296635 0.167598 -0.244902 0.238394 0.221309 0.945617 0.374314 
1535147495317 0.244207 0.928881 -0.278464 -0.634809 -0.940118 0.297193 0.166893 -0.244877 0.237782 0.221033 0.945835 0.374298 
1535147495691 0.245371 0.928845 -0.277563 -0.634515 -0.940066 0.297911 0.165904 -0.244564 0.236788 0.22022 0.946274 0.374316 
1535147495959 0.247403 0.928698 -0.276245 -0.634058 -0.939918 0.299265 0.164303 -0.244271 0.235258 0.218998 0.946939 0.374433 
1535147496133 0.248667 0.928598 -0.275446 -0.633699 -0.93986 0.300076 0.163148 -0.244089 0.234154 0.218311 0.947371 0.374423 
1535147496163 0.248667 0.928598 -0.275446 -0.633699 -0.93986 0.300076 0.163148 -0.244089 0.234154 0.218311 0.947371 0.374423 
1535147496684 0.248692 0.928362 -0.276219 -0.632879 -0.939527 0.30054 0.164207 -0.243796 0.235458 0.218679 0.946963 0.374789 
1535147497306 0.24885 0.927991 -0.277321 -0.631826 -0.939051 0.301289 0.165552 -0.243516 0.237185 0.219221 0.946407 0.375214 
1535147497914 0.248946 0.927736 -0.278084 -0.630772 -0.938668 0.301849 0.166704 -0.243197 0.238597 0.219528 0.94598 0.375738 
1535147498299 0.248863 0.92772 -0.278215 -0.630499 -0.938601 0.301874 0.167032 -0.243076 0.238945 0.219564 0.945884 0.375767 
1535147498964 0.248797 0.927516 -0.27895 -0.629005 -0.938095 0.302423 0.168873 -0.242596 0.240994 0.219667 0.94534 0.376252 
1535147499638 0.249055 0.927237 -0.279649 -0.626949 -0.93732 0.303438 0.171337 -0.242058 0.243725 0.219448 0.944691 0.376923 
1535147500097 0.248488 0.927352 -0.279772 -0.625872 -0.937222 0.303142 0.172395 -0.24138 0.244682 0.21937 0.944462 0.377155 
1535147500816 0.24846 0.927316 -0.279915 -0.62403 -0.936776 0.303547 0.174099 -0.240678 0.246412 0.218961 0.944107 0.377499 
1535147501338 0.248626 0.927197 -0.280162 -0.622676 -0.936444 0.304007 0.175078 -0.240336 0.247503 0.218827 0.943852 0.377807 
1535147501616 0.248772 0.927166 -0.280136 -0.62245 -0.936284 0.304249 0.175514 -0.240252 0.247962 0.218624 0.943779 0.377884 
1535147501893 0.248507 0.926947 -0.281092 -0.621894 -0.936275 0.304247 0.175565 -0.240063 0.248261 0.21955 0.943485 0.378166 
1535147501921 0.248507 0.926947 -0.281092 -0.621894 -0.936275 0.304247 0.175565 -0.240063 0.248261 0.21955 0.943485 0.378166 
1535147502103 0.248625 0.926762 -0.281599 -0.621549 -0.936169 0.304522 0.175653 -0.240003 0.248542 0.219952 0.943317 0.378252 
1535147502306 0.248625 0.926762 -0.281599 -0.621549 -0.936169 0.304522 0.175653 -0.240003 0.248542 0.219952 0.943317 0.378252 
1535147502393 0.247662 0.926616 -0.282923 -0.620311 -0.93607 0.304168 0.176791 -0.239237 0.249874 0.221051 0.942708 0.378712 
1535147502768 0.248092 0.926173 -0.283998 -0.619783 -0.935743 0.304972 0.177136 -0.239203 0.25067 0.221802 0.942321 0.37886 
1535147503486 0.248244 0.926189 -0.283812 -0.618816 -0.935544 0.305221 0.177756 -0.238818 0.251261 0.221392 0.94226 0.379243 
1535147503514 0.248244 0.926189 -0.283812 -0.618816 -0.935544 0.305221 0.177756 -0.238818 0.251261 0.221392 0.94226 0.379243 
1535147503801 0.248406 0.926123 -0.283883 -0.618506 -0.935525 0.305369 0.177603 -0.238675 0.251172 0.221462 0.942267 0.379365 
1535147504121 0.248792 0.925999 -0.283951 -0.617992 -0.935521 0.305663 0.177119 -0.23841 0.250805 0.221577 0.942338 0.379548 
1535147504400 0.249003 0.925936 -0.283971 -0.617476 -0.93559 0.305757 0.176591 -0.238112 0.250338 0.221709 0.942431 0.379692 
1535147504656 0.249578 0.925752 -0.284066 -0.616688 -0.935624 0.306157 0.175714 -0.237827 0.249636 0.221925 0.942566 0.379971 
1535147504677 0.249549 0.925759 -0.284068 -0.616664 -0.935628 0.306133 0.175734 -0.237764 0.24965 0.221928 0.942562 0.379974 
1535147504694 0.249549 0.925759 -0.284068 -0.616664 -0.935628 0.306133 0.175734 -0.237764 0.24965 0.221928 0.942562 0.379974 
1535147504718 0.24954 0.925763 -0.284066 -0.616648 -0.935628 0.306126 0.175747 -0.237724 0.24966 0.221924 0.94256 0.379976 
1535147504735 0.24954 0.925763 -0.284066 -0.616648 -0.935628 0.306126 0.175747 -0.237724 0.24966 0.221924 0.94256 0.379976 
1535147504869 0.24954 0.925763 -0.284066 -0.616648 -0.935628 0.306126 0.175747 -0.237724 0.24966 0.221924 0.94256 0.379976 
1535147504890 0.24954 0.925763 -0.284066 -0.616648 -0.935628 0.306126 0.175747 -0.237724 0.24966 0.221924 0.94256 0.379976 
1535147504927 0.249789 0.925573 -0.284465 -0.616332 -0.935563 0.306439 0.175551 -0.237594 0.249656 0.222285 0.942476 0.379999 
1535147504945 0.249789 0.925573 -0.284465 -0.616332 -0.935563 0.306439 0.175551 -0.237594 0.249656 0.222285 0.942476 0.379999 
1535147505432 0.249714 0.925236 -0.285625 -0.615084 -0.935502 0.306659 0.17549 -0.236843 0.249959 0.223381 0.942137 0.380388 
1535147506098 0.250243 0.924918 -0.28619 -0.613901 -0.935455 0.307186 0.174815 -0.236478 0.249603 0.223972 0.942091 0.380754 
1535147506796 0.250457 0.92483 -0.286287 -0.613726 -0.935371 0.307432 0.174834 -0.236382 0.249705 0.223997 0.942058 0.380859 
1535147506826 0.25092 0.924683 -0.286357 -0.613448 -0.935262 0.307873 0.174642 -0.236466 0.24965 0.223998 0.942072 0.380991 
1535147507003 0.25092 0.924684 -0.286356 -0.613448 -0.935261 0.307874 0.174644 -0.236466 0.249652 0.223996 0.942072 0.380993 
1535147507276 0.250607 0.924818 -0.286196 -0.61332 -0.935344 0.307546 0.174776 -0.236188 0.249655 0.223892 0.942096 0.381027 
1535147507545 0.250793 0.924902 -0.285762 -0.612666 -0.935252 0.307679 0.175033 -0.235778 0.249811 0.223363 0.94218 0.381161 
1535147507798 0.251419 0.924818 -0.285483 -0.611955 -0.935113 0.308197 0.174864 -0.235636 0.249703 0.222995 0.942296 0.381295 
1535147508063 0.252052 0.924778 -0.285052 -0.610828 -0.934988 0.308679 0.174684 -0.23521 0.249534 0.222491 0.94246 0.381537 
1535147508092 0.252052 0.924778 -0.285052 -0.610828 -0.934988 0.308679 0.174684 -0.23521 0.249534 0.222491 0.94246 0.381537 
1535147508244 0.252078 0.92479 -0.284992 -0.610784 -0.934981 0.308693 0.174697 -0.235135 0.249533 0.222425 0.942476 0.381565 
1535147508537 0.25206 0.924841 -0.284841 -0.610488 -0.934986 0.308647 0.174753 -0.234962 0.249534 0.222274 0.942511 0.381642 
1535147508886 0.252518 0.924726 -0.284809 -0.609869 -0.934824 0.309112 0.174798 -0.23479 0.249678 0.222107 0.942512 0.381734 
1535147509194 0.252974 0.924702 -0.284482 -0.608399 -0.93465 0.30953 0.174988 -0.234078 0.249867 0.221624 0.942576 0.382124 
1535147509400 0.253306 0.924628 -0.284429 -0.608204 -0.934547 0.309848 0.174976 -0.234072 0.249918 0.22149 0.942594 0.382168 
1535147509693 0.253219 0.924748 -0.284114 -0.607923 -0.93459 0.309688 0.175027 -0.233721 0.249842 0.221211 0.94268 0.382305 
1535147509874 0.253662 0.92483 -0.28345 -0.607161 -0.934643 0.309832 0.174489 -0.233338 0.249195 0.220664 0.942979 0.38243 
1535147510090 0.254368 0.924827 -0.282827 -0.606393 -0.934517 0.31033 0.174277 -0.232948 0.248946 0.219976 0.943205 0.382609 
1535147510258 0.254368 0.924827 -0.282827 -0.606393 -0.934517 0.31033 0.174277 -0.232948 0.248946 0.219976 0.943205 0.382609 
1535147510339 0.254682 0.924926 -0.28222 -0.605671 -0.934512 0.310444 0.174101 -0.232493 0.248645 0.219398 0.943419 0.382785 
1535147510628 0.255063 0.924918 -0.281903 -0.605335 -0.934479 0.310686 0.173846 -0.232449 0.248377 0.219091 0.943562 0.38289 
1535147510994 0.254853 0.92547 -0.280278 -0.604114 -0.934537 0.31018 0.174442 -0.231795 0.248377 0.217473 0.943936 0.383043 
1535147511397 0.255346 0.92564 -0.279265 -0.603176 -0.934409 0.310454 0.17464 -0.231527 0.248352 0.216354 0.944199 0.383214 
1535147511427 0.255515 0.925713 -0.278868 -0.602897 -0.934382 0.310523 0.17466 -0.231424 0.24828 0.215941 0.944313 0.383289 
1535147511921 0.256025 0.926004 -0.277432 -0.601996 -0.934401 0.310603 0.174418 -0.230918 0.247683 0.214577 0.94478 0.383316 
1535147512535 0.256535 0.9262 -0.276303 -0.601183 -0.934295 0.310848 0.174546 -0.230695 0.247552 0.213372 0.945088 0.383444 
1535147512817 0.256798 0.926362 -0.275515 -0.601017 -0.934318 0.310869 0.174386 -0.230526 0.247194 0.212637 0.945347 0.383365 
1535147513515 0.258778 0.927642 -0.269286 -0.600373 -0.934544 0.310937 0.173046 -0.23006 0.244255 0.206879 0.947386 0.383097 
1535147513547 0.25905 0.927835 -0.268356 -0.600258 -0.934647 0.310874 0.172604 -0.230001 0.243573 0.206105 0.94773 0.382999 
1535147513830 0.25939 0.92778 -0.268219 -0.60042 -0.934523 0.311199 0.17269 -0.230032 0.243687 0.205862 0.947754 0.382991 
1535147514094 0.259881 0.928536 -0.265107 -0.6005 -0.934858 0.310696 0.17178 -0.229868 0.241872 0.203195 0.948794 0.382829 
1535147514407 0.261026 0.929121 -0.261914 -0.60059 -0.935038 0.310788 0.170632 -0.229824 0.239937 0.20036 0.949887 0.382538 
1535147514661 0.261194 0.92936 -0.260897 -0.600708 -0.935166 0.310617 0.170242 -0.229669 0.239255 0.199515 0.950237 0.38241 
1535147514691 0.261194 0.92936 -0.260897 -0.600708 -0.935166 0.310617 0.170242 -0.229669 0.239255 0.199515 0.950237 0.38241 
1535147514859 0.261656 0.929482 -0.259997 -0.600716 -0.935179 0.310778 0.169876 -0.229714 0.238698 0.198695 0.950549 0.38231 
1535147514904 0.261656 0.929482 -0.259997 -0.600716 -0.935179 0.310778 0.169876 -0.229714 0.238698 0.198695 0.950549 0.38231 
1535147514993 0.261656 0.929482 -0.259997 -0.600716 -0.935179 0.310778 0.169876 -0.229714 0.238698 0.198695 0.950549 0.38231 
1535147515063 0.261656 0.929482 -0.259997 -0.600716 -0.935179 0.310778 0.169876 -0.229714 0.238698 0.198695 0.950549 0.38231 
1535147515071 0.261656 0.929482 -0.259997 -0.600716 -0.935179 0.310778 0.169876 -0.229714 0.238698 0.198695 0.950549 0.38231 
1535147515110 0.261656 0.929482 -0.259997 -0.600716 -0.935179 0.310778 0.169876 -0.229714 0.238698 0.198695 0.950549 0.38231 
1535147515185 0.261656 0.929482 -0.259997 -0.600716 -0.935179 0.310778 0.169876 -0.229714 0.238698 0.198695 0.950549 0.38231 
1535147515224 0.261656 0.929482 -0.259997 -0.600716 -0.935179 0.310778 0.169876 -0.229714 0.238698 0.198695 0.950549 0.38231 
1535147521058 0.214106 0.919753 -0.328956 -0.472306 -0.943784 0.281613 0.173105 -0.171326 0.251852 0.2734 0.928344 0.47401 
1535147521100 0.214106 0.919753 -0.328956 -0.472306 -0.943784 0.281613 0.173105 -0.171326 0.251852 0.2734 0.928344 0.47401 
1535147522483 0.2141 0.919753 -0.328961 -0.472303 -0.943785 0.281609 0.173109 -0.17132 0.251856 0.273406 0.928341 0.47401 
1535147523096 0.2141 0.919753 -0.328962 -0.472303 -0.943785 0.281609 0.173109 -0.17132 0.251856 0.273406 0.928341 0.47401 
1535147523633 0.214099 0.919753 -0.328963 -0.472303 -0.943785 0.281609 0.17311 -0.171319 0.251857 0.273407 0.928341 0.47401 
1535147524403 0.214099 0.919752 -0.328964 -0.472302 -0.943785 0.281609 0.17311 -0.171318 0.251858 0.273408 0.92834 0.47401 
1535147524443 0.214099 0.919752 -0.328964 -0.472302 -0.943785 0.281609 0.17311 -0.171318 0.251858 0.273408 0.92834 0.47401 
1535147525141 0.214099 0.919752 -0.328964 -0.472302 -0.943785 0.281609 0.17311 -0.171318 0.251858 0.273409 0.92834 0.47401 
1535147525670 0.214098 0.919752 -0.328966 -0.472302 -0.943784 0.281609 0.173111 -0.171317 0.251859 0.27341 0.92834 0.47401 
1535147526169 0.214098 0.919752 -0.328966 -0.472302 -0.943784 0.281609 0.173111 -0.171317 0.251859 0.27341 0.928339 0.47401 
1535147526671 0.214098 0.919752 -0.328966 -0.472302 -0.943784 0.281609 0.173111 -0.171317 0.251859 0.273411 0.928339 0.47401 
1535147527138 0.214098 0.919752 -0.328966 -0.472302 -0.943784 0.281609 0.173111 -0.171317 0.251859 0.273411 0.928339 0.47401 
1535147527673 0.214098 0.919752 -0.328967 -0.472302 -0.943785 0.281609 0.173111 -0.171317 0.251859 0.273411 0.928339 0.47401 
1535147528145 0.214098 0.919752 -0.328967 -0.472302 -0.943785 0.281609 0.173111 -0.171317 0.251859 0.273411 0.928339 0.47401 
1535147528645 0.214098 0.919752 -0.328967 -0.472302 -0.943785 0.281609 0.173111 -0.171317 0.251859 0.273411 0.928339 0.47401 
