1533676698431 -0.187255 0.845429 -0.500189 -0.597268 -0.975202 -0.0988634 0.197988 -0.255126 0.117931 0.524856 0.842977 0.407261 
1533676698441 -0.115668 0.909135 -0.400118 -0.603018 -0.98628 -0.0573562 0.154795 -0.254341 0.117781 0.412533 0.903296 0.393538 
1533676698451 -0.0441667 0.955742 -0.290871 -0.608531 -0.993122 -0.0104009 0.116623 -0.2535 0.108436 0.294021 0.949628 0.379661 
1533676698461 0.0258588 0.984291 -0.174653 -0.613993 -0.995601 0.0410962 0.0841993 -0.252635 0.0900541 0.171707 0.981023 0.365759 
1533676698471 0.093027 0.99421 -0.0537847 -0.619518 -0.993669 0.0961227 0.0581596 -0.251788 0.0629928 0.0480337 0.996857 0.351897 
1533676698481 0.156022 0.985314 0.0693756 -0.625067 -0.987363 0.153599 0.0390167 -0.250948 0.0277877 -0.0745863 0.996827 0.338051 
1533676698491 0.213611 0.957786 0.192394 -0.630607 -0.976806 0.212401 0.0271439 -0.250103 -0.0148666 -0.19373 0.980942 0.324254 
1533676698501 0.264707 0.912011 0.313313 -0.63836 -0.962182 0.271455 0.0227434 -0.250131 -0.0643084 -0.307485 0.949377 0.311374 
1533676698504 0 0 0 0 0 0 0 0 0 0 0 0 
1533676698508 0 0 0 0 0 0 0 0 0 0 0 0 
1533676698511 0 0 0 0 0 0 0 0 0 0 0 0 
1533676698514 0 0 0 0 0 0 0 0 0 0 0 0 
1533676698518 0 0 0 0 0 0 0 0 0 0 0 0 
1533676698521 0 0 0 0 0 0 0 0 0 0 0 0 
1533676698524 0 0 0 0 0 0 0 0 0 0 0 0 
1533676698535 0.308198 0.849091 0.429021 -0.644701 -0.943821 0.329431 0.0260293 -0.249571 -0.119232 -0.412941 0.902919 0.297484 
1533676698545 0.342566 0.773042 0.533904 -0.64407 -0.922109 0.385476 0.0335153 -0.248885 -0.179899 -0.503799 0.84488 0.297077 
1533676698592 0.342566 0.773042 0.533904 -0.64407 -0.922109 0.385476 0.0335153 -0.248885 -0.179899 -0.503799 0.84488 0.297077 
1533676698595 0 0 0 0 0 0 0 0 0 0 0 0 
1533676698605 0.367732 0.685218 0.628689 -0.628983 -0.897501 0.438496 0.0470424 -0.244699 -0.243443 -0.581548 0.776233 0.297219 
1533676698615 0.367733 0.685217 0.628689 -0.628983 -0.897501 0.438497 0.0470429 -0.244699 -0.243443 -0.581548 0.776233 0.297219 
1533676698625 0.367734 0.685216 0.628689 -0.628984 -0.8975 0.438498 0.0470434 -0.244699 -0.243444 -0.581548 0.776233 0.297219 
1533676698635 0.367736 0.685216 0.628689 -0.628984 -0.8975 0.438499 0.0470439 -0.244699 -0.243444 -0.581548 0.776233 0.297219 
1533676698645 0.367737 0.685215 0.628689 -0.628984 -0.897499 0.4385 0.0470444 -0.244699 -0.243445 -0.581548 0.776232 0.297219 
1533676698655 0.367738 0.685214 0.628689 -0.628984 -0.897498 0.438501 0.0470449 -0.244699 -0.243445 -0.581548 0.776232 0.29722 
1533676698665 0.367739 0.685214 0.62869 -0.628984 -0.897498 0.438502 0.0470454 -0.244699 -0.243446 -0.581548 0.776232 0.29722 
1533676698675 0.36774 0.685213 0.62869 -0.628984 -0.897497 0.438503 0.0470459 -0.244699 -0.243446 -0.581548 0.776232 0.29722 
1533676698685 0.367705 0.685251 0.628668 -0.628515 -0.897505 0.438495 0.0469854 -0.244579 -0.243471 -0.58151 0.776253 0.297107 
1533676698720 0.367705 0.685251 0.628668 -0.628515 -0.897505 0.438495 0.0469854 -0.244579 -0.243471 -0.58151 0.776253 0.297107 
1533676698723 0 0 0 0 0 0 0 0 0 0 0 0 
1533676698733 0.367747 0.685206 0.628693 -0.629047 -0.897495 0.438507 0.0470552 -0.244715 -0.243444 -0.581553 0.776229 0.297235 
1533676698743 0.367748 0.685206 0.628692 -0.629047 -0.897495 0.438508 0.0470553 -0.244715 -0.243444 -0.581553 0.776229 0.297235 
1533676698753 0.367748 0.685206 0.628692 -0.629047 -0.897495 0.438508 0.0470554 -0.244715 -0.243444 -0.581552 0.776229 0.297235 
1533676698763 0.367748 0.685206 0.628692 -0.629047 -0.897494 0.438508 0.0470554 -0.244715 -0.243444 -0.581552 0.77623 0.297235 
1533676698773 0.367749 0.685206 0.628692 -0.629047 -0.897494 0.438509 0.0470555 -0.244715 -0.243444 -0.581552 0.77623 0.297235 
1533676698783 0.367749 0.685206 0.628691 -0.629047 -0.897494 0.438509 0.0470556 -0.244715 -0.243444 -0.581551 0.77623 0.297235 
1533676698793 0.36775 0.685206 0.628691 -0.629047 -0.897494 0.438509 0.0470557 -0.244715 -0.243444 -0.581551 0.77623 0.297235 
1533676698803 0.36775 0.685207 0.628691 -0.629047 -0.897494 0.43851 0.0470557 -0.244715 -0.243444 -0.581551 0.77623 0.297235 
1533676698813 0.367736 0.685222 0.628682 -0.628859 -0.897497 0.438506 0.0470313 -0.244667 -0.243454 -0.581535 0.776239 0.29719 
1533676698845 0 0 0 0 0 0 0 0 0 0 0 0 
1533676698845 0 0 0 0 0 0 0 0 0 0 0 0 
1533676698855 0.367736 0.685222 0.628682 -0.628859 -0.897497 0.438506 0.0470313 -0.244667 -0.243454 -0.581535 0.776239 0.29719 
1533676698865 0.367765 0.685279 0.628603 -0.629214 -0.897509 0.438477 0.0470772 -0.244717 -0.243367 -0.58149 0.7763 0.297278 
1533676698875 0.367772 0.685359 0.628512 -0.629295 -0.897525 0.438442 0.0470873 -0.244698 -0.243294 -0.581423 0.776373 0.2973 
1533676698885 0.36778 0.685438 0.628421 -0.629376 -0.897542 0.438407 0.0470974 -0.244679 -0.243222 -0.581356 0.776446 0.297322 
1533676698895 0.367787 0.685517 0.62833 -0.629457 -0.897559 0.438371 0.0471076 -0.244659 -0.243149 -0.581289 0.776519 0.297344 
1533676698905 0.367794 0.685597 0.628239 -0.629537 -0.897575 0.438336 0.0471177 -0.24464 -0.243076 -0.581221 0.776592 0.297366 
1533676698915 0.367802 0.685676 0.628148 -0.629618 -0.897592 0.438301 0.0471279 -0.24462 -0.243003 -0.581154 0.776665 0.297388 
1533676698925 0.367809 0.685756 0.628057 -0.629699 -0.897609 0.438266 0.0471381 -0.244601 -0.242931 -0.581087 0.776738 0.29741 
1533676698935 0.367817 0.685835 0.627966 -0.629779 -0.897625 0.438231 0.0471482 -0.244581 -0.242858 -0.58102 0.776811 0.297432 
1533676698945 0.367811 0.685928 0.627868 -0.629694 -0.897645 0.438192 0.0471367 -0.24452 -0.242794 -0.580939 0.776891 0.297414 
1533676698965 0 0 0 0 0 0 0 0 0 0 0 0 
1533676698965 0 0 0 0 0 0 0 0 0 0 0 0 
1533676698975 0.367811 0.685928 0.627868 -0.629694 -0.897645 0.438192 0.0471367 -0.24452 -0.242794 -0.580939 0.776891 0.297414 
1533676698986 0.367985 0.685755 0.627955 -0.629917 -0.897559 0.438352 0.047274 -0.244507 -0.242847 -0.581023 0.776813 0.297455 
1533676698995 0.368136 0.685519 0.628124 -0.629862 -0.897461 0.438543 0.0473752 -0.244464 -0.242983 -0.581157 0.77667 0.297426 
1533676699005 0.368286 0.685283 0.628293 -0.629806 -0.897362 0.438734 0.0474766 -0.244421 -0.243119 -0.581291 0.776527 0.297397 
1533676699015 0.368437 0.685047 0.628462 -0.629751 -0.897263 0.438925 0.0475779 -0.244378 -0.243255 -0.581425 0.776384 0.297369 
1533676699025 0.368588 0.684811 0.628631 -0.629696 -0.897164 0.439116 0.0476793 -0.244334 -0.243391 -0.58156 0.776241 0.29734 
1533676699036 0.368739 0.684575 0.6288 -0.629641 -0.897066 0.439307 0.0477808 -0.244291 -0.243527 -0.581694 0.776098 0.297311 
1533676699046 0.368889 0.684338 0.628969 -0.629586 -0.896967 0.439497 0.0478823 -0.244248 -0.243663 -0.581828 0.775954 0.297283 
1533676699056 0.36904 0.684102 0.629138 -0.62953 -0.896868 0.439688 0.0479839 -0.244205 -0.243799 -0.581962 0.775811 0.297254 
1533676699065 0.369185 0.683871 0.629303 -0.629407 -0.89677 0.439878 0.0480761 -0.244145 -0.243938 -0.582089 0.775672 0.297208 
1533676699080 0 0 0 0 0 0 0 0 0 0 0 0 
1533676699080 0 0 0 0 0 0 0 0 0 0 0 0 
1533676699082 0 0 0 0 0 0 0 0 0 0 0 0 
1533676699085 0 0 0 0 0 0 0 0 0 0 0 0 
1533676699096 0.369185 0.683871 0.629303 -0.629407 -0.89677 0.439878 0.0480761 -0.244145 -0.243938 -0.582089 0.775672 0.297208 
1533676699105 0.369155 0.683842 0.629352 -0.629365 -0.896844 0.439704 0.0482819 -0.2441 -0.243712 -0.582254 0.775619 0.297132 
1533676699116 0.368971 0.684054 0.62923 -0.629322 -0.897018 0.439339 0.0483787 -0.244084 -0.243352 -0.582281 0.775712 0.297071 
1533676699126 0.368786 0.684266 0.629108 -0.629279 -0.897191 0.438974 0.0484755 -0.244068 -0.242992 -0.582307 0.775805 0.29701 
1533676699136 0.368601 0.684478 0.628986 -0.629236 -0.897364 0.438609 0.0485724 -0.244052 -0.242632 -0.582333 0.775898 0.29695 
1533676699145 0.368416 0.684689 0.628864 -0.629193 -0.897537 0.438244 0.0486693 -0.244035 -0.242272 -0.582359 0.775991 0.296889 
1533676699156 0.368231 0.684901 0.628742 -0.62915 -0.89771 0.437879 0.0487664 -0.244019 -0.241913 -0.582385 0.776084 0.296828 
1533676699166 0.368046 0.685113 0.62862 -0.629107 -0.897883 0.437514 0.0488634 -0.244003 -0.241553 -0.582411 0.776176 0.296767 
1533676699175 0.367861 0.685324 0.628498 -0.629064 -0.898056 0.437148 0.0489606 -0.243987 -0.241193 -0.582437 0.776269 0.296706 
1533676699186 0.367685 0.68554 0.628365 -0.629064 -0.898226 0.436788 0.0490622 -0.24398 -0.240828 -0.582453 0.77637 0.296645 
1533676699202 0.367685 0.68554 0.628365 -0.629064 -0.898226 0.436788 0.0490622 -0.24398 -0.240828 -0.582453 0.77637 0.296645 
1533676699205 0 0 0 0 0 0 0 0 0 0 0 0 
1533676699216 0.367536 0.685917 0.62804 -0.628935 -0.898554 0.436051 0.0496083 -0.244124 -0.23983 -0.582561 0.776598 0.296513 
1533676699225 0.367585 0.68609 0.627823 -0.628925 -0.898706 0.435685 0.0500642 -0.244306 -0.239185 -0.582631 0.776745 0.296442 
1533676699235 0.367634 0.686263 0.627605 -0.628916 -0.898857 0.43532 0.0505201 -0.244487 -0.238539 -0.5827 0.776891 0.296371 
1533676699246 0.367683 0.686436 0.627387 -0.628906 -0.899008 0.434955 0.0509761 -0.244669 -0.237893 -0.582769 0.777037 0.296301 
1533676699256 0.367732 0.686608 0.62717 -0.628896 -0.899159 0.43459 0.0514322 -0.24485 -0.237248 -0.582838 0.777183 0.29623 
1533676699266 0.367781 0.686781 0.626952 -0.628886 -0.899309 0.434224 0.0518883 -0.245031 -0.236602 -0.582907 0.777328 0.29616 
1533676699275 0.367829 0.686954 0.626734 -0.628876 -0.899459 0.433859 0.0523446 -0.245212 -0.235956 -0.582975 0.777473 0.296089 
1533676699286 0.367878 0.687127 0.626516 -0.628866 -0.899608 0.433494 0.0528009 -0.245393 -0.23531 -0.583043 0.777618 0.296019 
1533676699295 0.367927 0.68729 0.626309 -0.628799 -0.899756 0.433131 0.0532604 -0.245529 -0.234668 -0.583121 0.777754 0.295959 
1533676699310 0 0 0 0 0 0 0 0 0 0 0 0 
1533676699310 0 0 0 0 0 0 0 0 0 0 0 0 
1533676699312 0 0 0 0 0 0 0 0 0 0 0 0 
1533676699315 0 0 0 0 0 0 0 0 0 0 0 0 
1533676699326 0.367927 0.68729 0.626309 -0.628799 -0.899756 0.433131 0.0532604 -0.245529 -0.234668 -0.583121 0.777754 0.295959 
1533676699336 0.367787 0.687726 0.625912 -0.629039 -0.900003 0.432583 0.053539 -0.245659 -0.233938 -0.583014 0.778054 0.295915 
1533676699346 0.367594 0.687975 0.625751 -0.629169 -0.900101 0.432401 0.0533611 -0.245535 -0.233864 -0.582855 0.778195 0.295953 
1533676699356 0.367402 0.688224 0.625591 -0.629299 -0.900199 0.432219 0.0531833 -0.245411 -0.23379 -0.582696 0.778336 0.295991 
1533676699366 0.367209 0.688472 0.625431 -0.629428 -0.900297 0.432037 0.0530055 -0.245287 -0.233717 -0.582537 0.778477 0.296029 
1533676699376 0.367016 0.688721 0.62527 -0.629558 -0.900394 0.431855 0.0528277 -0.245163 -0.233643 -0.582378 0.778619 0.296066 
1533676699385 0.366824 0.688969 0.625109 -0.629687 -0.900492 0.431673 0.05265 -0.245039 -0.233569 -0.582219 0.77876 0.296104 
1533676699395 0.366631 0.689218 0.624948 -0.629817 -0.90059 0.431491 0.0524723 -0.244914 -0.233495 -0.58206 0.778901 0.296142 
1533676699406 0.366438 0.689466 0.624788 -0.629946 -0.900687 0.431309 0.0522947 -0.24479 -0.233421 -0.581901 0.779042 0.296179 
1533676699416 0.366237 0.689711 0.624636 -0.630005 -0.900787 0.431124 0.0521115 -0.244641 -0.233353 -0.581749 0.779175 0.296215 
1533676699450 0.366237 0.689711 0.624636 -0.630005 -0.900787 0.431124 0.0521115 -0.244641 -0.233353 -0.581749 0.779175 0.296215 
1533676699453 0 0 0 0 0 0 0 0 0 0 0 0 
1533676699463 0.366394 0.689461 0.624819 -0.630348 -0.900949 0.430665 0.0530961 -0.244442 -0.23248 -0.582384 0.778962 0.296309 
1533676699473 0.366718 0.688974 0.625166 -0.630265 -0.901018 0.43038 0.0542241 -0.244281 -0.2317 -0.583171 0.778606 0.296317 
1533676699483 0.367042 0.688486 0.625513 -0.630183 -0.901086 0.430093 0.055352 -0.24412 -0.23092 -0.583957 0.778248 0.296324 
1533676699493 0.367367 0.687999 0.625859 -0.6301 -0.901153 0.429806 0.0564799 -0.243959 -0.23014 -0.584743 0.777889 0.296332 
1533676699503 0.367693 0.68751 0.626204 -0.630018 -0.901219 0.429517 0.0576077 -0.243798 -0.22936 -0.585529 0.777528 0.296339 
1533676699513 0.368019 0.687022 0.626548 -0.629937 -0.901284 0.429228 0.0587354 -0.243637 -0.228579 -0.586314 0.777166 0.296346 
1533676699523 0.368345 0.686533 0.626892 -0.629856 -0.901349 0.428937 0.0598631 -0.243475 -0.227799 -0.587099 0.776803 0.296354 
1533676699533 0.368672 0.686044 0.627235 -0.629775 -0.901412 0.428646 0.0609908 -0.243314 -0.227019 -0.587883 0.776438 0.296361 
1533676699543 0.368985 0.685569 0.627571 -0.629516 -0.901477 0.42835 0.0620931 -0.243109 -0.226251 -0.588652 0.77608 0.296327 
1533676699582 0.368985 0.685569 0.627571 -0.629516 -0.901477 0.42835 0.0620931 -0.243109 -0.226251 -0.588652 0.77608 0.296327 
1533676699585 0 0 0 0 0 0 0 0 0 0 0 0 
1533676699595 0.36923 0.684797 0.628269 -0.629926 -0.901404 0.428401 0.0628033 -0.243041 -0.226143 -0.589512 0.775457 0.296491 
1533676699605 0.369113 0.684547 0.62861 -0.630013 -0.901276 0.428739 0.0623288 -0.243037 -0.226842 -0.589557 0.775219 0.296554 
1533676699615 0.368995 0.684297 0.628951 -0.630099 -0.901148 0.429076 0.0618545 -0.243033 -0.227541 -0.589602 0.77498 0.296617 
1533676699625 0.368877 0.684047 0.629292 -0.630185 -0.90102 0.429414 0.0613803 -0.243029 -0.22824 -0.589646 0.774741 0.29668 
1533676699635 0.368759 0.683797 0.629633 -0.630271 -0.900891 0.429751 0.0609062 -0.243025 -0.228938 -0.58969 0.774501 0.296744 
1533676699645 0.36864 0.683547 0.629974 -0.630356 -0.900762 0.430089 0.0604322 -0.24302 -0.229637 -0.589734 0.774261 0.296807 
1533676699655 0.368521 0.683298 0.630315 -0.630441 -0.900632 0.430427 0.0599582 -0.243016 -0.230335 -0.589777 0.774021 0.29687 
1533676699665 0.368402 0.683048 0.630655 -0.630526 -0.900502 0.430764 0.0594844 -0.243012 -0.231033 -0.58982 0.77378 0.296933 
1533676699675 0.368259 0.682819 0.630986 -0.630338 -0.900377 0.431097 0.0589717 -0.242942 -0.231749 -0.589842 0.773549 0.29693 
1533676699716 0 0 0 0 0 0 0 0 0 0 0 0 
1533676699716 0 0 0 0 0 0 0 0 0 0 0 0 
1533676699726 0.368259 0.682819 0.630986 -0.630338 -0.900377 0.431097 0.0589717 -0.242942 -0.231749 -0.589842 0.773549 0.29693 
1533676699736 0.368434 0.68143 0.632384 -0.63083 -0.900149 0.431503 0.059467 -0.242975 -0.232353 -0.591149 0.772369 0.29725 
1533676699746 0.368683 0.680331 0.633421 -0.63071 -0.900062 0.431561 0.0603604 -0.242886 -0.232295 -0.592372 0.771449 0.297379 
1533676699756 0.368933 0.67923 0.634457 -0.63059 -0.899975 0.431617 0.0612539 -0.242797 -0.232237 -0.593594 0.770527 0.297507 
1533676699766 0.369182 0.678127 0.635491 -0.63047 -0.899887 0.431672 0.0621477 -0.242707 -0.232179 -0.594814 0.769603 0.297636 
1533676699776 0.369432 0.677022 0.636523 -0.630349 -0.8998 0.431725 0.0630417 -0.242618 -0.232122 -0.596033 0.768677 0.297764 
1533676699786 0.369681 0.675915 0.637553 -0.630229 -0.899712 0.431776 0.063936 -0.242528 -0.232065 -0.59725 0.767749 0.297892 
1533676699796 0.369931 0.674807 0.638582 -0.630108 -0.899624 0.431827 0.0648305 -0.242438 -0.232008 -0.598466 0.766818 0.298019 
1533676699806 0.370181 0.673697 0.639608 -0.629987 -0.899535 0.431875 0.0657252 -0.242348 -0.231952 -0.59968 0.765886 0.298147 
1533676699816 0.370394 0.672614 0.640624 -0.629485 -0.899455 0.431915 0.0665613 -0.242172 -0.231925 -0.600866 0.764965 0.298177 
1533676699833 0 0 0 0 0 0 0 0 0 0 0 0 
1533676699833 0 0 0 0 0 0 0 0 0 0 0 0 
1533676699843 0.370394 0.672614 0.640624 -0.629485 -0.899455 0.431915 0.0665613 -0.242172 -0.231925 -0.600866 0.764965 0.298177 
1533676699853 0.370682 0.672837 0.640223 -0.629508 -0.899809 0.430939 0.0680882 -0.242301 -0.230085 -0.601317 0.765166 0.297946 
1533676699863 0.370704 0.674181 0.638795 -0.629522 -0.900252 0.429914 0.0687025 -0.24249 -0.228309 -0.600544 0.766304 0.297556 
1533676699873 0.370721 0.675524 0.637364 -0.629537 -0.900693 0.42889 0.0693187 -0.24268 -0.226532 -0.599768 0.767438 0.297165 
1533676699883 0.370736 0.676865 0.635932 -0.629551 -0.901133 0.427865 0.0699369 -0.242871 -0.224756 -0.598987 0.76857 0.296774 
1533676699893 0.370746 0.678203 0.634498 -0.629564 -0.90157 0.426841 0.070557 -0.243061 -0.222978 -0.598203 0.769698 0.296382 
1533676699903 0.370753 0.67954 0.633061 -0.629577 -0.902005 0.425818 0.0711791 -0.243252 -0.2212 -0.597414 0.770822 0.295991 
1533676699913 0.370756 0.680876 0.631623 -0.629589 -0.902438 0.424794 0.0718032 -0.243443 -0.219421 -0.596622 0.771943 0.295599 
1533676699923 0.370756 0.682209 0.630183 -0.629601 -0.902869 0.423771 0.0724292 -0.243635 -0.217642 -0.595826 0.773061 0.295207 
1533676699933 0.370748 0.683532 0.628753 -0.62958 -0.903298 0.422746 0.0730582 -0.243806 -0.215865 -0.595037 0.774166 0.294824 
1533676699962 0 0 0 0 0 0 0 0 0 0 0 0 
1533676699962 0 0 0 0 0 0 0 0 0 0 0 0 
1533676699965 0 0 0 0 0 0 0 0 0 0 0 0 
1533676699975 0.370748 0.683532 0.628753 -0.62958 -0.903298 0.422746 0.0730582 -0.243806 -0.215865 -0.595037 0.774166 0.294824 
1533676699985 0.369675 0.684901 0.627894 -0.629226 -0.90444 0.420088 0.0742629 -0.243996 -0.212908 -0.595345 0.774748 0.294167 
1533676699995 0.368611 0.684923 0.628496 -0.628902 -0.90515 0.41845 0.0748495 -0.243988 -0.211728 -0.596473 0.774203 0.293932 
1533676700005 0.367547 0.684942 0.629098 -0.628577 -0.905858 0.41681 0.0754344 -0.243981 -0.210546 -0.597599 0.773657 0.293698 
1533676700015 0.366484 0.684958 0.6297 -0.628251 -0.906563 0.415168 0.0760177 -0.243973 -0.209362 -0.598722 0.77311 0.293463 
1533676700025 0.36542 0.684972 0.630303 -0.627925 -0.907266 0.413524 0.0765993 -0.243965 -0.208177 -0.599843 0.772561 0.293228 
1533676700035 0.364356 0.684983 0.630906 -0.627598 -0.907965 0.411878 0.0771793 -0.243958 -0.20699 -0.600961 0.772011 0.292993 
1533676700045 0.363292 0.684992 0.63151 -0.627271 -0.908661 0.41023 0.0777576 -0.24395 -0.205801 -0.602077 0.771459 0.292758 
1533676700055 0.362228 0.684999 0.632113 -0.626944 -0.909354 0.408581 0.0783343 -0.243943 -0.204611 -0.60319 0.770906 0.292523 
1533676700065 0.361186 0.684987 0.632722 -0.626845 -0.91004 0.406933 0.0789445 -0.243989 -0.2034 -0.604316 0.770344 0.29234 
1533676700110 0.361186 0.684987 0.632722 -0.626845 -0.91004 0.406933 0.0789445 -0.243989 -0.2034 -0.604316 0.770344 0.29234 
1533676700113 0 0 0 0 0 0 0 0 0 0 0 0 
1533676700123 0.360098 0.685321 0.632981 -0.625674 -0.910963 0.404623 0.0801588 -0.243668 -0.201184 -0.605487 0.770006 0.291725 
1533676700133 0.360138 0.685606 0.63265 -0.625498 -0.911185 0.403977 0.0809026 -0.243508 -0.200109 -0.605597 0.770201 0.291496 
1533676700143 0.360177 0.685891 0.632318 -0.625322 -0.911405 0.403331 0.0816464 -0.243348 -0.199033 -0.605705 0.770394 0.291267 
1533676700153 0.360216 0.686175 0.631987 -0.625144 -0.911623 0.402684 0.0823903 -0.243188 -0.197957 -0.605813 0.770587 0.291039 
1533676700163 0.360255 0.68646 0.631656 -0.624966 -0.911841 0.402037 0.0831342 -0.243028 -0.196881 -0.605919 0.770779 0.29081 
1533676700173 0.360292 0.686746 0.631324 -0.624787 -0.912058 0.401391 0.0838783 -0.242868 -0.195804 -0.606025 0.77097 0.290581 
1533676700183 0.36033 0.687031 0.630992 -0.624607 -0.912274 0.400744 0.0846224 -0.242707 -0.194728 -0.60613 0.77116 0.290353 
1533676700193 0.360366 0.687316 0.63066 -0.624425 -0.912488 0.400097 0.0853667 -0.242546 -0.193651 -0.606234 0.771349 0.290124 
1533676700203 0.360451 0.687564 0.630341 -0.624751 -0.912691 0.399457 0.0861885 -0.242502 -0.192534 -0.606374 0.771519 0.290002 
