1535378070842 0.248594 0.927432 -0.279412 -0.636049 -0.938419 0.302065 0.167708 -0.241773 0.239938 0.220514 0.945412 0.374106 
1535378075513 0.248593 0.927432 -0.279412 -0.636049 -0.93842 0.302064 0.167706 -0.241772 0.239937 0.220515 0.945412 0.374106 
1535378075522 0.248593 0.927432 -0.279412 -0.636049 -0.93842 0.302064 0.167706 -0.241772 0.239937 0.220515 0.945412 0.374106 
1535378075705 0.248664 0.927387 -0.279499 -0.636153 -0.938392 0.302156 0.167699 -0.241856 0.239974 0.220579 0.945387 0.374079 
1535378075847 0.248427 0.927434 -0.279554 -0.636317 -0.938448 0.301945 0.167762 -0.241792 0.239998 0.22067 0.94536 0.374049 
1535378075969 0.248327 0.927435 -0.279638 -0.636508 -0.938451 0.301886 0.167851 -0.241789 0.24009 0.220745 0.945319 0.37401 
1535378076084 0.248212 0.927447 -0.279702 -0.636684 -0.938457 0.301811 0.167955 -0.241776 0.240187 0.2208 0.945282 0.373972 
1535378076193 0.248348 0.92738 -0.279803 -0.636807 -0.9384 0.301978 0.167971 -0.241928 0.240267 0.220852 0.945249 0.373931 
