1535136174132 0.246722 0.930013 -0.272406 -0.587346 -0.940814 0.297269 0.162789 -0.224394 0.232373 0.21612 0.948312 0.392095 
1535136179183 0.246721 0.930013 -0.272406 -0.587345 -0.940814 0.297268 0.162788 -0.224394 0.232373 0.21612 0.948312 0.392095 
1535136179941 0.248226 0.929402 -0.273124 -0.596783 -0.940494 0.298765 0.161897 -0.228232 0.232067 0.216684 0.948258 0.388036 
1535136180467 0.248601 0.929291 -0.27316 -0.601614 -0.940338 0.299184 0.162031 -0.230055 0.232299 0.216582 0.948224 0.386179 
1535136181283 0.249383 0.928996 -0.27345 -0.61132 -0.940191 0.299927 0.161505 -0.233707 0.232053 0.216818 0.948231 0.382138 
1535136182051 0.250113 0.928772 -0.273544 -0.621013 -0.940028 0.300614 0.161176 -0.237377 0.231927 0.216827 0.948259 0.378135 
1535136182885 0.251183 0.928387 -0.273869 -0.630685 -0.939718 0.30172 0.160922 -0.241149 0.232029 0.216938 0.948209 0.374157 
1535136183169 0.2505 0.928824 -0.273012 -0.630903 -0.939866 0.300949 0.1615 -0.240968 0.232168 0.216139 0.948357 0.37429 
1535136183341 0.250347 0.928569 -0.274017 -0.630681 -0.939838 0.301041 0.161492 -0.240996 0.232447 0.217102 0.948069 0.374323 
1535136183562 0.249407 0.928174 -0.276207 -0.630407 -0.939762 0.300826 0.162329 -0.241054 0.23376 0.219083 0.94729 0.374458 
1535136183775 0.248045 0.927927 -0.278254 -0.630091 -0.939653 0.300323 0.163883 -0.241072 0.235638 0.220812 0.946423 0.374825 
1535136183933 0.247352 0.927794 -0.279313 -0.629827 -0.939638 0.300034 0.164502 -0.241275 0.236428 0.221763 0.946004 0.374966 
1535136184148 0.246114 0.92748 -0.281441 -0.629583 -0.939526 0.299638 0.165854 -0.241261 0.238157 0.223602 0.945137 0.375211 
1535136184308 0.245248 0.927377 -0.282534 -0.62942 -0.939501 0.299243 0.166707 -0.241267 0.239146 0.224556 0.944661 0.375378 
1535136184498 0.244824 0.927289 -0.283188 -0.629254 -0.939477 0.299083 0.16713 -0.241359 0.239675 0.225131 0.94439 0.375526 
1535136184708 0.244738 0.927154 -0.283705 -0.629801 -0.939519 0.299075 0.166907 -0.241702 0.239598 0.225698 0.944274 0.375254 
1535136184873 0.244103 0.927235 -0.283987 -0.630167 -0.939549 0.298647 0.167504 -0.241752 0.240127 0.225932 0.944084 0.375362 
1535136185024 0.243578 0.927121 -0.284811 -0.630519 -0.939541 0.29843 0.167934 -0.241947 0.240691 0.226687 0.943759 0.375324 
1535136185251 0.24295 0.926895 -0.286077 -0.631139 -0.939427 0.298322 0.168765 -0.242493 0.241771 0.227747 0.943227 0.375357 
1535136185401 0.242037 0.926927 -0.286748 -0.631541 -0.9395 0.297727 0.169406 -0.242498 0.2424 0.228398 0.942909 0.375363 
1535136185548 0.241593 0.926819 -0.287472 -0.631852 -0.939515 0.29753 0.169671 -0.242745 0.242786 0.229093 0.942641 0.375264 
1535136185703 0.24125 0.926734 -0.288031 -0.632169 -0.939484 0.297417 0.170038 -0.242991 0.243245 0.229579 0.942404 0.375313 
1535136186360 0.240814 0.926681 -0.288566 -0.632423 -0.939509 0.297182 0.170311 -0.243144 0.24358 0.230097 0.942191 0.375286 
1535136186597 0.240922 0.926936 -0.287658 -0.632552 -0.939735 0.296878 0.169592 -0.243301 0.2426 0.229464 0.942598 0.375125 
1535136186766 0.240676 0.927122 -0.287263 -0.632856 -0.939884 0.29649 0.169444 -0.2434 0.242266 0.229213 0.942745 0.375149 
1535136186989 0.240486 0.927302 -0.28684 -0.63344 -0.940137 0.296038 0.16883 -0.243776 0.241472 0.229068 0.942984 0.374892 
1535136187149 0.239929 0.92757 -0.286441 -0.633781 -0.940427 0.295295 0.168519 -0.243847 0.240897 0.228944 0.943161 0.374816 
1535136187323 0.239712 0.927761 -0.286004 -0.634056 -0.94061 0.294887 0.168211 -0.244029 0.240399 0.228696 0.943348 0.37477 
1535136187557 0.239207 0.928012 -0.285612 -0.634691 -0.94094 0.294142 0.167667 -0.244307 0.239608 0.228637 0.943564 0.374532 
1535136187924 0.23897 0.928217 -0.285142 -0.634879 -0.941069 0.293766 0.167605 -0.244376 0.239339 0.228285 0.943717 0.374631 
1535136187941 0.238972 0.928218 -0.285138 -0.634878 -0.941068 0.293767 0.167605 -0.244377 0.239338 0.228282 0.943719 0.374633 
1535136187959 0.238973 0.928219 -0.285135 -0.634878 -0.941068 0.293767 0.167604 -0.244377 0.239337 0.228279 0.94372 0.374635 
1535136188110 0.23887 0.928283 -0.28501 -0.634803 -0.941131 0.293611 0.167525 -0.244569 0.239193 0.228215 0.943771 0.374561 
1535136188185 0.238771 0.928368 -0.284817 -0.634884 -0.94111 0.293526 0.167795 -0.244763 0.239377 0.227979 0.943782 0.374405 
1535136188266 0.238736 0.928424 -0.284664 -0.634977 -0.941156 0.29343 0.167705 -0.244897 0.239231 0.227876 0.943844 0.374343 
1535136188471 0.237916 0.928961 -0.283596 -0.635205 -0.941402 0.292417 0.168091 -0.245234 0.239079 0.226986 0.944097 0.374336 
1535136188516 0.237877 0.929009 -0.283473 -0.635322 -0.941441 0.29233 0.168023 -0.245378 0.238963 0.226904 0.944146 0.374236 
1535136189050 0.237612 0.929193 -0.283091 -0.6354 -0.941498 0.292017 0.168248 -0.245591 0.239002 0.226552 0.94422 0.37421 
1535136189117 0.237713 0.929197 -0.282993 -0.63535 -0.941463 0.292105 0.16829 -0.245425 0.239038 0.226423 0.944242 0.374236 
1535136189266 0.238541 0.929071 -0.282711 -0.635303 -0.941437 0.292671 0.167454 -0.245421 0.238318 0.22621 0.944475 0.374176 
1535136189467 0.239636 0.929324 -0.280947 -0.635353 -0.941533 0.293045 0.166255 -0.245367 0.236835 0.22468 0.945213 0.37405 
1535136189525 0.240147 0.929358 -0.280399 -0.635386 -0.941554 0.293291 0.165697 -0.245406 0.236231 0.224219 0.945474 0.373918 
1535136189657 0.240449 0.929585 -0.279385 -0.635447 -0.941697 0.293191 0.165063 -0.245223 0.235353 0.223407 0.945885 0.37386 
1535136189835 0.241791 0.929638 -0.278048 -0.635468 -0.941658 0.293948 0.163933 -0.24539 0.23413 0.222189 0.946475 0.373659 
1535136189919 0.242204 0.929771 -0.277242 -0.635526 -0.941721 0.294041 0.163405 -0.245233 0.233449 0.221507 0.946803 0.373532 
1535136189962 0.242382 0.929741 -0.277187 -0.635569 -0.941718 0.294162 0.163208 -0.245209 0.233279 0.221473 0.946853 0.373462 
1535136190117 0.242738 0.929891 -0.276369 -0.635494 -0.941783 0.294211 0.162742 -0.245164 0.232644 0.220776 0.947172 0.373461 
1535136190299 0.243217 0.929668 -0.2767 -0.635306 -0.941664 0.294722 0.162504 -0.245079 0.232625 0.221035 0.947116 0.373563 
1535136190445 0.243966 0.929621 -0.276198 -0.635121 -0.941582 0.295245 0.162031 -0.244899 0.232173 0.220533 0.947344 0.373642 
1535136190696 0.245821 0.929429 -0.275197 -0.634739 -0.941389 0.296573 0.16072 -0.244731 0.230994 0.219559 0.947858 0.373723 
1535136190853 0.246646 0.929378 -0.27463 -0.634515 -0.941391 0.297057 0.15981 -0.244625 0.230105 0.219118 0.948177 0.373735 
1535136191005 0.247323 0.92935 -0.274116 -0.634327 -0.941367 0.297472 0.159182 -0.244443 0.229478 0.218674 0.948431 0.373773 
1535136191152 0.247992 0.929301 -0.273678 -0.634138 -0.941344 0.297893 0.15853 -0.244243 0.228848 0.218311 0.948667 0.373749 
1535136191309 0.248869 0.929209 -0.273193 -0.633968 -0.941228 0.29854 0.157998 -0.244131 0.228372 0.217816 0.948895 0.373794 
1535136192045 0.249686 0.929111 -0.272781 -0.633782 -0.941138 0.299134 0.157414 -0.244154 0.227853 0.217421 0.949111 0.373827 
1535136192509 0.249066 0.929038 -0.273595 -0.631706 -0.94085 0.299107 0.159171 -0.243152 0.22971 0.217768 0.948583 0.374737 
1535136192795 0.249737 0.928701 -0.274127 -0.630924 -0.94052 0.299986 0.15947 -0.243088 0.230335 0.217996 0.94838 0.374951 
1535136192825 0.249787 0.928679 -0.274158 -0.630825 -0.940485 0.300059 0.159536 -0.243058 0.230421 0.217991 0.94836 0.374996 
1535136193024 0.249523 0.928669 -0.274429 -0.630704 -0.940372 0.300027 0.160264 -0.242895 0.231169 0.218076 0.948158 0.374929 
1535136193285 0.248775 0.928819 -0.274603 -0.629857 -0.940108 0.299774 0.162272 -0.242547 0.23304 0.217787 0.947766 0.375368 
1535136193462 0.248953 0.92867 -0.274946 -0.629421 -0.939837 0.300214 0.16303 -0.242492 0.233943 0.217817 0.947537 0.37544 
1535136193721 0.248802 0.928643 -0.275172 -0.628551 -0.93955 0.300412 0.16431 -0.242264 0.23525 0.217657 0.94725 0.375732 
1535136193910 0.248957 0.928458 -0.275655 -0.628135 -0.939258 0.300879 0.165128 -0.242154 0.236253 0.217802 0.946967 0.375786 
1535136194132 0.249047 0.928361 -0.2759 -0.627892 -0.939083 0.301148 0.165632 -0.24215 0.236853 0.217843 0.946808 0.375836 
1535136194334 0.248863 0.928435 -0.275817 -0.627859 -0.939162 0.300929 0.16558 -0.242065 0.236732 0.21783 0.946841 0.375848 
1535136194530 0.248866 0.928472 -0.275691 -0.627376 -0.939148 0.300921 0.165673 -0.241866 0.236784 0.217684 0.946862 0.376082 
1535136194804 0.248745 0.928483 -0.275763 -0.626382 -0.939017 0.300968 0.16633 -0.24148 0.23743 0.217572 0.946725 0.376373 
1535136195006 0.248806 0.928366 -0.276103 -0.625884 -0.938904 0.301176 0.16659 -0.241346 0.237812 0.217786 0.946581 0.376451 
1535136195284 0.248525 0.928445 -0.276088 -0.624878 -0.938837 0.301034 0.167226 -0.240992 0.238372 0.217642 0.946473 0.376779 
1535136195487 0.248676 0.928318 -0.27638 -0.624391 -0.938669 0.301348 0.167602 -0.240828 0.238874 0.217751 0.946321 0.376855 
1535136195696 0.248551 0.928335 -0.276436 -0.623913 -0.938616 0.301316 0.167955 -0.240591 0.239214 0.217722 0.946242 0.377027 
1535136195862 0.248872 0.928199 -0.276605 -0.623625 -0.938485 0.301695 0.168003 -0.240708 0.23939 0.217778 0.946184 0.377066 
1535136196134 0.248502 0.928275 -0.276681 -0.62328 -0.938509 0.301423 0.168361 -0.240244 0.239683 0.217829 0.946099 0.377237 
1535136196325 0.248359 0.928206 -0.27704 -0.622944 -0.938525 0.301372 0.168364 -0.240049 0.239768 0.218194 0.945993 0.377393 
1535136196594 0.24868 0.927954 -0.277595 -0.62204 -0.938334 0.301875 0.168524 -0.239898 0.240181 0.218568 0.945802 0.377653 
1535136196793 0.248633 0.927814 -0.278105 -0.621676 -0.93828 0.301984 0.168633 -0.239691 0.240443 0.219013 0.945632 0.37775 
1535136196991 0.248661 0.927694 -0.27848 -0.621276 -0.938179 0.302164 0.168868 -0.239537 0.240805 0.219273 0.94548 0.377884 
1535136197257 0.248736 0.927578 -0.278799 -0.620397 -0.938057 0.302387 0.16915 -0.239197 0.241205 0.219455 0.945336 0.378173 
1535136197418 0.248848 0.927441 -0.279155 -0.620216 -0.937988 0.302594 0.169162 -0.23916 0.241359 0.219748 0.945228 0.378202 
1535136197437 0.248834 0.927444 -0.279158 -0.620215 -0.937995 0.302578 0.169149 -0.239155 0.241343 0.219759 0.94523 0.3782 
1535136197606 0.248714 0.92746 -0.279211 -0.620176 -0.938023 0.302477 0.169176 -0.239105 0.241359 0.219829 0.94521 0.378208 
1535136197709 0.248543 0.927503 -0.279221 -0.619916 -0.93803 0.302351 0.169365 -0.23905 0.24151 0.219822 0.945173 0.378334 
1535136197836 0.248707 0.927406 -0.279398 -0.619666 -0.937914 0.302605 0.169551 -0.239001 0.241789 0.219883 0.945087 0.378422 
1535136198094 0.248215 0.927386 -0.2799 -0.619007 -0.937901 0.302357 0.170064 -0.238626 0.242345 0.220306 0.944846 0.378696 
1535136198223 0.248472 0.927165 -0.280404 -0.618743 -0.937773 0.302749 0.17007 -0.238721 0.242575 0.220698 0.944696 0.37871 
1535136198333 0.248169 0.927183 -0.280611 -0.618564 -0.937809 0.302539 0.17025 -0.238526 0.242748 0.220909 0.944602 0.378766 
1535136198637 0.248288 0.927069 -0.280885 -0.618338 -0.937752 0.302726 0.17023 -0.238514 0.242846 0.221135 0.944524 0.378784 
1535136198842 0.24825 0.927138 -0.280688 -0.618363 -0.937694 0.302716 0.170567 -0.238374 0.243108 0.220856 0.944521 0.378826 
1535136199037 0.248504 0.927064 -0.28071 -0.61788 -0.937486 0.303089 0.171045 -0.238278 0.24365 0.220657 0.944429 0.379003 
1535136199098 0.248553 0.92703 -0.280778 -0.617669 -0.937411 0.303205 0.171251 -0.238178 0.243888 0.22064 0.944371 0.379069 
1535136199240 0.248683 0.926994 -0.280782 -0.617436 -0.937314 0.303387 0.171461 -0.23802 0.244129 0.220542 0.944332 0.379128 
1535136199297 0.248785 0.926954 -0.280824 -0.617228 -0.937244 0.30353 0.171589 -0.23798 0.244294 0.220511 0.944296 0.379201 
1535136199448 0.249024 0.926805 -0.281105 -0.616966 -0.937122 0.303864 0.171667 -0.238047 0.24452 0.22068 0.944198 0.379223 
1535136199545 0.249164 0.926778 -0.281071 -0.61672 -0.937007 0.304061 0.171945 -0.237911 0.244817 0.220523 0.944158 0.37932 
1535136200054 0.249432 0.926648 -0.281259 -0.616495 -0.936847 0.304432 0.172159 -0.23786 0.245155 0.220555 0.944063 0.379327 
1535136200074 0.249432 0.926648 -0.28126 -0.616495 -0.936847 0.304432 0.172158 -0.23786 0.245155 0.220555 0.944063 0.379327 
1535136200271 0.249268 0.926691 -0.281265 -0.616425 -0.937112 0.304076 0.171341 -0.237645 0.244306 0.220867 0.94421 0.379398 
1535136200324 0.249281 0.926702 -0.281217 -0.616293 -0.937196 0.304001 0.171019 -0.237425 0.243974 0.220924 0.944282 0.379415 
1535136200476 0.249749 0.926574 -0.281222 -0.616092 -0.937144 0.304384 0.170622 -0.237364 0.243694 0.220932 0.944353 0.379552 
1535136200676 0.25002 0.926439 -0.281428 -0.615782 -0.937241 0.304526 0.169835 -0.237162 0.243044 0.221304 0.944433 0.379603 
1535136200890 0.250503 0.926294 -0.281474 -0.615368 -0.937361 0.304768 0.168731 -0.237015 0.242079 0.221575 0.944617 0.379746 
1535136201348 0.250563 0.926241 -0.281594 -0.615252 -0.937418 0.304781 0.168394 -0.236881 0.241798 0.221778 0.944642 0.379752 
1535136201556 0.250571 0.92626 -0.281524 -0.615152 -0.937407 0.304785 0.168449 -0.236893 0.241832 0.221694 0.944653 0.379816 
1535136201631 0.250714 0.926202 -0.281588 -0.614914 -0.937309 0.304987 0.168628 -0.236858 0.242064 0.221658 0.944602 0.37996 
1535136201764 0.250732 0.926185 -0.281627 -0.614679 -0.937286 0.305028 0.16868 -0.236755 0.242133 0.221672 0.944581 0.380094 
1535136201975 0.250852 0.926042 -0.281994 -0.614297 -0.937272 0.305192 0.168458 -0.236484 0.242062 0.222047 0.944511 0.380173 
1535136202173 0.25107 0.925894 -0.282284 -0.613804 -0.937216 0.305452 0.168303 -0.236466 0.242055 0.222306 0.944452 0.380316 
1535136202254 0.251169 0.925847 -0.282349 -0.613594 -0.937186 0.305561 0.168272 -0.236354 0.242069 0.222348 0.944438 0.380383 
1535136202382 0.251092 0.925828 -0.282481 -0.613461 -0.937201 0.305517 0.168266 -0.236169 0.242088 0.222491 0.9444 0.380432 
1535136202399 0.251116 0.925821 -0.282481 -0.613438 -0.937192 0.305543 0.168273 -0.236153 0.2421 0.222483 0.944399 0.380445 
1535136202715 0.251555 0.925861 -0.281962 -0.61249 -0.937062 0.305877 0.168383 -0.235915 0.242145 0.221858 0.944534 0.380742 
1535136203054 0.252095 0.925868 -0.281456 -0.610875 -0.936924 0.306296 0.168395 -0.235179 0.24212 0.221251 0.944683 0.381182 
1535136203089 0.252426 0.925718 -0.281652 -0.610738 -0.936816 0.306665 0.168324 -0.235214 0.242193 0.221367 0.944637 0.381165 
1535136203109 0.25251 0.925642 -0.281826 -0.610674 -0.936789 0.306781 0.168261 -0.23524 0.242208 0.221524 0.944596 0.38114 
1535136203318 0.252326 0.925854 -0.281292 -0.610442 -0.936863 0.306485 0.168387 -0.234816 0.242114 0.221044 0.944733 0.381296 
1535136203603 0.252694 0.9257 -0.281469 -0.609771 -0.936826 0.306812 0.167996 -0.234428 0.241872 0.221236 0.94475 0.381314 
1535136203729 0.253261 0.925475 -0.2817 -0.609519 -0.936677 0.307393 0.167769 -0.234486 0.241859 0.221373 0.944721 0.381344 
1535136203827 0.253155 0.925588 -0.281425 -0.609331 -0.936706 0.307241 0.167883 -0.234201 0.241856 0.221113 0.944783 0.381463 
1535136203954 0.253472 0.925489 -0.281463 -0.609071 -0.936637 0.307536 0.16773 -0.234163 0.241792 0.221114 0.944799 0.381479 
1535136204694 0.253667 0.925393 -0.281603 -0.60886 -0.936606 0.307728 0.167551 -0.234058 0.241707 0.221249 0.944789 0.381473 
1535136205021 0.253557 0.925784 -0.280416 -0.607834 -0.936293 0.307718 0.169309 -0.233568 0.243033 0.219622 0.944829 0.381865 
1535136205309 0.254188 0.925751 -0.279952 -0.606695 -0.935744 0.308575 0.170774 -0.233209 0.24448 0.218555 0.944703 0.382039 
1535136205532 0.254489 0.925852 -0.279343 -0.605945 -0.935428 0.308959 0.171808 -0.23283 0.245375 0.217582 0.944695 0.382164 
1535136205680 0.254799 0.925752 -0.279392 -0.605684 -0.935215 0.309378 0.172214 -0.232781 0.245865 0.217412 0.944607 0.38222 
1535136205696 0.254786 0.925756 -0.279392 -0.605683 -0.935219 0.309365 0.172216 -0.232774 0.245864 0.217415 0.944607 0.382216 
1535136205958 0.254413 0.926022 -0.278851 -0.605006 -0.9354 0.308838 0.172178 -0.232408 0.24556 0.217033 0.944773 0.382424 
1535136206252 0.254498 0.926185 -0.27823 -0.603764 -0.935335 0.308841 0.172528 -0.231997 0.245722 0.21633 0.944893 0.382769 
1535136206422 0.254633 0.92612 -0.278325 -0.603367 -0.935269 0.309013 0.172579 -0.23188 0.245835 0.216365 0.944855 0.382751 
1535136206670 0.254767 0.926282 -0.277662 -0.602546 -0.935204 0.309042 0.172875 -0.231573 0.245941 0.215628 0.944996 0.383031 
1535136206701 0.254842 0.926273 -0.277622 -0.602406 -0.935175 0.309114 0.172905 -0.231557 0.245974 0.215562 0.945003 0.383069 
1535136206718 0.254866 0.926254 -0.277664 -0.602351 -0.935165 0.309148 0.172897 -0.231576 0.245986 0.215596 0.944992 0.38307 
1535136206883 0.255052 0.926325 -0.277256 -0.602209 -0.935149 0.309219 0.172857 -0.231548 0.245854 0.215188 0.945119 0.382971 
1535136206941 0.254795 0.926601 -0.276567 -0.602038 -0.93525 0.308818 0.173028 -0.231283 0.245737 0.214572 0.945289 0.383016 
1535136207048 0.25501 0.926679 -0.276109 -0.601806 -0.935239 0.308897 0.17295 -0.231268 0.245558 0.214123 0.945438 0.383046 
1535136207257 0.255237 0.926935 -0.275038 -0.60127 -0.935241 0.308858 0.173007 -0.231125 0.245314 0.213069 0.945739 0.383116 
1535136207315 0.255146 0.927049 -0.274737 -0.601181 -0.935282 0.308701 0.173067 -0.230976 0.245253 0.212799 0.945816 0.383129 
1535136207405 0.255152 0.927178 -0.274298 -0.601007 -0.935312 0.308598 0.173089 -0.230831 0.245132 0.21239 0.945939 0.383143 
1535136207467 0.255323 0.927275 -0.273811 -0.600764 -0.93531 0.308631 0.17304 -0.230803 0.244962 0.211917 0.946089 0.383158 
1535136207672 0.255459 0.927431 -0.273154 -0.600846 -0.935406 0.308524 0.172712 -0.230701 0.244453 0.211389 0.946339 0.383008 
1535136207915 0.256581 0.928001 -0.27015 -0.60073 -0.93555 0.308651 0.171698 -0.230633 0.242718 0.208684 0.947385 0.382842 
1535136208176 0.257836 0.928547 -0.26706 -0.600544 -0.935676 0.308881 0.170597 -0.230453 0.240897 0.205896 0.948459 0.382604 
1535136208306 0.258063 0.928752 -0.266127 -0.600577 -0.935756 0.308806 0.170294 -0.230269 0.240343 0.205084 0.948776 0.382438 
1535136208333 0.258181 0.9288 -0.265844 -0.600547 -0.935747 0.308847 0.170268 -0.23028 0.24025 0.204803 0.94886 0.38244 
1535136208352 0.258269 0.928845 -0.265601 -0.600521 -0.935745 0.308868 0.170242 -0.230286 0.240164 0.204567 0.948933 0.382443 
1535136208522 0.258576 0.928924 -0.265025 -0.6006 -0.935817 0.308923 0.169745 -0.230284 0.239552 0.204123 0.949183 0.382267 
1535136208774 0.25944 0.929504 -0.262134 -0.600916 -0.936102 0.308781 0.168428 -0.230257 0.237496 0.201687 0.95022 0.382035 
1535136208981 0.260175 0.92991 -0.259953 -0.60108 -0.936327 0.308729 0.167266 -0.230295 0.235798 0.199883 0.951024 0.38185 
1535136209124 0.260269 0.93013 -0.25907 -0.601223 -0.936478 0.308511 0.166821 -0.230159 0.235092 0.199195 0.951343 0.381737 
1535136209269 0.260734 0.930239 -0.25821 -0.60134 -0.936524 0.308655 0.166299 -0.230221 0.234396 0.19846 0.951668 0.3816 
1535136209391 0.260986 0.93038 -0.257449 -0.601374 -0.936597 0.30864 0.165912 -0.230229 0.233821 0.197825 0.951942 0.381507 
1535136210699 0.249892 0.928785 -0.273701 -0.572957 -0.938332 0.302039 0.16824 -0.216957 0.238927 0.214781 0.946986 0.401951 
1535136212985 0.213179 0.920128 -0.32851 -0.472753 -0.944008 0.280642 0.173461 -0.171094 0.2518 0.273138 0.928435 0.473696 
