1534195987069 0.0196447 0.683499 -0.729687 -0.516188 -0.962896 0.20941 0.170232 -0.262734 0.269157 0.699268 0.662253 0.448091 
1534195991462 0.0196459 0.683497 -0.729689 -0.516188 -0.962896 0.209412 0.170231 -0.262735 0.269158 0.69927 0.662251 0.448091 
1534195992221 0.030265 0.701475 -0.712051 -0.526168 -0.962372 0.212913 0.168846 -0.260477 0.270046 0.680147 0.681524 0.445063 
1534195992970 0.0406222 0.719049 -0.693771 -0.536609 -0.961864 0.216113 0.167667 -0.258332 0.270494 0.660503 0.700406 0.441658 
1534195993707 0.0508764 0.736032 -0.675032 -0.547072 -0.961255 0.219447 0.166829 -0.256207 0.270926 0.64039 0.718679 0.438211 
1534195994437 0.0610577 0.75259 -0.655652 -0.557525 -0.960645 0.222645 0.166103 -0.254105 0.270985 0.619707 0.736566 0.434815 
1534195995210 0.0712282 0.768444 -0.635941 -0.568015 -0.959975 0.225952 0.165509 -0.251952 0.270877 0.598698 0.753781 0.431352 
1534195995933 0.0814029 0.783762 -0.615703 -0.578467 -0.95934 0.229125 0.16483 -0.249849 0.270261 0.57725 0.770546 0.427896 
1534195996664 0.0916844 0.798469 -0.595013 -0.588957 -0.958554 0.232636 0.164481 -0.247694 0.269754 0.555272 0.786705 0.424504 
1534195997441 0.101839 0.812544 -0.573934 -0.599407 -0.95788 0.235814 0.163886 -0.245585 0.268506 0.53307 0.802335 0.421069 
1534195998139 0.112223 0.825715 -0.552812 -0.608644 -0.957053 0.239474 0.163407 -0.242105 0.267312 0.510732 0.817127 0.418119 
1534195998166 0.112314 0.825945 -0.552449 -0.608748 -0.957033 0.239494 0.163492 -0.242013 0.267344 0.51035 0.817355 0.418084 
1534195998433 0.113784 0.827283 -0.550142 -0.609303 -0.956947 0.240093 0.163121 -0.242029 0.267033 0.507896 0.818984 0.417742 
1534195998705 0.11554 0.828986 -0.547204 -0.610226 -0.956886 0.240692 0.162594 -0.241908 0.266496 0.504826 0.821055 0.417049 
1534195998990 0.117101 0.830808 -0.544101 -0.611167 -0.956783 0.241222 0.162412 -0.24167 0.266182 0.501568 0.82315 0.416484 
1534195999378 0.120624 0.834215 -0.538085 -0.612947 -0.956639 0.242452 0.16143 -0.241439 0.265127 0.49528 0.827288 0.415214 
1534195999654 0.122144 0.835942 -0.535052 -0.613865 -0.956544 0.24296 0.161225 -0.241224 0.264771 0.492109 0.829292 0.414522 
1534195999929 0.124011 0.837637 -0.531965 -0.614773 -0.956358 0.243837 0.161004 -0.241101 0.264575 0.488783 0.831319 0.413933 
1534196000216 0.125504 0.839325 -0.528945 -0.615761 -0.956304 0.24426 0.160685 -0.240817 0.264067 0.485666 0.833305 0.413253 
1534196000494 0.127201 0.841044 -0.525799 -0.616569 -0.95621 0.244858 0.160337 -0.2407 0.263597 0.482379 0.835361 0.412683 
1534196000524 0.12757 0.841177 -0.525497 -0.616667 -0.956154 0.245124 0.160261 -0.240771 0.263619 0.482011 0.835566 0.412603 
1534196000666 0.127219 0.841333 -0.525333 -0.616789 -0.956206 0.244787 0.16047 -0.240644 0.263603 0.481911 0.835629 0.412507 
1534196000827 0.127244 0.84208 -0.524129 -0.616943 -0.956015 0.244919 0.161399 -0.240834 0.26428 0.480538 0.836205 0.412651 
1534196000993 0.127574 0.842672 -0.523096 -0.617161 -0.955877 0.245171 0.161833 -0.241038 0.26462 0.479369 0.836768 0.412552 
1534196001226 0.127557 0.843975 -0.520995 -0.617712 -0.955658 0.245152 0.163152 -0.241123 0.265419 0.477082 0.837822 0.412353 
1534196001390 0.127594 0.844629 -0.519924 -0.617945 -0.955458 0.245325 0.164058 -0.241249 0.266119 0.475833 0.83831 0.412368 
1534196001631 0.127807 0.845927 -0.517757 -0.618434 -0.955245 0.245413 0.165163 -0.241502 0.26678 0.473476 0.839434 0.412188 
1534196001814 0.127678 0.84655 -0.51677 -0.618745 -0.955091 0.245413 0.166052 -0.241516 0.267393 0.472362 0.839866 0.412165 
1534196001839 0.127805 0.846676 -0.516532 -0.618801 -0.955084 0.245457 0.166026 -0.241631 0.267357 0.472113 0.840018 0.412122 
1534196001856 0.127894 0.846691 -0.516486 -0.618827 -0.955063 0.245541 0.166026 -0.241665 0.267391 0.472043 0.840046 0.412107 
1534196002016 0.127211 0.846758 -0.516544 -0.618868 -0.955065 0.245128 0.166625 -0.241659 0.267711 0.472137 0.839892 0.41213 
1534196002139 0.126819 0.846637 -0.51684 -0.61882 -0.95502 0.245022 0.167033 -0.242 0.268054 0.472409 0.839629 0.412262 
1534196002247 0.126199 0.846894 -0.516569 -0.618865 -0.955101 0.244444 0.167422 -0.24206 0.268061 0.472247 0.839718 0.412261 
1534196002370 0.125658 0.846852 -0.51677 -0.618963 -0.955036 0.244261 0.168055 -0.242196 0.268544 0.472417 0.839468 0.412214 
1534196002485 0.125371 0.846806 -0.516915 -0.619 -0.955003 0.24417 0.168373 -0.242485 0.268794 0.472546 0.839315 0.412169 
1534196002598 0.124805 0.846922 -0.516863 -0.619089 -0.955022 0.243775 0.168841 -0.2426 0.268993 0.472543 0.839253 0.412202 
1534196002712 0.124306 0.847042 -0.516786 -0.619127 -0.954992 0.243502 0.169403 -0.242734 0.269329 0.472468 0.839187 0.412264 
1534196002832 0.123828 0.847129 -0.516758 -0.619163 -0.955039 0.243115 0.169691 -0.242919 0.269382 0.472512 0.839146 0.412252 
1534196002845 0.123751 0.847154 -0.516736 -0.619167 -0.955054 0.243036 0.169719 -0.242946 0.269364 0.472508 0.839154 0.412259 
1534196002862 0.123642 0.847188 -0.516707 -0.619173 -0.955078 0.242921 0.169753 -0.242974 0.269332 0.472506 0.839165 0.412267 
1534196002878 0.123554 0.847219 -0.516676 -0.619177 -0.955095 0.24283 0.169786 -0.242996 0.26931 0.472497 0.839177 0.412274 
1534196003024 0.123316 0.846987 -0.517113 -0.619029 -0.955119 0.242727 0.169797 -0.243267 0.269333 0.472966 0.838906 0.412299 
1534196003063 0.122871 0.846956 -0.517271 -0.618934 -0.955303 0.242158 0.169578 -0.2434 0.268886 0.473314 0.838853 0.4123 
1534196003126 0.122876 0.846817 -0.517497 -0.61878 -0.955422 0.241995 0.169135 -0.243791 0.268458 0.473645 0.838803 0.41228 
1534196003180 0.122602 0.846761 -0.517653 -0.618727 -0.955531 0.241663 0.168995 -0.243948 0.268196 0.473914 0.838735 0.412252 
1534196003293 0.122025 0.846617 -0.518024 -0.618603 -0.955746 0.240997 0.168732 -0.244275 0.267694 0.47451 0.838558 0.412189 
1534196003316 0.121899 0.846597 -0.518087 -0.618549 -0.955795 0.240843 0.168673 -0.244384 0.267576 0.474624 0.838531 0.412201 
1534196003337 0.121769 0.846587 -0.518135 -0.618513 -0.955833 0.240703 0.168655 -0.244456 0.267498 0.474713 0.838506 0.41222 
1534196003448 0.121547 0.846571 -0.518212 -0.61839 -0.955872 0.240512 0.16871 -0.244564 0.267461 0.474838 0.838447 0.412289 
1534196003606 0.120982 0.846773 -0.518014 -0.617827 -0.955885 0.240096 0.169227 -0.244651 0.26767 0.474688 0.838465 0.412251 
1534196003652 0.120907 0.846792 -0.518001 -0.617554 -0.955921 0.239983 0.169185 -0.244884 0.267576 0.474712 0.838482 0.412265 
1534196003748 0.120276 0.846942 -0.517903 -0.617252 -0.956058 0.239324 0.169343 -0.244975 0.267371 0.474777 0.83851 0.412294 
1534196003888 0.119726 0.846924 -0.518059 -0.616719 -0.956145 0.238856 0.169513 -0.24531 0.267306 0.475044 0.83838 0.41228 
1534196003950 0.119413 0.846976 -0.518046 -0.616432 -0.95619 0.238577 0.169652 -0.24547 0.267285 0.475092 0.838359 0.412302 
1534196003967 0.119284 0.847009 -0.518022 -0.61638 -0.956208 0.23846 0.169717 -0.245468 0.267279 0.475092 0.838361 0.41231 
1534196003984 0.119158 0.847047 -0.51799 -0.616316 -0.956224 0.238345 0.169785 -0.245469 0.267276 0.475083 0.838367 0.412322 
1534196004052 0.118935 0.847083 -0.517981 -0.616115 -0.956254 0.23815 0.169892 -0.24558 0.26727 0.475115 0.838351 0.412323 
1534196004137 0.118551 0.847112 -0.518022 -0.615884 -0.956191 0.238029 0.170416 -0.245735 0.267666 0.475124 0.83822 0.41233 
1534196004216 0.117883 0.84732 -0.517834 -0.615626 -0.956044 0.237829 0.171514 -0.245685 0.268483 0.474853 0.838112 0.41244 
1534196004307 0.117213 0.847502 -0.517689 -0.615306 -0.955967 0.237513 0.172382 -0.245658 0.269052 0.474688 0.838023 0.412438 
1534196004375 0.11682 0.847583 -0.517645 -0.615027 -0.955976 0.237238 0.172707 -0.245844 0.269189 0.47468 0.837983 0.412467 
1534196004460 0.116531 0.84768 -0.517552 -0.614728 -0.95588 0.237205 0.173284 -0.246023 0.269655 0.474524 0.837922 0.41254 
1534196004538 0.115587 0.84793 -0.517353 -0.614417 -0.955845 0.236624 0.174267 -0.245907 0.270184 0.474366 0.837841 0.412596 
1534196004611 0.115289 0.847978 -0.517341 -0.614157 -0.955749 0.2366 0.174825 -0.246055 0.270651 0.474293 0.837732 0.412622 
1534196004632 0.115229 0.847978 -0.517354 -0.614093 -0.955717 0.236621 0.174973 -0.246094 0.27079 0.474282 0.837693 0.412618 
1534196004653 0.115137 0.847979 -0.517373 -0.61403 -0.955694 0.236606 0.175117 -0.246127 0.270909 0.474288 0.837651 0.41261 
1534196004669 0.115031 0.847983 -0.517391 -0.613982 -0.955687 0.236554 0.175225 -0.246152 0.270979 0.474307 0.837618 0.412603 
1534196004758 0.114565 0.848141 -0.517235 -0.613811 -0.955704 0.236194 0.175618 -0.246096 0.271117 0.474204 0.837632 0.4127 
1534196004836 0.11386 0.848047 -0.517545 -0.61363 -0.955751 0.235725 0.175992 -0.246038 0.271248 0.474605 0.837362 0.412778 
1534196004884 0.113563 0.847986 -0.517709 -0.613422 -0.955783 0.235513 0.176103 -0.246194 0.271261 0.474819 0.837236 0.412826 
1534196004963 0.113206 0.847937 -0.517868 -0.613219 -0.955695 0.235471 0.176637 -0.246216 0.27172 0.474928 0.837026 0.412921 
1534196005023 0.112386 0.848012 -0.517925 -0.613021 -0.955756 0.234849 0.177133 -0.246123 0.271845 0.475102 0.836886 0.412999 
1534196005105 0.112142 0.847906 -0.518151 -0.612777 -0.955717 0.234809 0.177399 -0.24632 0.272084 0.475311 0.836689 0.413016 
1534196005160 0.111535 0.847979 -0.518162 -0.612612 -0.955721 0.234412 0.177897 -0.246213 0.272317 0.475377 0.836577 0.413063 
1534196005180 0.111349 0.848018 -0.518138 -0.61255 -0.955717 0.234295 0.178077 -0.246168 0.27241 0.475364 0.836553 0.41309 
1534196005196 0.111224 0.848042 -0.518125 -0.612497 -0.955709 0.234226 0.178211 -0.246145 0.272489 0.475355 0.836533 0.413112 
1534196005215 0.111123 0.848046 -0.518141 -0.612444 -0.955695 0.234188 0.178335 -0.246143 0.272579 0.475367 0.836497 0.41313 
1534196005230 0.11102 0.848046 -0.518162 -0.612406 -0.955698 0.23412 0.178406 -0.246156 0.272609 0.4754 0.836468 0.41314 
1534196005275 0.11093 0.848051 -0.518174 -0.612268 -0.955712 0.23404 0.178436 -0.246281 0.272596 0.475431 0.836455 0.4132 
1534196005358 0.110919 0.847971 -0.518308 -0.612078 -0.955707 0.23407 0.178424 -0.24639 0.272619 0.47556 0.836374 0.413194 
1534196005391 0.110521 0.848025 -0.518303 -0.611938 -0.955771 0.2337 0.178566 -0.246351 0.272556 0.475644 0.836347 0.41323 
1534196005501 0.109874 0.847918 -0.518616 -0.611619 -0.955876 0.233165 0.178704 -0.246463 0.27245 0.476097 0.836124 0.413227 
1534196005535 0.109709 0.847899 -0.518683 -0.611421 -0.955895 0.23304 0.178768 -0.24656 0.272451 0.476193 0.836068 0.413256 
1534196005560 0.109597 0.847876 -0.518743 -0.611303 -0.955905 0.232963 0.178815 -0.246618 0.272461 0.476271 0.836021 0.413262 
1534196005576 0.109506 0.847862 -0.518786 -0.611257 -0.955911 0.232901 0.17886 -0.246625 0.272475 0.476327 0.835985 0.41326 
1534196005592 0.109393 0.847832 -0.518859 -0.611234 -0.955918 0.232831 0.178915 -0.246616 0.272496 0.476414 0.835928 0.413248 
1534196005608 0.109251 0.84781 -0.518924 -0.611226 -0.955927 0.232737 0.178987 -0.246581 0.27252 0.476499 0.835872 0.413235 
1534196005626 0.109125 0.847802 -0.518964 -0.611217 -0.955936 0.232649 0.179057 -0.246544 0.272541 0.476556 0.835832 0.413225 
1534196005644 0.109039 0.847822 -0.518949 -0.611204 -0.955943 0.232577 0.17911 -0.24651 0.272549 0.476556 0.83583 0.413222 
1534196005737 0.109115 0.848169 -0.518366 -0.611041 -0.956021 0.232368 0.178968 -0.246481 0.272247 0.476041 0.836222 0.413307 
1534196005769 0.109166 0.848204 -0.518297 -0.610919 -0.956048 0.232339 0.178862 -0.246484 0.272132 0.475991 0.836287 0.413258 
1534196005801 0.109152 0.848245 -0.518234 -0.610787 -0.95608 0.232261 0.178791 -0.246497 0.272024 0.475958 0.836342 0.413236 
1534196005831 0.109119 0.848277 -0.518189 -0.610665 -0.956114 0.23217 0.178727 -0.246515 0.271918 0.475945 0.836383 0.413221 
1534196005851 0.109108 0.848288 -0.518173 -0.610601 -0.95613 0.232132 0.178692 -0.246534 0.271867 0.475944 0.836401 0.413217 
1534196005867 0.10911 0.848298 -0.518156 -0.610563 -0.956137 0.232118 0.178673 -0.246551 0.271841 0.475933 0.836415 0.413222 
1534196005884 0.10911 0.848323 -0.518115 -0.610487 -0.956149 0.232087 0.178646 -0.246583 0.271798 0.475903 0.836446 0.413238 
1534196005901 0.109093 0.84835 -0.518073 -0.610431 -0.95616 0.232049 0.178639 -0.246593 0.271767 0.475873 0.836473 0.413253 
1534196005918 0.109041 0.848387 -0.518025 -0.61038 -0.956174 0.23198 0.178654 -0.246581 0.27174 0.475841 0.8365 0.413266 
1534196006042 0.108767 0.848122 -0.518516 -0.61027 -0.956224 0.231817 0.178594 -0.246506 0.27167 0.476393 0.836209 0.413192 
1534196006066 0.10875 0.848111 -0.518537 -0.610179 -0.956214 0.231829 0.178636 -0.246442 0.271715 0.476406 0.836187 0.413212 
1534196006092 0.10868 0.848142 -0.518502 -0.610073 -0.956216 0.231773 0.178697 -0.246374 0.271736 0.476379 0.836195 0.413249 
1534196006173 0.10867 0.848071 -0.51862 -0.609941 -0.956265 0.231704 0.178521 -0.246456 0.271565 0.476539 0.83616 0.413242 
1534196006197 0.108688 0.848053 -0.518646 -0.609871 -0.956268 0.231716 0.178489 -0.246491 0.271547 0.476565 0.836151 0.413256 
1534196006213 0.108677 0.848054 -0.518646 -0.609799 -0.956273 0.2317 0.178483 -0.246506 0.271534 0.47657 0.836152 0.413275 
1534196006234 0.108657 0.848058 -0.518644 -0.609723 -0.956282 0.231672 0.178474 -0.246517 0.271512 0.476578 0.836155 0.413291 
1534196006250 0.108647 0.848055 -0.51865 -0.609662 -0.956293 0.231647 0.178445 -0.246529 0.271475 0.476594 0.836158 0.413297 
1534196006395 0.108387 0.847737 -0.519224 -0.609733 -0.956363 0.231477 0.178293 -0.246476 0.271334 0.477242 0.835834 0.413202 
1534196006417 0.108168 0.847723 -0.519294 -0.60966 -0.956377 0.231325 0.178417 -0.246399 0.271374 0.477342 0.835764 0.413246 
1534196006444 0.107985 0.847719 -0.519339 -0.60956 -0.956391 0.231191 0.178514 -0.24635 0.271396 0.477414 0.835715 0.413298 
1534196006503 0.108102 0.847659 -0.519412 -0.609413 -0.956397 0.23127 0.178376 -0.246481 0.271326 0.477482 0.835699 0.413343 
1534196006554 0.107968 0.847573 -0.51958 -0.609322 -0.95641 0.231197 0.178402 -0.24646 0.271333 0.47767 0.835589 0.413384 
1534196006574 0.107829 0.847548 -0.519649 -0.609279 -0.956421 0.231102 0.178466 -0.246407 0.27135 0.477759 0.835533 0.413421 
1534196006591 0.107716 0.847524 -0.519712 -0.609245 -0.95643 0.231027 0.178519 -0.246365 0.271366 0.477839 0.835482 0.413449 
1534196006608 0.107611 0.847507 -0.519761 -0.609213 -0.956442 0.230948 0.178556 -0.246328 0.271366 0.477907 0.835444 0.413476 
1534196006624 0.107518 0.847533 -0.519739 -0.609179 -0.95646 0.230851 0.178585 -0.246288 0.271339 0.477908 0.835451 0.413501 
1534196006641 0.107438 0.847553 -0.519721 -0.609148 -0.956476 0.230767 0.178605 -0.246258 0.271312 0.477912 0.835458 0.41352 
1534196006713 0.107708 0.847451 -0.519833 -0.609128 -0.956443 0.231024 0.17845 -0.246487 0.271322 0.47797 0.835421 0.413445 
1534196006729 0.107631 0.847471 -0.519815 -0.609094 -0.956444 0.230968 0.178517 -0.246557 0.271349 0.477961 0.835418 0.413407 
1534196006744 0.107553 0.847484 -0.519811 -0.609059 -0.956439 0.230926 0.1786 -0.246604 0.271399 0.477958 0.835403 0.413376 
1534196006768 0.107418 0.847478 -0.519849 -0.608989 -0.95641 0.230897 0.178791 -0.246669 0.271553 0.477984 0.835339 0.413331 
1534196006793 0.107296 0.847467 -0.519891 -0.608917 -0.956375 0.230889 0.17899 -0.246672 0.271725 0.478006 0.83527 0.41333 
1534196006810 0.107182 0.847476 -0.5199 -0.608867 -0.956361 0.230842 0.179127 -0.246649 0.271821 0.478013 0.835235 0.413333 
1534196006827 0.107092 0.847486 -0.519902 -0.608821 -0.956354 0.230796 0.179223 -0.246637 0.271881 0.478017 0.835213 0.41334 
1534196006844 0.106963 0.847461 -0.519969 -0.608772 -0.95635 0.230732 0.179324 -0.246634 0.271944 0.478092 0.835149 0.413352 
1534196006861 0.106711 0.847421 -0.520086 -0.608718 -0.956368 0.230562 0.179447 -0.246633 0.271979 0.478245 0.83505 0.413359 
1534196006877 0.106585 0.847404 -0.520141 -0.608678 -0.956376 0.230478 0.179514 -0.246639 0.272002 0.478317 0.835002 0.413364 
1534196006894 0.106505 0.847396 -0.52017 -0.608637 -0.956383 0.23042 0.17955 -0.246658 0.272008 0.478359 0.834976 0.413367 
1534196006968 0.106605 0.847381 -0.520174 -0.608632 -0.95639 0.230473 0.179445 -0.246734 0.271944 0.478359 0.834996 0.413412 
1534196006989 0.106527 0.847268 -0.520373 -0.608656 -0.956414 0.230422 0.179382 -0.246743 0.27189 0.478583 0.834885 0.413402 
1534196007028 0.106291 0.847069 -0.520746 -0.608631 -0.956481 0.23023 0.179272 -0.246755 0.271747 0.479029 0.834677 0.413414 
1534196007048 0.106177 0.84702 -0.520849 -0.608571 -0.956503 0.230138 0.17927 -0.246758 0.271712 0.47916 0.834613 0.413443 
1534196007065 0.106093 0.846988 -0.520917 -0.608501 -0.956517 0.230074 0.17928 -0.246784 0.271698 0.479246 0.834568 0.413473 
1534196007082 0.106008 0.846975 -0.520957 -0.608434 -0.956534 0.229996 0.179286 -0.246822 0.271669 0.479308 0.834542 0.413498 
1534196007098 0.105922 0.846972 -0.52098 -0.608383 -0.956555 0.22991 0.17929 -0.246848 0.271632 0.479355 0.834527 0.413515 
1534196007115 0.10586 0.846945 -0.521036 -0.608327 -0.956574 0.229847 0.179267 -0.246904 0.271588 0.479433 0.834497 0.413531 
1534196007229 0.105727 0.84715 -0.520729 -0.608327 -0.956633 0.229591 0.179281 -0.246803 0.271433 0.479192 0.834685 0.41356 
1534196007258 0.105539 0.847265 -0.52058 -0.608224 -0.95665 0.229407 0.179424 -0.246718 0.271444 0.479076 0.834748 0.413621 
1534196007287 0.105441 0.847333 -0.520489 -0.608085 -0.956667 0.229294 0.179479 -0.246708 0.271423 0.47901 0.834793 0.413668 
1534196007311 0.105408 0.847233 -0.520659 -0.608007 -0.956672 0.229299 0.179443 -0.246779 0.271417 0.479185 0.834694 0.413669 
1534196007331 0.105377 0.847154 -0.520794 -0.607966 -0.956682 0.22929 0.179402 -0.246846 0.271394 0.47933 0.834619 0.413669 
1534196007348 0.105347 0.847082 -0.520916 -0.60792 -0.956696 0.229273 0.179353 -0.246914 0.271359 0.479464 0.834553 0.413668 
1534196007381 0.105335 0.847057 -0.520959 -0.607802 -0.956732 0.229211 0.17924 -0.247034 0.271236 0.479538 0.83455 0.41368 
1534196007487 0.104513 0.847291 -0.520744 -0.607636 -0.956847 0.228424 0.179626 -0.246907 0.271146 0.4795 0.834602 0.413668 
1534196007536 0.104134 0.847482 -0.52051 -0.607567 -0.956754 0.228293 0.180291 -0.246869 0.271622 0.479226 0.834604 0.413636 
1534196007616 0.103851 0.847582 -0.520404 -0.607396 -0.956696 0.228187 0.180731 -0.246995 0.271934 0.479099 0.834576 0.413798 
1534196007675 0.103321 0.84768 -0.520349 -0.607217 -0.956789 0.227664 0.180897 -0.247055 0.271808 0.479173 0.834574 0.413809 
1534196007747 0.103051 0.847667 -0.520424 -0.607006 -0.956776 0.227526 0.181141 -0.247223 0.271957 0.479262 0.834474 0.413747 
1534196007798 0.102496 0.847748 -0.520402 -0.606898 -0.956797 0.227121 0.181539 -0.247214 0.272093 0.479312 0.834401 0.413758 
1534196007873 0.101969 0.847892 -0.52027 -0.606728 -0.956765 0.226802 0.182105 -0.2472 0.272404 0.479207 0.83436 0.413805 
1534196007896 0.101797 0.847937 -0.520231 -0.606671 -0.956769 0.226672 0.182241 -0.247209 0.272451 0.47919 0.834354 0.413824 
1534196007909 0.101771 0.847943 -0.520226 -0.606662 -0.95677 0.226652 0.182261 -0.247212 0.272458 0.479188 0.834353 0.413826 
1534196007926 0.101557 0.84798 -0.520208 -0.606558 -0.956775 0.226499 0.182426 -0.247268 0.27252 0.479196 0.834329 0.413836 
1534196007943 0.101509 0.847987 -0.520206 -0.606504 -0.956768 0.226479 0.182487 -0.247308 0.272562 0.479192 0.834317 0.413838 
1534196008022 0.101372 0.848072 -0.520093 -0.606373 -0.956768 0.226366 0.182631 -0.247294 0.272616 0.479095 0.834355 0.413899 
1534196008093 0.10109 0.847925 -0.520388 -0.606229 -0.956757 0.226262 0.182815 -0.24726 0.272757 0.479404 0.834131 0.413926 
1534196008126 0.100805 0.847852 -0.520562 -0.606086 -0.956777 0.226076 0.18294 -0.247301 0.272793 0.479621 0.833995 0.413908 
1534196008226 0.100273 0.847773 -0.520794 -0.60578 -0.956828 0.225687 0.183157 -0.247413 0.272812 0.479944 0.833803 0.413859 
1534196008265 0.100276 0.847742 -0.520844 -0.605582 -0.956827 0.225701 0.183144 -0.247574 0.272813 0.479993 0.833774 0.413871 
1534196008281 0.10028 0.847724 -0.520872 -0.605498 -0.956823 0.225716 0.183144 -0.24764 0.272825 0.480016 0.833757 0.413879 
1534196008297 0.10021 0.847702 -0.520922 -0.605444 -0.95682 0.225686 0.183197 -0.247663 0.272861 0.48007 0.833714 0.413894 
1534196008314 0.100106 0.847702 -0.520942 -0.605408 -0.956824 0.225614 0.183264 -0.247659 0.272885 0.480105 0.833687 0.413912 
1534196008334 0.099868 0.847732 -0.520939 -0.605354 -0.956842 0.225425 0.183404 -0.247616 0.27291 0.48014 0.833658 0.41394 
1534196008443 0.0997838 0.84789 -0.520698 -0.605217 -0.956734 0.225507 0.183865 -0.247607 0.273319 0.479822 0.833707 0.413939 
1534196008484 0.099607 0.848148 -0.520311 -0.605054 -0.95668 0.2254 0.184276 -0.247558 0.273572 0.479416 0.833858 0.413898 
1534196008506 0.0994218 0.848217 -0.520234 -0.604935 -0.956656 0.225303 0.184519 -0.247543 0.273722 0.47934 0.833852 0.413875 
1534196008533 0.0993066 0.848261 -0.520183 -0.604804 -0.956631 0.22526 0.184704 -0.247569 0.273854 0.479281 0.833843 0.413858 
1534196008553 0.0992348 0.848284 -0.520161 -0.604706 -0.956615 0.225235 0.184816 -0.2476 0.273935 0.479254 0.833832 0.413844 
1534196008570 0.0991551 0.848303 -0.520144 -0.604634 -0.956599 0.225207 0.184933 -0.247607 0.274019 0.479232 0.833816 0.413826 
1534196008588 0.0990749 0.848324 -0.520126 -0.604589 -0.956587 0.22517 0.185039 -0.247596 0.27409 0.479213 0.833804 0.413811 
1534196008603 0.0989403 0.848356 -0.520099 -0.604546 -0.956579 0.225089 0.185179 -0.247557 0.274166 0.479194 0.83379 0.413793 
1534196008620 0.0988248 0.848379 -0.520084 -0.604519 -0.956575 0.225017 0.185289 -0.247521 0.274223 0.479188 0.833775 0.413778 
1534196008636 0.0987243 0.848413 -0.520047 -0.604486 -0.95657 0.22495 0.185395 -0.247488 0.274276 0.479159 0.833774 0.413776 
1534196008673 0.0988695 0.848454 -0.519953 -0.604467 -0.956564 0.225037 0.185321 -0.247546 0.274245 0.479046 0.833849 0.413829 
1534196008691 0.098984 0.848477 -0.519894 -0.604467 -0.956571 0.225087 0.185222 -0.247568 0.274178 0.478982 0.833908 0.413846 
1534196008708 0.0990787 0.848548 -0.51976 -0.604461 -0.956614 0.225045 0.18505 -0.247574 0.273993 0.478875 0.83403 0.413854 
1534196008720 0.0992325 0.848585 -0.51967 -0.604464 -0.956631 0.225099 0.184901 -0.247559 0.273881 0.478784 0.834119 0.413839 
1534196008736 0.0993584 0.848613 -0.519599 -0.604474 -0.956655 0.225125 0.184743 -0.247526 0.27375 0.478721 0.834198 0.413791 
1534196008757 0.0994757 0.84866 -0.519501 -0.604478 -0.956693 0.225115 0.184558 -0.247489 0.273575 0.478644 0.8343 0.413727 
1534196008872 0.0991434 0.849024 -0.518969 -0.60432 -0.95683 0.224539 0.18455 -0.247318 0.273216 0.478268 0.834633 0.413801 
1534196008889 0.0990064 0.848991 -0.519049 -0.604327 -0.956821 0.224481 0.184667 -0.247347 0.273297 0.478354 0.834557 0.413834 
1534196008902 0.0988319 0.848863 -0.519291 -0.604351 -0.956782 0.224486 0.184862 -0.247393 0.273496 0.478578 0.834364 0.413879 
1534196008919 0.0987702 0.848768 -0.519459 -0.60437 -0.95675 0.224537 0.184964 -0.24743 0.27363 0.478724 0.834236 0.4139 
1534196008935 0.098733 0.848625 -0.519699 -0.604396 -0.956663 0.224717 0.185197 -0.247491 0.273948 0.478892 0.834035 0.413946 
1534196008952 0.0987597 0.848604 -0.519728 -0.604398 -0.956617 0.224823 0.185309 -0.247515 0.274101 0.478879 0.833992 0.413969 
1534196008969 0.0987717 0.848579 -0.519767 -0.604397 -0.956569 0.224923 0.185434 -0.247552 0.274263 0.478877 0.83394 0.413982 
1534196008995 0.0986671 0.848564 -0.519811 -0.604382 -0.956544 0.224906 0.185582 -0.247572 0.274387 0.478912 0.83388 0.413979 
1534196009012 0.0985467 0.848567 -0.519829 -0.604367 -0.956545 0.224828 0.185671 -0.247569 0.274426 0.478943 0.833849 0.413977 
1534196009161 0.0986669 0.848419 -0.520048 -0.604253 -0.956546 0.224955 0.185515 -0.247608 0.274381 0.479146 0.833747 0.414158 
1534196009266 0.098973 0.848178 -0.520382 -0.604395 -0.956776 0.224827 0.184477 -0.247477 0.273466 0.479631 0.833769 0.414037 
1534196009317 0.0990825 0.848002 -0.520649 -0.604387 -0.956849 0.22483 0.184095 -0.247456 0.27317 0.479942 0.833687 0.414101 
1534196009365 0.0991293 0.847827 -0.520924 -0.60437 -0.956913 0.224809 0.183791 -0.247412 0.272932 0.48026 0.833582 0.41418 
1534196009418 0.0990565 0.847658 -0.521214 -0.604351 -0.956997 0.224676 0.183517 -0.247342 0.272664 0.480621 0.833461 0.414217 
1534196009474 0.0991957 0.847431 -0.521556 -0.604346 -0.957067 0.224718 0.183098 -0.247313 0.272366 0.481001 0.833339 0.414215 
1534196009531 0.0994423 0.847282 -0.521751 -0.604312 -0.957162 0.224754 0.182554 -0.247335 0.27194 0.481247 0.833336 0.414311 
1534196009548 0.099477 0.847242 -0.52181 -0.604303 -0.957192 0.224737 0.182419 -0.247339 0.271823 0.481326 0.83333 0.414335 
1534196009564 0.0995289 0.847183 -0.521896 -0.604298 -0.957216 0.224748 0.182281 -0.247344 0.27172 0.481425 0.833306 0.414353 
1534196009581 0.0995863 0.847123 -0.521982 -0.604294 -0.957235 0.224771 0.182154 -0.247348 0.271633 0.481519 0.83328 0.414368 
1534196009598 0.0996242 0.847072 -0.522058 -0.60429 -0.957253 0.224779 0.182046 -0.247349 0.271554 0.481605 0.833256 0.414374 
1534196009661 0.099413 0.846938 -0.522315 -0.604313 -0.957282 0.224645 0.182063 -0.247274 0.271531 0.481903 0.833091 0.414252 
1534196009680 0.0993425 0.847007 -0.522216 -0.604314 -0.957222 0.224683 0.182329 -0.247225 0.271768 0.481763 0.833094 0.414216 
1534196009695 0.0992065 0.8471 -0.522091 -0.604308 -0.957211 0.224585 0.182506 -0.247202 0.271855 0.481646 0.833134 0.414207 
1534196009711 0.0990585 0.847202 -0.521954 -0.604292 -0.957173 0.224526 0.182781 -0.24719 0.272044 0.481494 0.83316 0.414204 
1534196009728 0.0989798 0.847248 -0.521895 -0.604276 -0.957125 0.224546 0.183006 -0.247197 0.272241 0.481405 0.833147 0.414205 
1534196009746 0.0989607 0.847225 -0.521935 -0.604265 -0.957046 0.224681 0.183251 -0.247219 0.272524 0.481381 0.833068 0.414204 
1534196009762 0.0989831 0.847197 -0.521977 -0.604261 -0.956996 0.224793 0.183374 -0.247231 0.272691 0.481379 0.833015 0.414195 
1534196009778 0.0990012 0.847155 -0.522042 -0.604252 -0.956941 0.224917 0.183513 -0.247246 0.27288 0.481395 0.832944 0.414165 
1534196009797 0.0989899 0.84711 -0.522116 -0.604249 -0.956911 0.224979 0.183594 -0.247255 0.272989 0.481444 0.83288 0.414114 
1534196009811 0.098973 0.847085 -0.522159 -0.60425 -0.956914 0.22497 0.183585 -0.247262 0.272982 0.481492 0.832854 0.414083 
1534196009828 0.0989834 0.847076 -0.522173 -0.604245 -0.956948 0.224922 0.183471 -0.247287 0.272862 0.481532 0.832871 0.414063 
1534196009848 0.0990355 0.847096 -0.522131 -0.604237 -0.957006 0.224844 0.183263 -0.247316 0.272639 0.481532 0.832943 0.414064 
1534196009865 0.0990434 0.847118 -0.522094 -0.60424 -0.957081 0.224708 0.183035 -0.247329 0.272371 0.481558 0.833016 0.414067 
1534196009881 0.0990465 0.847133 -0.522068 -0.604248 -0.957152 0.224579 0.182822 -0.247334 0.27212 0.481591 0.833079 0.414063 
1534196009898 0.0991256 0.847141 -0.52204 -0.604259 -0.957185 0.224567 0.182665 -0.24732 0.271976 0.481582 0.833131 0.414047 
1534196009918 0.099223 0.847217 -0.521899 -0.604265 -0.957232 0.224517 0.182479 -0.247291 0.271774 0.481472 0.83326 0.41402 
1534196009937 0.0992809 0.847301 -0.521752 -0.604262 -0.957262 0.22447 0.182378 -0.247266 0.271647 0.481347 0.833375 0.413998 
1534196009959 0.0992865 0.847383 -0.521616 -0.604259 -0.957296 0.224386 0.182306 -0.24724 0.271527 0.481241 0.833475 0.413965 
1534196009976 0.0992202 0.847378 -0.521637 -0.604268 -0.957298 0.224342 0.182348 -0.247218 0.271543 0.48127 0.833453 0.413937 
1534196009992 0.0992007 0.847349 -0.521689 -0.604272 -0.957255 0.224417 0.182482 -0.247205 0.271702 0.481287 0.833391 0.413925 
1534196010009 0.0991071 0.84732 -0.521754 -0.60427 -0.957233 0.224408 0.182609 -0.247209 0.271814 0.481342 0.833323 0.41392 
1534196010026 0.0989689 0.847218 -0.521946 -0.604274 -0.957209 0.224401 0.182744 -0.247235 0.27195 0.481525 0.833173 0.413921 
1534196010042 0.0988968 0.847089 -0.522169 -0.60427 -0.957167 0.224476 0.182872 -0.247291 0.272123 0.481717 0.833005 0.413937 
1534196010059 0.0988916 0.84703 -0.522266 -0.604258 -0.957136 0.224548 0.182946 -0.247337 0.272234 0.481787 0.832928 0.413959 
1534196010076 0.0989026 0.847019 -0.52228 -0.604242 -0.957112 0.2246 0.183005 -0.24737 0.272313 0.481781 0.832906 0.413984 
1534196010092 0.0989514 0.847015 -0.522279 -0.604228 -0.957085 0.224681 0.183051 -0.247394 0.272393 0.481752 0.832897 0.414004 
1534196010109 0.0990023 0.847017 -0.522264 -0.604216 -0.957075 0.224728 0.183041 -0.247415 0.272407 0.481725 0.832908 0.414004 
1534196010126 0.0990225 0.847015 -0.522265 -0.604218 -0.957077 0.224739 0.183021 -0.247413 0.272395 0.481724 0.832912 0.413987 
1534196010142 0.0990124 0.847034 -0.522235 -0.604227 -0.9571 0.224685 0.182965 -0.247391 0.272316 0.481715 0.832943 0.413949 
1534196010159 0.0990288 0.847135 -0.522068 -0.60423 -0.957141 0.224587 0.182871 -0.247347 0.272167 0.481583 0.833069 0.413902 
1534196010176 0.0991149 0.847205 -0.521938 -0.604232 -0.95715 0.224599 0.182806 -0.24731 0.272101 0.481455 0.833164 0.413866 
1534196010192 0.0991798 0.847271 -0.521819 -0.60424 -0.957165 0.22459 0.18274 -0.247265 0.272026 0.481343 0.833253 0.413828 
1534196010216 0.0992225 0.847298 -0.521767 -0.604257 -0.957174 0.224592 0.182693 -0.24722 0.27198 0.481295 0.833296 0.413795 
1534196010232 0.0992282 0.847317 -0.521735 -0.604267 -0.95718 0.224578 0.182679 -0.247191 0.271957 0.481268 0.833319 0.41378 
1534196010250 0.0991966 0.847341 -0.521703 -0.604278 -0.957194 0.224525 0.182669 -0.24716 0.271919 0.48125 0.833342 0.413765 
1534196010269 0.0991799 0.847352 -0.521688 -0.604285 -0.957205 0.224491 0.182652 -0.247143 0.271885 0.481247 0.833355 0.413747 
1534196010289 0.0991966 0.847351 -0.521686 -0.604281 -0.957207 0.224499 0.182634 -0.247151 0.271873 0.481245 0.83336 0.413741 
1534196010341 0.099359 0.847329 -0.521691 -0.60426 -0.957185 0.224646 0.182568 -0.247208 0.27189 0.481215 0.833371 0.413771 
1534196010370 0.0995642 0.847269 -0.521749 -0.604256 -0.95718 0.224802 0.1824 -0.247254 0.271832 0.481248 0.833371 0.413836 
1534196010384 0.0997102 0.847214 -0.521811 -0.604257 -0.957176 0.22492 0.182279 -0.247278 0.271795 0.48129 0.833359 0.413872 
1534196010408 0.0999181 0.84714 -0.521891 -0.604246 -0.957211 0.225012 0.18198 -0.247318 0.271594 0.481376 0.833375 0.41393 
1534196010424 0.099987 0.847132 -0.521891 -0.604233 -0.957246 0.224994 0.181815 -0.247328 0.271444 0.481399 0.83341 0.413946 
1534196010550 0.0997626 0.847275 -0.521701 -0.60424 -0.95729 0.224728 0.181915 -0.247196 0.271373 0.481271 0.833508 0.413845 
1534196010564 0.0996546 0.847351 -0.521599 -0.604241 -0.957263 0.224684 0.182114 -0.247183 0.27151 0.481159 0.833528 0.413855 
1534196010583 0.0995508 0.847418 -0.52151 -0.604251 -0.957213 0.224685 0.182376 -0.247176 0.271724 0.48104 0.833527 0.413868 
1534196010608 0.0994598 0.847431 -0.521506 -0.604267 -0.957134 0.224762 0.18269 -0.247186 0.272032 0.480981 0.83346 0.413873 
1534196010642 0.0994788 0.847422 -0.521518 -0.604264 -0.957043 0.224939 0.182953 -0.247246 0.272348 0.480915 0.833395 0.413864 
1534196010708 0.0994939 0.847575 -0.521265 -0.604231 -0.956884 0.225174 0.183492 -0.247335 0.272899 0.480533 0.833435 0.413875 
1534196010730 0.0994416 0.847672 -0.521117 -0.604218 -0.956848 0.225172 0.183685 -0.247353 0.273045 0.480364 0.833485 0.413877 
1534196010744 0.0993976 0.847733 -0.521026 -0.60421 -0.956836 0.225144 0.183781 -0.24736 0.273103 0.480269 0.83352 0.413874 
1534196010760 0.09935 0.847793 -0.520937 -0.604204 -0.956812 0.225134 0.183915 -0.247364 0.273202 0.480167 0.833546 0.413857 
1534196010777 0.0992989 0.847816 -0.520911 -0.604208 -0.956783 0.225147 0.184054 -0.247365 0.273326 0.480122 0.833532 0.413833 
1534196010797 0.0992518 0.847838 -0.520883 -0.604216 -0.956739 0.225187 0.184234 -0.247366 0.273497 0.480063 0.83351 0.413802 
1534196010814 0.0992209 0.847859 -0.520855 -0.604219 -0.956726 0.225182 0.184304 -0.247371 0.273551 0.480029 0.833512 0.41379 
1534196010830 0.0991911 0.847873 -0.520839 -0.604222 -0.956718 0.225174 0.184358 -0.247376 0.273592 0.480009 0.83351 0.413782 
1534196010850 0.0991701 0.84786 -0.520863 -0.604227 -0.956717 0.225166 0.18437 -0.247381 0.2736 0.480035 0.833493 0.413775 
1534196010867 0.0991478 0.847869 -0.520852 -0.604217 -0.956744 0.225102 0.18431 -0.247384 0.273516 0.480048 0.833512 0.413788 
1534196010887 0.0991072 0.847859 -0.520878 -0.604207 -0.956801 0.224981 0.184162 -0.247395 0.273331 0.480124 0.833529 0.413814 
1534196010904 0.099022 0.847754 -0.521063 -0.604217 -0.95686 0.224861 0.184003 -0.247402 0.273156 0.480364 0.833448 0.413822 
1534196010921 0.0988968 0.847657 -0.521245 -0.604229 -0.956924 0.224704 0.183859 -0.247406 0.272975 0.480609 0.833366 0.413822 
1534196010939 0.098846 0.847601 -0.521346 -0.604234 -0.956957 0.224636 0.183774 -0.247406 0.27288 0.48074 0.833322 0.41382 
1534196010954 0.0988568 0.847571 -0.521393 -0.604235 -0.956959 0.224648 0.183745 -0.2474 0.272867 0.480787 0.833299 0.413821 
1534196011021 0.0990069 0.847645 -0.521245 -0.604215 -0.956821 0.224959 0.184085 -0.247379 0.273298 0.480512 0.833316 0.413827 
1534196011035 0.0989545 0.847682 -0.521194 -0.604217 -0.956798 0.224954 0.184211 -0.247382 0.273397 0.480449 0.83332 0.413831 
1534196011051 0.0987776 0.847731 -0.521148 -0.604226 -0.956773 0.22487 0.184442 -0.247384 0.273548 0.480402 0.833298 0.41384 
1534196011068 0.0986401 0.84775 -0.521144 -0.604239 -0.956749 0.224821 0.184629 -0.24739 0.273683 0.480392 0.83326 0.413858 
1534196011085 0.0984999 0.847752 -0.521167 -0.604255 -0.956737 0.224754 0.184771 -0.247401 0.273774 0.48042 0.833213 0.413878 
1534196011101 0.0984893 0.847728 -0.521208 -0.604269 -0.956708 0.224807 0.184858 -0.24741 0.27388 0.480437 0.833169 0.413889 
1534196011118 0.0984909 0.847691 -0.521267 -0.604285 -0.95667 0.224887 0.184956 -0.247422 0.274011 0.480464 0.83311 0.413901 
1534196011135 0.0984568 0.847674 -0.521302 -0.604292 -0.956645 0.224915 0.185048 -0.247423 0.274109 0.480482 0.833067 0.413912 
1534196011155 0.0983721 0.847646 -0.521363 -0.60429 -0.956621 0.224914 0.185173 -0.247426 0.274223 0.480531 0.833002 0.413946 
1534196011171 0.0982498 0.847591 -0.521476 -0.604297 -0.956613 0.224872 0.185268 -0.247437 0.274297 0.480648 0.83291 0.413984 
1534196011188 0.0981696 0.847545 -0.521564 -0.604299 -0.956614 0.224837 0.185307 -0.247455 0.274323 0.480744 0.832846 0.414001 
1534196011205 0.0981322 0.847507 -0.521634 -0.604298 -0.956622 0.224813 0.185293 -0.247476 0.274307 0.480823 0.832805 0.413996 
1534196011221 0.0981376 0.847486 -0.521668 -0.60429 -0.956642 0.224789 0.18522 -0.247509 0.274237 0.480872 0.8328 0.413991 
1534196011238 0.0981698 0.847462 -0.5217 -0.604285 -0.956661 0.224784 0.185126 -0.247536 0.274157 0.480916 0.832801 0.413985 
1534196011261 0.0981151 0.847399 -0.521812 -0.604294 -0.956719 0.22467 0.184964 -0.247554 0.273974 0.48108 0.832767 0.413974 
1534196011278 0.0980151 0.847341 -0.521926 -0.604311 -0.956777 0.224526 0.184838 -0.247554 0.273806 0.48125 0.832724 0.413963 
1534196011297 0.0979003 0.847275 -0.522053 -0.604333 -0.956832 0.224382 0.184731 -0.247546 0.273657 0.481432 0.832667 0.413951 
1534196011317 0.0977718 0.847208 -0.522187 -0.604356 -0.956887 0.224229 0.184631 -0.247539 0.27351 0.481623 0.832605 0.413938 
1534196011412 0.0975124 0.847159 -0.522316 -0.604355 -0.956917 0.224033 0.184716 -0.247471 0.273499 0.481801 0.832506 0.41398 
1534196011441 0.0974371 0.847006 -0.522578 -0.604357 -0.956905 0.22406 0.184742 -0.247441 0.273567 0.482056 0.832336 0.414017 
1534196011474 0.0976303 0.846842 -0.522807 -0.604332 -0.956892 0.224262 0.184566 -0.247469 0.273544 0.482251 0.832231 0.414081 
1534196011547 0.0977316 0.846688 -0.523037 -0.604242 -0.95698 0.224224 0.184156 -0.247601 0.2732 0.482538 0.832177 0.414195 
1534196011572 0.0976183 0.846494 -0.523372 -0.60427 -0.957017 0.224155 0.184044 -0.247615 0.273109 0.48291 0.831991 0.414209 
1534196011616 0.0974667 0.846334 -0.523659 -0.604291 -0.957078 0.22401 0.183906 -0.247593 0.272951 0.483257 0.831841 0.414245 
1534196011632 0.0974688 0.846325 -0.523674 -0.604285 -0.957091 0.223992 0.183862 -0.24759 0.272906 0.483283 0.831841 0.414261 
1534196011649 0.0974592 0.846303 -0.52371 -0.604282 -0.957106 0.223966 0.183812 -0.247587 0.272854 0.483332 0.83183 0.414275 
1534196011666 0.0974415 0.846267 -0.523772 -0.604282 -0.957121 0.223942 0.183765 -0.247583 0.272809 0.483407 0.831801 0.414285 
1534196011682 0.097409 0.846201 -0.523885 -0.604288 -0.957133 0.223922 0.183723 -0.247579 0.272777 0.483532 0.831739 0.414292 
1534196011699 0.0973678 0.846109 -0.524041 -0.604301 -0.957141 0.223916 0.183692 -0.247576 0.272765 0.483695 0.831648 0.414296 
1534196011760 0.0971852 0.845987 -0.524272 -0.604327 -0.957192 0.223755 0.183623 -0.247565 0.272651 0.483984 0.831517 0.414269 
1534196011785 0.0969869 0.845992 -0.5243 -0.60434 -0.957198 0.223619 0.183758 -0.247543 0.272702 0.484037 0.83147 0.414248 
1534196011799 0.0967931 0.84607 -0.524211 -0.604337 -0.957226 0.223422 0.183853 -0.247538 0.272673 0.483992 0.831505 0.414259 
1534196011816 0.0966675 0.846157 -0.524093 -0.604325 -0.95724 0.223288 0.183942 -0.247541 0.272667 0.483901 0.83156 0.414284 
1534196011832 0.0965955 0.846244 -0.523965 -0.604306 -0.957231 0.223227 0.184059 -0.247556 0.272723 0.483777 0.831614 0.414323 
1534196011852 0.0965702 0.846253 -0.523955 -0.60429 -0.957198 0.223267 0.184183 -0.247594 0.272847 0.483743 0.831593 0.414362 
1534196011869 0.096587 0.846238 -0.523978 -0.604279 -0.957174 0.223325 0.184236 -0.24763 0.272925 0.483743 0.831568 0.414383 
1534196011886 0.096595 0.846222 -0.524002 -0.604265 -0.957157 0.223366 0.184276 -0.247671 0.272983 0.483753 0.831543 0.414401 
1534196012010 0.0962766 0.846201 -0.524095 -0.604354 -0.957339 0.222853 0.183953 -0.247572 0.272457 0.484026 0.831556 0.414358 
1534196012024 0.0964012 0.846277 -0.523949 -0.60436 -0.95736 0.222866 0.183826 -0.24753 0.272338 0.483887 0.831676 0.414324 
1534196012047 0.0966161 0.846429 -0.523663 -0.604378 -0.95742 0.22284 0.183546 -0.247447 0.272052 0.483632 0.831918 0.414273 
1534196012067 0.0967828 0.846519 -0.523486 -0.60438 -0.957469 0.222825 0.183307 -0.247418 0.271818 0.483481 0.832082 0.41424 
1534196012104 0.0969512 0.846548 -0.523409 -0.604375 -0.957544 0.222787 0.182964 -0.247454 0.271497 0.483449 0.832206 0.414212 
1534196012134 0.0971507 0.846592 -0.523301 -0.604364 -0.957605 0.222786 0.182642 -0.247489 0.271207 0.483372 0.832345 0.414198 
1534196012152 0.0972714 0.84664 -0.523201 -0.60436 -0.957643 0.222778 0.182457 -0.247496 0.271033 0.483292 0.832448 0.414184 
1534196012168 0.0974203 0.846717 -0.523049 -0.604356 -0.957692 0.222755 0.182223 -0.247498 0.270804 0.483168 0.832595 0.41416 
1534196012184 0.097572 0.84677 -0.522934 -0.604363 -0.957728 0.222767 0.18202 -0.247486 0.270621 0.483069 0.832711 0.414135 
1534196012201 0.0976615 0.846826 -0.522828 -0.604374 -0.957772 0.222725 0.181842 -0.247464 0.270435 0.482991 0.832817 0.414118 
1534196012218 0.0977072 0.846874 -0.52274 -0.604385 -0.957818 0.222655 0.181687 -0.24744 0.270257 0.482938 0.832906 0.414102 
1534196012238 0.0977082 0.846923 -0.522661 -0.604399 -0.957881 0.222525 0.181511 -0.247407 0.270031 0.482912 0.832994 0.414066 
1534196012255 0.0976659 0.84696 -0.522609 -0.604405 -0.957914 0.222427 0.181458 -0.247391 0.26993 0.482892 0.833038 0.414063 
1534196012271 0.0976082 0.846974 -0.522596 -0.604413 -0.957924 0.222368 0.181476 -0.247376 0.269914 0.482894 0.833042 0.414073 
1534196012288 0.0975886 0.846975 -0.522599 -0.604415 -0.957912 0.222378 0.181529 -0.24737 0.269965 0.482889 0.833029 0.414086 
1534196012308 0.0974873 0.846988 -0.522597 -0.604415 -0.957921 0.222294 0.181584 -0.247369 0.26997 0.482905 0.833018 0.414099 
1534196012325 0.0974368 0.846994 -0.522597 -0.604416 -0.957932 0.22224 0.18159 -0.247373 0.269948 0.482919 0.833017 0.414099 
1534196012346 0.0974406 0.846998 -0.52259 -0.604416 -0.957942 0.222224 0.181559 -0.247381 0.269912 0.48292 0.833028 0.414093 
1534196012358 0.0975223 0.847057 -0.522479 -0.604406 -0.957962 0.222218 0.181459 -0.247389 0.26981 0.482819 0.833119 0.414082 
1534196012375 0.0976444 0.847187 -0.522246 -0.604391 -0.958019 0.222147 0.181246 -0.247402 0.269564 0.482624 0.833312 0.41407 
