1530568057950 -0.0890862 -0.145571 0.985329 0.376378 -0.991119 0.111011 -0.0732092 -0.497196 -0.098725 -0.9831 -0.154168 0.445699 
1530568063434 -0.0890894 -0.145573 0.985328 0.376377 -0.991119 0.111012 -0.073212 -0.497196 -0.0987255 -0.9831 -0.15417 0.445698 
1530568063694 -0.0835756 -0.146201 0.985718 0.37707 -0.991587 0.110324 -0.06771 -0.496724 -0.0988491 -0.983084 -0.154192 0.445518 
1530568064041 -0.0695278 -0.148231 0.986506 0.379037 -0.992611 0.108855 -0.0536017 -0.495621 -0.0994411 -0.982944 -0.154704 0.444515 
1530568064276 -0.062137 -0.149056 0.986875 0.380145 -0.99306 0.108161 -0.04619 -0.494993 -0.0998567 -0.982895 -0.154742 0.444161 
1530568064513 -0.0549003 -0.150073 0.987149 0.381204 -0.993444 0.107494 -0.0389083 -0.494389 -0.100274 -0.982814 -0.154991 0.443632 
1530568064756 -0.0478317 -0.151025 0.987372 0.382167 -0.993768 0.106838 -0.0317999 -0.493798 -0.100686 -0.98274 -0.155194 0.443173 
1530568065100 -0.0335132 -0.152973 0.987662 0.384156 -0.994296 0.105221 -0.0174413 -0.492596 -0.101255 -0.982613 -0.155626 0.442334 
1530568065342 -0.0260155 -0.153821 0.987756 0.385355 -0.994494 0.104317 -0.00994785 -0.492003 -0.10151 -0.982577 -0.155688 0.441935 
1530568065359 -0.0254713 -0.153954 0.98775 0.385438 -0.994511 0.104213 -0.00940254 -0.491961 -0.101489 -0.982567 -0.155764 0.441915 
1530568065376 -0.025052 -0.154017 0.987751 0.385503 -0.994516 0.1042 -0.00897611 -0.491918 -0.101541 -0.982559 -0.155782 0.441889 
1530568065503 -0.0238108 -0.154294 0.987738 0.385757 -0.994514 0.104318 -0.00767864 -0.491791 -0.101854 -0.982502 -0.155932 0.441637 
1530568065541 -0.0231121 -0.154332 0.987749 0.385796 -0.994524 0.104275 -0.00697809 -0.491729 -0.101921 -0.982501 -0.155897 0.441589 
1530568065597 -0.022337 -0.154383 0.987759 0.385876 -0.99456 0.103975 -0.00623994 -0.491691 -0.101739 -0.982525 -0.155865 0.441652 
1530568065649 -0.0215 -0.154462 0.987765 0.385991 -0.994581 0.103828 -0.00541222 -0.491635 -0.101722 -0.982528 -0.155857 0.441631 
1530568065707 -0.0204895 -0.154632 0.98776 0.386144 -0.994599 0.103703 -0.00439684 -0.491559 -0.101754 -0.982514 -0.155921 0.441568 
1530568065748 -0.0196705 -0.154719 0.987763 0.386249 -0.994611 0.103614 -0.00357728 -0.491496 -0.101792 -0.98251 -0.155923 0.44155 
1530568065762 -0.0194472 -0.154742 0.987763 0.386275 -0.994613 0.103599 -0.00335224 -0.491478 -0.101813 -0.982508 -0.155924 0.441543 
1530568065778 -0.019157 -0.154777 0.987764 0.386313 -0.994617 0.103573 -0.00306068 -0.491456 -0.101832 -0.982505 -0.155928 0.441533 
1530568065795 -0.0188743 -0.154759 0.987772 0.386358 -0.994619 0.103565 -0.0027791 -0.491437 -0.101868 -0.982509 -0.155881 0.441522 
1530568065812 -0.0186821 -0.154779 0.987773 0.386398 -0.994622 0.103535 -0.00258826 -0.491427 -0.101868 -0.982509 -0.155881 0.441502 
1530568065828 -0.0185034 -0.15481 0.987771 0.386431 -0.994623 0.103538 -0.00240465 -0.49141 -0.101899 -0.982504 -0.155893 0.441471 
1530568065845 -0.0184207 -0.154829 0.98777 0.386445 -0.994622 0.103546 -0.00231801 -0.4914 -0.101921 -0.9825 -0.155904 0.441454 
1530568065862 -0.0181862 -0.154881 0.987766 0.386487 -0.994619 0.103579 -0.00207132 -0.491371 -0.101991 -0.982488 -0.155931 0.441403 
1530568065878 -0.0180748 -0.154896 0.987765 0.386508 -0.994618 0.103588 -0.00195611 -0.491356 -0.102018 -0.982485 -0.155935 0.441387 
1530568065895 -0.0179863 -0.154904 0.987766 0.386529 -0.994618 0.103593 -0.00186539 -0.491342 -0.102036 -0.982483 -0.155933 0.441377 
1530568065912 -0.017907 -0.15491 0.987766 0.386548 -0.994618 0.103597 -0.00178423 -0.491329 -0.102053 -0.982482 -0.155932 0.44137 
1530568065942 -0.0178754 -0.154943 0.987762 0.386556 -0.994619 0.103584 -0.00175105 -0.491328 -0.102045 -0.982478 -0.155961 0.441366 
1530568065958 -0.0178712 -0.15495 0.987761 0.386556 -0.99462 0.10358 -0.00174662 -0.491328 -0.102042 -0.982477 -0.155968 0.441365 
1530568066117 -0.0186239 -0.154855 0.987762 0.386554 -0.99451 0.104613 -0.00235065 -0.491362 -0.102968 -0.982383 -0.155953 0.441312 
1530568066184 -0.0190723 -0.154628 0.987789 0.386646 -0.994392 0.105722 -0.00265006 -0.491303 -0.104021 -0.9823 -0.155778 0.4413 
1530568066274 -0.0192602 -0.154336 0.987831 0.386805 -0.994272 0.106848 -0.00269212 -0.491176 -0.105132 -0.982224 -0.15551 0.44129 
1530568066359 -0.0197731 -0.154139 0.987851 0.386938 -0.994144 0.108017 -0.00304462 -0.491084 -0.106235 -0.982127 -0.155372 0.441275 
1530568066427 -0.020136 -0.153972 0.98787 0.387003 -0.994018 0.109164 -0.00324674 -0.490999 -0.10734 -0.982026 -0.155249 0.441244 
1530568066527 -0.0208656 -0.153894 0.987867 0.387023 -0.993878 0.110414 -0.00379178 -0.490968 -0.108491 -0.981899 -0.155256 0.441166 
1530568066582 -0.0214254 -0.153878 0.987858 0.387051 -0.993753 0.111519 -0.00418201 -0.490952 -0.109522 -0.981777 -0.155306 0.441109 
1530568066680 -0.0218039 -0.153536 0.987902 0.387141 -0.99363 0.112605 -0.00442957 -0.490884 -0.110563 -0.981706 -0.155014 0.441134 
1530568066694 -0.0219368 -0.153512 0.987903 0.387153 -0.993603 0.112838 -0.00452938 -0.490881 -0.110777 -0.981683 -0.155005 0.44113 
1530568066873 -0.022156 -0.15395 0.98783 0.387224 -0.993687 0.112087 -0.00481902 -0.490866 -0.109981 -0.981701 -0.155462 0.44115 
1530568066982 -0.0219988 -0.154655 0.987724 0.38721 -0.993885 0.110314 -0.0048634 -0.490961 -0.108207 -0.98179 -0.156136 0.44124 
1530568067088 -0.0223261 -0.155231 0.987626 0.387447 -0.993989 0.109354 -0.00528216 -0.490912 -0.107181 -0.981807 -0.156739 0.441412 
1530568067184 -0.0227257 -0.155755 0.987534 0.387655 -0.994106 0.108256 -0.0058028 -0.490878 -0.106002 -0.981846 -0.157297 0.441594 
1530568067282 -0.0231257 -0.156269 0.987444 0.387848 -0.994226 0.107115 -0.00633289 -0.490857 -0.104781 -0.981889 -0.157844 0.441796 
1530568067391 -0.0236768 -0.156911 0.987329 0.38796 -0.994343 0.105985 -0.00700126 -0.49087 -0.103544 -0.981909 -0.158533 0.441928 
1530568067487 -0.0241832 -0.157533 0.987218 0.388121 -0.994424 0.10518 -0.00757589 -0.490874 -0.102642 -0.981896 -0.159198 0.442006 
1530568067587 -0.024516 -0.158221 0.987099 0.388361 -0.994514 0.104302 -0.00798174 -0.490812 -0.101693 -0.981879 -0.15991 0.442049 
1530568067697 -0.0247058 -0.158851 0.986993 0.38865 -0.994626 0.103204 -0.00828666 -0.490685 -0.100546 -0.981894 -0.160547 0.442229 
1530568067727 -0.0248851 -0.159025 0.986961 0.388685 -0.994658 0.102875 -0.00850334 -0.490698 -0.100181 -0.9819 -0.160736 0.442283 
1530568067870 -0.0252445 -0.15885 0.98698 0.388763 -0.994721 0.102219 -0.00899083 -0.49075 -0.0994599 -0.981997 -0.160592 0.442381 
1530568068008 -0.0249618 -0.157591 0.987189 0.388849 -0.994698 0.102465 -0.00879457 -0.490634 -0.0997665 -0.982174 -0.159313 0.442107 
1530568068136 -0.0254011 -0.156649 0.987328 0.388895 -0.99475 0.101903 -0.00942422 -0.490679 -0.0991354 -0.982383 -0.158415 0.442093 
1530568068264 -0.0258006 -0.155734 0.987462 0.389 -0.994814 0.101211 -0.0100306 -0.490695 -0.0983799 -0.9826 -0.157538 0.44202 
1530568068464 -0.0264846 -0.153878 0.987735 0.389225 -0.994916 0.100096 -0.0110834 -0.490727 -0.097163 -0.983007 -0.155747 0.441812 
1530568068602 -0.0267757 -0.152904 0.987878 0.389341 -0.994957 0.0996357 -0.011546 -0.490682 -0.0966625 -0.983206 -0.154801 0.441764 
1530568068739 -0.0272051 -0.151982 0.988009 0.389433 -0.995004 0.0990897 -0.0121551 -0.490695 -0.0960541 -0.983404 -0.153919 0.441678 
1530568068876 -0.0275288 -0.151079 0.988138 0.389543 -0.99505 0.0985623 -0.0126519 -0.490692 -0.0954817 -0.983596 -0.153045 0.44158 
1530568068895 -0.027618 -0.150902 0.988163 0.389557 -0.99506 0.098448 -0.0127768 -0.4907 -0.0953546 -0.983634 -0.152876 0.441581 
1530568068910 -0.0277155 -0.150701 0.988191 0.389572 -0.995068 0.0983475 -0.0129101 -0.490707 -0.0952405 -0.983675 -0.152684 0.441581 
1530568068933 -0.0278283 -0.15048 0.988221 0.389588 -0.995074 0.0982742 -0.0130567 -0.490716 -0.0951519 -0.983716 -0.152473 0.44158 
1530568069067 -0.0280011 -0.149886 0.988307 0.38967 -0.995114 0.0978284 -0.0133574 -0.490726 -0.0946824 -0.983852 -0.151893 0.44156 
1530568069119 -0.0281161 -0.149193 0.988408 0.389765 -0.99513 0.0976339 -0.0135702 -0.490724 -0.0944775 -0.983976 -0.151211 0.441568 
1530568069229 -0.0279265 -0.148357 0.988539 0.389928 -0.995162 0.097311 -0.0135094 -0.490671 -0.0941916 -0.984134 -0.150357 0.441506 
1530568069282 -0.0281249 -0.147712 0.98863 0.389969 -0.995198 0.0969034 -0.0138333 -0.490711 -0.0937583 -0.984272 -0.149728 0.44151 
1530568069389 -0.0282879 -0.14702 0.988729 0.390043 -0.995221 0.0966256 -0.0141058 -0.490737 -0.0934627 -0.984403 -0.14905 0.441474 
1530568069445 -0.028488 -0.146378 0.988818 0.390115 -0.995245 0.0963257 -0.0144137 -0.490763 -0.0931388 -0.984528 -0.148426 0.441448 
1530568069556 -0.0286031 -0.145728 0.988911 0.390207 -0.995281 0.095927 -0.0146514 -0.490775 -0.0927281 -0.984663 -0.147784 0.441397 
1530568069573 -0.0286632 -0.145488 0.988945 0.390233 -0.995291 0.0958041 -0.014753 -0.490781 -0.0925986 -0.984711 -0.147549 0.441404 
1530568069590 -0.0287053 -0.145295 0.988972 0.390258 -0.995295 0.095753 -0.0148212 -0.490781 -0.0925436 -0.984744 -0.14736 0.441407 
1530568069751 -0.0285377 -0.14546 0.988952 0.390348 -0.995278 0.0959581 -0.0146062 -0.490806 -0.0927734 -0.9847 -0.147512 0.441345 
1530568069818 -0.0285866 -0.145999 0.988872 0.390324 -0.995275 0.0959876 -0.0145999 -0.490898 -0.0927879 -0.984617 -0.148053 0.441556 
1530568069885 -0.028638 -0.146142 0.988849 0.390399 -0.995278 0.0959516 -0.0146436 -0.490961 -0.0927416 -0.984599 -0.1482 0.441691 
1530568069930 -0.0285848 -0.14637 0.988817 0.390478 -0.995266 0.0960919 -0.0145472 -0.490996 -0.092888 -0.984552 -0.148424 0.44172 
1530568069977 -0.0284743 -0.146663 0.988777 0.390565 -0.995257 0.0962071 -0.0143908 -0.491005 -0.0930168 -0.984497 -0.148707 0.441744 
1530568070035 -0.0283806 -0.146884 0.988747 0.390659 -0.995253 0.096271 -0.0142657 -0.491037 -0.0930922 -0.984458 -0.148919 0.441803 
1530568070073 -0.0283067 -0.147016 0.988729 0.390761 -0.995254 0.0962732 -0.0141785 -0.4911 -0.0931036 -0.984438 -0.149043 0.44191 
1530568070091 -0.0282796 -0.147063 0.988723 0.390807 -0.995253 0.0962844 -0.0141449 -0.491133 -0.0931184 -0.98443 -0.149088 0.441964 
1530568070107 -0.0282602 -0.147128 0.988714 0.390848 -0.995255 0.096274 -0.0141208 -0.491162 -0.0931099 -0.984421 -0.149151 0.442008 
1530568070124 -0.0282461 -0.147205 0.988703 0.39087 -0.995257 0.09625 -0.0141031 -0.491174 -0.0930866 -0.984412 -0.149225 0.442022 
1530568070210 -0.0283354 -0.147581 0.988644 0.390939 -0.995243 0.0963908 -0.0141357 -0.491212 -0.09321 -0.984342 -0.14961 0.442007 
1530568070278 -0.0285793 -0.148054 0.988566 0.391029 -0.99523 0.0964971 -0.0143199 -0.491202 -0.0932737 -0.98426 -0.150105 0.442021 
1530568070333 -0.0287203 -0.148329 0.988521 0.391107 -0.99521 0.0966944 -0.0144055 -0.491184 -0.0934477 -0.9842 -0.150396 0.442205 
1530568070386 -0.0288179 -0.148669 0.988467 0.391237 -0.995228 0.0964945 -0.0145019 -0.491179 -0.0932256 -0.984168 -0.15074 0.442386 
1530568070497 -0.0290437 -0.149465 0.98834 0.391491 -0.99521 0.0966579 -0.0146281 -0.491216 -0.0933445 -0.984031 -0.151556 0.442555 
1530568070545 -0.0292732 -0.149804 0.988282 0.391578 -0.995187 0.0968671 -0.0147946 -0.491285 -0.0935157 -0.983959 -0.151919 0.442646 
1530568070559 -0.0293698 -0.149923 0.988261 0.391598 -0.995185 0.096877 -0.0148789 -0.491306 -0.0935091 -0.98394 -0.152047 0.442664 
1530568070576 -0.02946 -0.150059 0.988238 0.391621 -0.99519 0.0968167 -0.0149661 -0.491328 -0.0934322 -0.983925 -0.152189 0.44269 
1530568070592 -0.0294965 -0.150145 0.988224 0.391643 -0.995196 0.0967481 -0.0150052 -0.491343 -0.0933558 -0.983919 -0.152278 0.442728 
1530568070770 -0.0297161 -0.149809 0.988268 0.391871 -0.995204 0.0966238 -0.0152777 -0.491335 -0.0932015 -0.983982 -0.151961 0.442895 
1530568070786 -0.02981 -0.149534 0.988307 0.391895 -0.9952 0.0966406 -0.0153959 -0.491324 -0.0932084 -0.984023 -0.151697 0.442898 
1530568070807 -0.029906 -0.149266 0.988345 0.391924 -0.995195 0.0966733 -0.0155131 -0.491315 -0.0932309 -0.98406 -0.15144 0.442881 
1530568070891 -0.0299725 -0.149052 0.988375 0.392011 -0.995193 0.0966863 -0.0155984 -0.491277 -0.0932373 -0.984091 -0.151233 0.442806 
1530568070953 -0.0306129 -0.148633 0.988418 0.392108 -0.99517 0.0968052 -0.0162649 -0.491352 -0.0932665 -0.984143 -0.150879 0.442847 
1530568071024 -0.0306631 -0.148438 0.988446 0.392314 -0.995182 0.0966723 -0.0163544 -0.491324 -0.0931277 -0.984185 -0.150687 0.442904 
1530568071038 -0.0306963 -0.148391 0.988452 0.392351 -0.995182 0.0966625 -0.0163938 -0.49132 -0.0931136 -0.984193 -0.150644 0.442911 
1530568071055 -0.0309326 -0.148258 0.988465 0.392409 -0.995177 0.0966786 -0.016642 -0.491337 -0.0930961 -0.984212 -0.150533 0.442929 
1530568071071 -0.0311332 -0.14813 0.988478 0.392463 -0.995174 0.0966694 -0.0168576 -0.491355 -0.0930584 -0.984232 -0.150425 0.442953 
1530568071088 -0.0312893 -0.14801 0.988491 0.392517 -0.995174 0.0966362 -0.0170312 -0.49137 -0.0930032 -0.984253 -0.150319 0.44298 
1530568071213 -0.0311391 -0.147664 0.988547 0.392766 -0.9952 0.0963792 -0.016952 -0.491339 -0.0927722 -0.98433 -0.149957 0.442997 
1530568071250 -0.0313125 -0.147299 0.988596 0.392825 -0.995183 0.0965218 -0.0171396 -0.49136 -0.0928965 -0.984371 -0.149612 0.442927 
1530568071327 -0.0313041 -0.147004 0.98864 0.392976 -0.995168 0.0966842 -0.0171345 -0.491345 -0.0930671 -0.984399 -0.14932 0.442757 
1530568071441 -0.0316299 -0.145945 0.988787 0.39323 -0.995189 0.0963785 -0.0176093 -0.491438 -0.0927278 -0.984587 -0.148291 0.442981 
1530568071506 -0.0320327 -0.145729 0.988806 0.393325 -0.995162 0.0965883 -0.0180035 -0.491474 -0.0928834 -0.984598 -0.148118 0.442854 
1530568071522 -0.0321188 -0.145655 0.988814 0.393368 -0.995155 0.0966443 -0.0180888 -0.491475 -0.0929285 -0.984604 -0.148053 0.442821 
1530568071539 -0.0321226 -0.145565 0.988827 0.393415 -0.995151 0.0966812 -0.0180957 -0.491464 -0.0929669 -0.984613 -0.147964 0.442797 
1530568071718 -0.032443 -0.145623 0.988808 0.393845 -0.995125 0.0968901 -0.0183811 -0.491475 -0.093129 -0.984584 -0.148057 0.442866 
1530568071742 -0.0326254 -0.145889 0.988763 0.393923 -0.9951 0.0971238 -0.0185042 -0.491491 -0.0933329 -0.984522 -0.148342 0.442901 
1530568071813 -0.0325706 -0.146176 0.988722 0.394113 -0.995104 0.0970955 -0.0184259 -0.491477 -0.093307 -0.984482 -0.148623 0.442999 
1530568071865 -0.0328798 -0.146264 0.988699 0.394207 -0.995094 0.0971449 -0.0187212 -0.491544 -0.0933088 -0.984464 -0.148741 0.443075 
1530568071925 -0.0331998 -0.146214 0.988696 0.394363 -0.995075 0.0972778 -0.019028 -0.491624 -0.093396 -0.984458 -0.148724 0.443218 
1530568071963 -0.0334218 -0.146308 0.988674 0.394495 -0.995072 0.0972683 -0.0192439 -0.491662 -0.0933511 -0.984445 -0.148838 0.443296 
1530568071976 -0.0334516 -0.146324 0.988671 0.39452 -0.995071 0.0972712 -0.019272 -0.491665 -0.0933492 -0.984443 -0.148857 0.443308 
1530568071993 -0.0334658 -0.146332 0.988669 0.39453 -0.995071 0.0972745 -0.019285 -0.491666 -0.0933503 -0.984441 -0.148866 0.443313 
1530568072010 -0.0336274 -0.146433 0.988649 0.39462 -0.995056 0.0974013 -0.0194188 -0.491666 -0.0934521 -0.984414 -0.148984 0.443335 
1530568072091 -0.0338759 -0.146621 0.988613 0.394776 -0.995036 0.0975598 -0.019627 -0.491675 -0.0935712 -0.98437 -0.149198 0.443356 
1530568072158 -0.0341855 -0.146807 0.988574 0.39495 -0.995021 0.0976576 -0.0199058 -0.491717 -0.0936195 -0.984333 -0.149415 0.443441 
1530568072292 -0.0345522 -0.147187 0.988505 0.395429 -0.995006 0.0977395 -0.0202262 -0.491711 -0.0936389 -0.984268 -0.149829 0.443634 
1530568072335 -0.0348486 -0.147455 0.988455 0.395596 -0.994976 0.097996 -0.0204598 -0.491689 -0.0938477 -0.984202 -0.150129 0.443645 
1530568072430 -0.0351607 -0.14763 0.988418 0.39577 -0.994962 0.0980872 -0.0207433 -0.491735 -0.0938888 -0.984167 -0.150335 0.443739 
1530568072474 -0.0356532 -0.147895 0.98836 0.395858 -0.994938 0.098229 -0.0211919 -0.491795 -0.0939515 -0.984113 -0.150648 0.443761 
1530568072488 -0.0357371 -0.147956 0.988348 0.395892 -0.994938 0.0982137 -0.0212728 -0.491803 -0.0939219 -0.984105 -0.150717 0.443772 
1530568072504 -0.0357094 -0.147971 0.988347 0.395943 -0.994941 0.0981929 -0.0212466 -0.491792 -0.0939048 -0.984105 -0.150729 0.443793 
1530568072588 -0.035832 -0.1481 0.988323 0.396158 -0.994927 0.0983053 -0.0213404 -0.491793 -0.0939969 -0.984074 -0.150871 0.443896 
1530568072741 -0.0370027 -0.147907 0.988309 0.39666 -0.994864 0.098694 -0.022478 -0.491905 -0.0942155 -0.984065 -0.150799 0.444012 
1530568072814 -0.037231 -0.14798 0.988289 0.39704 -0.994848 0.0988055 -0.0226837 -0.491889 -0.0942917 -0.984042 -0.150896 0.444073 
1530568072914 -0.0377178 -0.147984 0.98827 0.397338 -0.994814 0.0990438 -0.0231367 -0.49191 -0.0944582 -0.984018 -0.150952 0.4441 
1530568072989 -0.0382012 -0.147932 0.988259 0.397593 -0.994784 0.0992394 -0.0235983 -0.491972 -0.0945833 -0.984006 -0.150951 0.444208 
1530568073089 -0.0385676 -0.14797 0.98824 0.397904 -0.99477 0.0992901 -0.0239557 -0.491985 -0.0945776 -0.983995 -0.151025 0.444303 
1530568073154 -0.0390303 -0.148086 0.988204 0.398155 -0.99474 0.0994928 -0.0243791 -0.492002 -0.094709 -0.983957 -0.15119 0.444363 
1530568073168 -0.039013 -0.148042 0.988211 0.398198 -0.994736 0.099529 -0.0243604 -0.491997 -0.0947493 -0.98396 -0.151146 0.444387 
1530568073185 -0.0389908 -0.147997 0.988219 0.398246 -0.994734 0.0995627 -0.0243372 -0.49199 -0.094788 -0.983964 -0.151099 0.444411 
1530568073255 -0.0392113 -0.148064 0.9882 0.398483 -0.994723 0.0996193 -0.024544 -0.491968 -0.0948098 -0.983948 -0.151188 0.444455 
1530568073412 -0.0403141 -0.148007 0.988164 0.398969 -0.99465 0.100078 -0.025589 -0.492148 -0.0951063 -0.98391 -0.151249 0.444621 
1530568073469 -0.0408098 -0.148014 0.988143 0.399251 -0.994602 0.100448 -0.0260304 -0.492191 -0.095404 -0.983871 -0.151314 0.444667 
1530568073569 -0.0410639 -0.148054 0.988126 0.399664 -0.994584 0.100561 -0.0262649 -0.492207 -0.0954781 -0.983853 -0.151382 0.444689 
1530568073638 -0.041557 -0.147936 0.988123 0.399901 -0.994559 0.100682 -0.0267543 -0.492296 -0.0955279 -0.983859 -0.151315 0.444845 
1530568073736 -0.0420122 -0.147788 0.988126 0.400218 -0.994503 0.101122 -0.027159 -0.492303 -0.0959076 -0.983836 -0.151224 0.444945 
1530568073807 -0.0423537 -0.147755 0.988117 0.400561 -0.994474 0.101325 -0.0274749 -0.492315 -0.0960615 -0.98382 -0.15123 0.445049 
1530568073820 -0.0423541 -0.147735 0.98812 0.400614 -0.994472 0.101342 -0.0274747 -0.492308 -0.0960791 -0.983821 -0.151211 0.445063 
1530568073838 -0.042354 -0.147719 0.988122 0.400675 -0.994471 0.101351 -0.0274747 -0.492298 -0.0960882 -0.983823 -0.151195 0.44507 
1530568073864 -0.0424189 -0.147722 0.988119 0.400768 -0.994463 0.101413 -0.0275303 -0.492287 -0.096141 -0.983816 -0.151206 0.44507 
1530568073969 -0.0428363 -0.147589 0.988121 0.401068 -0.994457 0.101353 -0.0279726 -0.492366 -0.0960207 -0.983842 -0.151113 0.445147 
1530568074015 -0.0432793 -0.147246 0.988153 0.401248 -0.994474 0.101045 -0.0284993 -0.492451 -0.0956518 -0.983925 -0.150805 0.445219 
1530568074111 -0.043344 -0.147027 0.988182 0.40165 -0.994526 0.10048 -0.0286722 -0.492455 -0.0950774 -0.984016 -0.150578 0.445262 
1530568074149 -0.0438667 -0.146905 0.988177 0.401823 -0.994504 0.100542 -0.0292006 -0.492513 -0.0950639 -0.984027 -0.150509 0.445248 
1530568074247 -0.0440374 -0.146763 0.988191 0.402224 -0.994508 0.100443 -0.0294014 -0.492533 -0.0949415 -0.984059 -0.150381 0.445221 
1530568074281 -0.0444557 -0.146574 0.9882 0.40242 -0.994521 0.100174 -0.0298819 -0.492621 -0.0946116 -0.984114 -0.150224 0.445314 
1530568074389 -0.044484 -0.14619 0.988256 0.40293 -0.994539 0.0999683 -0.0299787 -0.492535 -0.0944116 -0.984192 -0.149839 0.445361 
1530568074402 -0.0445743 -0.146202 0.98825 0.402974 -0.994539 0.0999347 -0.0300736 -0.492543 -0.0943637 -0.984194 -0.149858 0.445363 
1530568074419 -0.0447789 -0.146207 0.98824 0.403071 -0.994543 0.0998331 -0.0302945 -0.492577 -0.0942298 -0.984204 -0.14988 0.445372 
1530568074565 -0.045074 -0.146071 0.988247 0.403428 -0.99452 0.0999769 -0.0305827 -0.492644 -0.0943346 -0.984209 -0.149777 0.445428 
1530568074674 -0.0452635 -0.146407 0.988188 0.403641 -0.994466 0.100487 -0.0306632 -0.492586 -0.0948105 -0.984107 -0.150146 0.445566 
1530568074765 -0.0458483 -0.146585 0.988135 0.403902 -0.994426 0.100712 -0.0312001 -0.492633 -0.0949434 -0.984058 -0.150385 0.44562 
1530568074873 -0.0464903 -0.146649 0.988096 0.404201 -0.994349 0.101299 -0.0317501 -0.492719 -0.0954375 -0.983988 -0.15053 0.445701 
1530568075061 -0.0474757 -0.146978 0.988 0.40484 -0.99427 0.101791 -0.0326343 -0.492851 -0.0957727 -0.983888 -0.150969 0.44584 
1530568075166 -0.0477454 -0.147079 0.987972 0.405242 -0.994241 0.102 -0.0328636 -0.492818 -0.0959395 -0.983851 -0.151102 0.445912 
1530568075275 -0.0482351 -0.147218 0.987927 0.405536 -0.994197 0.102294 -0.0332976 -0.49287 -0.0961574 -0.9838 -0.151298 0.446005 
1530568075292 -0.0482429 -0.147204 0.987929 0.405568 -0.994196 0.102302 -0.0333056 -0.492873 -0.0961649 -0.983801 -0.151285 0.446024 
1530568075305 -0.0483544 -0.147229 0.98792 0.405619 -0.994191 0.102316 -0.0334133 -0.49289 -0.0961603 -0.983796 -0.151321 0.446047 
1530568075338 -0.048653 -0.147317 0.987892 0.405722 -0.994177 0.102352 -0.0336996 -0.492935 -0.0961485 -0.983779 -0.151439 0.446091 
1530568075466 -0.0492654 -0.147187 0.987881 0.406062 -0.994089 0.103038 -0.0342231 -0.492959 -0.0967518 -0.983727 -0.151393 0.446076 
1530568075531 -0.0498643 -0.146853 0.987901 0.406329 -0.994026 0.10345 -0.0347955 -0.493053 -0.0970883 -0.983734 -0.151135 0.4461 
1530568075634 -0.0501427 -0.14665 0.987917 0.40679 -0.993966 0.103944 -0.0350199 -0.493021 -0.0975524 -0.983712 -0.150978 0.446091 
1530568075692 -0.0506692 -0.146538 0.987906 0.407059 -0.993902 0.104398 -0.0354911 -0.493056 -0.0979349 -0.983681 -0.150935 0.446119 
1530568075798 -0.0511431 -0.146548 0.987881 0.407379 -0.993849 0.104761 -0.0359113 -0.493095 -0.0982286 -0.983641 -0.151004 0.446097 
1530568075854 -0.0518422 -0.146422 0.987863 0.407629 -0.99376 0.105387 -0.0365311 -0.493182 -0.0987591 -0.983592 -0.150972 0.446089 
1530568075959 -0.0520554 -0.146291 0.987871 0.408062 -0.993717 0.105728 -0.0367065 -0.493116 -0.0990757 -0.983575 -0.150876 0.446157 
1530568075972 -0.0521592 -0.146258 0.98787 0.408118 -0.993708 0.105779 -0.0368065 -0.493128 -0.0991126 -0.983575 -0.150855 0.446172 
1530568075989 -0.0523593 -0.146161 0.987874 0.408227 -0.99369 0.105884 -0.0370015 -0.493157 -0.099192 -0.983578 -0.150782 0.446209 
1530568076070 -0.0526025 -0.145808 0.987913 0.408493 -0.993658 0.106095 -0.0372496 -0.493191 -0.0993814 -0.983608 -0.150464 0.446321 
1530568076168 -0.0532514 -0.145444 0.987932 0.408631 -0.993592 0.106495 -0.0378782 -0.493233 -0.0997003 -0.983618 -0.150183 0.446174 
1530568076242 -0.0535366 -0.14501 0.987981 0.408965 -0.993568 0.106599 -0.0381934 -0.493244 -0.0997798 -0.983671 -0.149784 0.446127 
1530568076345 -0.0539351 -0.144614 0.988017 0.409408 -0.993494 0.107163 -0.0385489 -0.493223 -0.100304 -0.983668 -0.149453 0.446082 
1530568076413 -0.0545975 -0.144203 0.988041 0.40968 -0.993437 0.107453 -0.0392131 -0.493264 -0.100513 -0.983697 -0.149124 0.446092 
1530568076517 -0.0548965 -0.143686 0.9881 0.410095 -0.993407 0.107603 -0.0395441 -0.493308 -0.100641 -0.983756 -0.148646 0.446129 
1530568076578 -0.0554156 -0.143278 0.98813 0.410376 -0.993342 0.108022 -0.0400448 -0.493349 -0.101002 -0.98377 -0.14831 0.446051 
1530568076683 -0.055999 -0.142909 0.98815 0.41075 -0.993283 0.108343 -0.0406211 -0.493379 -0.101254 -0.983788 -0.148016 0.446043 
1530568076696 -0.0561536 -0.142795 0.988158 0.410796 -0.993269 0.108414 -0.0407776 -0.493394 -0.101307 -0.983797 -0.147922 0.44605 
1530568076713 -0.056334 -0.142658 0.988168 0.410855 -0.993253 0.108497 -0.0409607 -0.493409 -0.101369 -0.983808 -0.147807 0.446057 
1530568076742 -0.0565972 -0.142389 0.988191 0.410956 -0.993218 0.108719 -0.0412198 -0.493427 -0.101565 -0.983822 -0.147577 0.446064 
1530568076866 -0.0568981 -0.142316 0.988185 0.411326 -0.993167 0.10908 -0.0414756 -0.493442 -0.101888 -0.983793 -0.14755 0.446011 
1530568076919 -0.0573883 -0.14217 0.988177 0.411638 -0.993118 0.109346 -0.0419435 -0.493497 -0.10209 -0.983784 -0.147467 0.446007 
1530568077023 -0.0577295 -0.141907 0.988195 0.412037 -0.993069 0.109672 -0.042265 -0.493497 -0.10238 -0.983786 -0.147255 0.446037 
1530568077070 -0.0584552 -0.141735 0.988177 0.412249 -0.992992 0.110102 -0.042948 -0.493576 -0.102713 -0.983763 -0.147178 0.44596 
1530568077175 -0.0586999 -0.141471 0.988201 0.412719 -0.99296 0.110299 -0.0431922 -0.493623 -0.102887 -0.983779 -0.146949 0.44593 
1530568077238 -0.0592992 -0.141066 0.988223 0.413077 -0.992874 0.110845 -0.0437556 -0.493648 -0.103367 -0.983775 -0.146634 0.445935 
1530568077330 -0.059527 -0.140998 0.988219 0.413502 -0.992815 0.111308 -0.0439226 -0.493565 -0.103803 -0.983733 -0.14661 0.445836 
1530568077344 -0.0597314 -0.140919 0.988218 0.413567 -0.992797 0.111389 -0.0441241 -0.493591 -0.103859 -0.983735 -0.146558 0.445846 
1530568077360 -0.059906 -0.140827 0.98822 0.413643 -0.992779 0.111483 -0.0442954 -0.493618 -0.103931 -0.983737 -0.146489 0.445863 
1530568077443 -0.0601751 -0.140523 0.988247 0.413905 -0.992733 0.11179 -0.0445524 -0.493644 -0.104215 -0.983746 -0.146229 0.44585 
1530568077546 -0.0605346 -0.140986 0.988159 0.414192 -0.992707 0.111901 -0.0448477 -0.493647 -0.104253 -0.983667 -0.146732 0.445867 
1530568077644 -0.0606097 -0.141214 0.988122 0.414645 -0.992718 0.111772 -0.0449181 -0.493601 -0.104101 -0.983649 -0.14696 0.446021 
1530568077736 -0.0614302 -0.141233 0.988069 0.414872 -0.992631 0.112236 -0.0456711 -0.493717 -0.104446 -0.983594 -0.147087 0.446017 
1530568077845 -0.0616329 -0.141272 0.98805 0.415346 -0.992599 0.112455 -0.0458379 -0.493699 -0.104635 -0.983563 -0.147157 0.446085 
1530568077947 -0.0620637 -0.141467 0.987995 0.415698 -0.99254 0.11283 -0.0461935 -0.493707 -0.10494 -0.983492 -0.147415 0.445992 
1530568078054 -0.0626454 -0.141494 0.987955 0.41597 -0.99249 0.11304 -0.0467436 -0.493769 -0.105064 -0.983464 -0.147513 0.446031 
1530568078157 -0.063045 -0.141456 0.987935 0.41637 -0.992454 0.113197 -0.0471254 -0.493807 -0.105166 -0.983451 -0.147525 0.446167 
1530568078171 -0.0630193 -0.141439 0.987939 0.416428 -0.992458 0.113173 -0.0471051 -0.493801 -0.105145 -0.983457 -0.147505 0.44618 
1530568078188 -0.0630499 -0.141446 0.987936 0.416501 -0.992457 0.113168 -0.0471358 -0.493802 -0.105135 -0.983456 -0.147514 0.446191 
1530568078331 -0.0635538 -0.141269 0.987929 0.416809 -0.992397 0.113493 -0.0476123 -0.493837 -0.105397 -0.983444 -0.147408 0.446175 
1530568078383 -0.0638128 -0.140697 0.987994 0.416959 -0.992383 0.113485 -0.0479352 -0.493841 -0.105379 -0.983527 -0.146867 0.446179 
1530568078485 -0.0641826 -0.140358 0.988018 0.417333 -0.99232 0.113882 -0.048284 -0.493822 -0.10574 -0.98353 -0.146589 0.446037 
1530568078531 -0.064621 -0.139892 0.988056 0.417572 -0.992268 0.114144 -0.0487356 -0.493846 -0.105963 -0.983566 -0.146187 0.446068 
1530568078642 -0.0649472 -0.13953 0.988086 0.418018 -0.992243 0.114213 -0.0490922 -0.493873 -0.106002 -0.983609 -0.145866 0.446055 
1530568078693 -0.0655439 -0.139223 0.98809 0.418244 -0.992183 0.114478 -0.0496853 -0.493964 -0.106197 -0.983622 -0.145638 0.445973 
1530568078795 -0.0659575 -0.138925 0.988104 0.418558 -0.992107 0.11497 -0.0500602 -0.49394 -0.106648 -0.983607 -0.145411 0.445842 
1530568078847 -0.0664605 -0.138457 0.988136 0.418876 -0.992064 0.1151 -0.050597 -0.493965 -0.106729 -0.983657 -0.145007 0.445921 
1530568078860 -0.0664256 -0.138414 0.988144 0.418938 -0.992063 0.115124 -0.0505632 -0.493953 -0.10676 -0.983661 -0.144963 0.445912 
1530568078877 -0.0663575 -0.138421 0.988148 0.419005 -0.992062 0.115166 -0.0504876 -0.493929 -0.106813 -0.983655 -0.144965 0.445879 
1530568078963 -0.0665644 -0.138294 0.988152 0.41935 -0.992016 0.115488 -0.0506619 -0.493894 -0.107114 -0.983635 -0.144877 0.445706 
1530568079039 -0.0670116 -0.137752 0.988197 0.419557 -0.992027 0.115151 -0.0512196 -0.493968 -0.106736 -0.98375 -0.14437 0.445777 
1530568079129 -0.0673953 -0.137266 0.988239 0.419867 -0.992043 0.114788 -0.0517107 -0.494012 -0.10634 -0.983861 -0.14391 0.44582 
1530568079294 -0.0679808 -0.136614 0.988289 0.420558 -0.992008 0.114791 -0.0523686 -0.494009 -0.106293 -0.983951 -0.143326 0.445567 
1530568079344 -0.0683798 -0.136124 0.988329 0.420785 -0.991992 0.114716 -0.0528332 -0.494052 -0.106185 -0.984028 -0.142879 0.44561 
1530568079453 -0.0685753 -0.135639 0.988382 0.421209 -0.992003 0.114498 -0.0531134 -0.494077 -0.105964 -0.98412 -0.142406 0.44558 
1530568079511 -0.0688686 -0.135371 0.988399 0.421527 -0.992004 0.11432 -0.0534625 -0.494072 -0.105756 -0.984178 -0.142162 0.445481 
1530568079524 -0.0688728 -0.135356 0.9884 0.421573 -0.992005 0.114309 -0.05347 -0.494057 -0.105746 -0.984181 -0.142146 0.445466 
1530568079541 -0.0688558 -0.135376 0.988399 0.421637 -0.992005 0.114324 -0.0534486 -0.494033 -0.105762 -0.984177 -0.142165 0.445447 
1530568079674 -0.0695057 -0.135048 0.988398 0.422079 -0.991946 0.114519 -0.0541081 -0.494095 -0.105883 -0.984199 -0.14192 0.445249 
1530568079725 -0.0698288 -0.135063 0.988373 0.422354 -0.991941 0.11441 -0.0544465 -0.494143 -0.105726 -0.98421 -0.141963 0.445226 
1530568079819 -0.0697947 -0.134634 0.988434 0.422854 -0.991968 0.114149 -0.054496 -0.494066 -0.105492 -0.984299 -0.14152 0.445389 
1530568079875 -0.0702296 -0.134599 0.988408 0.423097 -0.991937 0.114206 -0.0549281 -0.494125 -0.105489 -0.984297 -0.141534 0.445319 
1530568079965 -0.0705372 -0.134477 0.988403 0.423474 -0.991904 0.114354 -0.0552287 -0.494158 -0.105601 -0.984296 -0.141454 0.445175 
1530568080018 -0.0710922 -0.134223 0.988398 0.423723 -0.991858 0.114477 -0.0557953 -0.494212 -0.105659 -0.984317 -0.141269 0.445148 
1530568080110 -0.0710943 -0.134176 0.988404 0.424198 -0.991872 0.11434 -0.0558219 -0.494165 -0.105525 -0.984339 -0.141215 0.445086 
1530568080124 -0.071187 -0.134125 0.988404 0.424253 -0.991864 0.114361 -0.0559176 -0.494167 -0.105535 -0.984344 -0.141175 0.445081 
1530568080141 -0.0712585 -0.134091 0.988404 0.424295 -0.991858 0.114376 -0.0559909 -0.49417 -0.105542 -0.984346 -0.14115 0.445075 
1530568080169 -0.0714853 -0.133903 0.988413 0.424508 -0.991838 0.114432 -0.0562307 -0.494171 -0.105577 -0.984365 -0.14099 0.445048 
1530568080283 -0.0717686 -0.134047 0.988373 0.42478 -0.991845 0.114229 -0.0565285 -0.494209 -0.105324 -0.984369 -0.141152 0.445076 
1530568080334 -0.0721367 -0.134275 0.988315 0.425019 -0.991809 0.114384 -0.0568512 -0.494266 -0.105414 -0.98432 -0.141426 0.445144 
1530568080437 -0.0721137 -0.134595 0.988273 0.425473 -0.991843 0.114093 -0.0568356 -0.494231 -0.105105 -0.98431 -0.141725 0.445142 
1530568080498 -0.0726823 -0.134703 0.988217 0.425688 -0.991811 0.11409 -0.0573951 -0.49433 -0.105015 -0.984296 -0.141892 0.445132 
1530568080601 -0.072953 -0.134772 0.988187 0.426042 -0.99179 0.11414 -0.0576522 -0.494369 -0.105022 -0.984281 -0.141993 0.445114 
1530568080666 -0.0731464 -0.134838 0.988164 0.42642 -0.99181 0.113858 -0.05788 -0.494403 -0.104706 -0.984304 -0.142062 0.445219 
1530568080765 -0.0734521 -0.135125 0.988102 0.42678 -0.991759 0.114179 -0.0581097 -0.494369 -0.104969 -0.984228 -0.142398 0.44503 
1530568080779 -0.0736454 -0.135223 0.988074 0.426843 -0.991749 0.114175 -0.0582938 -0.494405 -0.104931 -0.984215 -0.142516 0.445006 
1530568080796 -0.0737861 -0.13528 0.988056 0.426914 -0.991742 0.114164 -0.0584306 -0.494428 -0.104896 -0.984208 -0.142586 0.444996 
1530568080812 -0.0738534 -0.135275 0.988052 0.427004 -0.99174 0.114148 -0.058501 -0.494433 -0.10487 -0.984211 -0.142588 0.445006 
1530568080990 -0.0744913 -0.13492 0.988052 0.427578 -0.991681 0.114327 -0.0591532 -0.494472 -0.10498 -0.984239 -0.142314 0.445086 
1530568081042 -0.0748214 -0.134757 0.98805 0.427945 -0.991648 0.114434 -0.0594866 -0.494484 -0.105051 -0.984249 -0.142194 0.445075 
1530568081139 -0.0750203 -0.134958 0.988007 0.42835 -0.991603 0.114756 -0.059618 -0.494435 -0.105334 -0.984184 -0.142434 0.444914 
1530568081189 -0.0755595 -0.134802 0.987987 0.428553 -0.991567 0.114782 -0.0601722 -0.494502 -0.105292 -0.984202 -0.142338 0.445006 
1530568081285 -0.0758247 -0.134602 0.987994 0.428959 -0.991538 0.114882 -0.0604454 -0.494524 -0.105367 -0.984218 -0.142174 0.44501 
1530568081348 -0.0763061 -0.134662 0.987949 0.429231 -0.991481 0.115148 -0.0608836 -0.494576 -0.105562 -0.984178 -0.142302 0.444885 
1530568081361 -0.076356 -0.134663 0.987945 0.429266 -0.991474 0.115182 -0.0609287 -0.49458 -0.105589 -0.984174 -0.142309 0.444867 
1530568081378 -0.0764473 -0.134623 0.987944 0.429338 -0.991462 0.115236 -0.0610168 -0.49458 -0.105633 -0.984173 -0.142283 0.444855 
1530568081503 -0.0765374 -0.134286 0.987982 0.42979 -0.991457 0.115213 -0.0611469 -0.49457 -0.105618 -0.984222 -0.141957 0.445026 
1530568081561 -0.0768 -0.134195 0.987974 0.429845 -0.991346 0.11609 -0.0612939 -0.494591 -0.106468 -0.984132 -0.141949 0.444946 
1530568081639 -0.0772257 -0.134116 0.987952 0.429995 -0.991233 0.116883 -0.0616152 -0.494656 -0.107211 -0.984048 -0.141966 0.444869 
1530568081699 -0.0777199 -0.134058 0.987921 0.43026 -0.991136 0.11748 -0.0620311 -0.494759 -0.107745 -0.983985 -0.142 0.444823 
1530568081783 -0.077813 -0.133784 0.987951 0.430729 -0.991049 0.118202 -0.0620506 -0.4947 -0.108476 -0.983936 -0.141784 0.444789 
1530568081837 -0.0780208 -0.133492 0.987974 0.431027 -0.990961 0.118859 -0.0621968 -0.494725 -0.109127 -0.983897 -0.141559 0.444839 
1530568081922 -0.0784742 -0.13337 0.987955 0.431371 -0.990829 0.119778 -0.062533 -0.494728 -0.109995 -0.983802 -0.141547 0.444632 
1530568081974 -0.0788767 -0.13324 0.98794 0.431624 -0.990731 0.120417 -0.0628594 -0.494777 -0.110589 -0.983741 -0.141503 0.444634 
1530568081994 -0.0789677 -0.133175 0.987942 0.431707 -0.990706 0.12059 -0.062933 -0.494787 -0.110754 -0.983729 -0.14146 0.444638 
1530568082011 -0.0789547 -0.133104 0.987952 0.431768 -0.990689 0.120741 -0.0629064 -0.494775 -0.110913 -0.98372 -0.141397 0.444623 
1530568082069 -0.079066 -0.132944 0.987965 0.431996 -0.990638 0.121122 -0.0629813 -0.494777 -0.111291 -0.983695 -0.141276 0.444622 
1530568082178 -0.0792459 -0.133373 0.987893 0.432312 -0.99073 0.120223 -0.0632426 -0.494852 -0.110333 -0.983747 -0.141664 0.444703 
1530568082218 -0.0793618 -0.133788 0.987827 0.432462 -0.99079 0.119651 -0.0633947 -0.494867 -0.109713 -0.98376 -0.142052 0.444704 
1530568082322 -0.0793901 -0.134161 0.987774 0.43285 -0.990849 0.119127 -0.0634572 -0.494854 -0.109157 -0.983773 -0.142391 0.444744 
1530568082373 -0.0797498 -0.134258 0.987732 0.433092 -0.990869 0.118748 -0.0638621 -0.494995 -0.108717 -0.983806 -0.142503 0.444851 
1530568082469 -0.0799966 -0.134688 0.987654 0.433399 -0.990855 0.118754 -0.0640612 -0.49501 -0.10866 -0.983746 -0.142956 0.444728 
1530568082527 -0.0801643 -0.134953 0.987604 0.433711 -0.990889 0.118362 -0.0642573 -0.495045 -0.108223 -0.983757 -0.143211 0.444755 
1530568082625 -0.080044 -0.13511 0.987592 0.434179 -0.99096 0.117797 -0.0642015 -0.495047 -0.107661 -0.983803 -0.143318 0.444834 
1530568082638 -0.0800607 -0.135138 0.987587 0.434226 -0.990966 0.117732 -0.0642246 -0.495053 -0.107591 -0.983807 -0.143343 0.444843 
1530568082655 -0.0801824 -0.135242 0.987563 0.434333 -0.990976 0.117579 -0.0643577 -0.495077 -0.107413 -0.983811 -0.143449 0.444862 
1530568082672 -0.0802941 -0.135335 0.987541 0.434412 -0.99098 0.117479 -0.0644742 -0.495094 -0.107289 -0.983811 -0.143547 0.44487 
1530568082791 -0.080409 -0.135606 0.987495 0.434693 -0.99098 0.11743 -0.0645669 -0.495077 -0.107206 -0.983779 -0.143825 0.444798 
1530568082841 -0.0807398 -0.135718 0.987452 0.434921 -0.991004 0.117019 -0.0649468 -0.495163 -0.106736 -0.983813 -0.143945 0.444907 
1530568082937 -0.0808659 -0.136017 0.987401 0.435265 -0.991021 0.116803 -0.0650724 -0.495134 -0.106481 -0.983797 -0.144241 0.444865 
1530568082997 -0.0811417 -0.136229 0.987349 0.435535 -0.991043 0.11644 -0.0653795 -0.495179 -0.106061 -0.983811 -0.144457 0.444939 
1530568083099 -0.081098 -0.136468 0.987319 0.435973 -0.991088 0.116068 -0.0653646 -0.495117 -0.105676 -0.983821 -0.144665 0.444985 
1530568083150 -0.0814592 -0.136738 0.987252 0.436185 -0.991098 0.115768 -0.0657423 -0.495201 -0.105303 -0.983819 -0.144951 0.445003 
1530568083253 -0.0816694 -0.137145 0.987179 0.436533 -0.991099 0.115654 -0.0659264 -0.495216 -0.10513 -0.983776 -0.145369 0.444898 
1530568083266 -0.0818039 -0.137207 0.987159 0.436571 -0.991097 0.115593 -0.0660638 -0.495238 -0.105044 -0.983775 -0.145442 0.444913 
1530568083283 -0.081941 -0.13727 0.987139 0.436633 -0.9911 0.115488 -0.0662102 -0.495268 -0.104914 -0.983778 -0.145511 0.444942 
1530568083300 -0.0820351 -0.137285 0.987129 0.436692 -0.991104 0.115394 -0.066317 -0.495295 -0.104805 -0.983787 -0.14553 0.444974 
1530568083368 -0.0820092 -0.137222 0.98714 0.436867 -0.991124 0.115213 -0.0663244 -0.495317 -0.10463 -0.983817 -0.145453 0.445031 
1530568083466 -0.0823507 -0.137325 0.987097 0.437147 -0.991081 0.115411 -0.0666271 -0.49535 -0.104772 -0.98378 -0.145604 0.444978 
1530568083510 -0.082423 -0.137216 0.987106 0.437481 -0.991078 0.115381 -0.0667157 -0.495353 -0.104739 -0.983798 -0.145502 0.44504 
1530568083595 -0.0824191 -0.137296 0.987095 0.43792 -0.991047 0.11568 -0.066659 -0.495267 -0.105035 -0.983752 -0.145601 0.444903 
1530568083640 -0.0827087 -0.13727 0.987075 0.438137 -0.991041 0.115555 -0.066971 -0.495342 -0.104869 -0.98377 -0.145597 0.445005 
1530568083729 -0.0828699 -0.137341 0.987051 0.438483 -0.991032 0.115537 -0.067128 -0.495363 -0.104821 -0.983763 -0.145684 0.445006 
1530568083774 -0.0831985 -0.137505 0.987001 0.43868 -0.991007 0.115578 -0.0674343 -0.495414 -0.104803 -0.983735 -0.145885 0.444959 
1530568083791 -0.0832824 -0.137535 0.986989 0.438755 -0.991003 0.115558 -0.0675182 -0.495436 -0.104769 -0.983733 -0.145922 0.444951 
1530568083809 -0.083325 -0.137564 0.986982 0.438833 -0.991004 0.115523 -0.0675632 -0.495456 -0.104725 -0.983733 -0.145953 0.444944 
1530568083824 -0.0832709 -0.137566 0.986986 0.438907 -0.991012 0.115485 -0.0675142 -0.495465 -0.104695 -0.983737 -0.145946 0.444942 
1530568083882 -0.0833151 -0.137561 0.986983 0.439076 -0.991014 0.115442 -0.0675656 -0.495475 -0.104645 -0.983743 -0.145942 0.444975 
1530568083962 -0.0835717 -0.137525 0.986966 0.439291 -0.991011 0.1153 -0.0678481 -0.495511 -0.104467 -0.983765 -0.145925 0.445027 
1530568084085 -0.0839349 -0.137644 0.986919 0.439892 -0.990988 0.115288 -0.0682019 -0.49559 -0.104392 -0.983749 -0.14608 0.444836 
1530568084133 -0.0840745 -0.137539 0.986922 0.440146 -0.990998 0.115095 -0.0683819 -0.495625 -0.104185 -0.983787 -0.145977 0.444917 
1530568084213 -0.0841086 -0.137529 0.98692 0.440523 -0.991019 0.114872 -0.0684504 -0.495638 -0.103955 -0.983814 -0.145955 0.444947 
1530568084257 -0.0843671 -0.137821 0.986857 0.440752 -0.991004 0.114869 -0.0686793 -0.495682 -0.103894 -0.983774 -0.146273 0.444805 
1530568084271 -0.0844117 -0.137865 0.986847 0.44081 -0.991 0.114882 -0.0687175 -0.495687 -0.103897 -0.983766 -0.146322 0.444786 
1530568084287 -0.0844414 -0.137884 0.986842 0.44088 -0.990999 0.114872 -0.0687469 -0.495691 -0.103881 -0.983764 -0.146343 0.444788 
1530568084321 -0.0844089 -0.137746 0.986864 0.441021 -0.991017 0.114705 -0.0687536 -0.49572 -0.103728 -0.983803 -0.146191 0.444894 
1530568084413 -0.0847335 -0.137868 0.986819 0.441239 -0.991 0.114661 -0.0690732 -0.495741 -0.103627 -0.983791 -0.146343 0.444918 
1530568084461 -0.0851678 -0.138218 0.986733 0.441381 -0.990973 0.114656 -0.0694731 -0.495782 -0.103533 -0.983743 -0.146736 0.444845 
1530568084558 -0.0854113 -0.138454 0.986679 0.441676 -0.990972 0.11452 -0.0697131 -0.495816 -0.103342 -0.983725 -0.146986 0.444868 
1530568084598 -0.0856491 -0.138638 0.986632 0.441894 -0.990976 0.114337 -0.0699599 -0.49587 -0.103109 -0.983721 -0.14718 0.444898 
1530568084698 -0.0858229 -0.138795 0.986595 0.442247 -0.990961 0.114367 -0.0701134 -0.495879 -0.103103 -0.983695 -0.147356 0.444931 
1530568084747 -0.086167 -0.139043 0.98653 0.44245 -0.990942 0.114337 -0.0704374 -0.495909 -0.103004 -0.983664 -0.147635 0.444908 
1530568084843 -0.0863287 -0.139302 0.98648 0.442816 -0.990937 0.114286 -0.0705803 -0.495921 -0.102909 -0.983633 -0.147906 0.444847 
