1534333789202 -0.166046 0.819507 -0.548487 -0.384751 -0.951056 0.0139133 0.308705 -0.273765 0.260617 0.572901 0.777087 0.482449 
1534333794558 -0.166045 0.819506 -0.548487 -0.384751 -0.951056 0.0139132 0.308704 -0.273765 0.260616 0.572901 0.777086 0.482449 
1534333796333 -0.137743 0.826267 -0.546178 -0.408696 -0.955583 0.0341988 0.29273 -0.268937 0.260551 0.56224 0.784856 0.476402 
1534333797289 -0.109738 0.832652 -0.542816 -0.430798 -0.959072 0.0547172 0.277824 -0.264249 0.261032 0.551087 0.792569 0.469031 
1534333798232 -0.0809269 0.838463 -0.538916 -0.453139 -0.961972 0.075817 0.262414 -0.259489 0.260884 0.539659 0.800443 0.461499 
1534333799141 -0.0517049 0.843561 -0.534538 -0.475451 -0.964169 0.0972943 0.246804 -0.254855 0.260202 0.528146 0.808305 0.453902 
1534333800033 -0.0228098 0.847942 -0.529598 -0.497739 -0.96557 0.118628 0.231523 -0.250063 0.259143 0.516645 0.816041 0.446246 
1534333800921 0.00616051 0.851799 -0.523833 -0.519912 -0.966213 0.140053 0.216375 -0.245273 0.257672 0.504801 0.823882 0.438716 
1534333801773 0.0359261 0.854464 -0.518266 -0.542297 -0.965904 0.162742 0.201356 -0.240992 0.256395 0.493362 0.831177 0.43121 
1534333802658 0.0648308 0.856619 -0.51186 -0.564847 -0.964941 0.184548 0.186632 -0.236293 0.254335 0.481815 0.838551 0.423895 
1534333803561 0.0938008 0.857872 -0.50523 -0.587513 -0.963268 0.20646 0.171725 -0.231551 0.251628 0.470563 0.845727 0.416513 
1534333803588 0.0939866 0.857791 -0.505333 -0.587759 -0.963305 0.206536 0.171425 -0.231398 0.251416 0.470678 0.845726 0.41639 
1534333803885 0.0963471 0.858046 -0.504455 -0.589419 -0.963091 0.208344 0.170437 -0.231229 0.251343 0.469415 0.846449 0.415958 
1534333804311 0.102255 0.858249 -0.502944 -0.59398 -0.962594 0.212897 0.167591 -0.230308 0.25091 0.466994 0.847916 0.414507 
1534333804611 0.105154 0.85828 -0.502293 -0.596346 -0.962382 0.215072 0.166026 -0.22969 0.250526 0.465939 0.848609 0.41368 
1534333804918 0.107916 0.858256 -0.501748 -0.598662 -0.962185 0.217137 0.164474 -0.229189 0.250109 0.465025 0.849233 0.412906 
1534333805225 0.111002 0.858278 -0.501037 -0.600931 -0.961903 0.219526 0.162943 -0.228778 0.24984 0.463862 0.849948 0.41215 
1534333805530 0.113764 0.858359 -0.500278 -0.603299 -0.9617 0.221537 0.161412 -0.228144 0.24938 0.462755 0.850687 0.411404 
1534333805968 0.120024 0.858414 -0.498719 -0.607804 -0.961044 0.226448 0.158481 -0.227385 0.248976 0.460269 0.852152 0.409982 
1534333805993 0.120134 0.858307 -0.498876 -0.608008 -0.961069 0.226499 0.158253 -0.227266 0.248825 0.460443 0.852102 0.409818 
1534333806009 0.120133 0.858238 -0.498995 -0.608137 -0.961111 0.226443 0.15808 -0.227143 0.248664 0.460599 0.852065 0.409697 
1534333806151 0.120508 0.858639 -0.498214 -0.608229 -0.960928 0.226874 0.158573 -0.227126 0.249189 0.459639 0.85243 0.40966 
1534333806261 0.121392 0.858804 -0.497714 -0.608328 -0.960667 0.227821 0.158798 -0.227384 0.249766 0.45886 0.852681 0.409262 
1534333806361 0.121592 0.859081 -0.497187 -0.608631 -0.960564 0.228037 0.159108 -0.227251 0.250064 0.458234 0.85293 0.408983 
1534333806473 0.122436 0.85924 -0.496705 -0.60888 -0.960331 0.228908 0.159266 -0.227256 0.250547 0.457501 0.853181 0.408664 
1534333806587 0.122789 0.859549 -0.496083 -0.609158 -0.960237 0.229187 0.159431 -0.22712 0.250735 0.45678 0.853513 0.408306 
1534333806693 0.123457 0.859748 -0.495572 -0.609397 -0.960058 0.22984 0.159571 -0.227188 0.251093 0.456078 0.853783 0.408108 
1534333806800 0.124098 0.859882 -0.49518 -0.609673 -0.959899 0.23046 0.159633 -0.227131 0.251385 0.455513 0.853999 0.407704 
1534333806907 0.124587 0.860106 -0.494666 -0.609951 -0.959761 0.230923 0.159793 -0.227067 0.251668 0.454853 0.854267 0.407429 
1534333806927 0.124719 0.860175 -0.494514 -0.609998 -0.959731 0.231032 0.159814 -0.227085 0.251716 0.454669 0.854351 0.407382 
1534333806942 0.124809 0.86023 -0.494397 -0.610032 -0.959713 0.231099 0.159826 -0.227092 0.251742 0.454531 0.854417 0.40734 
1534333807067 0.124635 0.860384 -0.494172 -0.610095 -0.959689 0.23099 0.160125 -0.227091 0.251918 0.454294 0.85449 0.407238 
1534333807085 0.124391 0.860378 -0.494244 -0.610061 -0.959735 0.230767 0.160173 -0.22718 0.251865 0.454419 0.85444 0.407281 
1534333807118 0.124148 0.860332 -0.494384 -0.610013 -0.959754 0.230605 0.160292 -0.227323 0.251912 0.454587 0.854337 0.407357 
1534333807189 0.123877 0.860337 -0.494444 -0.609956 -0.959742 0.230467 0.160563 -0.227453 0.252091 0.454648 0.854251 0.407386 
1534333807224 0.123285 0.860518 -0.494276 -0.60998 -0.959812 0.229935 0.160908 -0.227529 0.252116 0.454575 0.854283 0.407333 
1534333807252 0.123021 0.860674 -0.494071 -0.609992 -0.959804 0.229743 0.161229 -0.227618 0.252275 0.454377 0.854341 0.407298 
1534333807318 0.122965 0.860846 -0.493785 -0.610013 -0.959726 0.229795 0.161619 -0.22789 0.252598 0.454025 0.854433 0.407272 
1534333807341 0.122721 0.860937 -0.493687 -0.610029 -0.959742 0.229592 0.161809 -0.22798 0.252654 0.453955 0.854454 0.407279 
1534333807358 0.122529 0.860984 -0.493652 -0.610033 -0.959757 0.229436 0.161942 -0.22803 0.252691 0.453943 0.854449 0.407266 
1534333807376 0.122343 0.861022 -0.493632 -0.610036 -0.959773 0.229286 0.162061 -0.228074 0.252721 0.453948 0.854437 0.407238 
1534333807409 0.122172 0.861054 -0.49362 -0.610037 -0.959762 0.229195 0.162257 -0.228154 0.252847 0.453934 0.854408 0.40715 
1534333807528 0.121697 0.860998 -0.493834 -0.609899 -0.959874 0.22873 0.162246 -0.228374 0.252648 0.454274 0.854286 0.407163 
1534333807585 0.12161 0.860932 -0.493971 -0.609717 -0.95995 0.228565 0.162033 -0.228722 0.252404 0.454483 0.854247 0.407293 
1534333807680 0.120916 0.860904 -0.494189 -0.609611 -0.960103 0.227887 0.162079 -0.228838 0.252154 0.454875 0.854112 0.40729 
1534333807736 0.120269 0.860905 -0.494346 -0.609531 -0.960238 0.227261 0.16216 -0.228957 0.25195 0.455187 0.854006 0.407245 
1534333807822 0.119999 0.86082 -0.49456 -0.609396 -0.960289 0.227037 0.162172 -0.229309 0.251884 0.45546 0.85388 0.407218 
1534333807881 0.11945 0.860814 -0.494704 -0.60932 -0.960392 0.226526 0.162275 -0.229496 0.251752 0.455726 0.853777 0.407195 
1534333807970 0.11934 0.86069 -0.494945 -0.60913 -0.960415 0.226459 0.162231 -0.229979 0.251715 0.455992 0.853646 0.40717 
1534333807989 0.119164 0.860698 -0.494973 -0.609101 -0.960453 0.226284 0.162253 -0.230049 0.251656 0.456063 0.853625 0.407175 
1534333808130 0.118473 0.86066 -0.495206 -0.60894 -0.960544 0.22572 0.162497 -0.23009 0.251632 0.456416 0.853443 0.407157 
1534333808182 0.118322 0.860875 -0.494868 -0.608684 -0.960577 0.225499 0.162607 -0.230052 0.251577 0.456119 0.853619 0.407182 
1534333808270 0.118223 0.86085 -0.494934 -0.608393 -0.960553 0.225492 0.162759 -0.230206 0.251715 0.456168 0.853551 0.407274 
1534333808325 0.117748 0.86093 -0.494909 -0.608135 -0.960651 0.225005 0.162857 -0.230238 0.251565 0.456258 0.853547 0.407252 
1534333808457 0.117199 0.860889 -0.495111 -0.607532 -0.960729 0.224549 0.163025 -0.230584 0.251523 0.456561 0.853398 0.407229 
1534333808494 0.116632 0.860963 -0.495117 -0.607301 -0.960856 0.223956 0.163094 -0.230564 0.251302 0.456714 0.853381 0.407144 
1534333808609 0.116279 0.86109 -0.494978 -0.606978 -0.960836 0.223738 0.16351 -0.230741 0.251542 0.45658 0.853382 0.407329 
1534333808631 0.116047 0.861129 -0.494965 -0.606864 -0.960876 0.223514 0.163584 -0.230748 0.251498 0.456617 0.853376 0.407322 
1534333808650 0.115792 0.861156 -0.494977 -0.606744 -0.960918 0.223276 0.163662 -0.230752 0.251455 0.456682 0.853354 0.407308 
1534333808811 0.115608 0.861099 -0.49512 -0.606387 -0.960976 0.223078 0.163589 -0.230995 0.251317 0.456886 0.853285 0.407281 
1534333808862 0.11499 0.86127 -0.494967 -0.606118 -0.961082 0.222458 0.163811 -0.23096 0.251195 0.456867 0.853331 0.407316 
1534333808965 0.114507 0.861394 -0.494862 -0.605827 -0.961137 0.222025 0.164073 -0.230996 0.251203 0.456843 0.853341 0.407446 
1534333809022 0.113863 0.86144 -0.494931 -0.605593 -0.961265 0.22139 0.164186 -0.230938 0.251009 0.457065 0.853279 0.407401 
1534333809162 0.112929 0.861664 -0.494754 -0.604979 -0.961432 0.220445 0.164479 -0.231069 0.250791 0.457098 0.853326 0.40753 
1534333809210 0.112465 0.861778 -0.494661 -0.604686 -0.961546 0.219917 0.164515 -0.231122 0.25056 0.457137 0.853373 0.407527 
1534333809235 0.112517 0.861792 -0.494625 -0.6046 -0.961524 0.219985 0.164555 -0.231204 0.250622 0.457079 0.853386 0.407576 
1534333809250 0.112578 0.861796 -0.494605 -0.604562 -0.961503 0.220059 0.16458 -0.231266 0.250676 0.457036 0.853393 0.407615 
1534333809286 0.112507 0.86183 -0.494561 -0.604485 -0.961491 0.220026 0.164694 -0.231322 0.250754 0.456987 0.853396 0.407676 
1534333809354 0.112049 0.861763 -0.494782 -0.604337 -0.961579 0.219609 0.164733 -0.231202 0.25062 0.457314 0.853261 0.407556 
1534333809419 0.111789 0.861902 -0.494599 -0.604141 -0.961648 0.21928 0.164771 -0.231126 0.250472 0.457211 0.853359 0.407526 
1534333809480 0.111717 0.861955 -0.494524 -0.603911 -0.961656 0.219204 0.164826 -0.231174 0.250474 0.457148 0.853393 0.407619 
1534333809543 0.111517 0.86203 -0.494437 -0.603691 -0.961683 0.219007 0.164927 -0.231192 0.250457 0.4571 0.853423 0.40772 
1534333809665 0.111281 0.862059 -0.49444 -0.603204 -0.96175 0.218733 0.164905 -0.231367 0.250308 0.457177 0.853426 0.407747 
1534333809727 0.111059 0.862169 -0.494299 -0.60295 -0.9618 0.218469 0.164962 -0.231418 0.250214 0.457096 0.853496 0.40777 
1534333809745 0.110963 0.862219 -0.494233 -0.602883 -0.96182 0.218357 0.164992 -0.231418 0.250179 0.457055 0.853529 0.407783 
1534333809762 0.110887 0.862235 -0.494221 -0.60283 -0.961836 0.218276 0.165008 -0.231419 0.250152 0.457062 0.853533 0.407786 
1534333809779 0.1108 0.862208 -0.494289 -0.602782 -0.961853 0.218201 0.165009 -0.231425 0.250126 0.45715 0.853493 0.407775 
1534333809795 0.110712 0.862188 -0.494342 -0.602743 -0.961868 0.218126 0.165018 -0.231419 0.250105 0.457222 0.853461 0.407766 
1534333809886 0.110452 0.862221 -0.494343 -0.60262 -0.961792 0.218095 0.165501 -0.231434 0.250512 0.457175 0.853367 0.407913 
1534333809931 0.109995 0.862052 -0.49474 -0.60248 -0.961681 0.218074 0.166171 -0.231477 0.251139 0.457504 0.853006 0.407916 
1534333809981 0.109614 0.861716 -0.495409 -0.60235 -0.961591 0.218119 0.166637 -0.231554 0.251651 0.458115 0.852527 0.407897 
1534333810026 0.109376 0.861632 -0.495609 -0.602203 -0.961581 0.21802 0.166823 -0.231567 0.251793 0.458321 0.852374 0.407949 
1534333810062 0.109017 0.861585 -0.49577 -0.602085 -0.961555 0.217863 0.167178 -0.231539 0.252048 0.458484 0.852211 0.407986 
1534333810125 0.108648 0.861509 -0.495982 -0.601905 -0.961469 0.217818 0.167728 -0.231607 0.252533 0.458648 0.85198 0.408075 
1534333810143 0.108528 0.861483 -0.496053 -0.601833 -0.961425 0.217833 0.167961 -0.231637 0.252752 0.458689 0.851892 0.408125 
1534333810159 0.108427 0.861473 -0.496093 -0.601774 -0.961392 0.217834 0.168149 -0.231666 0.252921 0.458708 0.851832 0.408177 
1534333810181 0.108289 0.861454 -0.496156 -0.601699 -0.961353 0.217826 0.16838 -0.231703 0.253127 0.458747 0.85175 0.408234 
1534333810193 0.108217 0.861433 -0.496208 -0.601654 -0.961333 0.217824 0.168495 -0.231722 0.253234 0.458787 0.851697 0.408257 
1534333810269 0.108232 0.861377 -0.496301 -0.601588 -0.961329 0.217861 0.168475 -0.231818 0.253245 0.458874 0.851646 0.408216 
1534333810346 0.108086 0.861746 -0.495693 -0.601488 -0.961394 0.217528 0.168532 -0.231753 0.253059 0.45834 0.851989 0.408112 
1534333810388 0.107431 0.861786 -0.495766 -0.601337 -0.961404 0.217092 0.169035 -0.2316 0.253299 0.458472 0.851847 0.407992 
1534333810415 0.107219 0.861781 -0.49582 -0.601239 -0.961369 0.217027 0.169321 -0.23158 0.253524 0.458511 0.851759 0.40797 
1534333810436 0.107285 0.86177 -0.495824 -0.601174 -0.961329 0.217143 0.169398 -0.231637 0.253647 0.458476 0.851741 0.407999 
1534333810451 0.107386 0.861775 -0.495795 -0.601121 -0.961289 0.217277 0.169454 -0.231707 0.253756 0.458405 0.851747 0.408035 
1534333810470 0.107453 0.861781 -0.495769 -0.601067 -0.961253 0.217381 0.169525 -0.231764 0.253864 0.458344 0.851748 0.408063 
1534333810485 0.107474 0.861797 -0.495736 -0.601017 -0.961223 0.217441 0.169614 -0.231803 0.253966 0.458284 0.851749 0.408081 
1534333810503 0.107325 0.861822 -0.495726 -0.600939 -0.96119 0.217402 0.169856 -0.231824 0.254158 0.458257 0.851707 0.408082 
1534333810541 0.106956 0.861884 -0.495697 -0.600828 -0.961201 0.217132 0.170137 -0.231779 0.25427 0.458268 0.851667 0.408068 
1534333810600 0.106834 0.861967 -0.495579 -0.600761 -0.961372 0.216719 0.169694 -0.23166 0.253672 0.458307 0.851825 0.408002 
1534333810638 0.106918 0.861921 -0.495642 -0.600715 -0.961533 0.216495 0.169067 -0.231588 0.253027 0.4585 0.851913 0.40791 
1534333810672 0.10686 0.861915 -0.495665 -0.600654 -0.96165 0.216249 0.168716 -0.231513 0.252606 0.458628 0.851969 0.407838 
1534333810716 0.106795 0.861948 -0.495622 -0.60054 -0.96174 0.216035 0.168479 -0.231497 0.252292 0.458667 0.852041 0.40777 
1534333810736 0.106809 0.861979 -0.495565 -0.600484 -0.961764 0.21599 0.1684 -0.231514 0.252195 0.45863 0.852089 0.407755 
1534333810752 0.106845 0.861996 -0.495528 -0.600421 -0.961777 0.215982 0.168335 -0.231543 0.252129 0.458601 0.852124 0.407752 
1534333810772 0.106885 0.862013 -0.495489 -0.600355 -0.961787 0.215984 0.168278 -0.231572 0.252075 0.458568 0.852158 0.407761 
1534333810786 0.106904 0.862019 -0.495474 -0.600304 -0.961795 0.215979 0.168239 -0.231587 0.252037 0.458559 0.852174 0.407768 
1534333810832 0.106879 0.862046 -0.495432 -0.600203 -0.961826 0.215897 0.168163 -0.231572 0.251926 0.458547 0.852214 0.407798 
1534333810882 0.106974 0.862068 -0.495373 -0.600231 -0.961892 0.215828 0.167875 -0.23155 0.251635 0.458537 0.852305 0.40784 
1534333810937 0.107 0.862009 -0.495472 -0.600238 -0.962093 0.215497 0.167148 -0.231448 0.250856 0.458805 0.85239 0.407819 
1534333810961 0.106894 0.861929 -0.495633 -0.600195 -0.962233 0.215202 0.166721 -0.231371 0.250363 0.459093 0.85238 0.407747 
1534333810993 0.106902 0.861847 -0.495774 -0.600116 -0.962362 0.214998 0.166238 -0.231372 0.249862 0.459343 0.852392 0.407706 
1534333811038 0.106914 0.86187 -0.495732 -0.600014 -0.962467 0.214804 0.165881 -0.23138 0.249454 0.45939 0.852487 0.407751 
1534333811055 0.106952 0.861917 -0.495642 -0.599974 -0.962491 0.214768 0.165788 -0.231381 0.249344 0.459319 0.852557 0.407765 
1534333811072 0.107004 0.861975 -0.495529 -0.599912 -0.96253 0.214708 0.165637 -0.23138 0.249169 0.459238 0.852652 0.407774 
1534333811088 0.10704 0.861999 -0.49548 -0.599857 -0.962574 0.214642 0.165471 -0.231374 0.248987 0.459224 0.852713 0.407773 
1534333811105 0.107053 0.862004 -0.495468 -0.599823 -0.962606 0.214588 0.165351 -0.231366 0.248855 0.459239 0.852743 0.407771 
1534333811124 0.107053 0.862004 -0.495468 -0.599823 -0.962606 0.214588 0.165351 -0.231366 0.248855 0.459239 0.852743 0.407771 
1534333811138 0.107038 0.861978 -0.495517 -0.599757 -0.962681 0.214449 0.165094 -0.23134 0.24857 0.459354 0.852764 0.407761 
1534333811157 0.107066 0.861979 -0.495508 -0.599748 -0.962693 0.214444 0.165031 -0.231348 0.248512 0.459353 0.852781 0.407779 
1534333811172 0.107106 0.861987 -0.495486 -0.599747 -0.962687 0.214477 0.165025 -0.231368 0.24852 0.459323 0.852796 0.407803 
1534333811254 0.106975 0.861917 -0.495637 -0.599645 -0.962553 0.214669 0.165559 -0.231503 0.249096 0.459366 0.852604 0.407853 
1534333811270 0.106869 0.861841 -0.495791 -0.599584 -0.962553 0.214627 0.165608 -0.231503 0.249138 0.459527 0.852505 0.407812 
1534333811287 0.106786 0.861758 -0.495954 -0.599519 -0.962564 0.214584 0.165601 -0.231504 0.249132 0.459704 0.852412 0.407768 
1534333811304 0.106761 0.861689 -0.496078 -0.599469 -0.962576 0.214569 0.165552 -0.231514 0.249098 0.459838 0.852349 0.407736 
1534333811321 0.10676 0.861668 -0.496116 -0.599414 -0.962587 0.214555 0.165504 -0.231527 0.249054 0.459886 0.852336 0.407718 
1534333811436 0.106522 0.86194 -0.495695 -0.599321 -0.962535 0.214414 0.165991 -0.231555 0.249358 0.459442 0.852487 0.407867 
1534333811463 0.106199 0.861891 -0.495848 -0.599335 -0.962435 0.214416 0.16657 -0.231603 0.249883 0.459531 0.852285 0.407893 
1534333811497 0.105978 0.861831 -0.496 -0.599348 -0.962313 0.214522 0.167133 -0.231682 0.250443 0.459595 0.852086 0.407933 
1534333811579 0.105551 0.861964 -0.49586 -0.599323 -0.962231 0.214364 0.167809 -0.231722 0.25094 0.45942 0.852034 0.408047 
1534333811607 0.105205 0.862005 -0.495863 -0.599271 -0.962188 0.214215 0.168247 -0.231725 0.251251 0.459413 0.851946 0.408043 
1534333811725 0.104844 0.861881 -0.496154 -0.599018 -0.961948 0.21447 0.169288 -0.232095 0.252316 0.459525 0.851571 0.408081 
1534333811740 0.104639 0.861915 -0.496138 -0.598977 -0.961898 0.214423 0.169635 -0.232123 0.252594 0.459483 0.851511 0.408099 
1534333811757 0.104407 0.861946 -0.496134 -0.598943 -0.961858 0.21434 0.169964 -0.232129 0.252841 0.459465 0.851448 0.408109 
1534333811775 0.104204 0.861961 -0.49615 -0.598912 -0.961834 0.214252 0.170209 -0.232131 0.253015 0.459478 0.851389 0.408112 
1534333811790 0.104115 0.861962 -0.496167 -0.598888 -0.961828 0.214208 0.170301 -0.232146 0.253076 0.459496 0.851361 0.408118 
1534333811885 0.104356 0.862081 -0.49591 -0.59882 -0.961885 0.214212 0.16997 -0.232193 0.252758 0.459271 0.851577 0.408157 
1534333811943 0.104247 0.862338 -0.495484 -0.598712 -0.961889 0.214049 0.170154 -0.232216 0.252788 0.458863 0.851788 0.408105 
1534333811967 0.104001 0.862498 -0.495258 -0.59865 -0.961864 0.213886 0.170501 -0.23221 0.252985 0.458639 0.85185 0.408085 
1534333811991 0.103734 0.862599 -0.495139 -0.59859 -0.961843 0.213723 0.170824 -0.23223 0.253175 0.458526 0.851855 0.40806 
1534333812058 0.103545 0.862632 -0.49512 -0.598433 -0.961808 0.213656 0.171102 -0.232397 0.253384 0.458494 0.85181 0.407976 
1534333812093 0.103316 0.862736 -0.494987 -0.598334 -0.961774 0.213538 0.171439 -0.232448 0.253606 0.458354 0.851819 0.407937 
1534333812110 0.103169 0.862781 -0.49494 -0.598292 -0.961758 0.213459 0.171628 -0.232462 0.253726 0.458306 0.851809 0.407916 
1534333812127 0.103028 0.862813 -0.494912 -0.598254 -0.961744 0.213386 0.171799 -0.232474 0.253838 0.458279 0.85179 0.407895 
1534333812143 0.102882 0.862848 -0.494883 -0.598224 -0.961744 0.213283 0.171928 -0.232481 0.253898 0.458262 0.851781 0.407879 
1534333812225 0.102449 0.863062 -0.4946 -0.598085 -0.961789 0.212855 0.172206 -0.23249 0.253902 0.458058 0.85189 0.407826 
1534333812282 0.102619 0.862944 -0.494769 -0.597998 -0.961935 0.212738 0.17153 -0.232494 0.253277 0.458334 0.851928 0.407824 
1534333812322 0.102808 0.862838 -0.494915 -0.59788 -0.962035 0.212714 0.171004 -0.232535 0.252824 0.458545 0.851949 0.407853 
1534333812371 0.102876 0.862773 -0.495015 -0.597755 -0.962105 0.21265 0.170685 -0.23257 0.252527 0.458697 0.851955 0.407915 
1534333812411 0.102712 0.862758 -0.495074 -0.597642 -0.962172 0.21243 0.17058 -0.232547 0.252338 0.458826 0.851941 0.407949 
1534333812454 0.102528 0.862963 -0.494755 -0.597471 -0.962284 0.212041 0.170433 -0.232516 0.251985 0.458621 0.852156 0.407933 
1534333812495 0.102361 0.862975 -0.494769 -0.597339 -0.962378 0.211762 0.170252 -0.232518 0.251696 0.458727 0.852185 0.407892 
1534333812512 0.102326 0.862977 -0.494773 -0.597278 -0.962409 0.211682 0.170173 -0.232543 0.25159 0.458761 0.852198 0.407882 
1534333812532 0.102301 0.862978 -0.494775 -0.5972 -0.962442 0.211606 0.170083 -0.232587 0.251475 0.458793 0.852214 0.407868 
1534333812626 0.102216 0.862986 -0.494779 -0.596946 -0.962532 0.211386 0.169847 -0.232694 0.251165 0.45888 0.852259 0.407894 
1534333812701 0.101827 0.86308 -0.494696 -0.59687 -0.962585 0.211013 0.170012 -0.232469 0.251121 0.458875 0.852274 0.407958 
1534333812787 0.101511 0.863104 -0.494719 -0.596558 -0.962616 0.21075 0.170163 -0.232455 0.251131 0.458951 0.852231 0.408009 
1534333812864 0.101337 0.863189 -0.494607 -0.596364 -0.962659 0.210533 0.170188 -0.232495 0.251036 0.458891 0.852291 0.408062 
1534333812897 0.101225 0.863108 -0.49477 -0.596223 -0.962702 0.210411 0.170096 -0.2325 0.250916 0.459098 0.852215 0.408019 
1534333812923 0.101202 0.863074 -0.494834 -0.596124 -0.962717 0.21038 0.170048 -0.232526 0.250867 0.459176 0.852187 0.408024 
1534333812940 0.101199 0.863063 -0.494855 -0.596074 -0.962721 0.210375 0.170029 -0.232543 0.250851 0.4592 0.852179 0.408036 
1534333812957 0.101222 0.863071 -0.494836 -0.596031 -0.962718 0.210393 0.170028 -0.232569 0.250856 0.459177 0.85219 0.408069 
1534333812973 0.101237 0.863089 -0.494802 -0.595993 -0.962715 0.210402 0.170034 -0.232592 0.250861 0.459139 0.852209 0.408106 
1534333812990 0.101232 0.863102 -0.494779 -0.59596 -0.962715 0.210393 0.170041 -0.232603 0.250861 0.459118 0.85222 0.408134 
1534333813075 0.10081 0.863139 -0.494801 -0.595853 -0.96275 0.21005 0.170267 -0.232533 0.250898 0.459205 0.852163 0.4081 
1534333813105 0.100377 0.863185 -0.49481 -0.595777 -0.962742 0.209778 0.170651 -0.23249 0.251103 0.459244 0.852081 0.40805 
1534333813155 0.0998139 0.863293 -0.494735 -0.595618 -0.962697 0.209466 0.171284 -0.232486 0.251498 0.459183 0.851997 0.408091 
1534333813194 0.099628 0.863296 -0.494767 -0.595462 -0.962678 0.209383 0.171494 -0.232557 0.251646 0.459215 0.851936 0.408145 
1534333813237 0.0994298 0.863378 -0.494664 -0.595288 -0.962684 0.209217 0.17166 -0.232618 0.251699 0.459137 0.851963 0.408217 
1534333813261 0.0993438 0.863414 -0.494619 -0.595173 -0.962674 0.209169 0.171776 -0.232653 0.251772 0.459092 0.851966 0.408244 
1534333813274 0.0992819 0.863434 -0.494596 -0.595121 -0.962674 0.209123 0.171833 -0.232657 0.251798 0.459075 0.851967 0.408245 
1534333813291 0.0991531 0.863462 -0.494572 -0.595052 -0.962677 0.209025 0.171933 -0.232646 0.251836 0.459065 0.851961 0.40824 
1534333813307 0.0990095 0.863461 -0.494603 -0.59501 -0.962684 0.208923 0.172021 -0.232623 0.251867 0.459115 0.851925 0.408231 
1534333813324 0.0988828 0.86346 -0.49463 -0.594981 -0.962687 0.208836 0.172106 -0.232602 0.251903 0.459156 0.851892 0.408232 
1534333813341 0.0988551 0.863473 -0.494614 -0.594971 -0.962687 0.208815 0.172134 -0.232602 0.251916 0.459142 0.851896 0.408251 
1534333813357 0.0988925 0.863502 -0.494555 -0.594974 -0.962678 0.208845 0.172147 -0.232619 0.251934 0.459073 0.851928 0.408289 
1534333813374 0.0989421 0.863534 -0.494489 -0.59499 -0.962666 0.208887 0.172163 -0.232643 0.251961 0.458994 0.851963 0.408314 
1534333813390 0.0990201 0.863572 -0.494407 -0.59502 -0.962653 0.208947 0.172164 -0.232673 0.251981 0.458895 0.85201 0.408341 
1534333813407 0.0990623 0.863596 -0.494356 -0.595045 -0.962645 0.20898 0.172168 -0.232691 0.251994 0.458834 0.852039 0.408346 
1534333813427 0.099073 0.863617 -0.494317 -0.59507 -0.962641 0.208987 0.172184 -0.232701 0.252007 0.458791 0.852058 0.408344 
1534333813444 0.0990358 0.863603 -0.494349 -0.59507 -0.962649 0.208953 0.172178 -0.232695 0.25199 0.458833 0.852041 0.408322 
1534333813462 0.0989352 0.863552 -0.494459 -0.595047 -0.962669 0.208871 0.172167 -0.232674 0.251953 0.458967 0.851979 0.408271 
1534333813477 0.0988144 0.863506 -0.494563 -0.595011 -0.962695 0.208762 0.172151 -0.232644 0.251899 0.459103 0.851922 0.408211 
1534333813494 0.0986223 0.863511 -0.494594 -0.594955 -0.962723 0.208589 0.172208 -0.232598 0.25187 0.459173 0.851893 0.408147 
1534333813510 0.0984179 0.863521 -0.494616 -0.59491 -0.962739 0.208427 0.172316 -0.232551 0.25189 0.459227 0.851858 0.408095 
1534333813527 0.0982271 0.863518 -0.49466 -0.594867 -0.962754 0.208279 0.172409 -0.232506 0.251905 0.459301 0.851814 0.408043 
1534333813544 0.0981236 0.86351 -0.494694 -0.594845 -0.96276 0.208204 0.172465 -0.232483 0.251922 0.459349 0.851783 0.40802 
1534333813570 0.0981316 0.863535 -0.494648 -0.594854 -0.96273 0.208255 0.17257 -0.23249 0.252034 0.459278 0.851788 0.40809 
1534333813587 0.0982117 0.863573 -0.494566 -0.594861 -0.9627 0.208347 0.172625 -0.232505 0.252116 0.459166 0.851824 0.408185 
1534333813601 0.0982622 0.863568 -0.494566 -0.594877 -0.962667 0.208442 0.172697 -0.232517 0.252224 0.459133 0.85181 0.408275 
1534333813617 0.0983245 0.863534 -0.494613 -0.594898 -0.962622 0.208575 0.172785 -0.232534 0.25237 0.459136 0.851765 0.408388 
1534333813740 0.098677 0.863426 -0.494731 -0.594763 -0.962481 0.209094 0.172947 -0.232759 0.252772 0.459103 0.851664 0.408526 
1534333813754 0.0985553 0.863508 -0.494612 -0.594747 -0.962515 0.208925 0.172959 -0.232731 0.252688 0.459025 0.85173 0.408417 
1534333813771 0.0983418 0.863578 -0.494532 -0.594749 -0.962556 0.20869 0.173013 -0.232676 0.252615 0.459 0.851765 0.408276 
1534333813788 0.0981187 0.863648 -0.494453 -0.594768 -0.962595 0.208453 0.173083 -0.232602 0.252553 0.458976 0.851797 0.408141 
1534333813824 0.0977776 0.863735 -0.49437 -0.594843 -0.962642 0.20812 0.173222 -0.232462 0.252507 0.458964 0.851817 0.407968 
1534333813872 0.0977493 0.863901 -0.494085 -0.594868 -0.962608 0.208106 0.17343 -0.232422 0.252648 0.458658 0.85194 0.407964 
1534333813893 0.0977069 0.864054 -0.493826 -0.594845 -0.962561 0.20811 0.173683 -0.232434 0.252842 0.458368 0.852039 0.407969 
1534333813910 0.0976941 0.864174 -0.493619 -0.594815 -0.962503 0.208166 0.173941 -0.23245 0.253069 0.458117 0.852106 0.407963 
1534333813930 0.0976935 0.864299 -0.4934 -0.594779 -0.962432 0.208249 0.174232 -0.232483 0.253339 0.457843 0.852173 0.407933 
1534333813947 0.0976709 0.864311 -0.493383 -0.594772 -0.962388 0.20831 0.174403 -0.232504 0.253515 0.457792 0.852148 0.407891 
1534333814101 0.0981318 0.864514 -0.492937 -0.594815 -0.962435 0.208448 0.173979 -0.232526 0.253159 0.457346 0.852493 0.407708 
1534333814115 0.0983031 0.864521 -0.49289 -0.594823 -0.962476 0.20848 0.173713 -0.232523 0.252936 0.457318 0.852575 0.407722 
1534333814131 0.0985092 0.864533 -0.492827 -0.594833 -0.962536 0.208499 0.173358 -0.232513 0.252628 0.457287 0.852683 0.407739 
1534333814216 0.0987313 0.864715 -0.492463 -0.594875 -0.962682 0.208311 0.17277 -0.232374 0.251983 0.457027 0.853013 0.407732 
1534333814239 0.0987891 0.864835 -0.492241 -0.594872 -0.962737 0.208206 0.17259 -0.232322 0.251749 0.456849 0.853177 0.407643 
1534333814266 0.09894 0.864936 -0.492033 -0.594881 -0.962814 0.208126 0.172255 -0.232276 0.251395 0.456693 0.853365 0.407521 
1534333814322 0.0992091 0.865092 -0.491705 -0.594975 -0.962931 0.208031 0.171718 -0.232198 0.250842 0.456442 0.853662 0.407351 
1534333814339 0.0992856 0.865166 -0.491558 -0.594999 -0.962962 0.207998 0.171586 -0.232169 0.250693 0.456316 0.853773 0.407323 
1534333814355 0.0993734 0.865244 -0.491403 -0.595012 -0.962987 0.20798 0.171464 -0.232158 0.25056 0.456176 0.853887 0.407308 
1534333814489 0.0996402 0.865197 -0.491433 -0.594996 -0.963038 0.208073 0.171064 -0.232128 0.250258 0.456224 0.85395 0.407258 
1534333814506 0.0995817 0.865019 -0.491757 -0.595005 -0.963008 0.208153 0.171139 -0.232136 0.250399 0.456523 0.853749 0.407309 
1534333814521 0.099572 0.864893 -0.491982 -0.595003 -0.962977 0.208246 0.171195 -0.232152 0.250519 0.456721 0.853608 0.407356 
1534333814547 0.0994248 0.864779 -0.492212 -0.594983 -0.96297 0.208207 0.171287 -0.232175 0.250607 0.456955 0.853457 0.407434 
1534333814625 0.0991617 0.864585 -0.492604 -0.594894 -0.962999 0.208053 0.171307 -0.232217 0.250597 0.457391 0.853226 0.407519 
1534333814642 0.0991638 0.864405 -0.492921 -0.594895 -0.963011 0.208095 0.171189 -0.232232 0.250551 0.457713 0.853067 0.407506 
1534333814714 0.0994016 0.864032 -0.493527 -0.594862 -0.963105 0.208204 0.17053 -0.232295 0.250098 0.458367 0.852849 0.407576 
1534333814727 0.0993923 0.864009 -0.493568 -0.594847 -0.96311 0.208197 0.17051 -0.232303 0.250082 0.458413 0.852829 0.407599 
1534333814744 0.0993781 0.863976 -0.493628 -0.594834 -0.963116 0.208188 0.170486 -0.232312 0.250064 0.458479 0.852799 0.407624 
1534333814761 0.0993512 0.863882 -0.493798 -0.594822 -0.963129 0.208179 0.170421 -0.232325 0.250022 0.45866 0.852713 0.40765 
1534333814777 0.0993268 0.86375 -0.494034 -0.594821 -0.963144 0.208182 0.170334 -0.232327 0.249975 0.458908 0.852594 0.407656 
1534333814794 0.0993046 0.86362 -0.494266 -0.594817 -0.963158 0.208187 0.170249 -0.232317 0.249931 0.45915 0.852476 0.407654 
1534333814813 0.0992696 0.863534 -0.494423 -0.594806 -0.963175 0.208163 0.170181 -0.232293 0.249878 0.459322 0.852399 0.407656 
1534333814827 0.0992517 0.863533 -0.494429 -0.594792 -0.963187 0.208131 0.170156 -0.232274 0.249841 0.459339 0.852401 0.40767 
1534333814844 0.0992613 0.863569 -0.494365 -0.594794 -0.963185 0.208129 0.170171 -0.232266 0.249845 0.459273 0.852435 0.407704 
1534333814949 0.0995243 0.863512 -0.49441 -0.594856 -0.963081 0.208505 0.170296 -0.23238 0.25014 0.459209 0.852383 0.407889 
1534333814963 0.0995053 0.863355 -0.494689 -0.594874 -0.963073 0.208562 0.170273 -0.232382 0.250179 0.459478 0.852227 0.407895 
1534333814979 0.0994703 0.86318 -0.495002 -0.594877 -0.963069 0.208606 0.170237 -0.232378 0.250206 0.459788 0.852052 0.407903 
1534333814996 0.0994476 0.863067 -0.495203 -0.594867 -0.963072 0.208626 0.170199 -0.232376 0.250205 0.45999 0.851943 0.407908 
1534333815043 0.0995239 0.862962 -0.495371 -0.594809 -0.963064 0.208725 0.170123 -0.232417 0.250206 0.460142 0.85186 0.407969 
1534333815056 0.099584 0.863002 -0.495289 -0.594801 -0.963051 0.208773 0.170137 -0.232445 0.250231 0.460046 0.851905 0.407999 
1534333815073 0.0996471 0.863051 -0.495191 -0.594806 -0.963035 0.208826 0.170164 -0.232482 0.250268 0.45993 0.851957 0.408022 
1534333815089 0.0997386 0.863201 -0.49491 -0.594802 -0.963024 0.208852 0.170194 -0.232521 0.250274 0.459636 0.852114 0.408051 
1534333815106 0.0997648 0.863357 -0.494633 -0.594798 -0.963009 0.208842 0.170288 -0.232544 0.25032 0.459348 0.852256 0.40806 
1534333815123 0.0997218 0.863531 -0.494339 -0.5948 -0.962994 0.208782 0.170447 -0.232553 0.250395 0.459048 0.852395 0.40805 
1534333815139 0.0996524 0.863627 -0.494184 -0.594816 -0.962984 0.208723 0.170575 -0.232544 0.25046 0.458893 0.852459 0.408039 
1534333815156 0.0995449 0.863666 -0.494138 -0.594837 -0.962981 0.208649 0.170687 -0.232516 0.250518 0.458855 0.852463 0.408018 
1534333815173 0.099458 0.863679 -0.494132 -0.594856 -0.962984 0.208583 0.170749 -0.232485 0.25054 0.458858 0.852454 0.407995 
1534333815189 0.0993961 0.863692 -0.494123 -0.594874 -0.962987 0.208535 0.170793 -0.232459 0.250554 0.458857 0.852451 0.407981 
1534333815209 0.0993428 0.863706 -0.494109 -0.594891 -0.962989 0.208492 0.170832 -0.232434 0.250567 0.458851 0.852451 0.407973 
1534333815223 0.099302 0.863716 -0.4941 -0.594903 -0.962991 0.208459 0.170861 -0.232415 0.250575 0.458846 0.852451 0.407968 
1534333815240 0.0992943 0.863721 -0.494092 -0.594906 -0.962992 0.208451 0.170866 -0.232411 0.250575 0.458841 0.852454 0.407967 
1534333815256 0.0993294 0.863723 -0.494081 -0.594902 -0.962992 0.208471 0.170839 -0.232421 0.250559 0.458826 0.852466 0.407973 
1534333815273 0.0993906 0.86373 -0.494057 -0.594892 -0.962989 0.208514 0.170805 -0.232444 0.250547 0.458795 0.852487 0.407978 
1534333815289 0.0995007 0.863731 -0.494033 -0.59488 -0.96299 0.208581 0.170717 -0.232475 0.250499 0.458762 0.852518 0.407983 
1534333815306 0.0997716 0.863776 -0.493899 -0.594848 -0.96299 0.208737 0.170526 -0.232536 0.250392 0.458606 0.852634 0.407999 
1534333815323 0.100047 0.863809 -0.493786 -0.594825 -0.962973 0.20893 0.170383 -0.232581 0.250345 0.458457 0.852728 0.408014 
1534333815340 0.10027 0.863856 -0.493659 -0.594806 -0.96297 0.209061 0.170242 -0.232613 0.250269 0.458309 0.85283 0.408034 
1534333815356 0.100474 0.863919 -0.493507 -0.594786 -0.962964 0.209179 0.170132 -0.232643 0.250211 0.458136 0.85294 0.408054 
1534333815373 0.100585 0.863981 -0.493375 -0.594776 -0.962955 0.209244 0.170101 -0.232649 0.2502 0.457988 0.853022 0.408058 
1534333815390 0.100657 0.864025 -0.493284 -0.59477 -0.962949 0.209285 0.170085 -0.23265 0.250195 0.457887 0.853078 0.408048 
1534333815406 0.100674 0.864033 -0.493267 -0.594772 -0.96295 0.209292 0.170072 -0.232642 0.250184 0.457869 0.853091 0.408024 
1534333815426 0.100602 0.864013 -0.493315 -0.594791 -0.962964 0.209227 0.170072 -0.232612 0.250159 0.457935 0.853062 0.407988 
1534333815443 0.100528 0.864006 -0.493344 -0.594804 -0.962973 0.209167 0.170097 -0.232585 0.250156 0.457977 0.853041 0.407973 
1534333815460 0.100452 0.863948 -0.49346 -0.594828 -0.962977 0.209132 0.170116 -0.232559 0.25017 0.458102 0.85297 0.407956 
1534333815476 0.10021 0.863802 -0.493765 -0.594869 -0.962984 0.209016 0.170218 -0.232515 0.250239 0.45843 0.852773 0.407931 
1534333815493 0.0999795 0.863706 -0.493981 -0.594891 -0.962992 0.20889 0.17033 -0.232464 0.250302 0.45867 0.852626 0.407916 
1534333815510 0.0998057 0.86364 -0.494131 -0.594897 -0.962994 0.208799 0.17043 -0.232413 0.250364 0.458835 0.852519 0.407904 
1534333815526 0.0996659 0.863605 -0.494219 -0.594891 -0.962985 0.208738 0.170553 -0.232365 0.250453 0.458927 0.852443 0.407903 
1534333815543 0.099617 0.863585 -0.494264 -0.594885 -0.962977 0.208729 0.17061 -0.232338 0.250503 0.458969 0.852406 0.40791 
1534333815560 0.0996468 0.863572 -0.494281 -0.594873 -0.962966 0.208773 0.170619 -0.232342 0.250534 0.458974 0.852394 0.407921 
1534333815576 0.0997113 0.863577 -0.49426 -0.59486 -0.96295 0.208841 0.170625 -0.232366 0.250569 0.458935 0.852405 0.407934 
1534333815593 0.0998078 0.863593 -0.494213 -0.594853 -0.96293 0.208933 0.170625 -0.23241 0.250608 0.458862 0.852432 0.407959 
1534333815610 0.0999085 0.863617 -0.49415 -0.594845 -0.962913 0.209019 0.170615 -0.232455 0.250633 0.458778 0.852471 0.407984 
1534333815626 0.100072 0.863711 -0.493952 -0.594818 -0.962888 0.209136 0.170613 -0.232529 0.250663 0.458547 0.852586 0.408033 
1534333815643 0.10019 0.863756 -0.493849 -0.5948 -0.962867 0.209234 0.170613 -0.232588 0.250698 0.458417 0.852645 0.408067 
1534333815660 0.100283 0.86376 -0.493824 -0.594783 -0.962841 0.209338 0.170629 -0.232654 0.250759 0.458363 0.852657 0.408099 
1534333815676 0.100296 0.863737 -0.493862 -0.594774 -0.962832 0.20937 0.170639 -0.232699 0.250787 0.458391 0.852633 0.408112 
1534333815693 0.100099 0.863722 -0.493928 -0.59477 -0.962831 0.209254 0.170792 -0.232726 0.250874 0.458473 0.852564 0.408126 
1534333815715 0.0999894 0.863685 -0.494015 -0.594778 -0.962826 0.209207 0.170878 -0.232726 0.250936 0.458564 0.852496 0.408126 
1534333815732 0.0995047 0.86352 -0.494401 -0.594826 -0.96279 0.209022 0.171304 -0.232686 0.251265 0.458959 0.852187 0.408163 
1534333815802 0.0993084 0.863584 -0.494328 -0.594857 -0.962788 0.20888 0.171491 -0.232592 0.251352 0.458903 0.852192 0.408163 
1534333815815 0.0993266 0.863703 -0.494117 -0.594842 -0.962824 0.208784 0.171404 -0.232575 0.251206 0.458723 0.852332 0.408118 
1534333815832 0.0993166 0.863814 -0.493924 -0.594837 -0.962866 0.208663 0.171316 -0.232554 0.251049 0.458568 0.852461 0.408043 
1534333815848 0.0992919 0.863894 -0.493789 -0.594846 -0.962894 0.208567 0.171272 -0.232537 0.250949 0.458461 0.852548 0.407975 
1534333815865 0.0992466 0.863946 -0.493708 -0.594869 -0.962914 0.208484 0.171261 -0.232524 0.25089 0.458401 0.852597 0.407903 
1534333815882 0.0992332 0.863945 -0.493713 -0.594886 -0.962922 0.208461 0.171244 -0.232526 0.250865 0.458414 0.852598 0.407861 
1534333815979 0.0990062 0.863931 -0.493783 -0.5949 -0.962885 0.208391 0.17154 -0.232533 0.251098 0.458473 0.852498 0.407852 
1534333815995 0.0989819 0.863793 -0.494029 -0.594896 -0.962903 0.208391 0.171441 -0.23254 0.25104 0.458732 0.852375 0.407914 
1534333816010 0.0989732 0.8637 -0.494193 -0.594893 -0.962924 0.208378 0.171335 -0.232548 0.25096 0.458913 0.852302 0.407959 
1534333816025 0.0989966 0.863588 -0.494384 -0.594887 -0.962952 0.208381 0.171174 -0.232561 0.250844 0.459123 0.852223 0.408034 
1534333816048 0.0990199 0.863481 -0.494566 -0.594877 -0.962974 0.208393 0.171038 -0.23257 0.250752 0.459317 0.852145 0.408101 
1534333816108 0.0989364 0.863435 -0.494663 -0.59486 -0.962986 0.208333 0.171042 -0.232565 0.250738 0.459431 0.852088 0.408229 
1534333816129 0.0988877 0.863317 -0.494878 -0.594878 -0.962991 0.208335 0.171014 -0.232579 0.250739 0.459652 0.851968 0.408243 
1534333816139 0.098845 0.86326 -0.494987 -0.594885 -0.962998 0.208314 0.170997 -0.232586 0.250728 0.45977 0.851908 0.408249 
1534333816156 0.0987491 0.863188 -0.495131 -0.594895 -0.963023 0.208232 0.170957 -0.2326 0.25067 0.45994 0.851833 0.408261 
1534333816172 0.0987108 0.863102 -0.495289 -0.594904 -0.963047 0.208193 0.170866 -0.232624 0.250591 0.460121 0.851759 0.408278 
1534333816189 0.0987071 0.863029 -0.495418 -0.594907 -0.963071 0.208173 0.17076 -0.232655 0.250504 0.460267 0.851706 0.408305 
1534333816206 0.0987314 0.863021 -0.495426 -0.594899 -0.963083 0.208168 0.170696 -0.232678 0.250446 0.460283 0.851714 0.408328 
1534333816305 0.0982417 0.862963 -0.495623 -0.594892 -0.962952 0.208118 0.171494 -0.232612 0.251141 0.460414 0.851438 0.408462 
1534333816332 0.0979428 0.862723 -0.496101 -0.594894 -0.962918 0.208074 0.171738 -0.232636 0.251389 0.460884 0.851111 0.408465 
1534333816361 0.0976622 0.862519 -0.496511 -0.59489 -0.962921 0.20796 0.171857 -0.232663 0.251484 0.461317 0.850848 0.408471 
1534333816428 0.0974431 0.862273 -0.496981 -0.594841 -0.962857 0.208025 0.17214 -0.232682 0.251816 0.461748 0.850516 0.408513 
1534333816464 0.0972278 0.862085 -0.49735 -0.594855 -0.962828 0.208007 0.172325 -0.232698 0.252011 0.462107 0.850263 0.408562 
1534333816481 0.0970968 0.862012 -0.497501 -0.594862 -0.962826 0.207952 0.172401 -0.232708 0.252068 0.462267 0.850159 0.40859 
1534333816497 0.0969918 0.861944 -0.49764 -0.594864 -0.962818 0.207924 0.17248 -0.232721 0.252139 0.462407 0.850062 0.408623 
1534333816517 0.096909 0.861887 -0.497754 -0.59486 -0.962808 0.207908 0.172552 -0.232741 0.252208 0.46252 0.84998 0.408654 
1534333816534 0.0968239 0.861838 -0.497855 -0.594856 -0.962804 0.207878 0.172611 -0.232759 0.252256 0.462624 0.849909 0.408676 
1534333816551 0.0967616 0.861788 -0.497954 -0.594855 -0.9628 0.207864 0.172652 -0.232773 0.252296 0.462724 0.849843 0.408687 
1534333816633 0.096688 0.861831 -0.497894 -0.594861 -0.962828 0.20775 0.172631 -0.232759 0.252216 0.462695 0.849882 0.40867 
1534333816646 0.0967032 0.861962 -0.497664 -0.594849 -0.962848 0.207678 0.172607 -0.232758 0.252135 0.462483 0.850022 0.408656 
1534333816666 0.0967427 0.862104 -0.497412 -0.594841 -0.96288 0.207597 0.172529 -0.232766 0.251999 0.462257 0.850185 0.408613 
1534333816686 0.0968173 0.862215 -0.497203 -0.594839 -0.962919 0.207533 0.172385 -0.232782 0.251819 0.462077 0.850337 0.408552 
1534333816704 0.0968602 0.862276 -0.49709 -0.59485 -0.962949 0.207484 0.172277 -0.232792 0.251689 0.461986 0.850425 0.408505 
1534333816720 0.0968829 0.862284 -0.497071 -0.594871 -0.96297 0.207457 0.172191 -0.232801 0.251599 0.461982 0.850453 0.40846 
1534333816736 0.0968888 0.862284 -0.49707 -0.59488 -0.962978 0.207447 0.172161 -0.232804 0.251567 0.461987 0.85046 0.408442 
1534333816755 0.0968565 0.862267 -0.497107 -0.594896 -0.963012 0.207369 0.172063 -0.232806 0.251449 0.462055 0.850458 0.408375 
1534333816770 0.096757 0.862269 -0.497122 -0.594895 -0.963039 0.207255 0.172048 -0.232797 0.251383 0.462101 0.850452 0.408359 
1534333816786 0.0966785 0.86229 -0.497101 -0.594897 -0.963053 0.207172 0.17207 -0.232789 0.25136 0.462099 0.85046 0.40837 
1534333816808 0.0966442 0.862317 -0.497061 -0.594895 -0.963052 0.207144 0.172112 -0.232784 0.251378 0.462062 0.850475 0.408397 
1534333816848 0.0966038 0.862417 -0.496895 -0.594881 -0.963013 0.207156 0.172318 -0.232772 0.251544 0.46187 0.85053 0.408441 
1534333816864 0.0966105 0.862531 -0.496695 -0.594865 -0.963 0.207143 0.172403 -0.232774 0.25159 0.461662 0.85063 0.408463 
1534333816881 0.0967336 0.86266 -0.496447 -0.594861 -0.962965 0.20724 0.172479 -0.232786 0.251675 0.461377 0.850759 0.408493 
1534333816898 0.096908 0.862771 -0.49622 -0.594873 -0.962921 0.207393 0.172541 -0.232809 0.251776 0.461101 0.850879 0.408515 
1534333816914 0.0970174 0.862854 -0.496056 -0.594885 -0.962898 0.207478 0.172571 -0.232831 0.251824 0.460908 0.850969 0.408512 
1534333816931 0.0971295 0.862937 -0.495889 -0.594898 -0.962881 0.20755 0.172576 -0.232857 0.251844 0.46072 0.851065 0.408469 
1534333816948 0.0971739 0.862991 -0.495786 -0.594906 -0.962883 0.207557 0.17256 -0.232875 0.251822 0.460615 0.851128 0.408419 
