1535138871344 0.214094 0.919873 -0.328628 -0.472386 -0.943936 0.281378 0.172661 -0.171445 0.251295 0.273238 0.928543 0.473969 
1535138877695 0.214094 0.919873 -0.328628 -0.472386 -0.943936 0.281378 0.172661 -0.171445 0.251295 0.273238 0.928543 0.473969 
1535138878484 0.214095 0.919874 -0.328628 -0.472386 -0.943935 0.281379 0.172661 -0.171445 0.251295 0.273237 0.928543 0.47397 
1535138879294 0.221734 0.921107 -0.319993 -0.504615 -0.943441 0.285603 0.168372 -0.185935 0.24648 0.26456 0.932339 0.453967 
1535138880118 0.221734 0.921107 -0.319993 -0.504615 -0.943441 0.285603 0.168372 -0.185935 0.24648 0.26456 0.932339 0.453967 
1535138880717 0.232148 0.923021 -0.306822 -0.553552 -0.942696 0.291222 0.162828 -0.207397 0.239648 0.25144 0.937735 0.423574 
1535138881566 0.232148 0.923021 -0.306822 -0.553552 -0.942696 0.291222 0.162828 -0.207397 0.239648 0.25144 0.937735 0.423574 
1535138882377 0.242413 0.924674 -0.293621 -0.602468 -0.941751 0.296996 0.157794 -0.228779 0.233112 0.238267 0.942808 0.393195 
1535138882727 0.242413 0.924674 -0.293621 -0.602468 -0.941751 0.296996 0.157794 -0.228779 0.233112 0.238267 0.942808 0.393195 
1535138883022 0.242413 0.924674 -0.293621 -0.602468 -0.941751 0.296996 0.157794 -0.228779 0.233112 0.238267 0.942808 0.393195 
1535138883315 0.242413 0.924674 -0.293621 -0.602468 -0.941751 0.296996 0.157794 -0.228779 0.233112 0.238267 0.942808 0.393195 
1535138883607 0.245015 0.925458 -0.288956 -0.618965 -0.941509 0.298247 0.156878 -0.235556 0.231364 0.233617 0.944401 0.382951 
1535138884068 0.246466 0.925204 -0.288535 -0.621955 -0.941242 0.299448 0.15619 -0.237247 0.230909 0.233085 0.944644 0.381056 
1535138884454 0.246466 0.925204 -0.288535 -0.621955 -0.941242 0.299448 0.15619 -0.237247 0.230909 0.233085 0.944644 0.381056 
1535138884728 0.24763 0.92555 -0.286419 -0.628518 -0.941212 0.299926 0.155449 -0.240041 0.22978 0.231088 0.94541 0.376943 
1535138885176 0.24763 0.92555 -0.286419 -0.628518 -0.941212 0.299926 0.155449 -0.240041 0.22978 0.231088 0.94541 0.376943 
1535138885477 0.2481 0.925698 -0.285532 -0.631812 -0.941123 0.300191 0.155478 -0.241401 0.22964 0.230147 0.945673 0.374992 
1535138885899 0.245052 0.924872 -0.290795 -0.62961 -0.941281 0.298814 0.157162 -0.240451 0.232248 0.235207 0.943789 0.376846 
1535138886339 0.243361 0.923517 -0.296464 -0.63021 -0.941171 0.298729 0.157983 -0.241498 0.234462 0.240576 0.941887 0.376991 
1535138886741 0.242284 0.923637 -0.296973 -0.630627 -0.941334 0.297907 0.158559 -0.241751 0.234922 0.241134 0.94163 0.376846 
1535138887165 0.240304 0.923783 -0.298124 -0.631476 -0.941707 0.296359 0.159247 -0.242687 0.235461 0.242478 0.94115 0.376586 
1535138887671 0.238433 0.923963 -0.299069 -0.632357 -0.941995 0.294934 0.160183 -0.243471 0.236209 0.243529 0.940691 0.376407 
1535138888086 0.23772 0.92403 -0.299429 -0.632618 -0.942085 0.294412 0.160617 -0.243733 0.23657 0.243906 0.940502 0.376291 
1535138888116 0.237356 0.924111 -0.299469 -0.632792 -0.9421 0.294152 0.161002 -0.243866 0.236873 0.243915 0.940424 0.376326 
1535138888373 0.237582 0.92436 -0.298519 -0.632871 -0.942255 0.293984 0.160406 -0.243997 0.236032 0.243171 0.940828 0.376141 
1535138888617 0.237472 0.924705 -0.297535 -0.633113 -0.942454 0.293532 0.160063 -0.244009 0.235347 0.242402 0.941198 0.37603 
1535138888862 0.2374 0.925065 -0.296472 -0.633538 -0.942703 0.293042 0.159492 -0.244411 0.23442 0.241622 0.94163 0.375674 
1535138889145 0.237061 0.925567 -0.295175 -0.633975 -0.943025 0.292252 0.159036 -0.244679 0.233464 0.240656 0.942114 0.375374 
1535138889238 0.23679 0.92613 -0.293621 -0.634472 -0.943386 0.291425 0.15841 -0.244962 0.232277 0.239488 0.942705 0.375045 
1535138889484 0.237352 0.92627 -0.292724 -0.634512 -0.943362 0.291686 0.158072 -0.244958 0.231801 0.238626 0.943041 0.374877 
1535138889954 0.240392 0.926666 -0.288967 -0.634789 -0.94294 0.293591 0.157061 -0.245055 0.230382 0.234722 0.944367 0.374307 
1535138889985 0.240616 0.926664 -0.288787 -0.634828 -0.942912 0.293745 0.156944 -0.245076 0.230264 0.234538 0.944442 0.374213 
1535138890531 0.244013 0.92663 -0.286031 -0.633997 -0.942312 0.296247 0.155839 -0.24456 0.229141 0.231504 0.945463 0.374313 
1535138891238 0.245983 0.926671 -0.284207 -0.63357 -0.941929 0.297693 0.155399 -0.244113 0.22861 0.229477 0.946085 0.374379 
1535138891269 0.245983 0.926671 -0.284207 -0.63357 -0.941929 0.297693 0.155399 -0.244113 0.22861 0.229477 0.946085 0.374379 
1535138891281 0.245983 0.926671 -0.284207 -0.63357 -0.941929 0.297693 0.155399 -0.244113 0.22861 0.229477 0.946085 0.374379 
1535138891298 0.245983 0.926671 -0.284207 -0.63357 -0.941929 0.297693 0.155399 -0.244113 0.22861 0.229477 0.946085 0.374379 
1535138891478 0.246794 0.926669 -0.283508 -0.63335 -0.941817 0.298252 0.155008 -0.244081 0.228198 0.228758 0.946359 0.374365 
1535138891667 0.246794 0.926669 -0.283508 -0.63335 -0.941817 0.298252 0.155008 -0.244081 0.228198 0.228758 0.946359 0.374365 
1535138891725 0.246794 0.926669 -0.283508 -0.63335 -0.941817 0.298252 0.155008 -0.244081 0.228198 0.228758 0.946359 0.374365 
1535138891871 0.246001 0.926927 -0.283356 -0.63244 -0.942089 0.297403 0.154984 -0.24345 0.22793 0.22882 0.946409 0.374728 
1535138892068 0.246001 0.926927 -0.283356 -0.63244 -0.942089 0.297403 0.154984 -0.24345 0.22793 0.22882 0.946409 0.374728 
1535138892147 0.247251 0.926782 -0.282739 -0.630978 -0.941875 0.298382 0.1544 -0.243096 0.227459 0.228129 0.946689 0.375187 
1535138892525 0.247668 0.92669 -0.282676 -0.630589 -0.941816 0.29872 0.154109 -0.242961 0.227252 0.228061 0.946755 0.375263 
1535138893154 0.246344 0.926762 -0.283594 -0.628816 -0.941371 0.298397 0.157413 -0.242154 0.230509 0.22819 0.945936 0.376001 
1535138893862 0.245733 0.926482 -0.285038 -0.626872 -0.940812 0.298769 0.160033 -0.241481 0.233428 0.228842 0.945062 0.376519 
1535138894236 0.245783 0.926405 -0.285245 -0.626581 -0.940741 0.298909 0.160187 -0.241353 0.23366 0.228971 0.944974 0.376555 
1535138894809 0.245668 0.926198 -0.286016 -0.625117 -0.940634 0.299066 0.160519 -0.24073 0.23421 0.229602 0.944684 0.377207 
1535138895289 0.245846 0.925861 -0.286951 -0.623645 -0.940415 0.299568 0.160866 -0.240115 0.234901 0.230305 0.944342 0.3777 
1535138895795 0.246333 0.925452 -0.28785 -0.622621 -0.940151 0.300324 0.161004 -0.239891 0.23545 0.230962 0.944044 0.377997 
1535138895831 0.2465 0.925322 -0.288125 -0.622405 -0.94007 0.300567 0.161021 -0.239911 0.235597 0.231166 0.943958 0.378053 
1535138896275 0.246131 0.92546 -0.287998 -0.622244 -0.940137 0.300222 0.161273 -0.239613 0.235715 0.231064 0.943953 0.378161 
1535138896838 0.24629 0.924815 -0.289928 -0.621044 -0.939707 0.301091 0.162157 -0.239259 0.23726 0.23251 0.943211 0.378557 
1535138897406 0.245953 0.924665 -0.290693 -0.620175 -0.939562 0.301133 0.162916 -0.238808 0.23818 0.233054 0.942845 0.379016 
1535138897744 0.246057 0.924476 -0.291204 -0.620006 -0.939446 0.301409 0.163074 -0.238747 0.23853 0.233445 0.942659 0.379026 
1535138898028 0.246136 0.924595 -0.290759 -0.619499 -0.93951 0.301322 0.162865 -0.238466 0.238196 0.233084 0.942833 0.379229 
1535138898453 0.2466 0.92438 -0.29105 -0.618743 -0.939397 0.301809 0.162618 -0.238358 0.238163 0.23331 0.942786 0.379334 
1535138898860 0.246813 0.924293 -0.291144 -0.618286 -0.939313 0.302055 0.162644 -0.238166 0.238273 0.233333 0.942752 0.379479 
1535138898892 0.246813 0.924293 -0.291144 -0.618286 -0.939313 0.302055 0.162644 -0.238166 0.238273 0.233333 0.942752 0.379479 
1535138899136 0.246992 0.92418 -0.291352 -0.618053 -0.939288 0.302241 0.162444 -0.238151 0.238186 0.233541 0.942723 0.379474 
1535138899478 0.246821 0.923967 -0.292173 -0.617687 -0.939227 0.302327 0.16264 -0.237756 0.238606 0.234274 0.942435 0.37974 
1535138899906 0.247548 0.923433 -0.293244 -0.616964 -0.939003 0.30324 0.162231 -0.237743 0.238732 0.235197 0.942173 0.379962 
1535138900402 0.247754 0.923111 -0.294081 -0.616515 -0.938945 0.303586 0.161916 -0.237713 0.238746 0.236011 0.941966 0.380065 
1535138900433 0.247754 0.923111 -0.294081 -0.616515 -0.938945 0.303586 0.161916 -0.237713 0.238746 0.236011 0.941966 0.380065 
1535138900729 0.247829 0.922981 -0.294427 -0.616381 -0.938921 0.303723 0.161801 -0.237621 0.238763 0.236345 0.941878 0.380094 
1535138901280 0.248464 0.923354 -0.292716 -0.615366 -0.938734 0.304047 0.16228 -0.237127 0.238841 0.234462 0.942328 0.380339 
1535138901468 0.248522 0.923385 -0.29257 -0.61527 -0.938711 0.304084 0.162342 -0.237052 0.23887 0.234294 0.942363 0.380378 
1535138901767 0.248468 0.923287 -0.292925 -0.614552 -0.938619 0.304199 0.162657 -0.236702 0.239286 0.23453 0.942198 0.380745 
1535138902135 0.248661 0.923198 -0.293041 -0.61426 -0.938526 0.304444 0.162733 -0.236662 0.239449 0.234561 0.942149 0.380813 
1535138902514 0.248931 0.923025 -0.293357 -0.613195 -0.938308 0.304901 0.163138 -0.236265 0.240025 0.234649 0.941981 0.381314 
1535138902542 0.248931 0.923025 -0.293357 -0.613195 -0.938308 0.304901 0.163138 -0.236265 0.240025 0.234649 0.941981 0.381314 
1535138902811 0.248887 0.922972 -0.293561 -0.612999 -0.938273 0.30494 0.163263 -0.236138 0.240205 0.234807 0.941895 0.381372 
1535138903340 0.249409 0.923065 -0.292826 -0.611869 -0.938242 0.305203 0.162952 -0.235501 0.239786 0.2341 0.942178 0.381667 
1535138903779 0.25013 0.922961 -0.292537 -0.611027 -0.938122 0.30577 0.162581 -0.235214 0.239505 0.233769 0.942332 0.381841 
1535138904049 0.250371 0.922882 -0.292581 -0.610764 -0.938175 0.305891 0.162041 -0.235278 0.239043 0.233922 0.942411 0.38186 
1535138904664 0.250642 0.922846 -0.292462 -0.608892 -0.937845 0.306381 0.163026 -0.234145 0.240053 0.233423 0.942278 0.382426 
1535138905157 0.251201 0.922653 -0.292591 -0.607681 -0.937629 0.307001 0.163103 -0.233712 0.240313 0.23337 0.942225 0.382728 
1535138905477 0.251526 0.922873 -0.291617 -0.607049 -0.937465 0.307213 0.163645 -0.233389 0.240612 0.23222 0.942433 0.382874 
1535138905933 0.252282 0.922999 -0.290561 -0.606069 -0.937221 0.307786 0.163964 -0.23315 0.240769 0.230954 0.942704 0.382938 
1535138906314 0.252712 0.92331 -0.289197 -0.605159 -0.937003 0.308051 0.164715 -0.232646 0.24117 0.229353 0.942992 0.383117 
1535138906337 0.252712 0.92331 -0.289197 -0.605159 -0.937003 0.308051 0.164715 -0.232646 0.24117 0.229353 0.942992 0.383117 
1535138906596 0.25266 0.92362 -0.288252 -0.60471 -0.937032 0.307818 0.164982 -0.232376 0.24111 0.228417 0.943235 0.383201 
1535138906930 0.253222 0.924159 -0.286023 -0.603631 -0.936943 0.307896 0.165339 -0.231975 0.240865 0.22612 0.943851 0.38335 
1535138907215 0.253442 0.924419 -0.284986 -0.603115 -0.936878 0.307927 0.165654 -0.231711 0.240889 0.225014 0.944109 0.383358 
1535138907249 0.25385 0.924453 -0.284511 -0.602764 -0.936814 0.308188 0.165528 -0.231717 0.240706 0.224515 0.944274 0.383261 
1535138907607 0.253571 0.924756 -0.283774 -0.602373 -0.936957 0.307726 0.165579 -0.231224 0.240445 0.223898 0.944487 0.383485 
1535138907937 0.254006 0.924965 -0.282702 -0.601571 -0.937079 0.307727 0.164883 -0.230889 0.239506 0.223033 0.94493 0.38351 
1535138908253 0.254398 0.925126 -0.281822 -0.601001 -0.93705 0.307873 0.164778 -0.230732 0.239206 0.222162 0.945211 0.383665 
1535138908277 0.254398 0.925126 -0.281822 -0.601001 -0.93705 0.307873 0.164778 -0.230732 0.239206 0.222162 0.945211 0.383665 
1535138908654 0.254917 0.925378 -0.280521 -0.600772 -0.937066 0.307993 0.164465 -0.230614 0.23859 0.220942 0.945653 0.383606 
1535138909229 0.256363 0.926398 -0.275798 -0.600157 -0.937333 0.307931 0.163051 -0.23016 0.235977 0.216714 0.947285 0.383405 
1535138909602 0.257112 0.926682 -0.274143 -0.600247 -0.937446 0.308066 0.162143 -0.230119 0.234709 0.215305 0.947922 0.383222 
1535138910002 0.257931 0.927242 -0.271465 -0.600374 -0.937693 0.307952 0.160929 -0.229927 0.232818 0.213042 0.948899 0.382955 
1535138910439 0.258864 0.927738 -0.26887 -0.600471 -0.937915 0.307961 0.159609 -0.229911 0.230877 0.21086 0.94986 0.382767 
1535138910699 0.259262 0.927868 -0.268036 -0.600575 -0.937959 0.308059 0.159161 -0.229817 0.230252 0.210143 0.950171 0.38261 
1535138911065 0.259262 0.927868 -0.268036 -0.600575 -0.937959 0.308059 0.159161 -0.229817 0.230252 0.210143 0.950171 0.38261 
1535138911161 0.259262 0.927868 -0.268036 -0.600575 -0.937959 0.308059 0.159161 -0.229817 0.230252 0.210143 0.950171 0.38261 
1535138911297 0.259262 0.927868 -0.268036 -0.600575 -0.937959 0.308059 0.159161 -0.229817 0.230252 0.210143 0.950171 0.38261 
1535138911362 0.259262 0.927868 -0.268036 -0.600575 -0.937959 0.308059 0.159161 -0.229817 0.230252 0.210143 0.950171 0.38261 
1535138911495 0.259262 0.927868 -0.268036 -0.600575 -0.937959 0.308059 0.159161 -0.229817 0.230252 0.210143 0.950171 0.38261 
1535138911601 0.259262 0.927868 -0.268036 -0.600575 -0.937959 0.308059 0.159161 -0.229817 0.230252 0.210143 0.950171 0.38261 
1535138911732 0.259262 0.927868 -0.268036 -0.600575 -0.937959 0.308059 0.159161 -0.229817 0.230252 0.210143 0.950171 0.38261 
