1535367628233 0.246541 0.919909 -0.304934 -0.567896 -0.937762 0.305852 0.164493 -0.215867 0.244583 0.245401 0.938061 0.41846 
1535367632443 0.246539 0.919909 -0.304935 -0.567896 -0.937761 0.305851 0.164497 -0.215866 0.244587 0.245401 0.938059 0.41846 
1535367633455 0.247175 0.92122 -0.30043 -0.581667 -0.937975 0.305271 0.164357 -0.221421 0.243121 0.241171 0.939536 0.410021 
1535367634784 0.246334 0.924635 -0.290466 -0.609729 -0.938984 0.301921 0.164782 -0.231984 0.240061 0.232152 0.94259 0.392129 
1535367635995 0.245647 0.927064 -0.283214 -0.630751 -0.939697 0.299463 0.1652 -0.239899 0.237963 0.225555 0.944721 0.37856 
1535367636609 0.244367 0.927131 -0.2841 -0.626978 -0.93997 0.298456 0.165471 -0.237899 0.238205 0.22661 0.944408 0.380675 
1535367637308 0.245474 0.927314 -0.282545 -0.632154 -0.93977 0.299151 0.165349 -0.240303 0.237854 0.224938 0.944896 0.377654 
1535367637778 0.245353 0.927643 -0.281567 -0.634913 -0.939874 0.298794 0.165407 -0.24147 0.23757 0.224054 0.945178 0.375758 
1535367638245 0.242516 0.927264 -0.28525 -0.633057 -0.940219 0.297114 0.166469 -0.240505 0.239112 0.227827 0.943886 0.377184 
1535367638453 0.242127 0.92686 -0.28689 -0.633134 -0.940178 0.297173 0.166595 -0.240831 0.239666 0.22939 0.943366 0.377408 
1535367638666 0.240305 0.926659 -0.289061 -0.633629 -0.940365 0.296096 0.167457 -0.240954 0.240765 0.231582 0.942551 0.377281 
1535367638801 0.23948 0.92652 -0.290189 -0.633899 -0.940447 0.295637 0.167807 -0.241049 0.241267 0.232721 0.942142 0.377162 
1535367638922 0.238565 0.926411 -0.291289 -0.634148 -0.940575 0.295066 0.168092 -0.241122 0.241671 0.233879 0.941751 0.377049 
1535367639437 0.237901 0.926238 -0.292381 -0.634358 -0.940617 0.294754 0.168404 -0.24126 0.242163 0.234954 0.941357 0.376981 
1535367639747 0.237188 0.926697 -0.291504 -0.634891 -0.940854 0.29386 0.168644 -0.241788 0.241943 0.234262 0.941586 0.37681 
1535367640080 0.234722 0.927176 -0.291976 -0.636156 -0.941369 0.291698 0.16952 -0.242743 0.242343 0.235067 0.941283 0.376277 
1535367640103 0.234634 0.927195 -0.291987 -0.636255 -0.941377 0.29163 0.169591 -0.242812 0.242396 0.235078 0.941267 0.376238 
1535367640299 0.234117 0.927503 -0.291423 -0.636379 -0.941488 0.291052 0.169968 -0.242878 0.242465 0.234579 0.941373 0.376162 
1535367640473 0.234018 0.927745 -0.29073 -0.63649 -0.941533 0.29081 0.170133 -0.243118 0.242387 0.233918 0.941558 0.376047 
1535367640701 0.233872 0.928108 -0.289688 -0.636754 -0.941534 0.290514 0.170631 -0.243624 0.242522 0.232846 0.941789 0.375895 
1535367640952 0.233401 0.928565 -0.288602 -0.63705 -0.941673 0.289845 0.171003 -0.243973 0.242437 0.231856 0.942054 0.375626 
1535367641196 0.232895 0.929058 -0.287422 -0.637362 -0.94177 0.289171 0.171606 -0.244376 0.242546 0.230719 0.942306 0.37544 
1535367641210 0.232866 0.929083 -0.287365 -0.637399 -0.941774 0.289137 0.171644 -0.244432 0.24256 0.230663 0.942316 0.375411 
1535367641234 0.232705 0.929166 -0.287227 -0.637433 -0.94181 0.288961 0.171741 -0.244454 0.242574 0.230549 0.94234 0.375377 
1535367641436 0.233558 0.929154 -0.286573 -0.637465 -0.941689 0.289567 0.171382 -0.244462 0.242223 0.229835 0.942605 0.375236 
1535367641565 0.234227 0.929205 -0.28586 -0.63757 -0.941594 0.290006 0.171164 -0.244404 0.241947 0.229073 0.942861 0.374977 
1535367641705 0.235098 0.929261 -0.284963 -0.637647 -0.941499 0.290557 0.170754 -0.244587 0.241473 0.228148 0.943207 0.374877 
1535367641751 0.235348 0.929353 -0.284455 -0.63766 -0.941499 0.290643 0.170606 -0.244602 0.241228 0.227662 0.943387 0.374829 
1535367641883 0.235655 0.929431 -0.283944 -0.637727 -0.941501 0.290768 0.170383 -0.244577 0.240921 0.227181 0.943581 0.374646 
1535367642079 0.236133 0.929324 -0.283897 -0.637539 -0.941398 0.291199 0.170214 -0.244505 0.240854 0.227067 0.943626 0.374723 
1535367642187 0.23661 0.929198 -0.283915 -0.637322 -0.941311 0.291627 0.169962 -0.24447 0.240726 0.227037 0.943666 0.374784 
1535367642399 0.237605 0.929244 -0.282931 -0.637013 -0.941119 0.292341 0.1698 -0.244103 0.240498 0.225927 0.94399 0.374903 
1535367642639 0.239352 0.929041 -0.282123 -0.636599 -0.940814 0.293732 0.169085 -0.243772 0.239956 0.224955 0.94436 0.374826 
1535367642769 0.239907 0.929063 -0.281578 -0.636356 -0.940789 0.294054 0.168666 -0.243704 0.239501 0.224442 0.944598 0.37489 
1535367643169 0.240669 0.928943 -0.281325 -0.636207 -0.940644 0.294689 0.168365 -0.243694 0.239305 0.224107 0.944727 0.374887 
1535367643598 0.240864 0.92887 -0.281399 -0.634951 -0.940622 0.294863 0.168185 -0.242974 0.239196 0.22418 0.944737 0.375292 
1535367644001 0.241918 0.92871 -0.281022 -0.633319 -0.940418 0.295739 0.167788 -0.242199 0.238936 0.223687 0.94492 0.37586 
1535367644027 0.242027 0.92869 -0.280995 -0.633247 -0.940393 0.295836 0.167759 -0.242174 0.238924 0.223644 0.944933 0.375895 
1535367644177 0.242727 0.928488 -0.281057 -0.633015 -0.940207 0.296521 0.167592 -0.242372 0.238947 0.223573 0.944944 0.376035 
1535367644457 0.241728 0.928673 -0.281308 -0.632146 -0.940153 0.295902 0.168979 -0.241755 0.240166 0.223625 0.944623 0.376232 
1535367644830 0.242008 0.928463 -0.281759 -0.630679 -0.939604 0.296694 0.170635 -0.241485 0.242024 0.223447 0.94419 0.37674 
1535367645101 0.241802 0.92838 -0.28221 -0.62987 -0.93944 0.296781 0.171386 -0.241174 0.242866 0.223678 0.94392 0.3769 
1535367645296 0.241727 0.928408 -0.282183 -0.629426 -0.939295 0.296855 0.172051 -0.240923 0.243501 0.223464 0.943807 0.377058 
1535367645309 0.241705 0.928409 -0.282198 -0.629372 -0.939296 0.296842 0.172071 -0.240903 0.24352 0.223477 0.943799 0.377061 
1535367645609 0.241487 0.92827 -0.282841 -0.628791 -0.939239 0.296857 0.172355 -0.240674 0.243955 0.224034 0.943554 0.377358 
1535367645891 0.241033 0.928135 -0.283669 -0.627938 -0.93927 0.296656 0.17253 -0.240351 0.244284 0.224857 0.943274 0.377594 
1535367646257 0.240185 0.927805 -0.285461 -0.626237 -0.939201 0.296445 0.173268 -0.239883 0.245383 0.226489 0.942597 0.378201 
1535367646451 0.240417 0.927492 -0.286282 -0.625808 -0.939016 0.296936 0.173432 -0.239845 0.245864 0.227127 0.942318 0.378383 
1535367646645 0.24073 0.927353 -0.28647 -0.62554 -0.938889 0.297313 0.173474 -0.239789 0.246043 0.227203 0.942254 0.378477 
1535367646879 0.2409 0.927447 -0.286025 -0.62512 -0.939034 0.297217 0.172851 -0.239199 0.245321 0.226947 0.942503 0.378521 
1535367647043 0.241554 0.927248 -0.286116 -0.624779 -0.938908 0.297818 0.172497 -0.239235 0.245158 0.22697 0.94254 0.378629 
1535367647327 0.241813 0.927101 -0.286374 -0.624006 -0.938812 0.298141 0.172465 -0.238632 0.245272 0.227147 0.942468 0.378871 
1535367647433 0.242495 0.926834 -0.286662 -0.62375 -0.938652 0.29883 0.172144 -0.238802 0.245212 0.227332 0.942439 0.37894 
1535367647451 0.24248 0.926834 -0.286674 -0.623752 -0.938662 0.298812 0.172121 -0.238797 0.245189 0.227354 0.94244 0.378944 
1535367647639 0.242018 0.927038 -0.286406 -0.62364 -0.93868 0.298415 0.172706 -0.238552 0.245573 0.227045 0.942414 0.379024 
1535367647852 0.241848 0.926995 -0.286687 -0.623075 -0.938503 0.298509 0.173504 -0.238301 0.246416 0.227095 0.942182 0.379188 
1535367648004 0.24206 0.926901 -0.286811 -0.622764 -0.9383 0.298872 0.173981 -0.238322 0.246983 0.227 0.942056 0.379368 
1535367648236 0.242061 0.926847 -0.286986 -0.622167 -0.938168 0.299026 0.174424 -0.238163 0.247481 0.22702 0.941921 0.379494 
1535367648407 0.242072 0.926769 -0.287229 -0.62188 -0.937985 0.299248 0.175029 -0.238037 0.248164 0.227046 0.941735 0.379567 
1535367648563 0.242296 0.926684 -0.287314 -0.621573 -0.937824 0.299571 0.175337 -0.238015 0.248552 0.226967 0.941652 0.379649 
1535367648732 0.242365 0.926605 -0.28751 -0.621331 -0.937675 0.299794 0.175754 -0.237992 0.249048 0.226995 0.941514 0.379767 
1535367648920 0.242204 0.926651 -0.287497 -0.621338 -0.937725 0.29963 0.175766 -0.237902 0.249016 0.227022 0.941516 0.37977 
1535367649160 0.241726 0.92665 -0.287902 -0.620682 -0.937849 0.299252 0.17575 -0.237595 0.249014 0.227525 0.941395 0.379925 
1535367649421 0.241407 0.926602 -0.288326 -0.619996 -0.937889 0.299066 0.175851 -0.237423 0.249173 0.227966 0.941246 0.380193 
1535367649439 0.241249 0.926642 -0.28833 -0.619867 -0.937924 0.298921 0.175909 -0.237366 0.249192 0.227994 0.941234 0.380248 
1535367649661 0.241358 0.926489 -0.288729 -0.619631 -0.937806 0.299183 0.176093 -0.237213 0.249531 0.228271 0.941077 0.380392 
1535367649852 0.241247 0.926434 -0.288999 -0.619217 -0.937807 0.299154 0.176137 -0.237057 0.249635 0.228532 0.940986 0.380523 
1535367650074 0.241299 0.926209 -0.289676 -0.618606 -0.93772 0.2994 0.176182 -0.236868 0.24991 0.229123 0.94077 0.380681 
1535367650146 0.24121 0.926119 -0.290036 -0.618429 -0.937715 0.29941 0.176196 -0.23684 0.250018 0.229471 0.940656 0.380708 
1535367650163 0.241249 0.926106 -0.290045 -0.618423 -0.937706 0.299448 0.17618 -0.23685 0.250015 0.229474 0.940656 0.380713 
1535367650289 0.240863 0.92622 -0.290004 -0.618243 -0.937819 0.299059 0.176235 -0.236604 0.24996 0.229523 0.940659 0.380758 
1535367650398 0.241551 0.926066 -0.289923 -0.617919 -0.9376 0.299738 0.176249 -0.236667 0.250119 0.229258 0.940681 0.380793 
1535367650650 0.241691 0.926199 -0.28938 -0.617173 -0.937534 0.299795 0.176503 -0.23625 0.250232 0.228645 0.940801 0.380962 
1535367650880 0.242253 0.926207 -0.288883 -0.616416 -0.937378 0.300246 0.176566 -0.235978 0.250272 0.228019 0.940942 0.381186 
1535367650907 0.242381 0.9262 -0.2888 -0.616273 -0.937339 0.300356 0.176582 -0.235945 0.250293 0.227904 0.940964 0.381227 
1535367651168 0.24237 0.926231 -0.288708 -0.615934 -0.937278 0.300387 0.176855 -0.235775 0.250532 0.227735 0.940941 0.381412 
1535367651564 0.243071 0.926024 -0.288782 -0.614121 -0.936856 0.301286 0.177559 -0.23527 0.25143 0.227388 0.940786 0.381994 
1535367651793 0.243139 0.925967 -0.288908 -0.613479 -0.936771 0.301436 0.177753 -0.234921 0.251681 0.227422 0.94071 0.382152 
1535367651811 0.243193 0.925949 -0.288921 -0.613393 -0.936749 0.301497 0.177767 -0.234927 0.251712 0.227414 0.940704 0.382175 
1535367652105 0.243262 0.925886 -0.289065 -0.61284 -0.936618 0.301693 0.178122 -0.234508 0.252129 0.227414 0.940592 0.382373 
1535367652332 0.24391 0.925654 -0.289263 -0.612157 -0.93634 0.302446 0.178307 -0.234255 0.252537 0.227358 0.940496 0.382571 
1535367652534 0.244337 0.925456 -0.289535 -0.611728 -0.936114 0.303009 0.17854 -0.234086 0.252963 0.227414 0.940368 0.382738 
1535367652564 0.244301 0.92545 -0.289584 -0.611632 -0.936117 0.30299 0.178557 -0.234 0.252987 0.227462 0.94035 0.382761 
1535367652817 0.244527 0.925456 -0.289373 -0.611168 -0.935962 0.30325 0.178925 -0.233727 0.25334 0.22709 0.940345 0.382891 
1535367653059 0.244836 0.925507 -0.288951 -0.610358 -0.935773 0.303559 0.179389 -0.233402 0.25374 0.226472 0.940386 0.383122 
1535367653302 0.245534 0.925384 -0.288751 -0.609518 -0.935414 0.304342 0.179936 -0.233139 0.254389 0.225921 0.940343 0.383348 
1535367653475 0.245594 0.925378 -0.288721 -0.609126 -0.935292 0.304487 0.180325 -0.232911 0.25478 0.225752 0.940278 0.383443 
1535367653721 0.246 0.925345 -0.28848 -0.608306 -0.935019 0.304973 0.180914 -0.232554 0.255387 0.22523 0.940239 0.3836 
1535367653838 0.246407 0.925248 -0.288445 -0.608018 -0.934847 0.305411 0.181069 -0.232625 0.255628 0.225035 0.94022 0.38366 
1535367654041 0.245972 0.9254 -0.288328 -0.607938 -0.935002 0.304938 0.181062 -0.232366 0.255477 0.225051 0.940257 0.383702 
1535367654292 0.245684 0.925761 -0.287413 -0.607052 -0.935291 0.304298 0.18065 -0.231953 0.254698 0.224432 0.940616 0.38393 
1535367654584 0.245865 0.925961 -0.286612 -0.606112 -0.935368 0.304204 0.180408 -0.231614 0.254239 0.223731 0.940907 0.38418 
1535367654738 0.246187 0.925908 -0.286509 -0.605739 -0.935349 0.304433 0.18012 -0.231654 0.253998 0.223642 0.940994 0.384253 
1535367654755 0.246121 0.925938 -0.286466 -0.605695 -0.935372 0.304356 0.180127 -0.231587 0.253974 0.22362 0.941005 0.384262 
1535367654950 0.246286 0.92598 -0.286189 -0.605432 -0.935385 0.30441 0.17997 -0.231497 0.253768 0.223372 0.94112 0.384339 
1535367655208 0.246302 0.926234 -0.285351 -0.604619 -0.935598 0.304072 0.179436 -0.230993 0.252967 0.222779 0.941476 0.384423 
1535367655440 0.246421 0.926524 -0.284307 -0.60375 -0.935808 0.303771 0.178851 -0.230485 0.252073 0.221984 0.941904 0.384599 
1535367655567 0.246887 0.926482 -0.284038 -0.603431 -0.935791 0.30407 0.178428 -0.230559 0.251678 0.221749 0.942065 0.384619 
1535367655590 0.247018 0.926457 -0.284005 -0.603396 -0.935769 0.304178 0.178361 -0.230583 0.251632 0.221704 0.942087 0.384621 
1535367655626 0.247082 0.926452 -0.283967 -0.603365 -0.935764 0.304221 0.178315 -0.230571 0.251588 0.221667 0.942108 0.384626 
1535367655745 0.246989 0.926625 -0.283485 -0.603224 -0.935869 0.303968 0.178195 -0.230388 0.25129 0.221293 0.942275 0.384645 
1535367655787 0.247285 0.926752 -0.282808 -0.603301 -0.935676 0.304221 0.178773 -0.230357 0.251715 0.220408 0.942369 0.38455 
1535367655882 0.247308 0.926842 -0.282493 -0.603309 -0.935592 0.30425 0.179164 -0.230195 0.252006 0.219989 0.942389 0.384462 
1535367655914 0.247583 0.926893 -0.282084 -0.603201 -0.935548 0.304408 0.179125 -0.23022 0.251899 0.219554 0.942519 0.384469 
1535367655944 0.247858 0.926946 -0.28167 -0.603085 -0.935481 0.304586 0.179172 -0.23024 0.251875 0.219087 0.942634 0.384447 
1535367656373 0.248259 0.927133 -0.280699 -0.602831 -0.935392 0.304765 0.17933 -0.229974 0.251811 0.218044 0.942894 0.384277 
1535367656394 0.248324 0.927079 -0.280821 -0.602866 -0.935385 0.304842 0.179238 -0.230044 0.251774 0.218167 0.942875 0.38429 
1535367656420 0.248096 0.927033 -0.281171 -0.602938 -0.935455 0.304684 0.179142 -0.230142 0.251739 0.218578 0.942789 0.384316 
1535367656619 0.248449 0.927358 -0.279788 -0.603092 -0.935539 0.304599 0.178846 -0.230088 0.251077 0.217318 0.943257 0.384311 
1535367656790 0.249385 0.927516 -0.278425 -0.603164 -0.935527 0.305026 0.178181 -0.230094 0.250193 0.216038 0.943785 0.384119 
1535367656836 0.249624 0.927656 -0.277746 -0.603122 -0.935559 0.305042 0.177988 -0.230101 0.249836 0.215418 0.944022 0.384127 
1535367656963 0.24971 0.927846 -0.277032 -0.603206 -0.935652 0.304886 0.177762 -0.2299 0.249399 0.214817 0.944274 0.384026 
1535367657010 0.250059 0.92795 -0.276368 -0.603196 -0.935662 0.305004 0.177508 -0.229941 0.249012 0.2142 0.944516 0.38399 
1535367657629 0.250632 0.928063 -0.275469 -0.603231 -0.935631 0.305275 0.177208 -0.229928 0.248554 0.213323 0.944836 0.383861 
1535367659068 0.240813 0.926782 -0.288244 -0.574387 -0.937816 0.298691 0.176875 -0.216704 0.25002 0.227726 0.94108 0.403492 
1535367661357 0.21223 0.919691 -0.330345 -0.472921 -0.944119 0.280208 0.17356 -0.171294 0.252187 0.27505 0.927766 0.473675 
1535367661471 0.213176 0.919409 -0.33052 -0.472613 -0.943793 0.281254 0.173644 -0.171499 0.252609 0.274926 0.927688 0.474116 
1535367661488 0.213119 0.919422 -0.33052 -0.47261 -0.943803 0.281203 0.173671 -0.171473 0.25262 0.274933 0.927683 0.474118 
1535367661513 0.21302 0.919446 -0.330517 -0.472595 -0.943821 0.281114 0.173716 -0.171431 0.252636 0.274944 0.927675 0.474118 
1535367661531 0.212973 0.919457 -0.330516 -0.472585 -0.943829 0.281072 0.173738 -0.171411 0.252644 0.274949 0.927671 0.474118 
1535367661552 0.212945 0.919464 -0.330516 -0.472578 -0.943834 0.281046 0.173752 -0.171399 0.252649 0.274953 0.927669 0.474119 
1535367661569 0.212928 0.919468 -0.330517 -0.472574 -0.943837 0.281032 0.17376 -0.171392 0.252653 0.274956 0.927667 0.474119 
1535367661590 0.212918 0.919469 -0.330519 -0.472572 -0.943839 0.281024 0.173765 -0.171388 0.252655 0.274958 0.927665 0.474119 
1535367661610 0.212947 0.919459 -0.330527 -0.47258 -0.943831 0.281053 0.173757 -0.171399 0.252658 0.274961 0.927664 0.474119 
1535367662836 0.212978 0.919422 -0.33061 -0.472597 -0.94381 0.281114 0.173775 -0.171408 0.252712 0.275023 0.927631 0.474116 
1535367662855 0.212978 0.919422 -0.33061 -0.472597 -0.94381 0.281114 0.173775 -0.171408 0.252712 0.275023 0.927631 0.474116 
1535367662873 0.212978 0.919422 -0.33061 -0.472597 -0.94381 0.281114 0.173775 -0.171408 0.252711 0.275023 0.927631 0.474116 
1535367662889 0.212978 0.919422 -0.33061 -0.472597 -0.94381 0.281114 0.173775 -0.171408 0.252712 0.275023 0.927631 0.474116 
1535367662910 0.212978 0.919422 -0.330611 -0.472598 -0.94381 0.281114 0.173775 -0.171409 0.252712 0.275023 0.927631 0.474116 
1535367662928 0.212979 0.919421 -0.330612 -0.472598 -0.943809 0.281115 0.173775 -0.171409 0.252713 0.275024 0.92763 0.474116 
1535367662944 0.212979 0.919421 -0.330614 -0.472598 -0.943809 0.281116 0.173776 -0.171409 0.252714 0.275026 0.927629 0.474116 
1535367662969 0.212979 0.91942 -0.330616 -0.472598 -0.943809 0.281117 0.173777 -0.171409 0.252716 0.275028 0.927628 0.474116 
1535367663147 0.21298 0.919415 -0.330629 -0.472601 -0.943806 0.281124 0.173782 -0.171409 0.252726 0.275038 0.927623 0.474115 
1535367663162 0.21298 0.919415 -0.33063 -0.472601 -0.943806 0.281124 0.173782 -0.171409 0.252726 0.275038 0.927623 0.474115 
1535367663179 0.21298 0.919414 -0.330631 -0.472601 -0.943806 0.281124 0.173783 -0.171409 0.252727 0.275039 0.927622 0.474115 
1535367663200 0.21298 0.919414 -0.330632 -0.472601 -0.943805 0.281125 0.173783 -0.171409 0.252727 0.27504 0.927622 0.474115 
1535367663219 0.21298 0.919414 -0.330632 -0.472601 -0.943805 0.281125 0.173784 -0.171409 0.252728 0.27504 0.927621 0.474115 
1535367663234 0.21298 0.919414 -0.330633 -0.472601 -0.943805 0.281125 0.173784 -0.171409 0.252729 0.275041 0.927621 0.474115 
1535367663251 0.21298 0.919413 -0.330634 -0.472601 -0.943805 0.281126 0.173784 -0.171409 0.252729 0.275041 0.927621 0.474115 
1535367663271 0.21298 0.919413 -0.330635 -0.472602 -0.943804 0.281126 0.173785 -0.171409 0.25273 0.275042 0.92762 0.474115 
1535367663467 0.212981 0.91941 -0.330643 -0.472603 -0.943803 0.281131 0.173788 -0.171409 0.252736 0.275048 0.927617 0.474115 
1535367663493 0.212982 0.919409 -0.330644 -0.472603 -0.943802 0.281131 0.173788 -0.171409 0.252737 0.275048 0.927617 0.474115 
1535367663513 0.212982 0.919409 -0.330644 -0.472603 -0.943802 0.281131 0.173788 -0.171409 0.252737 0.275049 0.927616 0.474115 
1535367663527 0.212982 0.919409 -0.330645 -0.472603 -0.943802 0.281132 0.173789 -0.171409 0.252737 0.275049 0.927616 0.474115 
1535367663544 0.212982 0.919409 -0.330645 -0.472603 -0.943802 0.281132 0.173789 -0.171409 0.252738 0.27505 0.927616 0.474115 
1535367663560 0.212982 0.919408 -0.330646 -0.472603 -0.943802 0.281133 0.173789 -0.171409 0.252738 0.27505 0.927616 0.474115 
1535367663577 0.212982 0.919408 -0.330646 -0.472603 -0.943802 0.281133 0.173789 -0.171409 0.252739 0.275051 0.927615 0.474115 
1535367663595 0.212982 0.919408 -0.330647 -0.472603 -0.943802 0.281133 0.173789 -0.171409 0.252739 0.275051 0.927615 0.474115 
1535367663885 0.212985 0.919405 -0.330653 -0.472604 -0.9438 0.281138 0.173792 -0.171409 0.252745 0.275055 0.927612 0.474115 
1535367663905 0.212984 0.919405 -0.330654 -0.472604 -0.9438 0.281138 0.173792 -0.171409 0.252745 0.275056 0.927612 0.474115 
1535367663922 0.212985 0.919405 -0.330654 -0.472605 -0.943799 0.281139 0.173792 -0.171409 0.252745 0.275056 0.927612 0.474115 
1535367663938 0.212985 0.919405 -0.330654 -0.472605 -0.943799 0.281139 0.173792 -0.171409 0.252745 0.275056 0.927612 0.474115 
1535367663956 0.212985 0.919405 -0.330654 -0.472605 -0.943799 0.281139 0.173793 -0.171409 0.252746 0.275056 0.927612 0.474115 
1535367663974 0.212985 0.919404 -0.330655 -0.472605 -0.943799 0.281139 0.173793 -0.171409 0.252746 0.275056 0.927612 0.474115 
1535367664001 0.212986 0.919404 -0.330655 -0.472605 -0.943799 0.28114 0.173793 -0.171409 0.252746 0.275057 0.927611 0.474114 
1535367664008 0.212986 0.919404 -0.330656 -0.472605 -0.943799 0.28114 0.173793 -0.171409 0.252747 0.275057 0.927611 0.474115 
1535367664025 0.212986 0.919404 -0.330656 -0.472605 -0.943799 0.28114 0.173793 -0.171409 0.252747 0.275057 0.927611 0.474114 
1535367664462 0.21299 0.919401 -0.330661 -0.472606 -0.943797 0.281146 0.173795 -0.171409 0.252751 0.27506 0.927609 0.474115 
1535367664482 0.21299 0.919401 -0.330661 -0.472606 -0.943797 0.281146 0.173795 -0.171409 0.252751 0.27506 0.927609 0.474115 
1535367664501 0.21299 0.919401 -0.330661 -0.472606 -0.943797 0.281146 0.173795 -0.171409 0.252751 0.27506 0.927609 0.474115 
1535367664519 0.21299 0.919401 -0.330661 -0.472606 -0.943797 0.281146 0.173795 -0.171409 0.252752 0.27506 0.927609 0.474115 
1535367664542 0.21299 0.919401 -0.330661 -0.472606 -0.943796 0.281147 0.173795 -0.171409 0.252752 0.27506 0.927609 0.474115 
1535367664558 0.212991 0.919401 -0.330661 -0.472606 -0.943796 0.281147 0.173795 -0.171409 0.252752 0.27506 0.927609 0.474115 
1535367664585 0.212991 0.919401 -0.330662 -0.472606 -0.943796 0.281148 0.173795 -0.171409 0.252752 0.27506 0.927609 0.474115 
1535367664970 0.212994 0.919399 -0.330664 -0.472606 -0.943795 0.281152 0.173796 -0.171409 0.252755 0.275061 0.927608 0.474115 
1535367664990 0.212994 0.919399 -0.330664 -0.472606 -0.943795 0.281152 0.173796 -0.171409 0.252755 0.275062 0.927608 0.474115 
1535367665011 0.212995 0.919399 -0.330664 -0.472606 -0.943795 0.281152 0.173796 -0.171409 0.252755 0.275061 0.927608 0.474115 
1535367665022 0.212995 0.919399 -0.330664 -0.472606 -0.943795 0.281152 0.173796 -0.171409 0.252755 0.275062 0.927608 0.474115 
1535367665037 0.212995 0.919399 -0.330664 -0.472606 -0.943794 0.281153 0.173796 -0.171409 0.252755 0.275062 0.927608 0.474115 
1535367665054 0.212995 0.919399 -0.330665 -0.472606 -0.943794 0.281153 0.173796 -0.171409 0.252755 0.275062 0.927608 0.474115 
1535367665078 0.212995 0.919399 -0.330665 -0.472606 -0.943794 0.281153 0.173796 -0.171409 0.252755 0.275062 0.927608 0.474115 
1535367665100 0.212995 0.919399 -0.330665 -0.472606 -0.943794 0.281153 0.173796 -0.171409 0.252755 0.275062 0.927608 0.474115 
1535367665110 0.212996 0.919399 -0.330665 -0.472606 -0.943794 0.281154 0.173796 -0.171409 0.252755 0.275062 0.927608 0.474115 
1535367665127 0.212996 0.919398 -0.330665 -0.472606 -0.943794 0.281154 0.173796 -0.171409 0.252755 0.275062 0.927608 0.474115 
1535367665527 0.213 0.919397 -0.330667 -0.472607 -0.943793 0.281159 0.173796 -0.171409 0.252758 0.275062 0.927607 0.474115 
1535367665551 0.213 0.919397 -0.330667 -0.472607 -0.943793 0.281159 0.173796 -0.171409 0.252758 0.275062 0.927607 0.474115 
1535367665566 0.213001 0.919397 -0.330667 -0.472607 -0.943792 0.28116 0.173796 -0.171409 0.252758 0.275062 0.927607 0.474115 
1535367665581 0.213001 0.919397 -0.330667 -0.472607 -0.943792 0.28116 0.173796 -0.171409 0.252758 0.275062 0.927607 0.474115 
1535367665597 0.213001 0.919396 -0.330667 -0.472607 -0.943792 0.28116 0.173796 -0.171409 0.252758 0.275062 0.927607 0.474115 
1535367665621 0.213001 0.919396 -0.330667 -0.472607 -0.943792 0.28116 0.173797 -0.171409 0.252758 0.275062 0.927607 0.474115 
1535367665638 0.213002 0.919396 -0.330667 -0.472607 -0.943792 0.281161 0.173796 -0.171409 0.252758 0.275062 0.927607 0.474115 
1535367665656 0.213002 0.919396 -0.330667 -0.472607 -0.943792 0.281161 0.173796 -0.171409 0.252759 0.275062 0.927607 0.474115 
1535367665671 0.213002 0.919396 -0.330667 -0.472607 -0.943792 0.281161 0.173797 -0.171409 0.252759 0.275062 0.927607 0.474115 
1535367665691 0.213002 0.919396 -0.330667 -0.472607 -0.943792 0.281162 0.173797 -0.171409 0.252759 0.275062 0.927607 0.474115 
1535367666144 0.213008 0.919394 -0.330669 -0.472607 -0.94379 0.281168 0.173797 -0.171409 0.252761 0.275062 0.927606 0.474115 
1535367666169 0.213008 0.919394 -0.330669 -0.472607 -0.94379 0.281168 0.173797 -0.171409 0.252761 0.275062 0.927606 0.474115 
1535367666186 0.213009 0.919394 -0.330669 -0.472607 -0.94379 0.281169 0.173797 -0.171409 0.252762 0.275062 0.927606 0.474115 
1535367666202 0.213009 0.919394 -0.330669 -0.472607 -0.94379 0.281169 0.173797 -0.171409 0.252761 0.275062 0.927606 0.474115 
1535367666225 0.21301 0.919394 -0.330669 -0.472607 -0.943789 0.281169 0.173797 -0.17141 0.252762 0.275062 0.927606 0.474115 
1535367666242 0.21301 0.919394 -0.330669 -0.472607 -0.943789 0.281169 0.173797 -0.17141 0.252762 0.275062 0.927606 0.474115 
1535367666258 0.213009 0.919394 -0.330669 -0.472607 -0.943789 0.281169 0.173797 -0.171409 0.252762 0.275062 0.927606 0.474115 
1535367666275 0.21301 0.919394 -0.330669 -0.472607 -0.943789 0.281169 0.173797 -0.171409 0.252762 0.275062 0.927606 0.474115 
1535367666592 0.213015 0.919392 -0.33067 -0.472607 -0.943788 0.281175 0.173797 -0.17141 0.252764 0.275061 0.927605 0.474115 
1535367666607 0.213015 0.919392 -0.33067 -0.472607 -0.943788 0.281175 0.173797 -0.171409 0.252764 0.275061 0.927605 0.474115 
1535367666627 0.213015 0.919392 -0.33067 -0.472607 -0.943788 0.281175 0.173797 -0.17141 0.252764 0.275061 0.927605 0.474115 
1535367666644 0.213015 0.919392 -0.33067 -0.472607 -0.943787 0.281176 0.173797 -0.17141 0.252764 0.275061 0.927605 0.474115 
1535367666672 0.213016 0.919392 -0.33067 -0.472607 -0.943787 0.281176 0.173797 -0.17141 0.252764 0.275061 0.927605 0.474115 
1535367666689 0.213016 0.919392 -0.33067 -0.472607 -0.943787 0.281177 0.173797 -0.17141 0.252764 0.275061 0.927605 0.474115 
1535367666705 0.213016 0.919392 -0.33067 -0.472607 -0.943787 0.281177 0.173797 -0.17141 0.252765 0.275061 0.927605 0.474115 
1535367666721 0.213016 0.919392 -0.33067 -0.472607 -0.943787 0.281177 0.173797 -0.171409 0.252765 0.275061 0.927605 0.474115 
1535367667088 0.213022 0.91939 -0.330671 -0.472608 -0.943785 0.281183 0.173797 -0.17141 0.252767 0.27506 0.927605 0.474115 
1535367667104 0.213022 0.91939 -0.330671 -0.472608 -0.943785 0.281183 0.173797 -0.17141 0.252767 0.27506 0.927605 0.474115 
1535367667129 0.213023 0.91939 -0.330671 -0.472608 -0.943785 0.281184 0.173798 -0.171409 0.252767 0.27506 0.927605 0.474115 
1535367667156 0.213023 0.91939 -0.330671 -0.472608 -0.943785 0.281184 0.173798 -0.17141 0.252767 0.27506 0.927605 0.474115 
1535367667176 0.213023 0.91939 -0.330671 -0.472608 -0.943785 0.281185 0.173798 -0.17141 0.252767 0.27506 0.927605 0.474116 
1535367667195 0.213024 0.91939 -0.330672 -0.472608 -0.943785 0.281185 0.173797 -0.17141 0.252767 0.27506 0.927605 0.474115 
1535367667719 0.213033 0.919387 -0.330673 -0.472608 -0.943782 0.281195 0.173798 -0.17141 0.252771 0.275058 0.927604 0.474116 
1535367667738 0.213033 0.919387 -0.330673 -0.472608 -0.943782 0.281195 0.173798 -0.17141 0.252771 0.275058 0.927604 0.474116 
1535367667754 0.213034 0.919387 -0.330673 -0.472608 -0.943782 0.281195 0.173798 -0.17141 0.252771 0.275058 0.927604 0.474116 
1535367667771 0.213034 0.919387 -0.330673 -0.472608 -0.943781 0.281195 0.173798 -0.17141 0.252771 0.275058 0.927604 0.474116 
1535367667795 0.213034 0.919387 -0.330673 -0.472608 -0.943781 0.281196 0.173798 -0.17141 0.252771 0.275058 0.927604 0.474116 
1535367667811 0.213034 0.919387 -0.330673 -0.472608 -0.943781 0.281196 0.173798 -0.17141 0.252771 0.275058 0.927604 0.474116 
1535367667831 0.213035 0.919387 -0.330673 -0.472608 -0.943781 0.281197 0.173798 -0.17141 0.252771 0.275058 0.927604 0.474116 
1535367667856 0.213035 0.919387 -0.330673 -0.472608 -0.943781 0.281197 0.173798 -0.17141 0.252771 0.275057 0.927604 0.474116 
1535367667871 0.213036 0.919386 -0.330673 -0.472608 -0.943781 0.281198 0.173798 -0.17141 0.252772 0.275057 0.927604 0.474116 
1535367668209 0.213041 0.919385 -0.330673 -0.472608 -0.943779 0.281203 0.173798 -0.17141 0.252773 0.275056 0.927604 0.474116 
1535367668225 0.213042 0.919385 -0.330673 -0.472608 -0.943779 0.281204 0.173798 -0.17141 0.252773 0.275056 0.927604 0.474116 
1535367668251 0.213042 0.919385 -0.330673 -0.472608 -0.943779 0.281204 0.173798 -0.17141 0.252774 0.275056 0.927604 0.474116 
1535367668269 0.213042 0.919385 -0.330673 -0.472608 -0.943779 0.281204 0.173798 -0.17141 0.252774 0.275056 0.927604 0.474116 
1535367668289 0.213042 0.919385 -0.330673 -0.472608 -0.943779 0.281205 0.173798 -0.17141 0.252774 0.275056 0.927604 0.474116 
1535367668304 0.213043 0.919385 -0.330673 -0.472608 -0.943779 0.281205 0.173798 -0.17141 0.252774 0.275056 0.927604 0.474116 
1535367668319 0.213043 0.919385 -0.330673 -0.472608 -0.943779 0.281205 0.173798 -0.17141 0.252774 0.275056 0.927604 0.474116 
1535367668334 0.213043 0.919385 -0.330673 -0.472608 -0.943779 0.281205 0.173798 -0.17141 0.252774 0.275056 0.927604 0.474116 
1535367668357 0.213043 0.919384 -0.330673 -0.472608 -0.943778 0.281206 0.173798 -0.17141 0.252774 0.275056 0.927604 0.474116 
1535367668914 0.213049 0.919383 -0.330674 -0.472608 -0.943777 0.281212 0.173798 -0.17141 0.252777 0.275055 0.927604 0.474116 
1535367668934 0.213049 0.919383 -0.330674 -0.472608 -0.943777 0.281212 0.173798 -0.17141 0.252777 0.275055 0.927604 0.474116 
1535367668949 0.213049 0.919383 -0.330674 -0.472608 -0.943776 0.281212 0.173798 -0.17141 0.252777 0.275055 0.927604 0.474116 
1535367668967 0.213049 0.919383 -0.330674 -0.472608 -0.943776 0.281212 0.173799 -0.17141 0.252777 0.275055 0.927604 0.474116 
1535367668981 0.213049 0.919383 -0.330674 -0.472608 -0.943776 0.281212 0.173798 -0.17141 0.252777 0.275055 0.927604 0.474116 
1535367669013 0.21305 0.919383 -0.330674 -0.472608 -0.943776 0.281212 0.173798 -0.17141 0.252777 0.275055 0.927604 0.474116 
1535367669036 0.21305 0.919383 -0.330674 -0.472608 -0.943776 0.281212 0.173799 -0.17141 0.252777 0.275055 0.927604 0.474116 
1535367669052 0.21305 0.919383 -0.330674 -0.472608 -0.943776 0.281213 0.173798 -0.17141 0.252777 0.275055 0.927604 0.474116 
