1532543042944 0.268258 0.715145 -0.64545 -0.581626 -0.955376 0.283509 -0.0829463 -0.251821 0.123672 0.638898 0.759285 0.403277 
1532543048704 0.268258 0.715145 -0.64545 -0.581626 -0.955376 0.283509 -0.0829463 -0.251821 0.123672 0.638898 0.759285 0.403277 
1532543048956 0.268256 0.715148 -0.645447 -0.581626 -0.955376 0.283509 -0.0829416 -0.251821 0.123674 0.638894 0.759289 0.403281 
1532543049258 0.264368 0.711833 -0.650695 -0.581574 -0.955805 0.283373 -0.0783326 -0.252063 0.128629 0.642646 0.755288 0.403863 
1532543049480 0.264368 0.711833 -0.650695 -0.581574 -0.955805 0.283373 -0.0783326 -0.252063 0.128629 0.642646 0.755288 0.403863 
1532543049671 0.260371 0.708398 -0.656033 -0.58152 -0.956252 0.283068 -0.073862 -0.252247 0.133378 0.646564 0.751109 0.404295 
1532543049915 0.260371 0.708398 -0.656033 -0.58152 -0.956252 0.283068 -0.073862 -0.252247 0.133378 0.646564 0.751109 0.404295 
1532543050128 0.254461 0.703198 -0.663899 -0.581455 -0.956774 0.283025 -0.0669363 -0.252591 0.140831 0.652234 0.74482 0.405128 
1532543050580 0.250394 0.699838 -0.668977 -0.581436 -0.957139 0.282834 -0.0623698 -0.252786 0.14556 0.655921 0.740662 0.405631 
1532543050600 0.250394 0.699838 -0.668977 -0.581436 -0.957139 0.282834 -0.0623698 -0.252786 0.14556 0.655921 0.740662 0.405631 
1532543050847 0.25036 0.699541 -0.6693 -0.58142 -0.957139 0.282822 -0.0624285 -0.252836 0.145621 0.656243 0.740365 0.405605 
1532543051000 0.249747 0.699174 -0.669912 -0.581424 -0.957175 0.28288 -0.0616037 -0.252883 0.146433 0.656608 0.73988 0.40573 
1532543051148 0.249747 0.699174 -0.669912 -0.581424 -0.957175 0.28288 -0.0616037 -0.252883 0.146433 0.656608 0.73988 0.40573 
1532543051200 0.249747 0.699174 -0.669912 -0.581424 -0.957175 0.28288 -0.0616037 -0.252883 0.146433 0.656608 0.73988 0.40573 
1532543051223 0.248916 0.698536 -0.670886 -0.581408 -0.95729 0.282648 -0.0608817 -0.252901 0.147097 0.657387 0.739057 0.405741 
1532543051240 0.248916 0.698536 -0.670886 -0.581408 -0.95729 0.282648 -0.0608817 -0.252901 0.147097 0.657387 0.739057 0.405741 
1532543051257 0.248916 0.698536 -0.670886 -0.581408 -0.95729 0.282648 -0.0608817 -0.252901 0.147097 0.657387 0.739057 0.405741 
1532543051279 0.248916 0.698536 -0.670886 -0.581408 -0.95729 0.282648 -0.0608817 -0.252901 0.147097 0.657387 0.739057 0.405741 
1532543051296 0.248916 0.698536 -0.670886 -0.581408 -0.95729 0.282648 -0.0608817 -0.252901 0.147097 0.657387 0.739057 0.405741 
1532543051317 0.248916 0.698536 -0.670886 -0.581408 -0.95729 0.282648 -0.0608817 -0.252901 0.147097 0.657387 0.739057 0.405741 
1532543051334 0.248916 0.698536 -0.670886 -0.581408 -0.95729 0.282648 -0.0608817 -0.252901 0.147097 0.657387 0.739057 0.405741 
