1535161679466 0.2139 0.919499 -0.3298 -0.472343 -0.943695 0.281725 0.173407 -0.171403 0.252361 0.274139 0.927988 0.474222 
1535161686715 0.213899 0.919499 -0.3298 -0.472343 -0.943695 0.281724 0.173408 -0.171403 0.252361 0.274139 0.927988 0.474222 
1535161687815 0.213899 0.919499 -0.3298 -0.472343 -0.943695 0.281724 0.173408 -0.171403 0.252361 0.274139 0.927988 0.474222 
1535161688467 0.223117 0.920899 -0.31963 -0.504599 -0.942694 0.287291 0.169679 -0.185685 0.248085 0.263455 0.932226 0.454476 
1535161689331 0.223117 0.920899 -0.31963 -0.504599 -0.942694 0.287291 0.169679 -0.185685 0.248085 0.263455 0.932226 0.454476 
1535161689919 0.232036 0.922259 -0.309189 -0.537051 -0.941704 0.292601 0.166065 -0.199951 0.243624 0.252631 0.936389 0.434552 
1535161690734 0.232036 0.922259 -0.309189 -0.537051 -0.941704 0.292601 0.166065 -0.199951 0.243624 0.252631 0.936389 0.434552 
1535161691367 0.244583 0.924205 -0.293298 -0.58587 -0.940358 0.299849 0.160676 -0.221262 0.236443 0.236506 0.942422 0.404232 
1535161692743 0.253454 0.925078 -0.282827 -0.618307 -0.939151 0.305391 0.157264 -0.235644 0.231854 0.225758 0.946191 0.384262 
1535161693030 0.252769 0.92531 -0.282681 -0.618443 -0.939383 0.304665 0.157288 -0.235476 0.231663 0.225788 0.94623 0.38385 
1535161693255 0.252769 0.92531 -0.282681 -0.618443 -0.939383 0.304665 0.157288 -0.235476 0.231663 0.225788 0.94623 0.38385 
1535161693481 0.254357 0.925147 -0.28179 -0.621438 -0.939028 0.305961 0.156891 -0.237075 0.231364 0.224702 0.946562 0.382282 
1535161693789 0.254357 0.925147 -0.28179 -0.621438 -0.939028 0.305961 0.156891 -0.237075 0.231364 0.224702 0.946562 0.382282 
1535161694010 0.2558 0.925235 -0.28019 -0.626317 -0.938766 0.306945 0.156536 -0.239235 0.230836 0.222991 0.947095 0.379326 
1535161694341 0.2558 0.925235 -0.28019 -0.626317 -0.938766 0.306945 0.156536 -0.239235 0.230836 0.222991 0.947095 0.379326 
1535161694705 0.256913 0.925416 -0.278569 -0.631239 -0.938654 0.307552 0.156016 -0.241396 0.230055 0.221398 0.947659 0.376053 
1535161695060 0.256812 0.925641 -0.277915 -0.632938 -0.93878 0.30725 0.155852 -0.241935 0.229652 0.220877 0.947878 0.374899 
1535161695561 0.255711 0.92492 -0.281308 -0.632114 -0.938779 0.30706 0.156234 -0.241995 0.230882 0.224135 0.946814 0.375941 
1535161696177 0.253495 0.924119 -0.285911 -0.633563 -0.939028 0.306062 0.156689 -0.242915 0.232306 0.228759 0.945359 0.375611 
1535161696225 0.253495 0.924119 -0.285911 -0.633563 -0.939028 0.306062 0.156689 -0.242915 0.232306 0.228759 0.945359 0.375611 
1535161696412 0.252826 0.924015 -0.286837 -0.63391 -0.93912 0.305668 0.156912 -0.242946 0.232666 0.229703 0.945041 0.375617 
1535161696795 0.252199 0.924448 -0.285991 -0.633766 -0.939426 0.304789 0.156786 -0.243156 0.232107 0.229127 0.945319 0.375607 
1535161697095 0.249788 0.924958 -0.286459 -0.634316 -0.940014 0.30262 0.157463 -0.24358 0.232335 0.229944 0.945064 0.375634 
1535161697496 0.248597 0.92523 -0.286616 -0.634613 -0.940321 0.301518 0.157745 -0.243771 0.232371 0.230296 0.94497 0.375653 
1535161697523 0.248597 0.92523 -0.286616 -0.634613 -0.940321 0.301518 0.157745 -0.243771 0.232371 0.230296 0.94497 0.375653 
1535161697809 0.247885 0.925395 -0.2867 -0.634741 -0.940468 0.300892 0.158063 -0.243798 0.232536 0.230451 0.944891 0.375642 
1535161698165 0.24628 0.926586 -0.284225 -0.634779 -0.940843 0.29898 0.159451 -0.244498 0.232723 0.228141 0.945406 0.375433 
1535161698540 0.245478 0.927001 -0.283565 -0.634882 -0.941033 0.298119 0.159943 -0.244733 0.232803 0.227581 0.945521 0.375363 
1535161698563 0.245478 0.927001 -0.283565 -0.634882 -0.941033 0.298119 0.159943 -0.244733 0.232803 0.227581 0.945521 0.375363 
1535161698765 0.245144 0.92713 -0.283433 -0.634924 -0.941082 0.297814 0.160222 -0.244689 0.232957 0.227456 0.945513 0.37529 
1535161699114 0.247647 0.927197 -0.281028 -0.634718 -0.940773 0.299456 0.15897 -0.244884 0.231552 0.225015 0.946442 0.37502 
1535161699470 0.248017 0.927224 -0.280613 -0.634694 -0.940745 0.299672 0.15873 -0.244843 0.23127 0.224617 0.946605 0.374886 
1535161699501 0.248017 0.927224 -0.280613 -0.634694 -0.940745 0.299672 0.15873 -0.244843 0.23127 0.224617 0.946605 0.374886 
1535161699755 0.248836 0.927313 -0.27959 -0.634647 -0.940668 0.300146 0.158293 -0.244898 0.230705 0.223612 0.946981 0.374826 
1535161700091 0.250806 0.926767 -0.27964 -0.634056 -0.940378 0.301813 0.156835 -0.244339 0.229749 0.223632 0.947209 0.37511 
1535161700345 0.2525 0.926376 -0.27941 -0.633609 -0.940232 0.303097 0.15523 -0.244148 0.22849 0.223515 0.947541 0.375067 
1535161700569 0.254211 0.9261 -0.278776 -0.633245 -0.940026 0.30438 0.153963 -0.243824 0.227439 0.222918 0.947934 0.375231 
1535161700610 0.255374 0.925885 -0.278426 -0.63294 -0.93992 0.305231 0.152922 -0.243788 0.226572 0.222645 0.948206 0.375358 
1535161700624 0.255374 0.925885 -0.278426 -0.63294 -0.93992 0.305231 0.152922 -0.243788 0.226572 0.222645 0.948206 0.375358 
1535161700885 0.255552 0.925717 -0.278821 -0.63244 -0.939825 0.305512 0.152945 -0.243714 0.226767 0.222957 0.948086 0.37553 
1535161701086 0.255552 0.925717 -0.278821 -0.63244 -0.939825 0.305512 0.152945 -0.243714 0.226767 0.222957 0.948086 0.37553 
1535161701205 0.255197 0.925566 -0.279647 -0.631063 -0.939712 0.305515 0.15363 -0.242879 0.227631 0.223582 0.947732 0.376033 
1535161701411 0.255197 0.925566 -0.279647 -0.631063 -0.939712 0.305515 0.15363 -0.242879 0.227631 0.223582 0.947732 0.376033 
1535161701539 0.255754 0.925188 -0.280389 -0.629841 -0.939373 0.306355 0.154029 -0.242523 0.228405 0.223996 0.947448 0.376489 
1535161701696 0.255754 0.925188 -0.280389 -0.629841 -0.939373 0.306355 0.154029 -0.242523 0.228405 0.223996 0.947448 0.376489 
1535161701833 0.255903 0.925076 -0.280619 -0.629715 -0.939238 0.306629 0.154305 -0.242516 0.22879 0.224082 0.947335 0.376646 
1535161702045 0.255297 0.925261 -0.280564 -0.628778 -0.939152 0.306285 0.155511 -0.241993 0.22982 0.223791 0.947154 0.376864 
1535161702355 0.255297 0.925261 -0.280564 -0.628778 -0.939152 0.306285 0.155511 -0.241993 0.22982 0.223791 0.947154 0.376864 
1535161702494 0.255009 0.925142 -0.281215 -0.627377 -0.938751 0.306584 0.15733 -0.241505 0.231769 0.22387 0.94666 0.377198 
1535161702654 0.255009 0.925142 -0.281215 -0.627377 -0.938751 0.306584 0.15733 -0.241505 0.231769 0.22387 0.94666 0.377198 
1535161702787 0.255003 0.924996 -0.281703 -0.625834 -0.938202 0.307191 0.159408 -0.241023 0.233988 0.223645 0.946167 0.377733 
1535161703006 0.255003 0.924996 -0.281703 -0.625834 -0.938202 0.307191 0.159408 -0.241023 0.233988 0.223645 0.946167 0.377733 
1535161703225 0.254936 0.925046 -0.281597 -0.62551 -0.938193 0.307135 0.159571 -0.240791 0.234099 0.223511 0.946171 0.377732 
1535161703380 0.255092 0.925159 -0.281086 -0.62475 -0.938081 0.307262 0.159984 -0.240627 0.234378 0.222871 0.946254 0.377995 
1535161703621 0.255145 0.925197 -0.280913 -0.624077 -0.937967 0.307377 0.160429 -0.240294 0.234775 0.222554 0.946229 0.378084 
1535161703828 0.255141 0.92526 -0.280707 -0.623408 -0.93784 0.307459 0.161016 -0.239934 0.235287 0.222176 0.946191 0.378226 
1535161703959 0.2551 0.925313 -0.28057 -0.622934 -0.937756 0.307485 0.161451 -0.239825 0.235664 0.22192 0.946158 0.378375 
1535161704221 0.255256 0.925205 -0.280785 -0.622541 -0.937606 0.307774 0.161775 -0.239667 0.236093 0.221972 0.946038 0.378474 
1535161704602 0.255326 0.925133 -0.280958 -0.622192 -0.937529 0.307925 0.161933 -0.239559 0.236324 0.222061 0.94596 0.378665 
1535161704892 0.255055 0.925072 -0.281404 -0.621172 -0.937458 0.307879 0.162426 -0.239054 0.236894 0.222377 0.945743 0.378864 
1535161705220 0.255483 0.924783 -0.281968 -0.620113 -0.937048 0.308663 0.163304 -0.238615 0.238054 0.222496 0.945424 0.379228 
1535161705254 0.255409 0.924767 -0.282084 -0.619947 -0.937045 0.308635 0.163375 -0.238511 0.238145 0.222598 0.945377 0.379246 
1535161705529 0.255469 0.924598 -0.282586 -0.619837 -0.937046 0.308765 0.163125 -0.238441 0.238078 0.223122 0.94527 0.379349 
1535161705834 0.255624 0.924416 -0.283041 -0.61933 -0.937095 0.308907 0.162571 -0.238192 0.237717 0.223679 0.945229 0.379552 
1535161706031 0.255793 0.92417 -0.283688 -0.618846 -0.937071 0.309162 0.162227 -0.237965 0.237631 0.224339 0.945094 0.379775 
1535161706333 0.256073 0.923932 -0.284211 -0.618569 -0.937009 0.309507 0.161925 -0.237986 0.237573 0.224844 0.944989 0.379921 
1535161706408 0.256057 0.923712 -0.284939 -0.618078 -0.937066 0.30957 0.161477 -0.237724 0.237366 0.225659 0.944847 0.379982 
1535161706424 0.255927 0.923701 -0.285093 -0.617981 -0.937122 0.309452 0.161374 -0.23763 0.237284 0.225867 0.944818 0.380018 
1535161706642 0.255927 0.923701 -0.285093 -0.617981 -0.937122 0.309452 0.161374 -0.23763 0.237284 0.225867 0.944818 0.380018 
1535161706681 0.255927 0.923701 -0.285093 -0.617981 -0.937122 0.309452 0.161374 -0.23763 0.237284 0.225867 0.944818 0.380018 
1535161706816 0.256161 0.92347 -0.28563 -0.617457 -0.936994 0.309831 0.161392 -0.237396 0.237537 0.226291 0.944653 0.380246 
1535161706954 0.256161 0.92347 -0.28563 -0.617457 -0.936994 0.309831 0.161392 -0.237396 0.237537 0.226291 0.944653 0.380246 
1535161707011 0.25628 0.923091 -0.286748 -0.616629 -0.936885 0.310213 0.161289 -0.237075 0.237837 0.227315 0.944331 0.380619 
1535161707162 0.25648 0.922941 -0.287048 -0.616311 -0.936789 0.310496 0.161304 -0.237013 0.238001 0.227533 0.944237 0.380797 
1535161707346 0.25648 0.922941 -0.287048 -0.616311 -0.936789 0.310496 0.161304 -0.237013 0.238001 0.227533 0.944237 0.380797 
1535161707366 0.256891 0.922888 -0.286854 -0.616005 -0.936749 0.310784 0.160977 -0.236889 0.237713 0.227356 0.944352 0.380853 
1535161707489 0.256891 0.922888 -0.286854 -0.616005 -0.936749 0.310784 0.160977 -0.236889 0.237713 0.227356 0.944352 0.380853 
1535161707523 0.256891 0.922888 -0.286854 -0.616005 -0.936749 0.310784 0.160977 -0.236889 0.237713 0.227356 0.944352 0.380853 
1535161707613 0.257013 0.922949 -0.286547 -0.615524 -0.936847 0.310723 0.160529 -0.236523 0.237197 0.227192 0.944522 0.380917 
1535161707632 0.257096 0.922918 -0.286574 -0.615358 -0.93685 0.310781 0.160395 -0.236476 0.237093 0.227239 0.944536 0.380941 
1535161707682 0.257096 0.922918 -0.286574 -0.615358 -0.93685 0.310781 0.160395 -0.236476 0.237093 0.227239 0.944536 0.380941 
1535161707808 0.257096 0.922918 -0.286574 -0.615358 -0.93685 0.310781 0.160395 -0.236476 0.237093 0.227239 0.944536 0.380941 
1535161707840 0.256862 0.923037 -0.286398 -0.614926 -0.936874 0.310566 0.160674 -0.23613 0.237254 0.227048 0.944542 0.381041 
1535161707992 0.256862 0.923037 -0.286398 -0.614926 -0.936874 0.310566 0.160674 -0.23613 0.237254 0.227048 0.944542 0.381041 
1535161708282 0.257088 0.923209 -0.285642 -0.613518 -0.93647 0.310975 0.162229 -0.235685 0.238598 0.225788 0.944505 0.381304 
1535161708342 0.257088 0.923209 -0.285642 -0.613518 -0.93647 0.310975 0.162229 -0.235685 0.238598 0.225788 0.944505 0.381304 
1535161708478 0.256975 0.923257 -0.285588 -0.613177 -0.936531 0.310829 0.162158 -0.235461 0.238483 0.225791 0.944534 0.381392 
1535161708565 0.256975 0.923257 -0.285588 -0.613177 -0.936531 0.310829 0.162158 -0.235461 0.238483 0.225791 0.944534 0.381392 
1535161708688 0.256975 0.923257 -0.285588 -0.613177 -0.936531 0.310829 0.162158 -0.235461 0.238483 0.225791 0.944534 0.381392 
1535161708748 0.257028 0.923336 -0.285285 -0.612336 -0.936559 0.310786 0.162077 -0.235023 0.238314 0.225528 0.944639 0.381564 
1535161709093 0.257924 0.923309 -0.284562 -0.610827 -0.936337 0.311492 0.162003 -0.234565 0.238218 0.224662 0.94487 0.381974 
1535161709279 0.257924 0.923309 -0.284562 -0.610827 -0.936337 0.311492 0.162003 -0.234565 0.238218 0.224662 0.94487 0.381974 
1535161709324 0.25814 0.92328 -0.28446 -0.61067 -0.936253 0.311704 0.162082 -0.234507 0.238314 0.224487 0.944887 0.382092 
1535161709493 0.25814 0.92328 -0.28446 -0.61067 -0.936253 0.311704 0.162082 -0.234507 0.238314 0.224487 0.944887 0.382092 
1535161709538 0.25814 0.92328 -0.28446 -0.61067 -0.936253 0.311704 0.162082 -0.234507 0.238314 0.224487 0.944887 0.382092 
1535161709667 0.258263 0.923183 -0.284662 -0.609906 -0.935949 0.312111 0.163052 -0.234066 0.239373 0.224319 0.944659 0.38221 
1535161709843 0.258527 0.923055 -0.284839 -0.609166 -0.935682 0.312576 0.163692 -0.233713 0.240131 0.2242 0.944495 0.382387 
1535161709997 0.258912 0.922892 -0.285018 -0.608826 -0.935404 0.313136 0.164213 -0.233675 0.240801 0.22409 0.944351 0.382518 
1535161710015 0.258912 0.922892 -0.285018 -0.608826 -0.935404 0.313136 0.164213 -0.233675 0.240801 0.22409 0.944351 0.382518 
1535161710037 0.258827 0.922914 -0.285023 -0.608775 -0.935425 0.313058 0.16424 -0.233596 0.240808 0.224107 0.944345 0.38251 
1535161710147 0.258827 0.922914 -0.285023 -0.608775 -0.935425 0.313058 0.16424 -0.233596 0.240808 0.224107 0.944345 0.38251 
1535161710257 0.258827 0.922914 -0.285023 -0.608775 -0.935425 0.313058 0.16424 -0.233596 0.240808 0.224107 0.944345 0.38251 
1535161710305 0.259135 0.92289 -0.284822 -0.60804 -0.935234 0.313415 0.16465 -0.233264 0.241221 0.223708 0.944334 0.382648 
1535161710408 0.259135 0.92289 -0.284822 -0.60804 -0.935234 0.313415 0.16465 -0.233264 0.241221 0.223708 0.944334 0.382648 
1535161710865 0.26035 0.922925 -0.283598 -0.605572 -0.934624 0.314607 0.16583 -0.232191 0.242271 0.221884 0.944496 0.383239 
1535161711135 0.260398 0.923 -0.283307 -0.605543 -0.934612 0.3146 0.165913 -0.232105 0.242266 0.221579 0.944569 0.383289 
1535161711386 0.260642 0.923518 -0.281388 -0.604445 -0.93497 0.3141 0.164842 -0.231656 0.240618 0.220125 0.945329 0.383411 
1535161711591 0.26071 0.923641 -0.280923 -0.604199 -0.93503 0.314009 0.164672 -0.231536 0.24031 0.21974 0.945498 0.383454 
1535161711662 0.260958 0.923866 -0.27995 -0.603632 -0.935132 0.313917 0.16427 -0.23137 0.239645 0.218922 0.945856 0.383554 
1535161711687 0.260996 0.92388 -0.279869 -0.603557 -0.935135 0.313927 0.164233 -0.23133 0.23959 0.218851 0.945886 0.383557 
1535161711957 0.261496 0.924247 -0.278187 -0.603015 -0.935338 0.313794 0.16333 -0.231055 0.238251 0.217488 0.946539 0.383562 
1535161712293 0.261814 0.92443 -0.277278 -0.602728 -0.935412 0.313789 0.162912 -0.230772 0.237608 0.216717 0.946877 0.38357 
1535161712533 0.262818 0.924891 -0.274779 -0.601875 -0.935667 0.313824 0.161374 -0.230369 0.235485 0.21469 0.947869 0.383619 
1535161712696 0.262973 0.925087 -0.27397 -0.601585 -0.935803 0.313667 0.16089 -0.230194 0.234773 0.214073 0.948185 0.3836 
1535161712990 0.263782 0.925417 -0.272072 -0.601287 -0.935729 0.313974 0.160723 -0.229954 0.23416 0.21219 0.94876 0.383423 
1535161713349 0.265183 0.925914 -0.269 -0.600666 -0.935663 0.314488 0.160099 -0.229664 0.232836 0.209238 0.94974 0.383442 
1535161713525 0.265616 0.926084 -0.267986 -0.600403 -0.935676 0.314607 0.159791 -0.229582 0.23229 0.208305 0.950079 0.383382 
1535161713866 0.265452 0.926156 -0.2679 -0.600615 -0.935669 0.314483 0.160078 -0.229678 0.232507 0.208172 0.950055 0.383404 
1535161714150 0.266298 0.926841 -0.26467 -0.600645 -0.935753 0.314448 0.159649 -0.229459 0.231195 0.205151 0.951032 0.383069 
1535161714519 0.267524 0.927763 -0.260169 -0.600511 -0.9358 0.314504 0.159265 -0.229372 0.229584 0.200859 0.952338 0.382889 
1535161714728 0.267805 0.927946 -0.259224 -0.60054 -0.935799 0.314543 0.159195 -0.229343 0.229261 0.199949 0.952607 0.382802 
1535161715013 0.267805 0.927946 -0.259224 -0.60054 -0.935799 0.314543 0.159195 -0.229343 0.229261 0.199949 0.952607 0.382802 
1535161715058 0.267805 0.927946 -0.259224 -0.60054 -0.935799 0.314543 0.159195 -0.229343 0.229261 0.199949 0.952607 0.382802 
1535161715215 0.267805 0.927946 -0.259224 -0.60054 -0.935799 0.314543 0.159195 -0.229343 0.229261 0.199949 0.952607 0.382802 
1535161715271 0.267805 0.927946 -0.259224 -0.60054 -0.935799 0.314543 0.159195 -0.229343 0.229261 0.199949 0.952607 0.382802 
1535161715389 0.267805 0.927946 -0.259224 -0.60054 -0.935799 0.314543 0.159195 -0.229343 0.229261 0.199949 0.952607 0.382802 
1535161715421 0.267805 0.927946 -0.259224 -0.60054 -0.935799 0.314543 0.159195 -0.229343 0.229261 0.199949 0.952607 0.382802 
1535161715550 0.267805 0.927946 -0.259224 -0.60054 -0.935799 0.314543 0.159195 -0.229343 0.229261 0.199949 0.952607 0.382802 
1535161718256 0.214622 0.919641 -0.328934 -0.472338 -0.943939 0.281797 0.171956 -0.171286 0.250831 0.273588 0.928565 0.474014 
1535161719033 0.214603 0.919646 -0.328934 -0.472334 -0.943953 0.281769 0.171926 -0.171284 0.250795 0.273602 0.928571 0.473993 
1535161719056 0.214603 0.919646 -0.328934 -0.472334 -0.943953 0.281769 0.171926 -0.171284 0.250795 0.273602 0.928571 0.473993 
1535161719306 0.214521 0.91965 -0.328974 -0.472317 -0.943964 0.281708 0.171967 -0.171247 0.250824 0.273649 0.928549 0.473983 
1535161719687 0.214471 0.91966 -0.328979 -0.472306 -0.943974 0.281663 0.171983 -0.171226 0.250827 0.273662 0.928544 0.47398 
1535161719917 0.214446 0.919665 -0.328983 -0.472299 -0.943979 0.281641 0.171994 -0.171214 0.250832 0.273669 0.928541 0.473978 
1535161720174 0.214436 0.919666 -0.328985 -0.472297 -0.943981 0.281633 0.171999 -0.171209 0.250834 0.273673 0.928539 0.473977 
1535161720595 0.214428 0.919667 -0.328989 -0.472295 -0.943982 0.281627 0.172003 -0.171205 0.250838 0.273677 0.928537 0.473976 
1535161720923 0.214403 0.91967 -0.328996 -0.47229 -0.943985 0.281608 0.172016 -0.171194 0.250846 0.273687 0.928532 0.473975 
1535161721427 0.214336 0.919681 -0.32901 -0.472277 -0.943997 0.28155 0.172043 -0.171168 0.250858 0.27371 0.928522 0.473971 
1535161721952 0.214297 0.919686 -0.329022 -0.47227 -0.944003 0.281519 0.172061 -0.171153 0.250868 0.273725 0.928515 0.473969 
1535161722321 0.214283 0.919687 -0.329025 -0.472267 -0.944005 0.281508 0.172068 -0.171147 0.250872 0.27373 0.928512 0.473968 
1535161722993 0.214279 0.919688 -0.329027 -0.472266 -0.944006 0.281505 0.172071 -0.171145 0.250874 0.273732 0.928511 0.473968 
1535161723378 0.214276 0.919688 -0.329029 -0.472265 -0.944006 0.281503 0.172074 -0.171142 0.250877 0.273734 0.92851 0.473967 
1535161723776 0.214275 0.919688 -0.32903 -0.472264 -0.944005 0.281503 0.172075 -0.171141 0.250878 0.273735 0.928509 0.473967 
1535161724372 0.214274 0.919687 -0.329031 -0.472264 -0.944005 0.281503 0.172076 -0.171141 0.250879 0.273736 0.928509 0.473967 
1535161724765 0.214274 0.919687 -0.329032 -0.472263 -0.944005 0.281503 0.172077 -0.17114 0.25088 0.273736 0.928508 0.473967 
1535161725198 0.214274 0.919687 -0.329032 -0.472263 -0.944005 0.281503 0.172078 -0.171139 0.250882 0.273736 0.928508 0.473967 
1535161725582 0.214274 0.919687 -0.329033 -0.472263 -0.944005 0.281504 0.172079 -0.171138 0.250883 0.273737 0.928508 0.473966 
1535161725948 0.214274 0.919687 -0.329033 -0.472262 -0.944004 0.281504 0.172079 -0.171138 0.250883 0.273737 0.928507 0.473966 
1535161726314 0.214273 0.919687 -0.329034 -0.472262 -0.944004 0.281504 0.17208 -0.171137 0.250884 0.273737 0.928507 0.473966 
1535161726653 0.214273 0.919687 -0.329034 -0.472262 -0.944004 0.281503 0.172081 -0.171137 0.250884 0.273737 0.928507 0.473966 
1535161727146 0.214272 0.919687 -0.329034 -0.472261 -0.944004 0.281503 0.172081 -0.171136 0.250885 0.273738 0.928507 0.473966 
1535161727558 0.21427 0.919687 -0.329035 -0.472261 -0.944005 0.281501 0.172082 -0.171135 0.250886 0.273738 0.928506 0.473966 
1535161727847 0.214268 0.919688 -0.329034 -0.47226 -0.944005 0.281499 0.172083 -0.171134 0.250886 0.273738 0.928506 0.473966 
1535161728133 0.214264 0.919688 -0.329035 -0.472259 -0.944006 0.281496 0.172085 -0.171132 0.250886 0.273739 0.928506 0.473966 
1535161728423 0.214262 0.919689 -0.329034 -0.472258 -0.944006 0.281493 0.172085 -0.171131 0.250886 0.273739 0.928506 0.473966 
1535161728689 0.214262 0.919689 -0.329034 -0.472258 -0.944006 0.281493 0.172085 -0.171131 0.250886 0.273739 0.928506 0.473966 
1535161728951 0.22091 0.919775 -0.324364 -0.484747 -0.942421 0.286932 0.171792 -0.176962 0.25108 0.267737 0.930202 0.465575 
1535161729310 0.22091 0.919775 -0.324364 -0.484747 -0.942421 0.286932 0.171792 -0.176962 0.25108 0.267737 0.930202 0.465575 
1535161729590 0.22091 0.919775 -0.324364 -0.484747 -0.942421 0.286932 0.171792 -0.176962 0.25108 0.267737 0.930202 0.465575 
1535161729952 0.22091 0.919775 -0.324364 -0.484747 -0.942421 0.286932 0.171792 -0.176962 0.25108 0.267737 0.930202 0.465575 
1535161730238 0.22091 0.919775 -0.324364 -0.484747 -0.942421 0.286932 0.171792 -0.176962 0.25108 0.267737 0.930202 0.465575 
1535161730637 0.245137 0.920107 -0.305469 -0.53605 -0.936773 0.305961 0.169836 -0.200514 0.249729 0.244522 0.936933 0.429765 
1535161730933 0.244673 0.920274 -0.305339 -0.536223 -0.936908 0.305484 0.169951 -0.200443 0.249677 0.244492 0.936955 0.429414 
1535161731354 0.244673 0.920274 -0.305339 -0.536223 -0.936908 0.305484 0.169951 -0.200443 0.249677 0.244492 0.936955 0.429414 
1535161731652 0.244673 0.920274 -0.305339 -0.536223 -0.936908 0.305484 0.169951 -0.200443 0.249677 0.244492 0.936955 0.429414 
1535161731931 0.244673 0.920274 -0.305339 -0.536223 -0.936908 0.305484 0.169951 -0.200443 0.249677 0.244492 0.936955 0.429414 
1535161732286 0.244673 0.920274 -0.305339 -0.536223 -0.936908 0.305484 0.169951 -0.200443 0.249677 0.244492 0.936955 0.429414 
1535161732581 0.244673 0.920274 -0.305339 -0.536223 -0.936908 0.305484 0.169951 -0.200443 0.249677 0.244492 0.936955 0.429414 
