1533662827505 -0.187255 0.845429 -0.500189 -0.597268 -0.975202 -0.0988634 0.197988 -0.255126 0.117931 0.524856 0.842977 0.407261 
1533662827515 -0.172384 0.815494 -0.552497 -0.60436 -0.976316 -0.0670089 0.205713 -0.252393 0.130735 0.574873 0.807731 0.413925 
1533662827519 0 0 0 0 0 0 0 0 0 0 0 0 
1533662827522 0 0 0 0 0 0 0 0 0 0 0 0 
1533662827525 0 0 0 0 0 0 0 0 0 0 0 0 
1533662827535 -0.158263 0.782016 -0.60283 -0.611483 -0.976783 -0.0347174 0.211401 -0.249677 0.14439 0.622291 0.769354 0.420587 
1533662827545 -0.144952 0.745142 -0.650962 -0.618606 -0.976605 -0.00212696 0.215029 -0.24696 0.158843 0.666902 0.728018 0.427248 
1533662827555 -0.132509 0.705036 -0.696682 -0.625728 -0.975785 0.0306183 0.21658 -0.244243 0.174028 0.70851 0.683906 0.43391 
1533662827565 -0.120989 0.661875 -0.739786 -0.632848 -0.974324 0.0633738 0.216047 -0.241525 0.189879 0.746931 0.637213 0.440571 
1533662827575 -0.110444 0.615849 -0.780085 -0.639967 -0.97223 0.0959948 0.213432 -0.238806 0.206326 0.781994 0.588145 0.447232 
1533662827585 -0.100919 0.567162 -0.8174 -0.647085 -0.969512 0.128337 0.208748 -0.236086 0.223297 0.813546 0.536919 0.453892 
1533662827595 -0.0924566 0.51603 -0.851566 -0.654199 -0.966182 0.160258 0.202014 -0.233365 0.240716 0.841446 0.483762 0.460551 
1533662827606 -0.0848151 0.462751 -0.882421 -0.659772 -0.962274 0.191739 0.19304 -0.22974 0.258525 0.865504 0.429031 0.466948 
1533662827630 -0.0848151 0.462751 -0.882421 -0.659772 -0.962274 0.191739 0.19304 -0.22974 0.258525 0.865504 0.429031 0.466948 
1533662827633 0 0 0 0 0 0 0 0 0 0 0 0 
1533662827643 -0.0788748 0.407337 -0.909866 -0.6685 -0.957746 0.222271 0.182534 -0.227961 0.276589 0.885817 0.372594 0.473881 
1533662827653 -0.0788724 0.407338 -0.909865 -0.668501 -0.957746 0.222273 0.182532 -0.227961 0.276591 0.885816 0.372595 0.473881 
1533662827663 -0.07887 0.407339 -0.909865 -0.668501 -0.957745 0.222275 0.182531 -0.227961 0.276593 0.885815 0.372596 0.473881 
1533662827673 -0.0788676 0.40734 -0.909865 -0.668501 -0.957745 0.222277 0.18253 -0.227961 0.276594 0.885814 0.372597 0.473881 
1533662827683 -0.0788652 0.40734 -0.909865 -0.668501 -0.957745 0.22228 0.182528 -0.227961 0.276596 0.885814 0.372598 0.473881 
1533662827693 -0.0788628 0.407341 -0.909865 -0.668501 -0.957745 0.222282 0.182527 -0.227961 0.276597 0.885813 0.372599 0.473881 
1533662827703 -0.0788603 0.407342 -0.909865 -0.668501 -0.957744 0.222284 0.182526 -0.227961 0.276599 0.885812 0.3726 0.473881 
1533662827713 -0.0788579 0.407343 -0.909864 -0.668501 -0.957744 0.222286 0.182524 -0.227961 0.2766 0.885811 0.372601 0.473881 
1533662827723 -0.0788343 0.40735 -0.909863 -0.668391 -0.957745 0.222297 0.182506 -0.227896 0.276603 0.885805 0.372613 0.473859 
1533662827742 0 0 0 0 0 0 0 0 0 0 0 0 
1533662827742 0 0 0 0 0 0 0 0 0 0 0 0 
1533662827746 0 0 0 0 0 0 0 0 0 0 0 0 
1533662827756 -0.0788343 0.40735 -0.909863 -0.668391 -0.957745 0.222297 0.182506 -0.227896 0.276603 0.885805 0.372613 0.473859 
1533662827766 -0.0788522 0.407345 -0.909864 -0.668501 -0.957744 0.222291 0.182521 -0.227961 0.276603 0.885809 0.372604 0.473881 
1533662827776 -0.0788513 0.407345 -0.909864 -0.668501 -0.957744 0.222291 0.18252 -0.227961 0.276604 0.885808 0.372604 0.473881 
1533662827786 -0.0788504 0.407345 -0.909864 -0.668501 -0.957744 0.222292 0.18252 -0.227961 0.276604 0.885808 0.372605 0.473881 
1533662827796 -0.0788495 0.407346 -0.909864 -0.668501 -0.957744 0.222293 0.182519 -0.227961 0.276604 0.885808 0.372605 0.473881 
1533662827806 -0.0788486 0.407346 -0.909864 -0.668501 -0.957744 0.222293 0.182518 -0.227961 0.276605 0.885808 0.372606 0.473881 
1533662827816 -0.0788477 0.407346 -0.909864 -0.668501 -0.957744 0.222294 0.182518 -0.227961 0.276605 0.885807 0.372606 0.473881 
1533662827826 -0.0788468 0.407347 -0.909864 -0.668501 -0.957744 0.222294 0.182517 -0.227961 0.276605 0.885807 0.372607 0.473881 
1533662827836 -0.0788459 0.407347 -0.909864 -0.668501 -0.957744 0.222295 0.182517 -0.227961 0.276605 0.885807 0.372607 0.473881 
1533662827846 -0.0788449 0.407348 -0.909863 -0.668501 -0.957744 0.222295 0.182516 -0.227961 0.276606 0.885806 0.372608 0.473881 
1533662827861 0 0 0 0 0 0 0 0 0 0 0 0 
1533662827861 0 0 0 0 0 0 0 0 0 0 0 0 
1533662827862 0 0 0 0 0 0 0 0 0 0 0 0 
1533662827866 0 0 0 0 0 0 0 0 0 0 0 0 
1533662827876 -0.0788449 0.407348 -0.909863 -0.668501 -0.957744 0.222295 0.182516 -0.227961 0.276606 0.885806 0.372608 0.473881 
1533662827886 -0.079072 0.407562 -0.909748 -0.668451 -0.95773 0.222151 0.182765 -0.228008 0.27659 0.885744 0.372768 0.473902 
1533662827896 -0.0793012 0.407776 -0.909632 -0.668396 -0.957715 0.222006 0.183016 -0.228057 0.276573 0.885682 0.372928 0.473922 
1533662827906 -0.0795307 0.40799 -0.909516 -0.668342 -0.957701 0.221861 0.183266 -0.228107 0.276557 0.885619 0.373088 0.473942 
1533662827916 -0.0797593 0.408205 -0.9094 -0.668288 -0.957687 0.221716 0.183517 -0.228155 0.276541 0.885557 0.373248 0.473962 
1533662827926 -0.079988 0.408419 -0.909283 -0.668233 -0.957672 0.221571 0.183767 -0.228203 0.276524 0.885495 0.373408 0.473983 
1533662827936 -0.0802179 0.408633 -0.909167 -0.668179 -0.957658 0.221425 0.184018 -0.228253 0.276508 0.885432 0.373568 0.474003 
1533662827946 -0.0804467 0.408847 -0.90905 -0.668124 -0.957643 0.22128 0.184268 -0.228301 0.276492 0.88537 0.373728 0.474024 
1533662827956 -0.0806756 0.409061 -0.908934 -0.66807 -0.957629 0.221134 0.184518 -0.228349 0.276476 0.885307 0.373888 0.474044 
1533662827966 -0.0809044 0.409274 -0.908817 -0.668016 -0.957614 0.220989 0.184768 -0.228397 0.27646 0.885245 0.374048 0.474064 
1533662827982 0 0 0 0 0 0 0 0 0 0 0 0 
1533662827982 0 0 0 0 0 0 0 0 0 0 0 0 
1533662827982 0 0 0 0 0 0 0 0 0 0 0 0 
1533662827986 0 0 0 0 0 0 0 0 0 0 0 0 
1533662827996 -0.0809044 0.409274 -0.908817 -0.668016 -0.957614 0.220989 0.184768 -0.228397 0.27646 0.885245 0.374048 0.474064 
1533662828006 -0.0811013 0.409515 -0.908691 -0.667959 -0.957604 0.220843 0.184993 -0.228446 0.276436 0.88517 0.374243 0.474106 
1533662828016 -0.081069 0.409543 -0.908682 -0.667954 -0.957609 0.220843 0.184968 -0.228445 0.276429 0.885157 0.374278 0.474126 
1533662828026 -0.0810367 0.40957 -0.908672 -0.667949 -0.957614 0.220843 0.184943 -0.228444 0.276422 0.885144 0.374314 0.474147 
1533662828036 -0.0810045 0.409598 -0.908663 -0.667945 -0.957619 0.220843 0.184918 -0.228443 0.276414 0.885132 0.374349 0.474168 
1533662828046 -0.0809722 0.409625 -0.908653 -0.66794 -0.957623 0.220843 0.184893 -0.228442 0.276407 0.885119 0.374385 0.474188 
1533662828056 -0.08094 0.409652 -0.908644 -0.667933 -0.957628 0.220843 0.184868 -0.228441 0.2764 0.885106 0.37442 0.474209 
1533662828066 -0.0809078 0.40968 -0.908634 -0.667928 -0.957633 0.220843 0.184843 -0.22844 0.276392 0.885093 0.374455 0.474229 
1533662828076 -0.0808754 0.409708 -0.908625 -0.667921 -0.957638 0.220843 0.184818 -0.228438 0.276385 0.885081 0.374491 0.47425 
1533662828086 -0.0808435 0.409735 -0.908615 -0.667916 -0.957643 0.220843 0.184794 -0.228437 0.276378 0.885068 0.374526 0.47427 
1533662828100 0 0 0 0 0 0 0 0 0 0 0 0 
1533662828100 0 0 0 0 0 0 0 0 0 0 0 0 
1533662828102 0 0 0 0 0 0 0 0 0 0 0 0 
1533662828106 0 0 0 0 0 0 0 0 0 0 0 0 
1533662828116 -0.0808435 0.409735 -0.908615 -0.667916 -0.957643 0.220843 0.184794 -0.228437 0.276378 0.885068 0.374526 0.47427 
1533662828126 -0.0807885 0.409672 -0.908648 -0.667896 -0.957678 0.220778 0.184688 -0.228439 0.276271 0.885113 0.374498 0.474322 
1533662828136 -0.0807665 0.409581 -0.908691 -0.667883 -0.957709 0.220713 0.184607 -0.228443 0.276171 0.885172 0.374433 0.474355 
1533662828146 -0.0807447 0.409491 -0.908734 -0.667871 -0.957739 0.220647 0.184526 -0.228447 0.276071 0.88523 0.374369 0.474387 
1533662828156 -0.0807228 0.4094 -0.908777 -0.667859 -0.95777 0.220582 0.184446 -0.228451 0.275972 0.885288 0.374305 0.474419 
1533662828166 -0.0807011 0.409308 -0.90882 -0.667846 -0.957801 0.220516 0.184365 -0.228455 0.275872 0.885347 0.37424 0.474453 
1533662828176 -0.0806793 0.409217 -0.908863 -0.667833 -0.957831 0.220451 0.184285 -0.228459 0.275772 0.885405 0.374175 0.474485 
1533662828186 -0.0806574 0.409127 -0.908906 -0.667821 -0.957862 0.220385 0.184204 -0.228464 0.275672 0.885464 0.374111 0.474518 
1533662828196 -0.0806356 0.409036 -0.908949 -0.667809 -0.957892 0.22032 0.184124 -0.228468 0.275573 0.885522 0.374046 0.47455 
1533662828206 -0.0806137 0.408945 -0.908992 -0.667796 -0.957923 0.220255 0.184043 -0.228472 0.275473 0.88558 0.373982 0.474582 
1533662828232 -0.0806137 0.408945 -0.908992 -0.667796 -0.957923 0.220255 0.184043 -0.228472 0.275473 0.88558 0.373982 0.474582 
1533662828235 0 0 0 0 0 0 0 0 0 0 0 0 
1533662828245 -0.080889 0.4087 -0.909077 -0.667756 -0.957971 0.219969 0.184132 -0.228601 0.275223 0.885764 0.37373 0.474637 
1533662828255 -0.081187 0.408546 -0.90912 -0.667735 -0.957989 0.219748 0.184303 -0.228728 0.275073 0.88589 0.373542 0.474657 
1533662828265 -0.0814848 0.408392 -0.909162 -0.667714 -0.958007 0.219527 0.184473 -0.228855 0.274923 0.886016 0.373354 0.474678 
1533662828275 -0.0817827 0.408238 -0.909205 -0.667693 -0.958025 0.219306 0.184644 -0.228983 0.274773 0.886141 0.373167 0.474699 
1533662828285 -0.0820802 0.408084 -0.909247 -0.667671 -0.958042 0.219086 0.184814 -0.22911 0.274623 0.886267 0.372979 0.474719 
1533662828295 -0.0823781 0.40793 -0.909289 -0.667651 -0.95806 0.218865 0.184985 -0.229238 0.274473 0.886392 0.372791 0.47474 
1533662828305 -0.0826757 0.407776 -0.909332 -0.667629 -0.958077 0.218645 0.185155 -0.229364 0.274322 0.886518 0.372604 0.47476 
1533662828315 -0.0829732 0.407621 -0.909374 -0.667607 -0.958095 0.218424 0.185326 -0.229491 0.274172 0.886643 0.372416 0.474781 
1533662828325 -0.0832711 0.407467 -0.909416 -0.667587 -0.958112 0.218203 0.185497 -0.229619 0.274021 0.886768 0.372229 0.474802 
1533662828352 -0.0832711 0.407467 -0.909416 -0.667587 -0.958112 0.218203 0.185497 -0.229619 0.274021 0.886768 0.372229 0.474802 
1533662828355 0 0 0 0 0 0 0 0 0 0 0 0 
1533662828366 -0.0838483 0.407177 -0.909492 -0.667531 -0.958166 0.217705 0.185802 -0.229877 0.273655 0.887024 0.371889 0.474853 
1533662828376 -0.0841281 0.407042 -0.909527 -0.667496 -0.958203 0.217427 0.185936 -0.230007 0.27344 0.887154 0.371737 0.474884 
1533662828386 -0.0844076 0.406906 -0.909562 -0.66746 -0.95824 0.21715 0.18607 -0.230137 0.273224 0.887284 0.371585 0.474914 
1533662828396 -0.0846874 0.406771 -0.909596 -0.667425 -0.958277 0.216872 0.186205 -0.230267 0.273008 0.887414 0.371433 0.474945 
1533662828406 -0.0849672 0.406635 -0.909631 -0.667391 -0.958314 0.216594 0.186339 -0.230398 0.272792 0.887545 0.37128 0.474976 
1533662828416 -0.0852467 0.406499 -0.909666 -0.667355 -0.95835 0.216316 0.186473 -0.230528 0.272577 0.887674 0.371128 0.475007 
1533662828426 -0.0855262 0.406363 -0.9097 -0.667319 -0.958387 0.216038 0.186608 -0.230658 0.272361 0.887804 0.370976 0.475038 
1533662828436 -0.0858059 0.406227 -0.909734 -0.667285 -0.958423 0.21576 0.186743 -0.230788 0.272145 0.887934 0.370824 0.475069 
1533662828446 -0.0860853 0.406091 -0.909769 -0.667249 -0.958459 0.215483 0.186877 -0.230918 0.271928 0.888064 0.370672 0.475099 
1533662828462 0 0 0 0 0 0 0 0 0 0 0 0 
1533662828462 0 0 0 0 0 0 0 0 0 0 0 0 
1533662828462 0 0 0 0 0 0 0 0 0 0 0 0 
1533662828465 0 0 0 0 0 0 0 0 0 0 0 0 
1533662828476 -0.0860853 0.406091 -0.909769 -0.667249 -0.958459 0.215483 0.186877 -0.230918 0.271928 0.888064 0.370672 0.475099 
1533662828486 -0.0864265 0.405817 -0.909859 -0.667154 -0.958481 0.215238 0.187046 -0.231112 0.271743 0.888248 0.370366 0.47516 
1533662828496 -0.0864885 0.405679 -0.909914 -0.667093 -0.958467 0.215271 0.187081 -0.231175 0.271773 0.888303 0.370212 0.475191 
1533662828506 -0.0865504 0.405541 -0.90997 -0.667033 -0.958453 0.215304 0.187115 -0.231239 0.271803 0.888358 0.370058 0.475221 
1533662828516 -0.0866124 0.405403 -0.910025 -0.666972 -0.958439 0.215337 0.18715 -0.231303 0.271833 0.888413 0.369904 0.475252 
1533662828526 -0.0866744 0.405265 -0.910081 -0.666912 -0.958425 0.21537 0.187184 -0.231366 0.271863 0.888468 0.369749 0.475282 
1533662828536 -0.0867363 0.405128 -0.910137 -0.666851 -0.958411 0.215403 0.187219 -0.23143 0.271893 0.888523 0.369595 0.475313 
1533662828546 -0.0867983 0.40499 -0.910192 -0.666791 -0.958396 0.215436 0.187253 -0.231493 0.271924 0.888578 0.369441 0.475343 
1533662828556 -0.0868612 0.404851 -0.910247 -0.666731 -0.958382 0.215468 0.187289 -0.231559 0.271954 0.888633 0.369287 0.475375 
1533662828566 -0.0869233 0.404713 -0.910303 -0.666671 -0.958368 0.215501 0.187323 -0.231622 0.271984 0.888688 0.369132 0.475405 
1533662828590 -0.0869233 0.404713 -0.910303 -0.666671 -0.958368 0.215501 0.187323 -0.231622 0.271984 0.888688 0.369132 0.475405 
1533662828593 0 0 0 0 0 0 0 0 0 0 0 0 
1533662828603 -0.0870668 0.404597 -0.910341 -0.666511 -0.958338 0.215527 0.187447 -0.231729 0.272043 0.888735 0.368975 0.475495 
1533662828613 -0.087148 0.404618 -0.910324 -0.666404 -0.958322 0.215519 0.187536 -0.231769 0.272073 0.888727 0.368972 0.475555 
1533662828623 -0.0872288 0.40464 -0.910307 -0.666298 -0.958307 0.215512 0.187625 -0.231809 0.272102 0.888719 0.36897 0.475614 
1533662828633 -0.0873094 0.404661 -0.910289 -0.666192 -0.958291 0.215504 0.187714 -0.231848 0.272132 0.888711 0.368968 0.475673 
1533662828643 -0.0873908 0.404682 -0.910272 -0.666086 -0.958275 0.215497 0.187803 -0.231888 0.272162 0.888703 0.368965 0.475732 
1533662828653 -0.0874712 0.404704 -0.910255 -0.665979 -0.958259 0.21549 0.187892 -0.231927 0.272191 0.888695 0.368962 0.47579 
1533662828663 -0.0875519 0.404726 -0.910237 -0.665874 -0.958243 0.215482 0.187981 -0.231967 0.272221 0.888687 0.36896 0.475849 
1533662828673 -0.0876317 0.404747 -0.91022 -0.665768 -0.958228 0.215475 0.188069 -0.232007 0.27225 0.888679 0.368958 0.475908 
1533662828683 -0.0877129 0.404769 -0.910203 -0.665661 -0.958212 0.215468 0.188158 -0.232045 0.27228 0.888671 0.368955 0.475967 
1533662828703 0 0 0 0 0 0 0 0 0 0 0 0 
1533662828703 0 0 0 0 0 0 0 0 0 0 0 0 
1533662828713 -0.0877129 0.404769 -0.910203 -0.665661 -0.958212 0.215468 0.188158 -0.232045 0.27228 0.888671 0.368955 0.475967 
1533662828723 -0.0879644 0.404785 -0.910171 -0.665448 -0.958209 0.215304 0.18836 -0.232115 0.272208 0.888703 0.368929 0.476115 
1533662828733 -0.088136 0.404779 -0.910157 -0.665344 -0.958222 0.215146 0.188474 -0.232145 0.272107 0.888744 0.368906 0.476204 
1533662828743 -0.0883079 0.404773 -0.910143 -0.665237 -0.958235 0.214989 0.188587 -0.232175 0.272006 0.888785 0.368882 0.476293 
1533662828753 -0.0884804 0.404767 -0.910129 -0.665131 -0.958248 0.214831 0.188702 -0.232206 0.271904 0.888826 0.368859 0.476383 
1533662828763 -0.0886519 0.404762 -0.910115 -0.665024 -0.958261 0.214674 0.188815 -0.232236 0.271803 0.888866 0.368836 0.476472 
1533662828773 -0.0888238 0.404756 -0.910101 -0.664919 -0.958274 0.214516 0.188929 -0.232266 0.271702 0.888907 0.368812 0.476561 
1533662828783 -0.0889957 0.40475 -0.910087 -0.664813 -0.958287 0.214359 0.189043 -0.232297 0.2716 0.888948 0.368789 0.476651 
1533662828793 -0.0891681 0.404743 -0.910072 -0.664706 -0.958299 0.214201 0.189157 -0.232326 0.271499 0.888988 0.368765 0.47674 
1533662828803 -0.0893401 0.404737 -0.910058 -0.6646 -0.958312 0.214044 0.189271 -0.232357 0.271397 0.889029 0.368742 0.476829 
1533662828822 0 0 0 0 0 0 0 0 0 0 0 0 
1533662828822 0 0 0 0 0 0 0 0 0 0 0 0 
1533662828825 0 0 0 0 0 0 0 0 0 0 0 0 
1533662828836 -0.0893401 0.404737 -0.910058 -0.6646 -0.958312 0.214044 0.189271 -0.232357 0.271397 0.889029 0.368742 0.476829 
1533662828846 -0.0897184 0.404737 -0.910021 -0.664403 -0.958327 0.213736 0.189541 -0.23241 0.271218 0.889104 0.368695 0.476999 
1533662828856 -0.0899275 0.404742 -0.909998 -0.664314 -0.95833 0.213583 0.1897 -0.232435 0.27114 0.889138 0.368669 0.477079 
1533662828866 -0.0901359 0.404747 -0.909976 -0.664223 -0.958332 0.213432 0.189858 -0.23246 0.271062 0.889172 0.368644 0.47716 
1533662828875 -0.0903442 0.404752 -0.909953 -0.664134 -0.958335 0.21328 0.190016 -0.232484 0.270984 0.889206 0.368619 0.477241 
1533662828885 -0.0905535 0.404756 -0.90993 -0.664044 -0.958337 0.213127 0.190175 -0.232509 0.270905 0.889241 0.368594 0.477321 
1533662828896 -0.0907621 0.404761 -0.909907 -0.663952 -0.95834 0.212975 0.190333 -0.232534 0.270827 0.889275 0.368569 0.477402 
1533662828905 -0.0909707 0.404766 -0.909884 -0.663863 -0.958342 0.212824 0.190491 -0.232558 0.270749 0.889309 0.368544 0.477483 
1533662828916 -0.0911792 0.404771 -0.909861 -0.663773 -0.958344 0.212672 0.190649 -0.232583 0.270671 0.889343 0.368519 0.477564 
1533662828925 -0.0913878 0.404776 -0.909838 -0.663683 -0.958346 0.21252 0.190807 -0.232608 0.270593 0.889377 0.368493 0.477644 
1533662828942 0 0 0 0 0 0 0 0 0 0 0 0 
1533662828942 0 0 0 0 0 0 0 0 0 0 0 0 
1533662828946 0 0 0 0 0 0 0 0 0 0 0 0 
1533662828956 -0.0913878 0.404776 -0.909838 -0.663683 -0.958346 0.21252 0.190807 -0.232608 0.270593 0.889377 0.368493 0.477644 
1533662828966 -0.0917505 0.404787 -0.909796 -0.663518 -0.958352 0.212247 0.19108 -0.23265 0.270449 0.889437 0.368455 0.477788 
1533662828976 -0.0919055 0.404794 -0.909778 -0.663443 -0.958356 0.212126 0.191196 -0.232669 0.270383 0.889463 0.368441 0.477853 
1533662828986 -0.0920599 0.404801 -0.909759 -0.66337 -0.95836 0.212006 0.191311 -0.232688 0.270317 0.889489 0.368427 0.477917 
1533662828996 -0.0922143 0.404807 -0.90974 -0.663294 -0.958364 0.211885 0.191425 -0.232707 0.270251 0.889514 0.368414 0.477982 
1533662829006 -0.0923687 0.404814 -0.909722 -0.66322 -0.958367 0.211765 0.19154 -0.232726 0.270185 0.88954 0.3684 0.478046 
1533662829016 -0.0925231 0.40482 -0.909703 -0.663146 -0.958371 0.211644 0.191655 -0.232745 0.270119 0.889566 0.368386 0.478111 
1533662829026 -0.0926785 0.404827 -0.909684 -0.66307 -0.958375 0.211523 0.191771 -0.232764 0.270053 0.889592 0.368372 0.478175 
1533662829036 -0.092833 0.404834 -0.909666 -0.662996 -0.958378 0.211402 0.191886 -0.232783 0.269987 0.889617 0.368359 0.47824 
1533662829046 -0.0929875 0.40484 -0.909647 -0.662922 -0.958382 0.211282 0.192001 -0.232802 0.269921 0.889643 0.368345 0.478304 
1533662829062 0 0 0 0 0 0 0 0 0 0 0 0 
1533662829062 0 0 0 0 0 0 0 0 0 0 0 0 
1533662829073 -0.0929875 0.40484 -0.909647 -0.662922 -0.958382 0.211282 0.192001 -0.232802 0.269921 0.889643 0.368345 0.478304 
1533662829076 0 0 0 0 0 0 0 0 0 0 0 0 
1533662829079 0 0 0 0 0 0 0 0 0 0 0 0 
1533662829082 0 0 0 0 0 0 0 0 0 0 0 0 
1533662829093 -0.093266 0.404857 -0.909611 -0.662785 -0.95839 0.211057 0.192207 -0.232835 0.269796 0.889689 0.368326 0.47842 
1533662829096 0 0 0 0 0 0 0 0 0 0 0 0 
1533662829099 0 0 0 0 0 0 0 0 0 0 0 0 
1533662829102 0 0 0 0 0 0 0 0 0 0 0 0 
1533662829113 -0.0933902 0.404867 -0.909594 -0.662722 -0.958395 0.210954 0.192298 -0.232852 0.269737 0.889709 0.368321 0.478472 
1533662829116 0 0 0 0 0 0 0 0 0 0 0 0 
1533662829126 -0.0935154 0.404877 -0.909577 -0.662661 -0.958399 0.210849 0.19239 -0.232868 0.269678 0.889729 0.368316 0.478524 
1533662829129 0 0 0 0 0 0 0 0 0 0 0 0 
1533662829132 0 0 0 0 0 0 0 0 0 0 0 0 
1533662829136 0 0 0 0 0 0 0 0 0 0 0 0 
1533662829146 -0.0936399 0.404887 -0.909559 -0.662598 -0.958404 0.210746 0.192481 -0.232884 0.269619 0.889749 0.368311 0.478576 
1533662829149 0 0 0 0 0 0 0 0 0 0 0 0 
1533662829152 0 0 0 0 0 0 0 0 0 0 0 0 
1533662829163 -0.0937644 0.404897 -0.909542 -0.662536 -0.958408 0.210642 0.192573 -0.2329 0.26956 0.889769 0.368306 0.478629 
1533662829166 0 0 0 0 0 0 0 0 0 0 0 0 
1533662829169 0 0 0 0 0 0 0 0 0 0 0 0 
1533662829172 0 0 0 0 0 0 0 0 0 0 0 0 
1533662829183 -0.0938889 0.404907 -0.909525 -0.662475 -0.958412 0.210538 0.192664 -0.232916 0.269501 0.889789 0.3683 0.478681 
1533662829186 0 0 0 0 0 0 0 0 0 0 0 0 
1533662829189 0 0 0 0 0 0 0 0 0 0 0 0 
1533662829192 0 0 0 0 0 0 0 0 0 0 0 0 
1533662829203 -0.0940136 0.404917 -0.909508 -0.662411 -0.958417 0.210434 0.192755 -0.232932 0.269441 0.889809 0.368295 0.478733 
1533662829206 0 0 0 0 0 0 0 0 0 0 0 0 
1533662829209 0 0 0 0 0 0 0 0 0 0 0 0 
1533662829212 0 0 0 0 0 0 0 0 0 0 0 0 
1533662829216 0 0 0 0 0 0 0 0 0 0 0 0 
1533662829226 -0.0941381 0.404926 -0.90949 -0.662349 -0.958421 0.21033 0.192847 -0.232948 0.269382 0.889829 0.36829 0.478785 
1533662829236 -0.0942626 0.404936 -0.909473 -0.662288 -0.958426 0.210227 0.192938 -0.232965 0.269323 0.889849 0.368285 0.478837 
1533662829252 0 0 0 0 0 0 0 0 0 0 0 0 
1533662829252 0 0 0 0 0 0 0 0 0 0 0 0 
1533662829252 0 0 0 0 0 0 0 0 0 0 0 0 
1533662829263 -0.0942626 0.404936 -0.909473 -0.662288 -0.958426 0.210227 0.192938 -0.232965 0.269323 0.889849 0.368285 0.478837 
1533662829266 0 0 0 0 0 0 0 0 0 0 0 0 
1533662829269 0 0 0 0 0 0 0 0 0 0 0 0 
1533662829272 0 0 0 0 0 0 0 0 0 0 0 0 
1533662829283 -0.0944971 0.404951 -0.909442 -0.662173 -0.958431 0.210042 0.193114 -0.232992 0.269223 0.889886 0.368269 0.478934 
1533662829286 0 0 0 0 0 0 0 0 0 0 0 0 
1533662829289 0 0 0 0 0 0 0 0 0 0 0 0 
1533662829292 0 0 0 0 0 0 0 0 0 0 0 0 
1533662829303 -0.0946068 0.404955 -0.909429 -0.662123 -0.958431 0.209962 0.193197 -0.233005 0.269182 0.889903 0.368257 0.478978 
1533662829306 0 0 0 0 0 0 0 0 0 0 0 0 
1533662829316 -0.0947171 0.404958 -0.909416 -0.662071 -0.958432 0.209882 0.193282 -0.233018 0.269141 0.88992 0.368246 0.479024 
1533662829319 0 0 0 0 0 0 0 0 0 0 0 0 
1533662829322 0 0 0 0 0 0 0 0 0 0 0 0 
1533662829333 -0.094827 0.404962 -0.909403 -0.66202 -0.958433 0.209802 0.193365 -0.233031 0.2691 0.889937 0.368234 0.479069 
1533662829336 0 0 0 0 0 0 0 0 0 0 0 0 
1533662829346 -0.0949368 0.404966 -0.90939 -0.66197 -0.958433 0.209722 0.193449 -0.233044 0.269059 0.889955 0.368223 0.479114 
1533662829349 0 0 0 0 0 0 0 0 0 0 0 0 
1533662829352 0 0 0 0 0 0 0 0 0 0 0 0 
1533662829363 -0.0950466 0.40497 -0.909376 -0.661917 -0.958434 0.209641 0.193533 -0.233057 0.269018 0.889972 0.368211 0.47916 
1533662829366 0 0 0 0 0 0 0 0 0 0 0 0 
1533662829369 0 0 0 0 0 0 0 0 0 0 0 0 
1533662829372 0 0 0 0 0 0 0 0 0 0 0 0 
1533662829383 -0.0951565 0.404974 -0.909363 -0.661866 -0.958434 0.209561 0.193617 -0.23307 0.268977 0.889989 0.3682 0.479205 
1533662829386 0 0 0 0 0 0 0 0 0 0 0 0 
1533662829389 0 0 0 0 0 0 0 0 0 0 0 0 
1533662829392 0 0 0 0 0 0 0 0 0 0 0 0 
1533662829403 -0.0952663 0.404978 -0.90935 -0.661815 -0.958435 0.209481 0.193701 -0.233083 0.268936 0.890006 0.368189 0.47925 
1533662829406 0 0 0 0 0 0 0 0 0 0 0 0 
1533662829416 -0.0953761 0.404982 -0.909337 -0.661764 -0.958436 0.209401 0.193785 -0.233095 0.268895 0.890023 0.368177 0.479295 
1533662829433 0 0 0 0 0 0 0 0 0 0 0 0 
1533662829433 0 0 0 0 0 0 0 0 0 0 0 0 
1533662829443 -0.0953761 0.404982 -0.909337 -0.661764 -0.958436 0.209401 0.193785 -0.233095 0.268895 0.890023 0.368177 0.479295 
1533662829453 -0.0955745 0.404993 -0.909311 -0.661669 -0.958441 0.209242 0.193932 -0.233118 0.268807 0.890055 0.368163 0.479376 
1533662829463 -0.0956637 0.404999 -0.909299 -0.661623 -0.958445 0.209164 0.193995 -0.233131 0.26876 0.890071 0.36816 0.479414 
1533662829473 -0.0957522 0.405006 -0.909287 -0.66158 -0.958449 0.209086 0.194058 -0.233143 0.268713 0.890086 0.368157 0.47945 
1533662829483 -0.0958414 0.405012 -0.909274 -0.661534 -0.958453 0.209007 0.194122 -0.233155 0.268666 0.890102 0.368154 0.479488 
1533662829493 -0.09593 0.405019 -0.909262 -0.661491 -0.958458 0.208929 0.194185 -0.233167 0.26862 0.890117 0.368151 0.479525 
1533662829503 -0.0960186 0.405025 -0.90925 -0.661447 -0.958462 0.208851 0.194248 -0.233179 0.268573 0.890133 0.368147 0.479562 
1533662829513 -0.0961073 0.405031 -0.909238 -0.661401 -0.958466 0.208772 0.194311 -0.233191 0.268526 0.890148 0.368144 0.4796 
1533662829523 -0.0961959 0.405038 -0.909225 -0.661357 -0.95847 0.208694 0.194374 -0.233203 0.268479 0.890163 0.368141 0.479637 
1533662829533 -0.0962845 0.405044 -0.909213 -0.661313 -0.958475 0.208616 0.194437 -0.233215 0.268432 0.890179 0.368138 0.479674 
1533662829551 0 0 0 0 0 0 0 0 0 0 0 0 
1533662829551 0 0 0 0 0 0 0 0 0 0 0 0 
1533662829554 0 0 0 0 0 0 0 0 0 0 0 0 
1533662829564 -0.0962845 0.405044 -0.909213 -0.661313 -0.958475 0.208616 0.194437 -0.233215 0.268432 0.890179 0.368138 0.479674 
1533662829574 -0.0964591 0.405055 -0.90919 -0.661231 -0.958478 0.208477 0.194568 -0.233235 0.268356 0.890206 0.368127 0.479743 
1533662829584 -0.096545 0.40506 -0.909179 -0.661195 -0.958478 0.208417 0.194635 -0.233245 0.268327 0.890218 0.368119 0.479776 
1533662829594 -0.0966321 0.405064 -0.909167 -0.661156 -0.958477 0.208356 0.194703 -0.233255 0.268298 0.890231 0.368111 0.47981 
1533662829604 -0.0967182 0.405068 -0.909156 -0.661119 -0.958477 0.208296 0.19477 -0.233265 0.268268 0.890243 0.368103 0.479843 
1533662829614 -0.0968052 0.405072 -0.909145 -0.66108 -0.958476 0.208235 0.194838 -0.233276 0.268239 0.890255 0.368094 0.479877 
1533662829624 -0.0968914 0.405077 -0.909134 -0.661044 -0.958476 0.208174 0.194905 -0.233285 0.26821 0.890268 0.368086 0.47991 
1533662829634 -0.0969777 0.405081 -0.909123 -0.661007 -0.958475 0.208114 0.194972 -0.233295 0.268181 0.89028 0.368078 0.479943 
1533662829644 -0.097064 0.405085 -0.909112 -0.66097 -0.958474 0.208054 0.19504 -0.233305 0.268152 0.890292 0.368069 0.479976 
1533662829654 -0.0971503 0.405089 -0.909101 -0.660933 -0.958474 0.207993 0.195107 -0.233315 0.268122 0.890304 0.368061 0.480009 
1533662829671 0 0 0 0 0 0 0 0 0 0 0 0 
1533662829671 0 0 0 0 0 0 0 0 0 0 0 0 
1533662829671 0 0 0 0 0 0 0 0 0 0 0 0 
1533662829674 0 0 0 0 0 0 0 0 0 0 0 0 
1533662829684 -0.0971503 0.405089 -0.909101 -0.660933 -0.958474 0.207993 0.195107 -0.233315 0.268122 0.890304 0.368061 0.480009 
1533662829694 -0.0973017 0.4051 -0.90908 -0.66086 -0.958477 0.207874 0.195221 -0.233333 0.268058 0.890327 0.368052 0.48007 
1533662829704 -0.0973664 0.405106 -0.90907 -0.660828 -0.95848 0.207816 0.195267 -0.233342 0.268023 0.890338 0.368052 0.480097 
1533662829714 -0.0974321 0.405112 -0.909061 -0.660793 -0.958483 0.207757 0.195313 -0.233352 0.267987 0.890349 0.368051 0.480125 
1533662829724 -0.0974971 0.405118 -0.909051 -0.660761 -0.958486 0.207698 0.19536 -0.233361 0.267952 0.89036 0.36805 0.480153 
1533662829734 -0.0975619 0.405124 -0.909041 -0.660726 -0.95849 0.20764 0.195406 -0.23337 0.267917 0.890371 0.36805 0.480181 
1533662829744 -0.0976277 0.405131 -0.909031 -0.660693 -0.958493 0.207581 0.195453 -0.233379 0.267881 0.890382 0.368049 0.480208 
1533662829754 -0.0976928 0.405137 -0.909022 -0.66066 -0.958496 0.207522 0.195499 -0.233388 0.267846 0.890393 0.368048 0.480236 
1533662829764 -0.0977579 0.405143 -0.909012 -0.660627 -0.958499 0.207464 0.195546 -0.233397 0.267811 0.890403 0.368048 0.480263 
1533662829774 -0.097823 0.405149 -0.909002 -0.660591 -0.958502 0.207405 0.195592 -0.233406 0.267775 0.890414 0.368047 0.480291 
1533662829791 0 0 0 0 0 0 0 0 0 0 0 0 
1533662829791 0 0 0 0 0 0 0 0 0 0 0 0 
1533662829794 0 0 0 0 0 0 0 0 0 0 0 0 
1533662829804 -0.097823 0.405149 -0.909002 -0.660591 -0.958502 0.207405 0.195592 -0.233406 0.267775 0.890414 0.368047 0.480291 
1533662829814 -0.0979439 0.40516 -0.908984 -0.660528 -0.958507 0.207302 0.19568 -0.233421 0.267716 0.890433 0.368045 0.480343 
1533662829825 -0.0979998 0.405165 -0.908976 -0.6605 -0.958508 0.207258 0.195722 -0.233427 0.267692 0.890441 0.368043 0.480368 
1533662829834 -0.0980564 0.40517 -0.908968 -0.660469 -0.958509 0.207213 0.195765 -0.233435 0.267668 0.890449 0.36804 0.480393 
1533662829844 -0.0981125 0.405175 -0.90896 -0.66044 -0.95851 0.207168 0.195807 -0.233442 0.267644 0.890458 0.368038 0.480418 
1533662829854 -0.0981684 0.40518 -0.908951 -0.660409 -0.958511 0.207124 0.19585 -0.233449 0.26762 0.890466 0.368036 0.480443 
1533662829864 -0.0982245 0.405185 -0.908943 -0.66038 -0.958512 0.207079 0.195892 -0.233456 0.267596 0.890474 0.368034 0.480468 
1533662829874 -0.0982805 0.405189 -0.908935 -0.660351 -0.958513 0.207035 0.195934 -0.233463 0.267572 0.890482 0.368032 0.480493 
1533662829885 -0.0983365 0.405194 -0.908927 -0.660322 -0.958514 0.20699 0.195976 -0.23347 0.267548 0.89049 0.36803 0.480517 
1533662829894 -0.0983935 0.405199 -0.908918 -0.660291 -0.958514 0.206945 0.19602 -0.233476 0.267523 0.890498 0.368027 0.480542 
1533662829910 0 0 0 0 0 0 0 0 0 0 0 0 
1533662829910 0 0 0 0 0 0 0 0 0 0 0 0 
1533662829911 0 0 0 0 0 0 0 0 0 0 0 0 
1533662829914 0 0 0 0 0 0 0 0 0 0 0 0 
1533662829924 -0.0983935 0.405199 -0.908918 -0.660291 -0.958514 0.206945 0.19602 -0.233476 0.267523 0.890498 0.368027 0.480542 
1533662829934 -0.0984952 0.405206 -0.908904 -0.660237 -0.958519 0.206857 0.196092 -0.233487 0.267471 0.890516 0.368023 0.480587 
1533662829944 -0.0985425 0.405207 -0.908899 -0.66021 -0.958522 0.206813 0.196124 -0.233494 0.267443 0.890526 0.36802 0.48061 
1533662829954 -0.0985897 0.405208 -0.908893 -0.660183 -0.958525 0.206769 0.196156 -0.233501 0.267414 0.890535 0.368016 0.480632 
1533662829964 -0.0986364 0.405209 -0.908887 -0.660158 -0.958528 0.206724 0.196187 -0.233508 0.267386 0.890545 0.368014 0.480654 
1533662829974 -0.0986831 0.40521 -0.908882 -0.660132 -0.958531 0.20668 0.196219 -0.233514 0.267358 0.890555 0.368011 0.480675 
1533662829985 -0.0987297 0.405212 -0.908876 -0.660104 -0.958534 0.206636 0.19625 -0.233521 0.26733 0.890564 0.368008 0.480698 
1533662829995 -0.0987763 0.405213 -0.908871 -0.660079 -0.958537 0.206592 0.196282 -0.233527 0.267301 0.890574 0.368005 0.48072 
1533662830004 -0.098823 0.405214 -0.908865 -0.660053 -0.95854 0.206548 0.196313 -0.233533 0.267273 0.890584 0.368002 0.480741 
1533662830014 -0.0988696 0.405215 -0.908859 -0.660027 -0.958543 0.206504 0.196344 -0.23354 0.267245 0.890593 0.368 0.480763 
1533662830030 0 0 0 0 0 0 0 0 0 0 0 0 
1533662830030 0 0 0 0 0 0 0 0 0 0 0 0 
1533662830031 0 0 0 0 0 0 0 0 0 0 0 0 
1533662830034 0 0 0 0 0 0 0 0 0 0 0 0 
1533662830044 -0.0988696 0.405215 -0.908859 -0.660027 -0.958543 0.206504 0.196344 -0.23354 0.267245 0.890593 0.368 0.480763 
1533662830054 -0.0989662 0.40522 -0.908847 -0.659978 -0.958546 0.206423 0.196414 -0.23355 0.267198 0.89061 0.367993 0.480803 
1533662830064 -0.099017 0.405223 -0.90884 -0.659954 -0.958546 0.206386 0.196453 -0.233556 0.267179 0.890617 0.367989 0.480824 
1533662830074 -0.0990669 0.405226 -0.908833 -0.659933 -0.958546 0.20635 0.196492 -0.233562 0.267161 0.890624 0.367985 0.480844 
1533662830085 -0.0991168 0.405229 -0.908826 -0.659911 -0.958546 0.206313 0.19653 -0.233568 0.267143 0.890632 0.367981 0.480863 
1533662830094 -0.0991678 0.405232 -0.90882 -0.659886 -0.958546 0.206276 0.19657 -0.233574 0.267124 0.890639 0.367977 0.480884 
1533662830105 -0.099218 0.405235 -0.908813 -0.659864 -0.958546 0.206239 0.196608 -0.23358 0.267105 0.890646 0.367973 0.480904 
1533662830114 -0.0992681 0.405238 -0.908806 -0.659842 -0.958546 0.206203 0.196647 -0.233586 0.267087 0.890653 0.367969 0.480923 
1533662830124 -0.0993182 0.405241 -0.908799 -0.65982 -0.958546 0.206166 0.196686 -0.233592 0.267069 0.89066 0.367966 0.480943 
1533662830134 -0.0993691 0.405243 -0.908792 -0.659795 -0.958546 0.206129 0.196725 -0.233598 0.26705 0.890668 0.367961 0.480964 
1533662830151 0 0 0 0 0 0 0 0 0 0 0 0 
1533662830151 0 0 0 0 0 0 0 0 0 0 0 0 
1533662830154 0 0 0 0 0 0 0 0 0 0 0 0 
1533662830165 -0.0993691 0.405243 -0.908792 -0.659795 -0.958546 0.206129 0.196725 -0.233598 0.26705 0.890668 0.367961 0.480964 
1533662830175 -0.0994617 0.405248 -0.90878 -0.659753 -0.958546 0.206062 0.196796 -0.233608 0.267016 0.890681 0.367953 0.481001 
1533662830185 -0.0995056 0.405248 -0.908775 -0.659731 -0.958545 0.206031 0.19683 -0.233613 0.267001 0.890688 0.367948 0.481019 
1533662830195 -0.0995486 0.40525 -0.90877 -0.659712 -0.958545 0.206 0.196863 -0.233618 0.266985 0.890695 0.367943 0.481037 
1533662830205 -0.0995917 0.405251 -0.908765 -0.659692 -0.958545 0.205969 0.196896 -0.233623 0.26697 0.890701 0.367938 0.481055 
1533662830215 -0.0996348 0.405252 -0.90876 -0.659673 -0.958545 0.205939 0.196929 -0.233627 0.266955 0.890708 0.367933 0.481073 
1533662830225 -0.099679 0.405253 -0.908754 -0.659651 -0.958545 0.205907 0.196963 -0.233633 0.266939 0.890715 0.367928 0.481092 
1533662830235 -0.0997222 0.405254 -0.908749 -0.659631 -0.958544 0.205877 0.196996 -0.233638 0.266924 0.890721 0.367923 0.48111 
1533662830245 -0.0997654 0.405255 -0.908744 -0.659611 -0.958544 0.205846 0.19703 -0.233643 0.266908 0.890728 0.367918 0.481128 
1533662830255 -0.0998087 0.405256 -0.908739 -0.659591 -0.958544 0.205815 0.197063 -0.233648 0.266893 0.890735 0.367913 0.481146 
1533662830271 0 0 0 0 0 0 0 0 0 0 0 0 
1533662830271 0 0 0 0 0 0 0 0 0 0 0 0 
1533662830271 0 0 0 0 0 0 0 0 0 0 0 0 
1533662830274 0 0 0 0 0 0 0 0 0 0 0 0 
1533662830285 -0.0998087 0.405256 -0.908739 -0.659591 -0.958544 0.205815 0.197063 -0.233648 0.266893 0.890735 0.367913 0.481146 
1533662830295 -0.0998896 0.405258 -0.908729 -0.65955 -0.958545 0.205751 0.197123 -0.233657 0.266858 0.890748 0.367905 0.48118 
1533662830305 -0.0999266 0.405259 -0.908724 -0.659533 -0.958547 0.205719 0.197149 -0.233661 0.266838 0.890755 0.367903 0.481195 
1533662830315 -0.0999651 0.40526 -0.90872 -0.659513 -0.958548 0.205686 0.197176 -0.233667 0.266818 0.890763 0.3679 0.481212 
1533662830325 -0.100002 0.405261 -0.908715 -0.659495 -0.95855 0.205653 0.197202 -0.233672 0.266799 0.89077 0.367897 0.481227 
1533662830335 -0.10004 0.405262 -0.908711 -0.659478 -0.958552 0.205621 0.197228 -0.233677 0.266779 0.890777 0.367894 0.481243 
1533662830345 -0.100078 0.405263 -0.908706 -0.659457 -0.958553 0.205588 0.197256 -0.233683 0.266759 0.890784 0.367891 0.48126 
1533662830355 -0.100116 0.405264 -0.908701 -0.659439 -0.958555 0.205555 0.197282 -0.233688 0.266739 0.890791 0.367888 0.481276 
1533662830365 -0.100153 0.405265 -0.908697 -0.659421 -0.958556 0.205522 0.197308 -0.233693 0.26672 0.890798 0.367885 0.481291 
1533662830375 -0.100191 0.405266 -0.908692 -0.659403 -0.958558 0.20549 0.197335 -0.233698 0.2667 0.890805 0.367882 0.481307 
1533662830392 0 0 0 0 0 0 0 0 0 0 0 0 
1533662830392 0 0 0 0 0 0 0 0 0 0 0 0 
1533662830395 0 0 0 0 0 0 0 0 0 0 0 0 
1533662830405 -0.100191 0.405266 -0.908692 -0.659403 -0.958558 0.20549 0.197335 -0.233698 0.2667 0.890805 0.367882 0.481307 
1533662830415 -0.100257 0.40527 -0.908683 -0.659365 -0.958563 0.205422 0.197378 -0.233707 0.266655 0.890819 0.367882 0.481336 
1533662830425 -0.100285 0.405273 -0.908678 -0.659349 -0.958567 0.205388 0.197394 -0.233712 0.26663 0.890825 0.367884 0.481349 
1533662830435 -0.100314 0.405276 -0.908674 -0.65933 -0.958571 0.205353 0.197412 -0.233717 0.266605 0.890832 0.367886 0.481364 
1533662830445 -0.100343 0.40528 -0.908669 -0.659314 -0.958575 0.205318 0.197428 -0.233722 0.26658 0.890838 0.367889 0.481377 
1533662830455 -0.100372 0.405283 -0.908665 -0.659295 -0.958579 0.205283 0.197445 -0.233727 0.266555 0.890845 0.367891 0.481391 
1533662830465 -0.1004 0.405286 -0.90866 -0.659278 -0.958583 0.205248 0.197462 -0.233732 0.26653 0.890852 0.367893 0.481404 
1533662830475 -0.100428 0.405289 -0.908656 -0.659261 -0.958587 0.205214 0.197479 -0.233737 0.266505 0.890858 0.367896 0.481417 
1533662830485 -0.100457 0.405292 -0.908651 -0.659243 -0.958591 0.205179 0.197496 -0.233742 0.26648 0.890865 0.367898 0.481431 
1533662830495 -0.100485 0.405296 -0.908646 -0.659224 -0.958595 0.205144 0.197512 -0.233747 0.266455 0.890871 0.3679 0.481445 
1533662830511 0 0 0 0 0 0 0 0 0 0 0 0 
1533662830511 0 0 0 0 0 0 0 0 0 0 0 0 
1533662830512 0 0 0 0 0 0 0 0 0 0 0 0 
1533662830515 0 0 0 0 0 0 0 0 0 0 0 0 
1533662830525 -0.100485 0.405296 -0.908646 -0.659224 -0.958595 0.205144 0.197512 -0.233747 0.266455 0.890871 0.3679 0.481445 
1533662830535 -0.10053 0.405298 -0.90864 -0.659191 -0.958606 0.205076 0.197532 -0.233755 0.266399 0.890886 0.367904 0.481469 
1533662830545 -0.100547 0.405296 -0.908639 -0.659174 -0.958612 0.205042 0.197535 -0.23376 0.266369 0.890894 0.367906 0.481482 
1533662830555 -0.100564 0.405295 -0.908638 -0.659158 -0.958619 0.205007 0.197539 -0.233764 0.266339 0.890903 0.367907 0.481494 
1533662830565 -0.100581 0.405293 -0.908637 -0.659143 -0.958626 0.204973 0.197542 -0.233768 0.266309 0.890911 0.367908 0.481506 
1533662830575 -0.100598 0.405292 -0.908636 -0.659125 -0.958632 0.204939 0.197545 -0.233772 0.266279 0.89092 0.367909 0.481518 
1533662830585 -0.100614 0.40529 -0.908634 -0.65911 -0.958639 0.204905 0.197548 -0.233776 0.266248 0.890928 0.367911 0.48153 
1533662830595 -0.100631 0.405289 -0.908633 -0.659094 -0.958646 0.204871 0.197551 -0.23378 0.266218 0.890937 0.367912 0.481542 
1533662830605 -0.100648 0.405287 -0.908632 -0.659076 -0.958652 0.204837 0.197554 -0.233784 0.266188 0.890945 0.367913 0.481554 
1533662830615 -0.100665 0.405286 -0.908631 -0.65906 -0.958659 0.204803 0.197558 -0.233789 0.266158 0.890954 0.367915 0.481566 
1533662830630 0 0 0 0 0 0 0 0 0 0 0 0 
1533662830630 0 0 0 0 0 0 0 0 0 0 0 0 
1533662830632 0 0 0 0 0 0 0 0 0 0 0 0 
1533662830635 0 0 0 0 0 0 0 0 0 0 0 0 
1533662830645 -0.100665 0.405286 -0.908631 -0.65906 -0.958659 0.204803 0.197558 -0.233789 0.266158 0.890954 0.367915 0.481566 
1533662830655 -0.100708 0.405286 -0.908626 -0.659029 -0.958667 0.204743 0.197579 -0.233795 0.266111 0.890968 0.367916 0.481589 
1533662830665 -0.100735 0.405288 -0.908622 -0.659016 -0.958669 0.204717 0.197597 -0.233799 0.266094 0.890973 0.367915 0.4816 
1533662830675 -0.100762 0.40529 -0.908618 -0.659001 -0.958671 0.20469 0.197615 -0.233803 0.266077 0.890978 0.367914 0.481612 
1533662830685 -0.100789 0.405291 -0.908615 -0.658987 -0.958673 0.204664 0.197633 -0.233807 0.26606 0.890983 0.367914 0.481624 
1533662830695 -0.100816 0.405293 -0.908611 -0.658973 -0.958675 0.204638 0.197651 -0.23381 0.266043 0.890989 0.367914 0.481635 
1533662830705 -0.100843 0.405295 -0.908607 -0.65896 -0.958677 0.204612 0.197669 -0.233814 0.266026 0.890994 0.367913 0.481647 
1533662830715 -0.10087 0.405296 -0.908603 -0.658944 -0.958678 0.204585 0.197688 -0.233819 0.266009 0.890999 0.367912 0.481659 
1533662830725 -0.100897 0.405298 -0.9086 -0.65893 -0.95868 0.204559 0.197706 -0.233823 0.265992 0.891005 0.367912 0.48167 
1533662830735 -0.100924 0.4053 -0.908596 -0.658916 -0.958682 0.204533 0.197724 -0.233826 0.265975 0.89101 0.367911 0.481682 
1533662830751 0 0 0 0 0 0 0 0 0 0 0 0 
1533662830752 0 0 0 0 0 0 0 0 0 0 0 0 
1533662830752 0 0 0 0 0 0 0 0 0 0 0 0 
1533662830755 0 0 0 0 0 0 0 0 0 0 0 0 
1533662830765 -0.100924 0.4053 -0.908596 -0.658916 -0.958682 0.204533 0.197724 -0.233826 0.265975 0.89101 0.367911 0.481682 
1533662830775 -0.100994 0.405279 -0.908597 -0.65889 -0.958688 0.204465 0.197763 -0.233835 0.265926 0.891035 0.367887 0.481707 
1533662830785 -0.101038 0.405257 -0.908602 -0.65888 -0.958693 0.204423 0.197786 -0.233841 0.265894 0.891055 0.367862 0.481721 
1533662830795 -0.101081 0.405234 -0.908608 -0.658871 -0.958697 0.204382 0.197807 -0.233846 0.265861 0.891074 0.367838 0.481734 
1533662830805 -0.101126 0.405211 -0.908613 -0.658862 -0.958702 0.20434 0.197829 -0.233853 0.265829 0.891094 0.367813 0.481749 
1533662830815 -0.101169 0.405189 -0.908618 -0.658853 -0.958706 0.204299 0.197851 -0.233859 0.265797 0.891114 0.367788 0.481763 
1533662830825 -0.101213 0.405166 -0.908623 -0.658844 -0.95871 0.204257 0.197873 -0.233865 0.265764 0.891134 0.367764 0.481777 
1533662830835 -0.101256 0.405144 -0.908628 -0.658835 -0.958715 0.204216 0.197895 -0.233871 0.265732 0.891153 0.367739 0.48179 
1533662830845 -0.101301 0.405121 -0.908634 -0.658827 -0.958719 0.204174 0.197917 -0.233878 0.2657 0.891173 0.367714 0.481805 
1533662830855 -0.101344 0.405099 -0.908639 -0.658818 -0.958723 0.204132 0.197939 -0.233885 0.265667 0.891193 0.36769 0.481819 
1533662830872 -0.101344 0.405099 -0.908639 -0.658818 -0.958723 0.204132 0.197939 -0.233885 0.265667 0.891193 0.36769 0.481819 
1533662830875 0 0 0 0 0 0 0 0 0 0 0 0 
1533662830885 -0.10141 0.405082 -0.908639 -0.658799 -0.958728 0.204073 0.197978 -0.233894 0.265626 0.891214 0.367668 0.481843 
1533662830895 -0.101432 0.405087 -0.908634 -0.658788 -0.958728 0.204056 0.197996 -0.233897 0.265618 0.891216 0.36767 0.481852 
1533662830905 -0.101454 0.405092 -0.908629 -0.658775 -0.958728 0.204039 0.198014 -0.233901 0.26561 0.891217 0.367672 0.481863 
1533662830915 -0.101476 0.405098 -0.908625 -0.658763 -0.958728 0.204022 0.198032 -0.233903 0.265601 0.891219 0.367675 0.481873 
