1535123078020 0.213346 0.919852 -0.329175 -0.47234 -0.943994 0.280898 0.173122 -0.171365 0.251711 0.273804 0.928263 0.474048 
1535123083234 0.213346 0.919853 -0.329173 -0.47234 -0.943994 0.280898 0.173125 -0.171364 0.251714 0.273802 0.928263 0.474049 
1535123084095 0.213346 0.919853 -0.329173 -0.47234 -0.943994 0.280898 0.173125 -0.171364 0.251714 0.273802 0.928263 0.474049 
1535123084705 0.217886 0.9203 -0.32492 -0.488225 -0.943605 0.283672 0.170702 -0.178867 0.249268 0.269403 0.930208 0.464143 
1535123085725 0.217886 0.9203 -0.32492 -0.488225 -0.943605 0.283672 0.170702 -0.178867 0.249268 0.269403 0.930208 0.464143 
1535123086326 0.233095 0.92268 -0.307129 -0.553176 -0.942237 0.292411 0.163357 -0.207676 0.240534 0.25131 0.937543 0.423947 
1535123087158 0.233095 0.92268 -0.307129 -0.553176 -0.942237 0.292411 0.163357 -0.207676 0.240534 0.25131 0.937543 0.423947 
1535123087866 0.242813 0.92459 -0.293555 -0.602442 -0.941117 0.297904 0.159846 -0.228645 0.235244 0.237457 0.942483 0.393338 
1535123088311 0.242813 0.92459 -0.293555 -0.602442 -0.941117 0.297904 0.159846 -0.228645 0.235244 0.237457 0.942483 0.393338 
1535123088771 0.242813 0.92459 -0.293555 -0.602442 -0.941117 0.297904 0.159846 -0.228645 0.235244 0.237457 0.942483 0.393338 
1535123089209 0.246001 0.925237 -0.288827 -0.618874 -0.940693 0.299725 0.158936 -0.235631 0.233622 0.232599 0.944097 0.383142 
1535123090096 0.24729 0.925096 -0.288176 -0.621865 -0.940482 0.300718 0.158312 -0.237242 0.233113 0.231875 0.9444 0.381234 
1535123090687 0.248965 0.925515 -0.285375 -0.631823 -0.940332 0.301551 0.157617 -0.241328 0.231932 0.229106 0.945367 0.375029 
1535123090717 0.248965 0.925515 -0.285375 -0.631823 -0.940332 0.301551 0.157617 -0.241328 0.231932 0.229106 0.945367 0.375029 
1535123091158 0.247552 0.92495 -0.288419 -0.63156 -0.940277 0.301145 0.158714 -0.241451 0.233659 0.231904 0.944258 0.37552 
1535123091759 0.244893 0.924072 -0.293459 -0.631031 -0.940357 0.300093 0.160229 -0.241735 0.236128 0.236717 0.942448 0.376343 
1535123092300 0.243872 0.923591 -0.295815 -0.630739 -0.940286 0.299867 0.161064 -0.241954 0.237463 0.238872 0.941569 0.376843 
1535123092329 0.243872 0.923591 -0.295815 -0.630739 -0.940286 0.299867 0.161064 -0.241954 0.237463 0.238872 0.941569 0.376843 
1535123092627 0.243511 0.923694 -0.29579 -0.631091 -0.940424 0.299475 0.160991 -0.242287 0.237289 0.238965 0.941589 0.376615 
1535123092926 0.242729 0.924096 -0.295177 -0.631431 -0.940687 0.298562 0.161148 -0.24224 0.237045 0.238554 0.941755 0.376601 
1535123093232 0.242101 0.924419 -0.29468 -0.631965 -0.941009 0.297716 0.160835 -0.242749 0.23641 0.238358 0.941964 0.376329 
1535123093587 0.240295 0.92528 -0.293453 -0.633078 -0.94167 0.295581 0.160902 -0.243345 0.235619 0.237672 0.942335 0.376044 
1535123093618 0.240295 0.92528 -0.293453 -0.633078 -0.94167 0.295581 0.160902 -0.243345 0.235619 0.237672 0.942335 0.376044 
1535123094258 0.239356 0.925666 -0.293005 -0.633852 -0.942141 0.294375 0.160358 -0.244334 0.234691 0.237669 0.942567 0.375359 
1535123095280 0.239158 0.925758 -0.292875 -0.633959 -0.942205 0.29415 0.160395 -0.24438 0.234636 0.237589 0.942602 0.3753 
1535123095309 0.239158 0.925758 -0.292875 -0.633959 -0.942205 0.29415 0.160395 -0.24438 0.234636 0.237589 0.942602 0.3753 
1535123095624 0.23884 0.925923 -0.292613 -0.634106 -0.942309 0.293777 0.160462 -0.244461 0.234539 0.237407 0.942671 0.375247 
1535123096270 0.241182 0.926017 -0.290386 -0.634391 -0.94151 0.295827 0.161389 -0.244895 0.235353 0.234477 0.943202 0.374628 
1535123096297 0.241182 0.926017 -0.290386 -0.634391 -0.94151 0.295827 0.161389 -0.244895 0.235353 0.234477 0.943202 0.374628 
1535123096619 0.241447 0.926083 -0.289954 -0.634539 -0.941366 0.296078 0.161762 -0.244909 0.235655 0.233896 0.943271 0.37444 
1535123096937 0.24392 0.925817 -0.288733 -0.633711 -0.94086 0.298095 0.161003 -0.244464 0.235129 0.232385 0.943775 0.374729 
1535123097394 0.245896 0.925561 -0.287875 -0.633298 -0.940411 0.299767 0.160521 -0.244376 0.234867 0.231249 0.944119 0.374714 
1535123097621 0.246582 0.925532 -0.287381 -0.633087 -0.940241 0.300327 0.160471 -0.24426 0.234829 0.230638 0.944278 0.374684 
1535123098128 0.246134 0.925483 -0.287921 -0.63241 -0.940322 0.300029 0.160553 -0.243978 0.234974 0.231221 0.9441 0.375181 
1535123098693 0.246497 0.925202 -0.288515 -0.631331 -0.940139 0.300565 0.160619 -0.243588 0.235323 0.231652 0.943907 0.375596 
1535123099338 0.246821 0.925029 -0.288791 -0.630276 -0.939987 0.300988 0.160717 -0.243067 0.23559 0.231792 0.943806 0.376098 
1535123099370 0.246821 0.925029 -0.288791 -0.630276 -0.939987 0.300988 0.160717 -0.243067 0.23559 0.231792 0.943806 0.376098 
1535123099657 0.247338 0.924825 -0.289003 -0.630013 -0.93989 0.30148 0.160365 -0.243193 0.235438 0.231967 0.943801 0.376179 
1535123100025 0.246656 0.92517 -0.28848 -0.629561 -0.939976 0.30083 0.161078 -0.242624 0.235808 0.231434 0.943839 0.376337 
1535123100389 0.247148 0.925227 -0.287875 -0.627669 -0.93978 0.30126 0.161421 -0.241879 0.236076 0.230644 0.943966 0.376874 
1535123100890 0.247574 0.925156 -0.287738 -0.62627 -0.939638 0.301671 0.161476 -0.241297 0.236193 0.230393 0.943998 0.377144 
1535123100916 0.247574 0.925156 -0.287738 -0.62627 -0.939638 0.301671 0.161476 -0.241297 0.236193 0.230393 0.943998 0.377144 
1535123100931 0.247815 0.925093 -0.287734 -0.626021 -0.939555 0.30192 0.161496 -0.241296 0.236271 0.230321 0.943996 0.37721 
1535123100955 0.247815 0.925093 -0.287734 -0.626021 -0.939555 0.30192 0.161496 -0.241296 0.236271 0.230321 0.943996 0.37721 
1535123101123 0.247815 0.925093 -0.287734 -0.626021 -0.939555 0.30192 0.161496 -0.241296 0.236271 0.230321 0.943996 0.37721 
1535123101145 0.247815 0.925093 -0.287734 -0.626021 -0.939555 0.30192 0.161496 -0.241296 0.236271 0.230321 0.943996 0.37721 
1535123101163 0.247815 0.925093 -0.287734 -0.626021 -0.939555 0.30192 0.161496 -0.241296 0.236271 0.230321 0.943996 0.37721 
1535123101177 0.247815 0.925093 -0.287734 -0.626021 -0.939555 0.30192 0.161496 -0.241296 0.236271 0.230321 0.943996 0.37721 
1535123101209 0.247365 0.925224 -0.287698 -0.625709 -0.939599 0.301556 0.161917 -0.240979 0.236566 0.230268 0.943935 0.377392 
1535123101559 0.247372 0.925144 -0.28795 -0.625434 -0.939551 0.301652 0.162016 -0.240865 0.236749 0.230465 0.943841 0.377373 
1535123102154 0.24724 0.925023 -0.288451 -0.623395 -0.939168 0.30202 0.163545 -0.240066 0.238401 0.230469 0.943424 0.378143 
1535123102751 0.247057 0.924894 -0.289023 -0.621406 -0.938829 0.30232 0.164935 -0.239195 0.239925 0.230595 0.943007 0.378794 
1535123103224 0.247133 0.924797 -0.289267 -0.621195 -0.93874 0.302502 0.165107 -0.239158 0.240194 0.230743 0.942902 0.378846 
1535123103721 0.247052 0.924634 -0.289856 -0.620377 -0.938461 0.302818 0.166108 -0.238865 0.241362 0.230981 0.942545 0.379205 
1535123104215 0.247285 0.924063 -0.291474 -0.618709 -0.937733 0.303969 0.168107 -0.238378 0.243941 0.231754 0.941691 0.379727 
1535123104768 0.247309 0.923716 -0.292554 -0.617881 -0.93736 0.304537 0.169157 -0.238147 0.245346 0.232394 0.941169 0.379866 
1535123104792 0.247309 0.923716 -0.292554 -0.617881 -0.93736 0.304537 0.169157 -0.238147 0.245346 0.232394 0.941169 0.379866 
1535123104974 0.247405 0.923589 -0.292874 -0.617675 -0.937232 0.304783 0.16942 -0.238069 0.245738 0.232575 0.941022 0.379882 
1535123105330 0.247643 0.923379 -0.293334 -0.616881 -0.937283 0.304986 0.168772 -0.237625 0.245304 0.233142 0.940995 0.38025 
1535123105658 0.247894 0.923057 -0.294132 -0.616285 -0.937253 0.305337 0.168304 -0.237357 0.245163 0.233955 0.940829 0.380346 
1535123105832 0.247958 0.923025 -0.29418 -0.61607 -0.937248 0.305395 0.168228 -0.237279 0.24512 0.234006 0.940828 0.380417 
1535123106232 0.248068 0.922989 -0.294201 -0.615219 -0.936963 0.305747 0.169173 -0.236881 0.246096 0.233689 0.940652 0.380762 
1535123106602 0.248093 0.922957 -0.294279 -0.614844 -0.936874 0.305863 0.169454 -0.236709 0.246408 0.233662 0.940577 0.380851 
1535123106626 0.248093 0.922957 -0.294279 -0.614844 -0.936874 0.305863 0.169454 -0.236709 0.246408 0.233662 0.940577 0.380851 
1535123106670 0.248553 0.922772 -0.29447 -0.614572 -0.936648 0.306435 0.169672 -0.236748 0.246804 0.233642 0.940478 0.380937 
1535123106961 0.248299 0.922944 -0.294146 -0.61444 -0.936791 0.306062 0.169554 -0.236583 0.246516 0.233453 0.940601 0.380917 
1535123107228 0.248066 0.923138 -0.293733 -0.613794 -0.936867 0.305751 0.169696 -0.23621 0.246462 0.233093 0.940704 0.381104 
1535123107643 0.248483 0.923152 -0.293338 -0.613146 -0.936774 0.306058 0.169655 -0.23606 0.246396 0.232635 0.940835 0.38133 
1535123107672 0.248483 0.923152 -0.293338 -0.613146 -0.936774 0.306058 0.169655 -0.23606 0.246396 0.232635 0.940835 0.38133 
1535123107687 0.248483 0.923152 -0.293338 -0.613146 -0.936774 0.306058 0.169655 -0.23606 0.246396 0.232635 0.940835 0.38133 
1535123107823 0.248677 0.923074 -0.29342 -0.612854 -0.936712 0.306268 0.169618 -0.236125 0.246435 0.23267 0.940816 0.381382 
1535123107845 0.248677 0.923074 -0.29342 -0.612854 -0.936712 0.306268 0.169618 -0.236125 0.246435 0.23267 0.940816 0.381382 
1535123107949 0.248677 0.923074 -0.29342 -0.612854 -0.936712 0.306268 0.169618 -0.236125 0.246435 0.23267 0.940816 0.381382 
1535123107987 0.248677 0.923074 -0.29342 -0.612854 -0.936712 0.306268 0.169618 -0.236125 0.246435 0.23267 0.940816 0.381382 
1535123108008 0.248677 0.923074 -0.29342 -0.612854 -0.936712 0.306268 0.169618 -0.236125 0.246435 0.23267 0.940816 0.381382 
1535123108049 0.248811 0.923159 -0.293038 -0.612461 -0.936888 0.306126 0.168902 -0.235711 0.24563 0.232519 0.941064 0.38153 
1535123108106 0.248811 0.923159 -0.293038 -0.612461 -0.936888 0.306126 0.168902 -0.235711 0.24563 0.232519 0.941064 0.38153 
1535123108578 0.249689 0.923199 -0.292163 -0.610531 -0.937256 0.306232 0.166653 -0.234805 0.243323 0.23222 0.941736 0.382032 
1535123108921 0.249966 0.923147 -0.292089 -0.609906 -0.936926 0.306726 0.167598 -0.234456 0.244309 0.231772 0.941592 0.38225 
1535123109256 0.250611 0.922977 -0.292076 -0.609089 -0.936614 0.30747 0.167977 -0.23419 0.244843 0.231465 0.941528 0.382357 
1535123109584 0.251029 0.922804 -0.292262 -0.608596 -0.936331 0.308064 0.168466 -0.23402 0.245497 0.231364 0.941383 0.382421 
1535123109608 0.251069 0.922841 -0.292112 -0.608441 -0.936306 0.308089 0.168561 -0.233944 0.245551 0.231186 0.941413 0.382479 
1535123109624 0.251069 0.922841 -0.292112 -0.608441 -0.936306 0.308089 0.168561 -0.233944 0.245551 0.231186 0.941413 0.382479 
1535123109800 0.251069 0.922841 -0.292112 -0.608441 -0.936306 0.308089 0.168561 -0.233944 0.245551 0.231186 0.941413 0.382479 
1535123109843 0.251352 0.922769 -0.292096 -0.608226 -0.93623 0.308354 0.168494 -0.233815 0.24555 0.231118 0.94143 0.382449 
1535123110048 0.251352 0.922769 -0.292096 -0.608226 -0.93623 0.308354 0.168494 -0.233815 0.24555 0.231118 0.94143 0.382449 
1535123110077 0.251352 0.922769 -0.292096 -0.608226 -0.93623 0.308354 0.168494 -0.233815 0.24555 0.231118 0.94143 0.382449 
1535123110245 0.252821 0.923222 -0.289383 -0.606236 -0.935961 0.309141 0.168549 -0.232709 0.245068 0.228238 0.942257 0.382968 
1535123110725 0.252999 0.923283 -0.289034 -0.605391 -0.936062 0.309108 0.168047 -0.23242 0.244498 0.228038 0.942454 0.383174 
1535123111463 0.252892 0.923343 -0.288936 -0.604088 -0.93627 0.308821 0.167415 -0.231994 0.243811 0.228184 0.942596 0.383482 
1535123111489 0.252892 0.923343 -0.288936 -0.604088 -0.93627 0.308821 0.167415 -0.231994 0.243811 0.228184 0.942596 0.383482 
1535123111695 0.252961 0.923277 -0.289087 -0.603833 -0.936308 0.308861 0.167128 -0.231993 0.243593 0.228397 0.942601 0.383485 
1535123111894 0.253249 0.923626 -0.287715 -0.603525 -0.936188 0.308927 0.167681 -0.231805 0.243758 0.22689 0.942923 0.383631 
1535123112087 0.253515 0.92396 -0.286405 -0.602939 -0.936164 0.308898 0.167868 -0.23155 0.243573 0.225565 0.943288 0.383665 
1535123112288 0.253828 0.92422 -0.285287 -0.602319 -0.936136 0.308941 0.167944 -0.231364 0.243354 0.224438 0.943613 0.383664 
1535123112357 0.253828 0.92422 -0.285287 -0.602319 -0.936136 0.308941 0.167944 -0.231364 0.243354 0.224438 0.943613 0.383664 
1535123112489 0.253869 0.924701 -0.283689 -0.601653 -0.936174 0.308645 0.168276 -0.230912 0.243164 0.222862 0.944036 0.383766 
1535123112506 0.253869 0.924701 -0.283689 -0.601653 -0.936174 0.308645 0.168276 -0.230912 0.243164 0.222862 0.944036 0.383766 
1535123112734 0.254175 0.924827 -0.283003 -0.601321 -0.936095 0.308808 0.168415 -0.230728 0.243149 0.222111 0.944217 0.383801 
1535123112929 0.254784 0.924949 -0.282054 -0.600752 -0.935945 0.309203 0.168525 -0.230715 0.243089 0.221049 0.944481 0.383869 
1535123113098 0.254898 0.925001 -0.281779 -0.6006 -0.935914 0.309262 0.168588 -0.230631 0.243088 0.220748 0.944552 0.383883 
1535123113127 0.255142 0.925074 -0.28132 -0.600321 -0.935853 0.309406 0.168663 -0.230453 0.243068 0.220241 0.944675 0.383827 
1535123113356 0.255489 0.925127 -0.28083 -0.600442 -0.935831 0.309583 0.168462 -0.23057 0.242789 0.219769 0.944857 0.383748 
1535123113592 0.255485 0.925383 -0.279989 -0.600592 -0.935958 0.309312 0.168252 -0.230455 0.242302 0.219072 0.945144 0.383767 
1535123113924 0.257285 0.926186 -0.275651 -0.600429 -0.936083 0.309693 0.166851 -0.230378 0.239903 0.215104 0.946666 0.383314 
1535123114091 0.257585 0.926389 -0.274689 -0.60046 -0.93616 0.309664 0.166471 -0.23022 0.239278 0.214272 0.947013 0.383208 
1535123114131 0.257585 0.926389 -0.274689 -0.60046 -0.93616 0.309664 0.166471 -0.23022 0.239278 0.214272 0.947013 0.383208 
1535123114348 0.257585 0.926389 -0.274689 -0.60046 -0.93616 0.309664 0.166471 -0.23022 0.239278 0.214272 0.947013 0.383208 
1535123114390 0.257585 0.926389 -0.274689 -0.60046 -0.93616 0.309664 0.166471 -0.23022 0.239278 0.214272 0.947013 0.383208 
1535123114507 0.257585 0.926389 -0.274689 -0.60046 -0.93616 0.309664 0.166471 -0.23022 0.239278 0.214272 0.947013 0.383208 
1535123114568 0.257585 0.926389 -0.274689 -0.60046 -0.93616 0.309664 0.166471 -0.23022 0.239278 0.214272 0.947013 0.383208 
1535123114727 0.257585 0.926389 -0.274689 -0.60046 -0.93616 0.309664 0.166471 -0.23022 0.239278 0.214272 0.947013 0.383208 
1535123114768 0.257585 0.926389 -0.274689 -0.60046 -0.93616 0.309664 0.166471 -0.23022 0.239278 0.214272 0.947013 0.383208 
