1535377429328 0.213445 0.919303 -0.330641 -0.472538 -0.943718 0.281544 0.173579 -0.171354 0.252661 0.274982 0.927657 0.474154 
1535377435508 0.213445 0.919303 -0.33064 -0.472538 -0.943718 0.281544 0.173579 -0.171354 0.252661 0.274982 0.927657 0.474154 
1535377436016 0.213445 0.919303 -0.33064 -0.472538 -0.943718 0.281544 0.173579 -0.171354 0.252661 0.274982 0.927657 0.474154 
1535377436874 0.217813 0.919882 -0.326152 -0.488719 -0.94299 0.284514 0.17269 -0.178387 0.251649 0.269944 0.92941 0.464556 
1535377437345 0.221777 0.920617 -0.32137 -0.505153 -0.942518 0.286872 0.171362 -0.185495 0.249951 0.264893 0.93132 0.45461 
1535377437833 0.221777 0.920617 -0.32137 -0.505153 -0.942518 0.286872 0.171362 -0.185495 0.249951 0.264893 0.93132 0.45461 
1535377439154 0.229375 0.921951 -0.31208 -0.538133 -0.941574 0.291417 0.168861 -0.199649 0.246627 0.255114 0.934929 0.434408 
1535377440062 0.233058 0.922535 -0.307594 -0.554643 -0.941074 0.29367 0.167743 -0.206695 0.245079 0.250375 0.936616 0.424219 
1535377440582 0.233058 0.922535 -0.307594 -0.554643 -0.941074 0.29367 0.167743 -0.206695 0.245079 0.250375 0.936616 0.424219 
1535377441101 0.236641 0.923196 -0.302836 -0.571158 -0.940682 0.295699 0.166374 -0.213717 0.243144 0.245501 0.938408 0.414085 
1535377442479 0.244367 0.924266 -0.293288 -0.604133 -0.939522 0.300525 0.164265 -0.227869 0.239965 0.235409 0.941806 0.394022 
1535377443040 0.248016 0.924747 -0.28867 -0.620603 -0.938969 0.302793 0.163257 -0.234922 0.238379 0.230561 0.943407 0.383849 
1535377443344 0.247543 0.924952 -0.288421 -0.620719 -0.939117 0.302275 0.163366 -0.234767 0.238289 0.230421 0.943464 0.383627 
1535377443716 0.248867 0.924629 -0.288317 -0.621993 -0.938765 0.303522 0.163077 -0.235737 0.238296 0.230077 0.943546 0.382949 
1535377444130 0.249161 0.924658 -0.287971 -0.623713 -0.9387 0.303729 0.163066 -0.236393 0.238245 0.229689 0.943654 0.381935 
1535377444462 0.2492 0.924857 -0.287296 -0.625392 -0.938813 0.303529 0.16279 -0.237004 0.23776 0.22915 0.943907 0.380859 
1535377444791 0.249725 0.924906 -0.286683 -0.627017 -0.938689 0.303908 0.1628 -0.237813 0.2377 0.228451 0.944092 0.379896 
1535377445128 0.249891 0.924935 -0.286442 -0.62872 -0.938678 0.303992 0.162705 -0.238431 0.237568 0.228218 0.944181 0.378723 
1535377445577 0.250687 0.925006 -0.285515 -0.632078 -0.938507 0.30455 0.16265 -0.239838 0.237406 0.227184 0.944471 0.376691 
1535377445917 0.250631 0.925277 -0.284686 -0.633782 -0.938612 0.304264 0.162577 -0.240433 0.237048 0.226463 0.944734 0.375583 
1535377445941 0.250631 0.925277 -0.284686 -0.633782 -0.938612 0.304264 0.162577 -0.240433 0.237048 0.226463 0.944734 0.375583 
1535377446427 0.251092 0.925295 -0.284223 -0.635415 -0.938538 0.304576 0.162418 -0.241144 0.236852 0.225972 0.944901 0.374481 
1535377446690 0.249821 0.925287 -0.285364 -0.634237 -0.93869 0.303742 0.163103 -0.2405 0.237594 0.227122 0.944439 0.37526 
1535377446929 0.249848 0.924853 -0.286746 -0.634563 -0.9385 0.304186 0.163368 -0.240993 0.238315 0.228294 0.943974 0.375281 
1535377447163 0.249492 0.924641 -0.287737 -0.634893 -0.938431 0.304178 0.163776 -0.241301 0.238957 0.229161 0.943602 0.375123 
1535377447499 0.249152 0.924409 -0.288774 -0.635262 -0.938322 0.304229 0.164305 -0.241502 0.239738 0.230026 0.943193 0.374936 
1535377447832 0.248101 0.92359 -0.292278 -0.636575 -0.937964 0.304464 0.165904 -0.242609 0.242216 0.232986 0.941833 0.374478 
1535377448069 0.247739 0.923434 -0.29308 -0.63683 -0.937893 0.304424 0.16638 -0.242728 0.242862 0.233659 0.9415 0.374344 
1535377448376 0.248032 0.923626 -0.292226 -0.636575 -0.937981 0.304391 0.165947 -0.242712 0.242224 0.232942 0.941842 0.374512 
1535377448565 0.247133 0.923871 -0.292212 -0.636686 -0.938116 0.30363 0.166576 -0.24274 0.242619 0.232962 0.941735 0.37458 
1535377448757 0.246417 0.923981 -0.292469 -0.636788 -0.938161 0.303132 0.167227 -0.24293 0.243171 0.233176 0.94154 0.374489 
1535377449030 0.245809 0.924166 -0.292394 -0.636861 -0.93824 0.302616 0.167716 -0.243119 0.243481 0.23311 0.941476 0.374652 
1535377449295 0.243384 0.924849 -0.292265 -0.637142 -0.938661 0.300484 0.169187 -0.243411 0.244294 0.233161 0.941253 0.374735 
1535377449509 0.242621 0.925053 -0.292254 -0.637206 -0.938757 0.299853 0.169775 -0.243553 0.244684 0.233165 0.94115 0.374816 
1535377449760 0.241874 0.92521 -0.292377 -0.637289 -0.938866 0.299243 0.170244 -0.243805 0.245003 0.233325 0.941027 0.374797 
1535377449959 0.241556 0.925302 -0.292347 -0.637337 -0.938892 0.298989 0.170551 -0.24382 0.24522 0.233284 0.940981 0.374842 
1535377450173 0.241735 0.925414 -0.291843 -0.637274 -0.939002 0.298918 0.170069 -0.243865 0.244622 0.23293 0.941225 0.374774 
1535377450459 0.241299 0.925683 -0.291353 -0.637324 -0.939209 0.298323 0.169973 -0.243916 0.244258 0.232627 0.941394 0.374772 
1535377450747 0.24058 0.926187 -0.290344 -0.63738 -0.939581 0.297274 0.169754 -0.243939 0.243535 0.231962 0.941745 0.374681 
1535377451034 0.239905 0.926645 -0.289437 -0.637423 -0.939953 0.296275 0.169439 -0.244047 0.242763 0.231408 0.942081 0.374581 
1535377451245 0.23963 0.926966 -0.288636 -0.637479 -0.940157 0.295738 0.169243 -0.244161 0.242243 0.230808 0.942362 0.37465 
1535377451265 0.23939 0.927167 -0.28819 -0.637466 -0.940311 0.29534 0.169086 -0.244287 0.241885 0.230511 0.942527 0.374617 
1535377451455 0.239418 0.927159 -0.288192 -0.637452 -0.940301 0.29537 0.169087 -0.24423 0.241893 0.230505 0.942526 0.374609 
1535377451727 0.239878 0.926962 -0.288443 -0.637443 -0.940143 0.295893 0.16905 -0.244027 0.242051 0.230627 0.942456 0.374648 
1535377451997 0.240588 0.926903 -0.288042 -0.637345 -0.940202 0.296267 0.168064 -0.243949 0.241116 0.230384 0.942755 0.374528 
1535377452273 0.241297 0.926862 -0.287579 -0.637248 -0.940157 0.296729 0.167501 -0.243817 0.240584 0.229952 0.942996 0.374509 
1535377452549 0.241939 0.926757 -0.28738 -0.637177 -0.940197 0.297109 0.166601 -0.243723 0.239782 0.229886 0.943216 0.374426 
1535377452571 0.241939 0.926757 -0.28738 -0.637177 -0.940197 0.297109 0.166601 -0.243723 0.239782 0.229886 0.943216 0.374426 
1535377452858 0.242554 0.926722 -0.286974 -0.637093 -0.940165 0.297502 0.166081 -0.243636 0.239286 0.229519 0.943432 0.374379 
1535377453045 0.242367 0.926655 -0.287347 -0.636977 -0.940084 0.297514 0.166514 -0.243643 0.239791 0.229773 0.943241 0.374483 
1535377453297 0.243284 0.926538 -0.286948 -0.636567 -0.939961 0.298208 0.165967 -0.243447 0.239346 0.229343 0.943459 0.374602 
1535377453543 0.244195 0.926414 -0.286577 -0.636181 -0.939785 0.298953 0.165621 -0.24321 0.239106 0.228877 0.943633 0.374707 
1535377453723 0.244883 0.926287 -0.286401 -0.635912 -0.93971 0.299479 0.165097 -0.243308 0.238698 0.228705 0.943778 0.374803 
1535377453909 0.245008 0.926313 -0.286209 -0.635756 -0.939718 0.299526 0.16497 -0.243011 0.238541 0.228537 0.943859 0.374833 
1535377454104 0.245793 0.926165 -0.286016 -0.635435 -0.939539 0.300215 0.164734 -0.242887 0.238437 0.228232 0.943959 0.374888 
1535377454117 0.246228 0.926069 -0.285951 -0.63539 -0.939465 0.30058 0.164489 -0.243043 0.238279 0.228139 0.944021 0.374944 
1535377454328 0.246228 0.926069 -0.285951 -0.63539 -0.939465 0.30058 0.164489 -0.243043 0.238279 0.228139 0.944021 0.374944 
1535377454538 0.245843 0.926154 -0.286007 -0.634771 -0.939488 0.300298 0.164873 -0.242632 0.238585 0.228167 0.943937 0.375108 
1535377454732 0.246211 0.926099 -0.285869 -0.634383 -0.939415 0.300602 0.164735 -0.242613 0.238494 0.22799 0.944003 0.375251 
1535377455023 0.246335 0.926087 -0.2858 -0.634058 -0.939378 0.300712 0.164743 -0.24247 0.23851 0.227892 0.944022 0.375398 
1535377455227 0.246514 0.926084 -0.285655 -0.633689 -0.939344 0.300845 0.164698 -0.242383 0.238462 0.227728 0.944074 0.375543 
1535377455456 0.246526 0.926132 -0.285492 -0.633041 -0.939341 0.300828 0.164748 -0.242053 0.238462 0.227559 0.944115 0.375814 
1535377455655 0.247168 0.925997 -0.285372 -0.632577 -0.939171 0.301421 0.164633 -0.242044 0.238467 0.227321 0.944171 0.376011 
1535377455851 0.247168 0.925997 -0.285372 -0.632577 -0.939171 0.301421 0.164633 -0.242044 0.238467 0.227321 0.944171 0.376011 
1535377456003 0.247058 0.92607 -0.285232 -0.632403 -0.93919 0.3013 0.164745 -0.241893 0.238506 0.227185 0.944194 0.376099 
1535377456213 0.247142 0.925965 -0.285499 -0.631867 -0.939002 0.301585 0.165291 -0.241888 0.239156 0.227233 0.944018 0.376174 
1535377456386 0.247005 0.925995 -0.285519 -0.631435 -0.938932 0.301559 0.165737 -0.241596 0.239573 0.227145 0.943933 0.376355 
1535377456538 0.247005 0.925995 -0.285519 -0.631435 -0.938932 0.301559 0.165737 -0.241596 0.239573 0.227145 0.943933 0.376355 
1535377456683 0.246813 0.925939 -0.285867 -0.630503 -0.938711 0.301694 0.166737 -0.241216 0.240633 0.227194 0.943652 0.376609 
1535377456940 0.24675 0.925893 -0.286072 -0.629986 -0.93859 0.301802 0.167228 -0.241111 0.241172 0.227241 0.943503 0.376672 
1535377457086 0.246858 0.925852 -0.28611 -0.62944 -0.938403 0.302061 0.167807 -0.240991 0.241787 0.227062 0.943388 0.376947 
1535377457240 0.246539 0.925925 -0.28615 -0.629039 -0.938408 0.301838 0.168181 -0.240717 0.242094 0.227062 0.94331 0.377009 
1535377457265 0.246539 0.925925 -0.28615 -0.629039 -0.938408 0.301838 0.168181 -0.240717 0.242094 0.227062 0.94331 0.377009 
1535377457548 0.246617 0.925818 -0.286428 -0.628499 -0.938234 0.302106 0.168667 -0.240598 0.242686 0.227141 0.943139 0.377126 
1535377457731 0.246633 0.925828 -0.286381 -0.62842 -0.938342 0.302008 0.168244 -0.240493 0.242254 0.227229 0.943229 0.377111 
1535377457912 0.246633 0.925828 -0.286381 -0.62842 -0.938342 0.302008 0.168244 -0.240493 0.242254 0.227229 0.943229 0.377111 
1535377458108 0.246631 0.925812 -0.286434 -0.627594 -0.93822 0.30213 0.168701 -0.240077 0.242726 0.227132 0.94313 0.3774 
1535377458369 0.246854 0.925775 -0.286364 -0.627169 -0.93809 0.302397 0.168945 -0.239913 0.243001 0.226931 0.943108 0.377588 
1535377458559 0.247157 0.9257 -0.286343 -0.626304 -0.937937 0.30275 0.169162 -0.239602 0.243284 0.226762 0.943076 0.377858 
1535377458807 0.247369 0.925614 -0.286438 -0.625887 -0.937809 0.303037 0.169359 -0.239488 0.243562 0.22673 0.943012 0.378007 
1535377458827 0.247369 0.925614 -0.286438 -0.625887 -0.937809 0.303037 0.169359 -0.239488 0.243562 0.22673 0.943012 0.378007 
1535377458877 0.247524 0.925508 -0.286647 -0.625461 -0.937743 0.303247 0.16935 -0.23937 0.243659 0.226883 0.94295 0.378097 
1535377458894 0.247524 0.925508 -0.286647 -0.625461 -0.937743 0.303247 0.16935 -0.23937 0.243659 0.226883 0.94295 0.378097 
1535377459095 0.247344 0.925561 -0.286632 -0.62531 -0.937791 0.303072 0.169395 -0.239253 0.243656 0.226902 0.942946 0.378128 
1535377459145 0.247344 0.925561 -0.286632 -0.62531 -0.937791 0.303072 0.169395 -0.239253 0.243656 0.226902 0.942946 0.378128 
1535377459251 0.247252 0.925422 -0.287161 -0.625012 -0.937642 0.303243 0.169917 -0.238938 0.244324 0.227242 0.942691 0.378252 
1535377459418 0.24768 0.925095 -0.287845 -0.624186 -0.937261 0.304025 0.170616 -0.23876 0.245348 0.227527 0.942356 0.378608 
1535377459554 0.24768 0.925095 -0.287845 -0.624186 -0.937261 0.304025 0.170616 -0.23876 0.245348 0.227527 0.942356 0.378608 
1535377459692 0.248028 0.924701 -0.288809 -0.623447 -0.936948 0.30474 0.17106 -0.238509 0.246192 0.228172 0.941981 0.378785 
1535377459892 0.248002 0.924638 -0.289031 -0.62311 -0.936823 0.304878 0.171497 -0.238259 0.246692 0.228239 0.941833 0.378989 
