1535143389065 0.214473 0.919478 -0.329485 -0.472235 -0.943839 0.281907 0.172328 -0.17129 0.251336 0.274021 0.928301 0.473953 
1535143398679 0.214473 0.919479 -0.329485 -0.472235 -0.943839 0.281907 0.172327 -0.17129 0.251336 0.274021 0.928301 0.473954 
1535143399944 0.214595 0.917604 -0.334593 -0.504622 -0.944169 0.282576 0.169395 -0.186104 0.249986 0.279561 0.927013 0.455997 
1535143401264 0.214051 0.915869 -0.339656 -0.537302 -0.944855 0.282354 0.16591 -0.20093 0.247855 0.285412 0.925801 0.43738 
1535143402965 0.212399 0.913389 -0.347286 -0.586597 -0.945995 0.281268 0.161188 -0.222938 0.244908 0.294295 0.923802 0.409001 
1535143404316 0.212239 0.911504 -0.3523 -0.619116 -0.946523 0.281395 0.157831 -0.237809 0.242999 0.299962 0.922483 0.390805 
1535143404344 0.211711 0.911614 -0.352333 -0.619262 -0.946628 0.280924 0.15804 -0.237672 0.243051 0.30007 0.922434 0.390456 
1535143404841 0.212426 0.911258 -0.352822 -0.622225 -0.946507 0.281628 0.15751 -0.239322 0.242897 0.300489 0.922338 0.38908 
1535143405448 0.212386 0.910993 -0.353531 -0.627174 -0.946573 0.281643 0.15709 -0.241505 0.242677 0.301279 0.922138 0.386215 
1535143406046 0.211865 0.91082 -0.354289 -0.63216 -0.946714 0.281257 0.15693 -0.243613 0.242582 0.302162 0.921874 0.383211 
1535143406392 0.211577 0.910786 -0.354547 -0.633834 -0.94684 0.280955 0.156708 -0.244258 0.242339 0.302544 0.921813 0.382072 
1535143406722 0.210369 0.910102 -0.357013 -0.633255 -0.946749 0.280704 0.157705 -0.244077 0.243743 0.304826 0.92069 0.382768 
1535143407007 0.209741 0.908696 -0.360944 -0.634053 -0.94651 0.281277 0.158122 -0.244933 0.24521 0.308472 0.919085 0.382817 
1535143407205 0.208721 0.908161 -0.362877 -0.634645 -0.946512 0.280946 0.158696 -0.245195 0.24607 0.310344 0.918224 0.382747 
1535143407246 0.208751 0.907882 -0.363555 -0.634824 -0.946434 0.281182 0.158742 -0.245429 0.246344 0.310944 0.917948 0.38271 
1535143407452 0.207965 0.908109 -0.36344 -0.63484 -0.946465 0.28061 0.159567 -0.245435 0.246889 0.310799 0.917851 0.382787 
1535143407678 0.206549 0.908461 -0.363368 -0.634852 -0.946546 0.279569 0.160909 -0.245789 0.247766 0.310709 0.917645 0.382924 
1535143407830 0.205864 0.908449 -0.363785 -0.634956 -0.946475 0.279282 0.161821 -0.24599 0.248605 0.311001 0.917319 0.382912 
1535143407985 0.205103 0.908565 -0.363926 -0.635015 -0.946546 0.278718 0.162378 -0.246133 0.248964 0.311168 0.917165 0.382914 
1535143408265 0.202942 0.908952 -0.364171 -0.6352 -0.946679 0.27717 0.164242 -0.246606 0.250226 0.311422 0.916735 0.383132 
1535143408956 0.202435 0.908956 -0.364443 -0.635279 -0.946565 0.277024 0.165142 -0.246752 0.251066 0.311538 0.916466 0.383169 
1535143408970 0.202526 0.908939 -0.364434 -0.635273 -0.946563 0.277086 0.165052 -0.24674 0.251002 0.311533 0.916485 0.383162 
1535143409126 0.202969 0.909156 -0.363647 -0.635224 -0.946778 0.276969 0.164011 -0.24678 0.249831 0.311003 0.916985 0.383073 
1535143409174 0.202749 0.909433 -0.363077 -0.635319 -0.946867 0.27661 0.164103 -0.246866 0.249672 0.310514 0.917194 0.382991 
1535143409293 0.202305 0.909809 -0.362382 -0.635435 -0.947074 0.275933 0.164049 -0.246838 0.249246 0.310015 0.917479 0.382903 
1535143409475 0.201964 0.910394 -0.361099 -0.63556 -0.947264 0.275239 0.164119 -0.247068 0.248802 0.30891 0.917972 0.382747 
1535143409665 0.201397 0.910963 -0.359981 -0.635776 -0.947606 0.274236 0.163823 -0.247156 0.247956 0.308127 0.918464 0.382454 
1535143409719 0.201326 0.91121 -0.359394 -0.635813 -0.947689 0.273979 0.16377 -0.24734 0.247695 0.307623 0.918703 0.382383 
1535143409818 0.201115 0.911393 -0.359048 -0.63589 -0.947744 0.273708 0.163904 -0.247281 0.247656 0.307322 0.918814 0.382341 
1535143409834 0.201033 0.911455 -0.358935 -0.635914 -0.947783 0.273586 0.163888 -0.247289 0.247576 0.307246 0.918861 0.382333 
1535143409970 0.201297 0.911524 -0.358613 -0.635897 -0.947799 0.273683 0.163629 -0.247321 0.247298 0.306955 0.919033 0.382254 
1535143409986 0.201538 0.911482 -0.358584 -0.635885 -0.947748 0.273902 0.16356 -0.247294 0.247299 0.306884 0.919057 0.382242 
1535143410147 0.202673 0.911496 -0.357908 -0.635805 -0.947769 0.274511 0.162413 -0.24739 0.246289 0.306297 0.919524 0.382129 
1535143410193 0.203019 0.911617 -0.357404 -0.635803 -0.947805 0.274606 0.162039 -0.247389 0.245863 0.305853 0.919785 0.382024 
1535143410330 0.20384 0.911883 -0.356257 -0.63584 -0.947867 0.274872 0.161223 -0.247257 0.244942 0.304821 0.920374 0.381872 
1535143410351 0.204212 0.911945 -0.355885 -0.63582 -0.947848 0.275077 0.160988 -0.247304 0.244708 0.304449 0.920559 0.381846 
1535143410902 0.205067 0.91206 -0.355097 -0.635903 -0.947919 0.275417 0.159986 -0.24729 0.243716 0.303795 0.921038 0.381569 
1535143411050 0.204784 0.912126 -0.35509 -0.635799 -0.947947 0.275193 0.160203 -0.247249 0.243844 0.3038 0.921003 0.381676 
1535143411189 0.204985 0.911914 -0.355519 -0.635577 -0.947818 0.275563 0.160332 -0.247132 0.244177 0.304101 0.920815 0.381902 
1535143411393 0.206607 0.911834 -0.354784 -0.635237 -0.94757 0.276818 0.159637 -0.246953 0.243773 0.3032 0.921219 0.382005 
1535143411547 0.207326 0.911818 -0.354405 -0.635023 -0.947553 0.277247 0.15899 -0.246855 0.243228 0.302855 0.921477 0.382005 
1535143411757 0.208759 0.911741 -0.353762 -0.634669 -0.947376 0.278301 0.158201 -0.246604 0.242691 0.30212 0.921859 0.38209 
1535143411904 0.209516 0.911726 -0.353354 -0.63447 -0.947364 0.278744 0.157492 -0.246516 0.242085 0.301758 0.922137 0.382169 
1535143412055 0.210174 0.911658 -0.353138 -0.634248 -0.94731 0.279207 0.156995 -0.246392 0.241724 0.301534 0.922305 0.382182 
1535143412802 0.210823 0.911642 -0.352792 -0.634085 -0.947278 0.279613 0.156464 -0.246332 0.241284 0.301206 0.922527 0.382164 
1535143413061 0.210859 0.911489 -0.353167 -0.633715 -0.947189 0.279812 0.156647 -0.246216 0.241602 0.301485 0.922353 0.382355 
1535143413455 0.211936 0.911222 -0.35321 -0.631631 -0.947017 0.28074 0.156025 -0.245062 0.241333 0.301429 0.922442 0.383254 
1535143413625 0.212671 0.911001 -0.353337 -0.631252 -0.946877 0.281418 0.155654 -0.245052 0.241236 0.301464 0.922456 0.383527 
1535143413844 0.212302 0.911024 -0.3535 -0.6307 -0.946824 0.28127 0.15624 -0.244762 0.241768 0.301532 0.922294 0.383672 
1535143414191 0.211618 0.910872 -0.354302 -0.629184 -0.946442 0.281435 0.158246 -0.244056 0.243855 0.301839 0.921644 0.384258 
1535143414434 0.21224 0.910531 -0.354806 -0.628357 -0.946068 0.282393 0.158774 -0.243989 0.244763 0.301972 0.92136 0.384535 
1535143414611 0.211835 0.910613 -0.354837 -0.627998 -0.946116 0.282074 0.159058 -0.243714 0.244931 0.302023 0.921299 0.384764 
1535143414813 0.2116 0.910524 -0.355206 -0.627591 -0.946215 0.28186 0.158843 -0.243499 0.244749 0.302491 0.921194 0.384826 
1535143415010 0.211466 0.910563 -0.355187 -0.627155 -0.946126 0.281879 0.15934 -0.243266 0.245209 0.302356 0.921115 0.385116 
1535143415310 0.211276 0.910439 -0.355617 -0.626271 -0.946074 0.281894 0.159622 -0.242894 0.245572 0.302716 0.9209 0.385399 
1535143415513 0.211478 0.910349 -0.355728 -0.62578 -0.945944 0.282206 0.15984 -0.242797 0.245899 0.302696 0.92082 0.385698 
1535143415723 0.211584 0.910254 -0.355906 -0.6253 -0.945873 0.282395 0.15993 -0.242707 0.246084 0.302803 0.920735 0.385843 
1535143416032 0.211749 0.910164 -0.35604 -0.62508 -0.945777 0.282646 0.160055 -0.242691 0.24631 0.302842 0.920662 0.386006 
1535143416051 0.211749 0.910163 -0.356041 -0.62508 -0.945777 0.282645 0.160054 -0.242691 0.246308 0.302844 0.920662 0.386006 
1535143416292 0.211436 0.910225 -0.35607 -0.624749 -0.945818 0.282394 0.160257 -0.242455 0.246422 0.302893 0.920615 0.386048 
1535143416482 0.211377 0.91013 -0.356346 -0.624328 -0.94564 0.282623 0.160902 -0.242365 0.247153 0.302964 0.920396 0.38627 
1535143416664 0.211449 0.910097 -0.35639 -0.623898 -0.945529 0.282813 0.161218 -0.242262 0.247515 0.302888 0.920323 0.386416 
1535143416987 0.211045 0.909989 -0.356905 -0.622676 -0.945277 0.282946 0.162458 -0.241798 0.24882 0.303088 0.919906 0.386834 
1535143417168 0.211137 0.909925 -0.357011 -0.62228 -0.945101 0.283241 0.16297 -0.241718 0.24941 0.303002 0.919774 0.387046 
1535143417393 0.211409 0.909748 -0.357301 -0.621819 -0.944907 0.283707 0.163281 -0.241747 0.249913 0.303098 0.919606 0.387167 
1535143417869 0.211402 0.909711 -0.357401 -0.621585 -0.944811 0.283838 0.163612 -0.241661 0.250283 0.303089 0.919508 0.387292 
1535143417881 0.211392 0.909716 -0.357393 -0.62159 -0.944818 0.28382 0.163597 -0.24166 0.250263 0.303088 0.919514 0.387286 
1535143418135 0.21098 0.909592 -0.357952 -0.621326 -0.94478 0.283695 0.164037 -0.241483 0.250756 0.303578 0.919218 0.387336 
1535143418291 0.21116 0.909387 -0.358366 -0.621041 -0.944599 0.284108 0.164364 -0.241566 0.251285 0.303805 0.918999 0.387478 
1535143418549 0.210788 0.909182 -0.359105 -0.620292 -0.944355 0.28429 0.165447 -0.241268 0.252512 0.304249 0.918515 0.387761 
1535143418666 0.210741 0.909054 -0.359456 -0.620048 -0.944214 0.284493 0.165904 -0.241211 0.253078 0.304441 0.918296 0.387844 
1535143418803 0.210777 0.908933 -0.359741 -0.619768 -0.944082 0.284727 0.166252 -0.241162 0.25354 0.304582 0.918121 0.387938 
1535143418900 0.210707 0.908839 -0.36002 -0.619545 -0.943997 0.284834 0.16655 -0.24113 0.253913 0.304764 0.917958 0.388057 
1535143419108 0.210618 0.908864 -0.360008 -0.619529 -0.944023 0.284741 0.166561 -0.241025 0.25389 0.304775 0.917961 0.388066 
1535143419435 0.210139 0.908813 -0.360416 -0.618316 -0.943954 0.284582 0.167225 -0.240436 0.254544 0.305076 0.91768 0.388629 
1535143419651 0.210263 0.908662 -0.360726 -0.617855 -0.943792 0.284916 0.167572 -0.24027 0.255043 0.305216 0.917495 0.388939 
1535143419853 0.210488 0.908618 -0.360705 -0.61753 -0.943742 0.28512 0.167503 -0.240206 0.255041 0.305155 0.917515 0.389123 
1535143419895 0.210529 0.908813 -0.360191 -0.617407 -0.943841 0.284934 0.167263 -0.240025 0.254641 0.304749 0.917761 0.389101 
1535143420108 0.210443 0.908727 -0.360457 -0.616848 -0.943838 0.28493 0.167286 -0.239736 0.254722 0.305009 0.917653 0.389372 
1535143420273 0.210864 0.908333 -0.361203 -0.616496 -0.94355 0.285691 0.167613 -0.239892 0.255441 0.30547 0.917299 0.389611 
1535143420447 0.210656 0.908318 -0.361362 -0.616232 -0.943592 0.285533 0.167647 -0.239607 0.255457 0.305663 0.91723 0.389656 
1535143420641 0.210764 0.908271 -0.361418 -0.615899 -0.943565 0.285647 0.167605 -0.239503 0.255469 0.305696 0.917216 0.389846 
1535143420812 0.210936 0.908145 -0.361634 -0.61563 -0.943485 0.285896 0.167629 -0.239404 0.255621 0.305837 0.917127 0.389949 
1535143421031 0.210615 0.908133 -0.361852 -0.61506 -0.943484 0.285725 0.167925 -0.239017 0.255888 0.306034 0.916987 0.390215 
1535143421738 0.211094 0.907996 -0.361916 -0.614791 -0.943359 0.286204 0.167814 -0.239102 0.255956 0.305992 0.916982 0.390454 
1535143421969 0.210637 0.908202 -0.361664 -0.61462 -0.943477 0.285714 0.167987 -0.238773 0.255899 0.305837 0.917049 0.390471 
1535143422132 0.211008 0.908156 -0.361563 -0.61423 -0.943352 0.28609 0.168048 -0.238783 0.256054 0.305621 0.917078 0.390493 
1535143422385 0.210932 0.90837 -0.361069 -0.613467 -0.94329 0.286021 0.168508 -0.238339 0.256341 0.305049 0.917188 0.390777 
1535143422565 0.211092 0.908408 -0.360881 -0.613154 -0.943206 0.286193 0.168691 -0.238225 0.256522 0.304775 0.917229 0.390969 
1535143422724 0.211393 0.908365 -0.360812 -0.612787 -0.94314 0.286458 0.168609 -0.238203 0.256517 0.304654 0.917271 0.391055 
1535143422905 0.2115 0.908396 -0.360672 -0.612419 -0.9431 0.286551 0.168675 -0.238086 0.256575 0.304475 0.917314 0.391169 
1535143423083 0.211836 0.908361 -0.360563 -0.612051 -0.942989 0.286886 0.168728 -0.238031 0.256706 0.304264 0.917347 0.391287 
1535143423761 0.211775 0.908439 -0.360402 -0.611829 -0.942973 0.286833 0.168901 -0.237863 0.256812 0.30408 0.917378 0.391456 
1535143423975 0.211971 0.908241 -0.360786 -0.611341 -0.942883 0.287142 0.168883 -0.237673 0.256983 0.30438 0.917231 0.391494 
1535143424376 0.21258 0.908004 -0.361025 -0.609442 -0.942496 0.288048 0.169498 -0.236741 0.257897 0.304233 0.917023 0.392194 
1535143424407 0.212837 0.907933 -0.361051 -0.60931 -0.942409 0.288326 0.169509 -0.236778 0.258003 0.30418 0.917011 0.392258 
1535143424478 0.213396 0.907745 -0.361194 -0.609129 -0.942222 0.288944 0.169497 -0.236923 0.258225 0.304154 0.916957 0.39236 
1535143424638 0.212944 0.908035 -0.36073 -0.608936 -0.942363 0.288392 0.169654 -0.236475 0.258083 0.303812 0.91711 0.392406 
1535143424694 0.212952 0.908114 -0.360528 -0.608728 -0.942375 0.288345 0.169668 -0.236373 0.258034 0.303622 0.917187 0.392432 
1535143424899 0.213353 0.908084 -0.360367 -0.608233 -0.94224 0.28874 0.169746 -0.236155 0.258196 0.303336 0.917236 0.392485 
1535143425017 0.214061 0.907969 -0.360235 -0.607891 -0.942034 0.289427 0.169718 -0.236321 0.258361 0.303024 0.917293 0.392619 
1535143425244 0.214254 0.908062 -0.359887 -0.607387 -0.941946 0.289593 0.169924 -0.235998 0.258522 0.302587 0.917392 0.39279 
1535143425771 0.214683 0.908005 -0.359776 -0.607142 -0.941834 0.289989 0.169869 -0.235992 0.258573 0.302381 0.917445 0.392848 
1535143425793 0.214684 0.908005 -0.359775 -0.607142 -0.941834 0.289988 0.169869 -0.235992 0.258572 0.30238 0.917446 0.392849 
1535143426013 0.214154 0.908143 -0.359742 -0.606911 -0.941908 0.289544 0.170217 -0.235717 0.258743 0.302391 0.917394 0.392963 
1535143426183 0.214183 0.90809 -0.359858 -0.606533 -0.94183 0.289676 0.170421 -0.235628 0.259 0.302423 0.917311 0.393163 
1535143426408 0.214234 0.908048 -0.359935 -0.605765 -0.941763 0.289803 0.170579 -0.235401 0.259205 0.302429 0.917251 0.39337 
1535143426643 0.214083 0.908098 -0.359897 -0.60506 -0.941681 0.289791 0.17105 -0.235052 0.259625 0.302289 0.917178 0.3937 
1535143426883 0.214103 0.908095 -0.359894 -0.604332 -0.941555 0.28995 0.171474 -0.234736 0.260065 0.302147 0.917101 0.394017 
1535143427049 0.214375 0.908021 -0.359918 -0.604032 -0.941469 0.290236 0.171462 -0.23482 0.260153 0.302095 0.917093 0.394145 
1535143427070 0.214352 0.908029 -0.359912 -0.60404 -0.941475 0.290212 0.17147 -0.234798 0.26015 0.302093 0.917094 0.394147 
1535143427311 0.213915 0.908198 -0.359744 -0.603822 -0.941609 0.289733 0.171541 -0.23451 0.260023 0.302043 0.917147 0.394189 
1535143427522 0.213465 0.908398 -0.359507 -0.603349 -0.941787 0.289182 0.171497 -0.234186 0.259751 0.30197 0.917248 0.39428 
1535143427663 0.213784 0.908347 -0.359447 -0.603012 -0.941757 0.289419 0.171264 -0.234308 0.259598 0.301898 0.917315 0.394345 
1535143427772 0.213492 0.908464 -0.359324 -0.602778 -0.941853 0.289088 0.171289 -0.234143 0.259487 0.301862 0.917358 0.394386 
1535143427911 0.21359 0.908487 -0.359209 -0.602524 -0.941843 0.289145 0.171254 -0.234015 0.259445 0.30174 0.91741 0.394442 
1535143428007 0.213403 0.908578 -0.359089 -0.602284 -0.941908 0.288922 0.171271 -0.233882 0.259362 0.301679 0.917454 0.394506 
1535143428550 0.213446 0.908594 -0.359022 -0.602033 -0.941927 0.288915 0.171177 -0.233843 0.259257 0.301636 0.917498 0.39459 
1535143428728 0.213469 0.908652 -0.358863 -0.60225 -0.941898 0.288934 0.171304 -0.233848 0.259343 0.301445 0.917536 0.394549 
1535143428884 0.213803 0.908987 -0.357815 -0.602054 -0.94202 0.288818 0.170828 -0.233667 0.258624 0.300545 0.918034 0.394438 
1535143429043 0.214522 0.909334 -0.3565 -0.601856 -0.941968 0.289111 0.17062 -0.233538 0.258219 0.299209 0.918584 0.394486 
1535143429080 0.214738 0.909478 -0.356002 -0.601774 -0.942009 0.289115 0.170387 -0.233512 0.257888 0.298768 0.918821 0.394478 
1535143429192 0.214716 0.909731 -0.355369 -0.601633 -0.942076 0.288903 0.170375 -0.233344 0.257662 0.298202 0.919068 0.394425 
1535143429270 0.214944 0.909886 -0.354833 -0.60154 -0.942115 0.28891 0.170145 -0.233307 0.257327 0.297722 0.919317 0.394427 
1535143429982 0.215519 0.910191 -0.353701 -0.601347 -0.942111 0.289088 0.169867 -0.233198 0.256862 0.296616 0.919805 0.394393 
1535143430005 0.215285 0.910098 -0.354082 -0.601404 -0.942153 0.288954 0.169864 -0.233229 0.256907 0.29703 0.919659 0.394405 
1535143430226 0.21586 0.910368 -0.353036 -0.601528 -0.942264 0.289014 0.16914 -0.233281 0.256012 0.296142 0.920194 0.394323 
1535143430278 0.216062 0.910596 -0.352325 -0.601592 -0.942396 0.288866 0.168661 -0.23312 0.255357 0.295588 0.920554 0.394233 
1535143430451 0.216904 0.910916 -0.350977 -0.601562 -0.942481 0.28908 0.167817 -0.233195 0.254327 0.294389 0.921223 0.394154 
1535143430632 0.217545 0.911296 -0.34959 -0.601659 -0.942658 0.289048 0.166875 -0.233031 0.253121 0.293241 0.921922 0.394028 
1535143430863 0.218084 0.911562 -0.348561 -0.601701 -0.942784 0.289074 0.166119 -0.233011 0.252188 0.292389 0.922448 0.393961 
1535143431871 0.215889 0.912238 -0.348158 -0.587571 -0.943081 0.287189 0.167694 -0.226111 0.252964 0.292138 0.922315 0.402578 
1535143434351 0.208835 0.91785 -0.33755 -0.472767 -0.94486 0.278396 0.172437 -0.171669 0.252244 0.282927 0.925379 0.47456 
