1535121147994 0.253108 0.924525 -0.284937 -0.59901 -0.931947 0.312051 0.184658 -0.230429 0.259636 0.218808 0.940591 0.386923 
1535121153136 0.253107 0.924524 -0.284943 -0.59901 -0.931947 0.312051 0.184658 -0.230429 0.259637 0.218813 0.94059 0.386921 
1535121153833 0.245461 0.923711 -0.294121 -0.606212 -0.933382 0.307141 0.185639 -0.233688 0.261814 0.22896 0.937566 0.385344 
1535121154285 0.240916 0.923526 -0.298427 -0.609973 -0.934241 0.303982 0.186518 -0.235151 0.262971 0.233868 0.93603 0.384759 
1535121154774 0.236683 0.923181 -0.302849 -0.613706 -0.935016 0.301141 0.187241 -0.236748 0.264058 0.238852 0.934464 0.384042 
1535121155444 0.228376 0.922275 -0.311856 -0.621169 -0.936477 0.295679 0.188639 -0.240035 0.266187 0.248965 0.931215 0.382703 
1535121155934 0.223971 0.921861 -0.316243 -0.624918 -0.937205 0.292742 0.189601 -0.241508 0.267363 0.253919 0.929539 0.381976 
1535121156421 0.21951 0.921398 -0.320688 -0.628694 -0.937969 0.289738 0.190436 -0.243019 0.268383 0.258993 0.927843 0.381266 
1535121156901 0.214992 0.920961 -0.324976 -0.632469 -0.938766 0.286624 0.19122 -0.244533 0.269252 0.263966 0.926189 0.380628 
1535121158103 0.214191 0.921076 -0.325178 -0.632803 -0.938868 0.285994 0.191663 -0.244409 0.269535 0.264247 0.926026 0.380662 
1535121158373 0.212743 0.920236 -0.328492 -0.632732 -0.938529 0.285984 0.193329 -0.244745 0.271852 0.26717 0.924509 0.380799 
1535121158609 0.210746 0.919606 -0.331527 -0.632823 -0.938218 0.285505 0.195537 -0.245044 0.274469 0.269836 0.92296 0.381048 
1535121158769 0.209763 0.919291 -0.333022 -0.632861 -0.938079 0.285257 0.196562 -0.245237 0.275695 0.271169 0.922204 0.381136 
1535121158936 0.208899 0.918923 -0.334577 -0.632908 -0.937838 0.285209 0.197776 -0.245437 0.277165 0.272464 0.921381 0.381272 
1535121159160 0.207108 0.918226 -0.337589 -0.63307 -0.937585 0.284828 0.199519 -0.245728 0.279359 0.275196 0.919905 0.381419 
1535121159589 0.206267 0.918043 -0.338601 -0.633123 -0.937459 0.28457 0.200475 -0.245782 0.2804 0.276073 0.919326 0.381549 
1535121159780 0.206415 0.918072 -0.338433 -0.633322 -0.937558 0.284542 0.20005 -0.245853 0.279958 0.276007 0.91948 0.381442 
1535121159974 0.205636 0.91822 -0.338507 -0.633747 -0.937928 0.283634 0.199604 -0.246114 0.279292 0.276449 0.91955 0.381523 
1535121160153 0.204295 0.918237 -0.339271 -0.634275 -0.938244 0.282528 0.199689 -0.246275 0.279216 0.277523 0.919249 0.3816 
1535121160249 0.204074 0.918097 -0.339781 -0.634506 -0.938246 0.282478 0.19975 -0.246488 0.27937 0.278035 0.919048 0.381578 
1535121160421 0.202671 0.918206 -0.340328 -0.63502 -0.938557 0.281283 0.199977 -0.24655 0.279348 0.278887 0.918796 0.381652 
1535121160928 0.202196 0.918145 -0.340774 -0.635285 -0.938649 0.280948 0.200014 -0.246691 0.279381 0.279425 0.918623 0.381705 
1535121161140 0.202109 0.918326 -0.340337 -0.635254 -0.938668 0.280772 0.200173 -0.246769 0.279381 0.279006 0.91875 0.381632 
1535121161265 0.20156 0.918641 -0.339811 -0.635404 -0.93881 0.280121 0.200418 -0.24682 0.2793 0.278622 0.918891 0.381705 
1535121161471 0.200381 0.919134 -0.339177 -0.63582 -0.93918 0.278767 0.200574 -0.246974 0.278906 0.278357 0.919091 0.381699 
1535121161682 0.19956 0.919435 -0.338844 -0.636147 -0.939404 0.27788 0.200757 -0.247402 0.278741 0.278248 0.919174 0.381718 
1535121161829 0.199094 0.919729 -0.338319 -0.636353 -0.939479 0.277355 0.201132 -0.247463 0.278821 0.277799 0.919286 0.381878 
1535121161973 0.198437 0.919932 -0.338154 -0.636631 -0.939603 0.276721 0.201425 -0.247509 0.278872 0.27776 0.919282 0.381854 
1535121162151 0.198051 0.92013 -0.337841 -0.636737 -0.939719 0.276258 0.201518 -0.247654 0.278754 0.277565 0.919377 0.381899 
1535121162167 0.198044 0.920133 -0.337836 -0.636736 -0.939721 0.27625 0.20152 -0.247653 0.278753 0.277562 0.919378 0.381899 
1535121162183 0.198037 0.920137 -0.337829 -0.636735 -0.939723 0.276242 0.201523 -0.247652 0.278752 0.277557 0.91938 0.381899 
1535121162374 0.198531 0.920425 -0.336753 -0.636661 -0.939857 0.27623 0.200914 -0.247801 0.277947 0.276612 0.919908 0.3818 
1535121162425 0.198229 0.920654 -0.336306 -0.636704 -0.94007 0.275702 0.200643 -0.247876 0.277443 0.276378 0.920131 0.381766 
1535121162541 0.198276 0.920899 -0.335605 -0.636704 -0.940196 0.275458 0.200384 -0.247902 0.276979 0.275803 0.920443 0.381775 
1535121162716 0.198079 0.921296 -0.334633 -0.636778 -0.940495 0.274806 0.199875 -0.248088 0.276103 0.27513 0.920908 0.381679 
1535121162765 0.198157 0.921469 -0.334109 -0.636761 -0.940576 0.274668 0.199687 -0.2482 0.275774 0.274685 0.921139 0.381659 
1535121163865 0.197908 0.921756 -0.333463 -0.636857 -0.940838 0.274087 0.199248 -0.24831 0.275056 0.274302 0.921467 0.381542 
1535121163989 0.198027 0.921761 -0.333378 -0.636809 -0.940792 0.274201 0.19931 -0.248248 0.275129 0.274171 0.921485 0.381578 
1535121164024 0.19844 0.921586 -0.333618 -0.636782 -0.940622 0.274721 0.199396 -0.248205 0.275412 0.27424 0.92138 0.381603 
1535121164096 0.198699 0.92151 -0.333672 -0.636713 -0.940534 0.275008 0.199414 -0.24816 0.275524 0.274207 0.921356 0.381636 
1535121164165 0.199204 0.921563 -0.333226 -0.636641 -0.940602 0.275209 0.198817 -0.248215 0.274929 0.273828 0.921647 0.38152 
1535121164207 0.199704 0.921632 -0.332734 -0.6366 -0.940624 0.275443 0.198388 -0.248206 0.27449 0.273359 0.921917 0.381498 
1535121164273 0.200066 0.92169 -0.332357 -0.636598 -0.940692 0.275556 0.19791 -0.248122 0.273995 0.27305 0.922155 0.381398 
1535121164340 0.200573 0.921793 -0.331766 -0.636557 -0.940749 0.275738 0.197382 -0.248074 0.273425 0.272519 0.922481 0.381325 
1535121164391 0.201092 0.921793 -0.331451 -0.636508 -0.940721 0.276074 0.197048 -0.248125 0.273143 0.272178 0.922666 0.381307 
1535121164451 0.201684 0.921817 -0.331023 -0.636454 -0.940673 0.276458 0.196738 -0.24816 0.27287 0.271705 0.922886 0.38133 
1535121165635 0.202487 0.921952 -0.330156 -0.636405 -0.940817 0.276709 0.195692 -0.248075 0.271775 0.270991 0.923419 0.381148 
1535121165826 0.202098 0.921715 -0.331056 -0.636365 -0.940542 0.276894 0.196751 -0.248202 0.273016 0.27161 0.922871 0.381348 
1535121165952 0.202707 0.921592 -0.331025 -0.636198 -0.940527 0.277341 0.196192 -0.248124 0.272616 0.271568 0.923001 0.381308 
1535121166162 0.204086 0.921455 -0.330561 -0.635802 -0.94026 0.278501 0.195827 -0.247757 0.272507 0.270848 0.923245 0.381491 
1535121166377 0.205548 0.921265 -0.330182 -0.635379 -0.940088 0.279643 0.195021 -0.247549 0.272 0.270314 0.923551 0.381606 
1535121166616 0.206967 0.921109 -0.329731 -0.634891 -0.939888 0.280767 0.194373 -0.24725 0.271617 0.269681 0.923849 0.381763 
1535121166761 0.207992 0.920854 -0.329798 -0.634638 -0.93977 0.281632 0.193687 -0.247377 0.27124 0.269649 0.923969 0.38173 
1535121166889 0.208395 0.920875 -0.329486 -0.634481 -0.939702 0.281923 0.193594 -0.247155 0.271165 0.269275 0.9241 0.381798 
1535121166906 0.208426 0.920859 -0.329511 -0.634483 -0.939695 0.281958 0.193581 -0.247172 0.271169 0.269292 0.924094 0.381792 
1535121167188 0.208286 0.920893 -0.329503 -0.633792 -0.939709 0.281842 0.193682 -0.24692 0.271229 0.269296 0.924075 0.382155 
1535121167365 0.208402 0.920757 -0.329812 -0.633489 -0.939717 0.281983 0.193439 -0.246814 0.271111 0.269617 0.924016 0.382177 
1535121167619 0.20869 0.920727 -0.329711 -0.632756 -0.939615 0.282268 0.193514 -0.246552 0.27124 0.269418 0.924036 0.382574 
1535121167781 0.208837 0.920662 -0.329801 -0.632436 -0.939615 0.282393 0.193333 -0.246398 0.271128 0.269511 0.924042 0.382681 
1535121167956 0.209067 0.920564 -0.329929 -0.63208 -0.939575 0.282624 0.19319 -0.246296 0.27109 0.269604 0.924026 0.382784 
1535121168145 0.20933 0.920559 -0.329775 -0.631711 -0.939539 0.282815 0.193086 -0.246204 0.271012 0.269418 0.924103 0.382998 
1535121168615 0.20946 0.920541 -0.329745 -0.631486 -0.939551 0.28289 0.192917 -0.246137 0.27087 0.269404 0.924149 0.38307 
1535121168937 0.208759 0.920656 -0.329868 -0.63064 -0.939419 0.282546 0.194062 -0.245707 0.271867 0.269372 0.923865 0.38346 
1535121169263 0.20846 0.920629 -0.330131 -0.629341 -0.939131 0.282671 0.195268 -0.245159 0.273088 0.269331 0.923517 0.383985 
1535121169458 0.208497 0.920475 -0.330537 -0.628897 -0.938966 0.282947 0.195663 -0.245051 0.273627 0.269568 0.923289 0.384076 
1535121169784 0.20836 0.920432 -0.330744 -0.62806 -0.938781 0.283075 0.196365 -0.244788 0.274366 0.269582 0.923065 0.384398 
1535121169855 0.208435 0.920317 -0.331015 -0.6278 -0.938733 0.283234 0.196366 -0.244756 0.274474 0.269805 0.922968 0.384467 
1535121169873 0.20845 0.9203 -0.331054 -0.627805 -0.938724 0.283262 0.196369 -0.244753 0.274493 0.269835 0.922953 0.384456 
1535121170166 0.207791 0.92016 -0.331856 -0.626951 -0.93844 0.283239 0.197753 -0.244367 0.275959 0.270336 0.922369 0.384758 
1535121170459 0.207664 0.91987 -0.332737 -0.626086 -0.93794 0.283826 0.199275 -0.243999 0.277747 0.270705 0.921724 0.385165 
1535121170663 0.207468 0.919683 -0.333376 -0.625676 -0.937737 0.284022 0.199953 -0.243834 0.27858 0.271135 0.921346 0.385292 
1535121170956 0.207301 0.919369 -0.334345 -0.624776 -0.93734 0.284499 0.201133 -0.243568 0.280037 0.2717 0.920738 0.385646 
1535121171157 0.207165 0.919206 -0.334877 -0.624342 -0.9371 0.28475 0.201895 -0.243418 0.28094 0.271987 0.920378 0.38583 
1535121171293 0.207443 0.919035 -0.335175 -0.624098 -0.936904 0.285206 0.202162 -0.243479 0.281388 0.272089 0.920211 0.385958 
1535121171513 0.207038 0.919237 -0.334872 -0.623981 -0.937045 0.28471 0.202204 -0.24318 0.281215 0.271926 0.920312 0.385964 
1535121171685 0.207269 0.919063 -0.335204 -0.623634 -0.937021 0.284973 0.201943 -0.243256 0.281123 0.272237 0.920248 0.386021 
1535121171918 0.206969 0.919175 -0.335084 -0.623095 -0.937035 0.284717 0.202242 -0.242817 0.2813 0.272128 0.920227 0.386258 
1535121172091 0.20722 0.919005 -0.335394 -0.622733 -0.937028 0.284973 0.201915 -0.242904 0.281139 0.272432 0.920185 0.386241 
1535121172323 0.207175 0.919045 -0.335312 -0.622165 -0.936917 0.28503 0.202348 -0.24255 0.28154 0.272238 0.92012 0.386561 
1535121172484 0.207179 0.918998 -0.335439 -0.621863 -0.936951 0.285028 0.202193 -0.242479 0.281424 0.2724 0.920108 0.386598 
1535121172970 0.207237 0.918934 -0.33558 -0.621638 -0.936902 0.285148 0.202251 -0.242403 0.281545 0.272492 0.920044 0.386628 
1535121173236 0.206916 0.918966 -0.335691 -0.621272 -0.936958 0.284887 0.202359 -0.24213 0.281595 0.272657 0.91998 0.386919 
1535121173388 0.207092 0.918808 -0.336015 -0.621008 -0.93696 0.285083 0.202075 -0.242102 0.28146 0.272984 0.919924 0.386883 
1535121173605 0.207055 0.918741 -0.336217 -0.620461 -0.936911 0.285149 0.202209 -0.241862 0.28165 0.273137 0.91982 0.387205 
1535121173793 0.207182 0.91863 -0.336445 -0.620159 -0.936963 0.28524 0.20184 -0.241827 0.281383 0.273419 0.919818 0.387278 
1535121174009 0.20714 0.918618 -0.336504 -0.619635 -0.936895 0.285288 0.202085 -0.241559 0.28164 0.273409 0.919743 0.387591 
1535121174410 0.20743 0.918421 -0.336862 -0.619415 -0.936871 0.285598 0.201757 -0.241625 0.281505 0.273746 0.919684 0.387608 
1535121174433 0.20752 0.918379 -0.336922 -0.619464 -0.936836 0.28571 0.201762 -0.241688 0.281556 0.273771 0.919661 0.387593 
1535121174645 0.207654 0.918431 -0.336696 -0.619241 -0.936827 0.285766 0.201726 -0.241496 0.281488 0.273536 0.919751 0.387743 
1535121174832 0.207687 0.918368 -0.336847 -0.618917 -0.936917 0.285734 0.20135 -0.241194 0.281162 0.27378 0.919778 0.387813 
1535121174896 0.207644 0.918421 -0.336728 -0.618711 -0.93697 0.285626 0.201258 -0.241093 0.281018 0.273715 0.919842 0.387888 
1535121175111 0.207913 0.918301 -0.336892 -0.61813 -0.937044 0.285783 0.20069 -0.240837 0.280571 0.273957 0.919906 0.388039 
1535121175449 0.208398 0.918046 -0.337287 -0.617929 -0.937024 0.286236 0.200136 -0.240854 0.280278 0.274338 0.919882 0.388029 
1535121175688 0.207944 0.91822 -0.337093 -0.617737 -0.936813 0.286074 0.201353 -0.240656 0.28132 0.273923 0.919687 0.388262 
1535121175909 0.207764 0.918128 -0.337455 -0.617199 -0.936621 0.286212 0.202049 -0.240463 0.282091 0.274089 0.919402 0.388401 
1535121175958 0.207761 0.918048 -0.337674 -0.61712 -0.936547 0.28633 0.202223 -0.240423 0.282337 0.274234 0.919283 0.388415 
1535121176102 0.207872 0.917944 -0.337888 -0.616888 -0.936397 0.286601 0.202533 -0.240388 0.282753 0.274297 0.919137 0.388458 
1535121176309 0.20786 0.917796 -0.338297 -0.616468 -0.936128 0.286944 0.203291 -0.240219 0.283652 0.274433 0.918819 0.388563 
1535121176568 0.208184 0.917626 -0.338558 -0.616214 -0.935937 0.287419 0.203499 -0.240266 0.284044 0.274504 0.918676 0.388627 
1535121176592 0.208171 0.91763 -0.338556 -0.616217 -0.93594 0.287407 0.203504 -0.240258 0.284045 0.274505 0.918676 0.388627 
1535121176766 0.207855 0.917742 -0.338447 -0.616224 -0.936016 0.287083 0.203612 -0.240101 0.284026 0.274469 0.918692 0.388652 
1535121176851 0.207727 0.91768 -0.338692 -0.615986 -0.935961 0.287098 0.203843 -0.240066 0.284301 0.274659 0.918551 0.388775 
1535121177120 0.207579 0.917429 -0.339463 -0.615034 -0.935676 0.287438 0.204668 -0.23979 0.285343 0.275143 0.918083 0.389188 
1535121177249 0.207863 0.91719 -0.339935 -0.614769 -0.93549 0.287927 0.204831 -0.239873 0.285745 0.275429 0.917872 0.389267 
1535121177375 0.207875 0.917153 -0.340028 -0.614542 -0.935404 0.288039 0.205068 -0.239759 0.28602 0.275435 0.917785 0.389388 
1535121177984 0.207917 0.916985 -0.340454 -0.61432 -0.935264 0.288299 0.20534 -0.239746 0.286446 0.27572 0.917566 0.389449 
1535121178226 0.208053 0.917139 -0.339955 -0.614179 -0.935306 0.288245 0.205227 -0.239627 0.286212 0.275264 0.917776 0.389524 
1535121178440 0.208103 0.91728 -0.339545 -0.613566 -0.935255 0.288238 0.205468 -0.239362 0.286342 0.274803 0.917874 0.389723 
1535121178608 0.208515 0.917198 -0.339512 -0.613177 -0.935155 0.288622 0.205381 -0.239416 0.286366 0.274671 0.917905 0.389808 
1535121178842 0.208686 0.917336 -0.339036 -0.612542 -0.935096 0.288695 0.20555 -0.239209 0.286436 0.274135 0.918044 0.390008 
1535121179065 0.208819 0.917407 -0.338761 -0.611959 -0.934999 0.288822 0.205813 -0.238887 0.286656 0.273763 0.918086 0.39019 
1535121179345 0.208996 0.917375 -0.338738 -0.611689 -0.934941 0.288999 0.205828 -0.238859 0.286717 0.273682 0.918091 0.39026 
1535121179660 0.209489 0.917546 -0.337971 -0.611106 -0.93471 0.289401 0.206311 -0.238582 0.287109 0.272685 0.918265 0.390477 
1535121179901 0.209957 0.917717 -0.337215 -0.610314 -0.934501 0.289766 0.206747 -0.238214 0.287449 0.271719 0.918445 0.39061 
1535121180107 0.210432 0.917817 -0.336645 -0.609739 -0.934317 0.290153 0.207034 -0.238014 0.287698 0.270967 0.91859 0.390777 
1535121180128 0.210473 0.917856 -0.336514 -0.609641 -0.934295 0.290174 0.207106 -0.237961 0.287741 0.270813 0.918621 0.390818 
1535121180438 0.21095 0.917757 -0.336485 -0.608863 -0.934166 0.290632 0.207044 -0.237516 0.28781 0.270657 0.918646 0.391096 
1535121180611 0.211439 0.917593 -0.336626 -0.608548 -0.934051 0.291124 0.206873 -0.23741 0.287825 0.270685 0.918633 0.391208 
1535121180864 0.211834 0.917617 -0.336311 -0.607903 -0.933851 0.291524 0.207208 -0.23698 0.28818 0.270171 0.918673 0.39145 
1535121181037 0.212326 0.917513 -0.336285 -0.607529 -0.933705 0.29201 0.207185 -0.236934 0.288293 0.27 0.918688 0.391517 
1535121181065 0.212412 0.917522 -0.336206 -0.607439 -0.933668 0.292088 0.207239 -0.236867 0.288348 0.269885 0.918704 0.391558 
1535121181315 0.212224 0.91767 -0.33592 -0.607007 -0.933709 0.29185 0.207392 -0.236749 0.288356 0.269638 0.918774 0.39168 
1535121181684 0.211748 0.918285 -0.334538 -0.605047 -0.933263 0.291608 0.209728 -0.235942 0.290144 0.267803 0.918748 0.392415 
1535121181915 0.211749 0.918336 -0.334397 -0.60425 -0.933057 0.291766 0.210423 -0.235728 0.290805 0.267455 0.918641 0.392519 
1535121181949 0.21172 0.918396 -0.334252 -0.604097 -0.933041 0.291725 0.210548 -0.235688 0.290876 0.267294 0.918665 0.392576 
1535121181959 0.211736 0.918418 -0.334179 -0.604011 -0.933023 0.291738 0.210612 -0.235683 0.290923 0.267203 0.918677 0.392608 
1535121182120 0.211748 0.918372 -0.334299 -0.603936 -0.933032 0.291765 0.210534 -0.235624 0.290886 0.267331 0.918651 0.392613 
1535121182332 0.211584 0.918563 -0.333877 -0.603446 -0.9332 0.291395 0.210302 -0.235278 0.290466 0.267078 0.918858 0.392746 
1535121182619 0.211263 0.918821 -0.333369 -0.602647 -0.933416 0.290848 0.2101 -0.234889 0.290005 0.266785 0.919088 0.393076 
1535121182833 0.211141 0.918958 -0.333071 -0.602124 -0.933567 0.290552 0.209838 -0.234596 0.289607 0.266638 0.919256 0.393174 
1535121182860 0.211032 0.919027 -0.332949 -0.602 -0.933591 0.290424 0.20991 -0.234493 0.289609 0.26654 0.919284 0.393248 
1535121182881 0.211049 0.919041 -0.332901 -0.601918 -0.933603 0.290413 0.209869 -0.234485 0.289557 0.266505 0.919311 0.39329 
1535121183017 0.211422 0.919 -0.332776 -0.601921 -0.933631 0.29063 0.209446 -0.234599 0.289195 0.266409 0.919452 0.393258 
1535121183050 0.211561 0.919201 -0.332131 -0.601931 -0.93368 0.290538 0.209355 -0.234508 0.288936 0.265812 0.919706 0.393207 
1535121183089 0.211649 0.919234 -0.331986 -0.601972 -0.933739 0.290514 0.209123 -0.23447 0.288679 0.265727 0.919812 0.393101 
1535121183183 0.212007 0.919314 -0.331533 -0.601892 -0.933834 0.290584 0.208603 -0.234437 0.28811 0.265371 0.920093 0.393019 
1535121183268 0.212614 0.919549 -0.330492 -0.601693 -0.933985 0.290649 0.207835 -0.234368 0.287172 0.264486 0.920641 0.392953 
1535121183361 0.212904 0.919676 -0.32995 -0.601594 -0.934128 0.290605 0.207253 -0.234292 0.286491 0.264091 0.920966 0.392867 
1535121183396 0.213188 0.919786 -0.32946 -0.601528 -0.934174 0.290659 0.206972 -0.234252 0.28613 0.263649 0.921205 0.392845 
1535121183769 0.213741 0.9201 -0.328224 -0.601348 -0.93441 0.290563 0.206035 -0.234038 0.284942 0.262658 0.921856 0.392746 
1535121183976 0.214163 0.920084 -0.327993 -0.601533 -0.934457 0.290775 0.205525 -0.234245 0.284473 0.26248 0.922052 0.392677 
1535121184161 0.215104 0.920384 -0.326533 -0.60168 -0.93483 0.290786 0.203805 -0.234154 0.28253 0.261414 0.922951 0.392466 
1535121184367 0.215939 0.920791 -0.324828 -0.601767 -0.935224 0.290649 0.202186 -0.23395 0.280582 0.260127 0.923909 0.392295 
1535121184428 0.216475 0.920893 -0.324182 -0.601792 -0.935381 0.290749 0.201313 -0.233998 0.279643 0.259655 0.924326 0.392181 
1535121184567 0.216832 0.921097 -0.323364 -0.601881 -0.935591 0.290634 0.200503 -0.233875 0.278663 0.259061 0.924789 0.392097 
1535121184767 0.217437 0.92126 -0.322493 -0.601951 -0.935819 0.29067 0.199386 -0.233808 0.277425 0.258441 0.925334 0.391944 
1535121186126 0.214437 0.920878 -0.325578 -0.573399 -0.937449 0.28763 0.196108 -0.21984 0.274237 0.26316 0.924954 0.410379 
1535121188435 0.208713 0.918896 -0.334766 -0.472834 -0.943835 0.278915 0.177149 -0.171386 0.256152 0.278991 0.9255 0.474767 
