1535173481432 0.276731 0.920551 -0.275693 -0.601385 -0.926784 0.331492 0.17659 -0.229775 0.25395 0.20664 0.944886 0.384451 
1535173491664 0.276732 0.920551 -0.275689 -0.601385 -0.926785 0.331491 0.176589 -0.229775 0.253948 0.206637 0.944887 0.384453 
1535173491992 0.276732 0.920551 -0.275689 -0.601385 -0.926785 0.331491 0.176589 -0.229775 0.253948 0.206637 0.944887 0.384453 
1535173492217 0.276732 0.920551 -0.275689 -0.601385 -0.926785 0.331491 0.176589 -0.229775 0.253948 0.206637 0.944887 0.384453 
1535173492454 0.273993 0.921579 -0.274992 -0.591761 -0.927837 0.328541 0.176574 -0.230419 0.253073 0.206768 0.945093 0.383406 
1535173492773 0.273993 0.921579 -0.274992 -0.591761 -0.927837 0.328541 0.176574 -0.230419 0.253073 0.206768 0.945093 0.383406 
1535173493004 0.273993 0.921579 -0.274992 -0.591761 -0.927837 0.328541 0.176574 -0.230419 0.253073 0.206768 0.945093 0.383406 
1535173493240 0.270168 0.923083 -0.273729 -0.576823 -0.929271 0.324384 0.176722 -0.231427 0.251923 0.206624 0.945432 0.381853 
1535173493471 0.270168 0.923083 -0.273729 -0.576823 -0.929271 0.324384 0.176722 -0.231427 0.251923 0.206624 0.945432 0.381853 
1535173494155 0.265878 0.924776 -0.272209 -0.556473 -0.930701 0.319829 0.1775 -0.232966 0.251208 0.206152 0.945725 0.379445 
1535173494629 0.264888 0.92516 -0.27187 -0.55453 -0.931121 0.318703 0.177321 -0.232992 0.250696 0.206174 0.945856 0.379392 
1535173495061 0.264632 0.925261 -0.271774 -0.552375 -0.931142 0.318482 0.177607 -0.233191 0.250888 0.206059 0.94583 0.379076 
1535173495081 0.264554 0.92528 -0.271787 -0.552259 -0.931175 0.318401 0.177577 -0.233193 0.250846 0.206103 0.945832 0.379056 
1535173495475 0.264586 0.925336 -0.271565 -0.55196 -0.931187 0.318371 0.17757 -0.233206 0.25077 0.205895 0.945897 0.379004 
1535173495742 0.264647 0.925366 -0.271402 -0.551686 -0.93124 0.318341 0.177347 -0.233274 0.250509 0.205806 0.945986 0.378895 
1535173495970 0.264661 0.925342 -0.271471 -0.551593 -0.931238 0.318366 0.177311 -0.233358 0.250501 0.205877 0.945973 0.378837 
1535173496595 0.264549 0.925442 -0.271239 -0.55155 -0.93134 0.318157 0.177152 -0.233332 0.25024 0.20575 0.946069 0.378834 
1535173497124 0.264536 0.92544 -0.271258 -0.551547 -0.931379 0.318119 0.177015 -0.233335 0.250109 0.205817 0.946089 0.378776 
1535173497663 0.264517 0.925424 -0.271333 -0.551549 -0.931419 0.318086 0.17686 -0.233338 0.249977 0.205942 0.946097 0.3787 
1535173498119 0.264518 0.925429 -0.271315 -0.551548 -0.931419 0.318084 0.176867 -0.233338 0.249979 0.205923 0.9461 0.378707 
1535173498604 0.264534 0.92545 -0.271228 -0.551537 -0.931429 0.318069 0.176836 -0.233341 0.249922 0.205851 0.946131 0.378711 
1535173499220 0.264697 0.925415 -0.271187 -0.551528 -0.93138 0.31822 0.176824 -0.233332 0.249932 0.205773 0.946145 0.378714 
1535173499760 0.264818 0.925399 -0.271124 -0.551516 -0.931349 0.318322 0.176804 -0.233325 0.249919 0.205691 0.946167 0.378717 
1535173500446 0.264806 0.925395 -0.271149 -0.551516 -0.931348 0.318318 0.176815 -0.233319 0.249935 0.205713 0.946158 0.378717 
1535173500993 0.264696 0.925403 -0.27123 -0.551506 -0.931367 0.318239 0.176861 -0.233259 0.249984 0.205801 0.946126 0.378715 
1535173501441 0.26504 0.925251 -0.271412 -0.551478 -0.931162 0.318692 0.177126 -0.233344 0.250383 0.205783 0.946024 0.378815 
1535173501817 0.264985 0.92528 -0.271366 -0.551451 -0.931116 0.31868 0.177387 -0.233258 0.250611 0.205668 0.945989 0.378907 
1535173502335 0.265218 0.925202 -0.271406 -0.55138 -0.931027 0.31893 0.177405 -0.23328 0.250695 0.205635 0.945974 0.378926 
1535173502549 0.265213 0.925206 -0.271396 -0.55136 -0.930961 0.318978 0.177663 -0.233193 0.250944 0.205541 0.945928 0.379023 
1535173502586 0.265083 0.925105 -0.271866 -0.551417 -0.930913 0.319014 0.177853 -0.23317 0.251261 0.205938 0.945758 0.379 
1535173502907 0.265123 0.92513 -0.271742 -0.551404 -0.930873 0.319052 0.177995 -0.233171 0.251368 0.205767 0.945766 0.379065 
1535173502935 0.265332 0.924973 -0.272072 -0.55142 -0.930664 0.319438 0.178394 -0.23311 0.25192 0.205874 0.945596 0.379108 
1535173503129 0.265193 0.925057 -0.271923 -0.551393 -0.930777 0.319215 0.178202 -0.233114 0.251649 0.205842 0.945675 0.379056 
1535173503398 0.265293 0.925015 -0.27197 -0.55136 -0.93073 0.319335 0.178231 -0.233098 0.251716 0.205848 0.945656 0.379062 
1535173503447 0.265228 0.924986 -0.272132 -0.551372 -0.930725 0.319324 0.17828 -0.233077 0.251805 0.205995 0.945601 0.379055 
1535173503708 0.265224 0.924981 -0.272152 -0.551373 -0.930723 0.319326 0.178286 -0.233077 0.251816 0.206012 0.945594 0.379053 
1535173503913 0.265233 0.924989 -0.272114 -0.551365 -0.930732 0.319318 0.178252 -0.233082 0.251772 0.205987 0.945611 0.379055 
1535173504314 0.265233 0.924989 -0.272114 -0.551365 -0.930732 0.319318 0.178252 -0.233082 0.251772 0.205987 0.945611 0.379055 
1535173520585 0.265265 0.924977 -0.272123 -0.551355 -0.930724 0.31935 0.178238 -0.233102 0.251769 0.205991 0.945611 0.379054 
1535173521648 0.263175 0.925269 -0.273159 -0.551504 -0.93127 0.317588 0.178531 -0.233562 0.251941 0.2074 0.945257 0.379186 
1535173522875 0.262967 0.925361 -0.273048 -0.551509 -0.931338 0.317361 0.178582 -0.233593 0.251908 0.207339 0.945279 0.379245 
1535173523761 0.262915 0.925404 -0.272954 -0.551512 -0.931355 0.31729 0.178618 -0.233629 0.251899 0.207256 0.9453 0.379281 
1535173523813 0.262915 0.925404 -0.272954 -0.551512 -0.931355 0.31729 0.178618 -0.233629 0.251899 0.207256 0.9453 0.379281 
1535173524064 0.262849 0.925409 -0.273001 -0.551532 -0.93138 0.317231 0.178592 -0.23367 0.251875 0.207325 0.945291 0.379266 
1535173524307 0.262311 0.925573 -0.272961 -0.551583 -0.931568 0.31668 0.178594 -0.23366 0.251743 0.207435 0.945302 0.379261 
1535173524344 0.262201 0.925644 -0.272824 -0.551585 -0.931639 0.316515 0.178515 -0.233657 0.251595 0.207367 0.945357 0.37925 
1535173524620 0.261993 0.925722 -0.272762 -0.551598 -0.931737 0.316271 0.178436 -0.233626 0.251449 0.207394 0.94539 0.379218 
1535173524757 0.261994 0.925715 -0.272782 -0.551635 -0.931747 0.316267 0.178388 -0.233614 0.251409 0.207427 0.945393 0.379186 
1535173525245 0.261994 0.925715 -0.272782 -0.551635 -0.931747 0.316267 0.178388 -0.233614 0.251409 0.207427 0.945393 0.379186 
1535173525312 0.262057 0.925784 -0.272488 -0.551605 -0.931864 0.31616 0.177965 -0.233639 0.250907 0.207285 0.945557 0.37907 
1535173525551 0.26204 0.925761 -0.272582 -0.551622 -0.931817 0.316204 0.178134 -0.233629 0.251101 0.207319 0.945498 0.379119 
1535173525978 0.261994 0.925775 -0.27258 -0.551627 -0.931808 0.316177 0.178227 -0.233623 0.251182 0.207298 0.945481 0.379156 
1535173526282 0.261994 0.925782 -0.272557 -0.551625 -0.931815 0.316167 0.178209 -0.233622 0.251156 0.207283 0.945492 0.379152 
1535173526796 0.262175 0.925731 -0.272557 -0.551625 -0.931755 0.316348 0.178205 -0.23362 0.251192 0.207235 0.945492 0.379152 
1535173527423 0.262187 0.925715 -0.272597 -0.55163 -0.931775 0.316348 0.1781 -0.233631 0.251106 0.207304 0.9455 0.379153 
1535173527847 0.262171 0.925674 -0.272754 -0.551643 -0.931754 0.316384 0.178144 -0.233633 0.251198 0.207435 0.945447 0.379147 
1535173528346 0.262206 0.925661 -0.272764 -0.551616 -0.931741 0.316422 0.178147 -0.233575 0.251212 0.207434 0.945444 0.379148 
1535173528883 0.262408 0.925599 -0.272778 -0.551594 -0.931618 0.316673 0.178343 -0.233617 0.251455 0.207326 0.945403 0.379238 
1535173529427 0.262564 0.925527 -0.272874 -0.551535 -0.931462 0.316933 0.178697 -0.23361 0.251872 0.207253 0.945308 0.379315 
1535173529656 0.262512 0.925513 -0.272971 -0.551531 -0.9314 0.316965 0.178962 -0.233518 0.252153 0.207265 0.94523 0.379388 
1535173530069 0.262764 0.925403 -0.273101 -0.551477 -0.931243 0.317301 0.179182 -0.233553 0.25247 0.207241 0.945151 0.379482 
1535173530119 0.262671 0.92532 -0.273471 -0.551478 -0.931155 0.317378 0.179503 -0.233555 0.252891 0.207494 0.944983 0.379554 
1535173530413 0.262703 0.925374 -0.273257 -0.551449 -0.931202 0.317322 0.179361 -0.23356 0.252687 0.207339 0.945071 0.379537 
1535173530619 0.262739 0.925323 -0.273395 -0.551436 -0.931159 0.31741 0.179428 -0.233504 0.252807 0.207432 0.945019 0.379481 
1535173530666 0.262662 0.92532 -0.273479 -0.551443 -0.931169 0.317362 0.179461 -0.233489 0.252851 0.207517 0.944988 0.379478 
1535173530955 0.262605 0.925267 -0.273714 -0.551467 -0.931141 0.31739 0.179558 -0.233461 0.253014 0.207714 0.944902 0.37947 
1535173530979 0.262866 0.925157 -0.273834 -0.551477 -0.931095 0.317639 0.179351 -0.233473 0.252908 0.20782 0.944906 0.37947 
1535173531116 0.262832 0.925217 -0.273665 -0.551455 -0.93107 0.317602 0.179549 -0.233447 0.253039 0.20761 0.944918 0.379472 
1535173531153 0.262698 0.925261 -0.273645 -0.551452 -0.931104 0.317474 0.179599 -0.233441 0.253051 0.207612 0.944914 0.379471 
1535173531374 0.26271 0.92524 -0.273705 -0.55146 -0.931138 0.317466 0.179437 -0.233461 0.252915 0.207717 0.944927 0.379473 
1535173531406 0.26271 0.92524 -0.273705 -0.55146 -0.931138 0.317466 0.179437 -0.233461 0.252915 0.207717 0.944927 0.379473 
1535173547717 0.26274 0.925247 -0.273654 -0.551453 -0.931114 0.317497 0.179505 -0.233452 0.252971 0.20764 0.944929 0.379473 
1535173549204 0.26285 0.925361 -0.273159 -0.551411 -0.93131 0.31732 0.178799 -0.233458 0.252132 0.207399 0.945206 0.379392 
1535173549781 0.263058 0.925349 -0.273003 -0.551397 -0.931294 0.317453 0.178645 -0.233519 0.251975 0.207252 0.94528 0.379427 
1535173549830 0.263058 0.925349 -0.273003 -0.551397 -0.931294 0.317453 0.178645 -0.233519 0.251975 0.207252 0.94528 0.379427 
1535173549983 0.263189 0.925314 -0.272992 -0.551422 -0.931325 0.317521 0.178366 -0.233518 0.251725 0.2073 0.945337 0.379332 
1535173550304 0.26316 0.925346 -0.272914 -0.551412 -0.93139 0.317432 0.178187 -0.23354 0.251516 0.207298 0.945393 0.379297 
1535173550358 0.26316 0.925346 -0.272914 -0.551412 -0.93139 0.317432 0.178187 -0.23354 0.251516 0.207298 0.945393 0.379297 
1535173550537 0.263326 0.925334 -0.272794 -0.551417 -0.93138 0.317536 0.17805 -0.233568 0.251377 0.20719 0.945453 0.379321 
1535173551017 0.26325 0.925361 -0.272777 -0.551406 -0.931421 0.317444 0.177999 -0.233571 0.251304 0.207212 0.945468 0.379305 
1535173551032 0.26325 0.925361 -0.272777 -0.551406 -0.931421 0.317444 0.177999 -0.233571 0.251304 0.207212 0.945468 0.379305 
1535173551251 0.263358 0.925344 -0.272729 -0.551394 -0.931435 0.317502 0.177823 -0.233612 0.25114 0.207198 0.945515 0.379238 
1535173551620 0.263572 0.925309 -0.27264 -0.551375 -0.931392 0.317675 0.177741 -0.233643 0.251076 0.207087 0.945556 0.37925 
1535173552300 0.263494 0.925435 -0.272287 -0.551485 -0.931681 0.317312 0.176871 -0.233551 0.250083 0.20708 0.94582 0.379013 
1535173552674 0.263562 0.925488 -0.272044 -0.551508 -0.931759 0.31725 0.176571 -0.233514 0.249721 0.206942 0.945946 0.378929 
1535173553163 0.263545 0.92554 -0.271881 -0.551516 -0.931824 0.317153 0.176402 -0.23349 0.249495 0.206856 0.946025 0.378957 
1535173553786 0.263442 0.925585 -0.271827 -0.551542 -0.931884 0.317019 0.176326 -0.233423 0.249379 0.20686 0.946055 0.378927 
1535173554194 0.263592 0.925541 -0.271833 -0.551539 -0.931876 0.317135 0.176161 -0.233423 0.249252 0.20688 0.946083 0.378863 
1535173554792 0.263748 0.925505 -0.271802 -0.551536 -0.931804 0.317301 0.176239 -0.23341 0.249353 0.206784 0.946078 0.378866 
1535173555372 0.263629 0.925475 -0.272022 -0.551548 -0.93185 0.317219 0.176146 -0.233378 0.24931 0.207046 0.946032 0.378866 
1535173555980 0.263592 0.925486 -0.272019 -0.551538 -0.931853 0.317189 0.176184 -0.233349 0.249337 0.207041 0.946026 0.378871 
1535173556461 0.263866 0.925337 -0.272263 -0.55153 -0.931636 0.317613 0.176566 -0.233354 0.249857 0.20706 0.945885 0.37899 
1535173557126 0.26387 0.925332 -0.272275 -0.551471 -0.931584 0.317662 0.176754 -0.233367 0.250048 0.207007 0.945846 0.379065 
1535173557454 0.26387 0.925318 -0.272323 -0.551451 -0.931524 0.317721 0.176964 -0.233268 0.250271 0.20698 0.945793 0.379131 
1535173557498 0.264111 0.925111 -0.27279 -0.551478 -0.931356 0.318123 0.177127 -0.233233 0.250643 0.207283 0.945628 0.379112 
1535173557808 0.263909 0.925273 -0.272436 -0.551431 -0.93149 0.317799 0.177005 -0.233242 0.250358 0.207058 0.945753 0.37913 
1535173557835 0.264124 0.925091 -0.272846 -0.551421 -0.931229 0.318248 0.177566 -0.233256 0.251098 0.207183 0.945529 0.37925 
1535173558025 0.264116 0.92515 -0.272654 -0.551399 -0.931342 0.318113 0.17722 -0.233258 0.25069 0.207127 0.945649 0.379142 
1535173558062 0.26411 0.925142 -0.272688 -0.551403 -0.931341 0.318116 0.17722 -0.233255 0.2507 0.20716 0.94564 0.379135 
1535173558418 0.264064 0.925077 -0.272953 -0.551441 -0.931272 0.31819 0.177446 -0.233238 0.251002 0.207336 0.945521 0.379175 
1535173558443 0.264378 0.925005 -0.272891 -0.551434 -0.931152 0.318504 0.177513 -0.233235 0.251117 0.207172 0.945526 0.379212 
1535173558622 0.264247 0.925043 -0.27289 -0.551435 -0.931197 0.318373 0.177514 -0.233236 0.251089 0.207207 0.945526 0.379212 
1535173558659 0.264226 0.925049 -0.27289 -0.551434 -0.931204 0.318351 0.177515 -0.233235 0.251085 0.207212 0.945526 0.379212 
1535173559021 0.264255 0.925041 -0.27289 -0.551435 -0.931194 0.318381 0.177514 -0.233235 0.251091 0.207204 0.945526 0.379212 
1535173559048 0.264251 0.925043 -0.272885 -0.551428 -0.931195 0.318375 0.177517 -0.23322 0.251091 0.207201 0.945527 0.379212 
1535173559225 0.264248 0.925045 -0.272884 -0.551428 -0.931197 0.318372 0.177517 -0.233218 0.25109 0.2072 0.945527 0.379213 
1535173559604 0.264248 0.925045 -0.272884 -0.551428 -0.931197 0.318372 0.177517 -0.233218 0.25109 0.2072 0.945527 0.379213 
1535173578851 0.264233 0.925049 -0.272882 -0.551425 -0.931201 0.318357 0.177521 -0.233211 0.251089 0.207202 0.945527 0.379213 
1535173580225 0.263834 0.92516 -0.272892 -0.551439 -0.931336 0.317959 0.177524 -0.233245 0.251007 0.207318 0.945524 0.379214 
1535173580244 0.263388 0.925241 -0.27305 -0.551512 -0.931291 0.317704 0.178216 -0.23339 0.251642 0.207349 0.945348 0.379334 
1535173580508 0.263477 0.925225 -0.273018 -0.551482 -0.931341 0.317721 0.177925 -0.233355 0.251365 0.207394 0.945412 0.379302 
1535173580971 0.263436 0.925192 -0.27317 -0.551514 -0.931349 0.317715 0.177896 -0.233421 0.251378 0.207552 0.945374 0.379251 
1535173581744 0.26334 0.925259 -0.273034 -0.551509 -0.931377 0.317595 0.177961 -0.233448 0.251375 0.207433 0.945401 0.379247 
1535173581792 0.26323 0.925383 -0.27272 -0.551491 -0.93152 0.317338 0.177673 -0.233524 0.25096 0.207276 0.945545 0.379187 
1535173582226 0.263304 0.925303 -0.272919 -0.551515 -0.931457 0.317481 0.177744 -0.233514 0.251114 0.207411 0.945475 0.379178 
1535173582249 0.263335 0.925361 -0.272692 -0.551507 -0.931524 0.317405 0.177531 -0.233524 0.250834 0.207269 0.94558 0.379128 
1535173582554 0.263314 0.925327 -0.272829 -0.551525 -0.931506 0.31743 0.177578 -0.233519 0.250922 0.207383 0.945532 0.379121 
1535173582969 0.263254 0.925366 -0.272754 -0.551573 -0.931539 0.317346 0.177556 -0.233466 0.250862 0.207339 0.945557 0.379102 
1535173583564 0.263335 0.925348 -0.272738 -0.551576 -0.931565 0.31738 0.177361 -0.233507 0.250682 0.207368 0.945599 0.37903 
1535173583896 0.263371 0.925372 -0.272622 -0.551567 -0.931545 0.3174 0.177431 -0.233513 0.25072 0.207229 0.945619 0.37908 
1535173584439 0.26337 0.925363 -0.272653 -0.551568 -0.931564 0.317389 0.177349 -0.233516 0.250649 0.207285 0.945626 0.379042 
1535173585007 0.263394 0.925415 -0.272455 -0.551521 -0.931588 0.317349 0.177294 -0.233464 0.250533 0.207118 0.945693 0.379052 
1535173585485 0.263464 0.92538 -0.272503 -0.551522 -0.931554 0.317437 0.177316 -0.233447 0.250587 0.207135 0.945675 0.37905 
1535173586008 0.263384 0.925382 -0.272576 -0.551521 -0.93156 0.317388 0.177372 -0.233412 0.250649 0.207204 0.945643 0.379056 
1535173586641 0.263472 0.925345 -0.272615 -0.551519 -0.931515 0.317496 0.177414 -0.233391 0.250724 0.207201 0.945624 0.379064 
1535173587085 0.263462 0.925285 -0.272829 -0.551522 -0.931414 0.317614 0.177734 -0.233357 0.251109 0.207291 0.945502 0.379154 
1535173587562 0.263574 0.925255 -0.272823 -0.551471 -0.931296 0.31779 0.178035 -0.233316 0.251428 0.207154 0.945448 0.379233 
1535173587882 0.263688 0.925199 -0.272901 -0.55142 -0.931212 0.317958 0.178179 -0.233316 0.251622 0.207145 0.945398 0.379292 
1535173588465 0.263825 0.925119 -0.27304 -0.551404 -0.9311 0.318175 0.178374 -0.233375 0.251892 0.207168 0.945321 0.379362 
1535173588513 0.263978 0.924952 -0.273459 -0.551405 -0.930898 0.318534 0.178789 -0.233314 0.252477 0.207367 0.945121 0.37945 
1535173588741 0.263937 0.925057 -0.273143 -0.551375 -0.931001 0.318357 0.178564 -0.23337 0.252139 0.207167 0.945255 0.379424 
1535173588771 0.264179 0.924873 -0.273533 -0.551424 -0.93083 0.318749 0.178757 -0.233353 0.252515 0.207389 0.945106 0.379415 
1535173588795 0.264214 0.924862 -0.273534 -0.551424 -0.930815 0.318787 0.178771 -0.233353 0.252537 0.207375 0.945103 0.37942 
1535173588996 0.264115 0.924922 -0.273429 -0.551411 -0.930865 0.318653 0.178745 -0.233358 0.252454 0.207316 0.945139 0.379429 
1535173589022 0.264065 0.924905 -0.273533 -0.551414 -0.930854 0.318647 0.178816 -0.233321 0.252548 0.2074 0.945095 0.379433 
1535173589287 0.264156 0.924857 -0.273606 -0.551419 -0.930807 0.318765 0.178849 -0.233307 0.252626 0.20743 0.945068 0.37943 
1535173589318 0.264156 0.924857 -0.273606 -0.551419 -0.930807 0.318765 0.178849 -0.233307 0.252626 0.20743 0.945068 0.37943 
1535173589483 0.264245 0.924867 -0.273489 -0.551399 -0.930797 0.318815 0.178811 -0.233296 0.252569 0.207312 0.945109 0.379436 
1535173589845 0.26424 0.92487 -0.273482 -0.551395 -0.9308 0.318808 0.178811 -0.23329 0.252565 0.207308 0.945111 0.379436 
1535173590225 0.26424 0.92487 -0.273482 -0.551395 -0.9308 0.318808 0.178811 -0.23329 0.252565 0.207308 0.945111 0.379436 
1535173614931 0.26424 0.92487 -0.273482 -0.551395 -0.9308 0.318808 0.178811 -0.23329 0.252565 0.207308 0.945111 0.379436 
1535173615138 0.264236 0.924882 -0.273448 -0.551386 -0.930807 0.318792 0.178801 -0.233279 0.252543 0.207281 0.945122 0.379439 
1535173615248 0.264236 0.924882 -0.273448 -0.551386 -0.930807 0.318792 0.178801 -0.233279 0.252543 0.207281 0.945122 0.379439 
1535173615369 0.264236 0.924882 -0.273448 -0.551386 -0.930807 0.318792 0.178801 -0.233279 0.252543 0.207281 0.945122 0.379439 
1535173615556 0.264236 0.924882 -0.273448 -0.551386 -0.930807 0.318792 0.178801 -0.233279 0.252543 0.207281 0.945122 0.379439 
1535173615743 0.267082 0.924034 -0.273549 -0.56106 -0.929843 0.321658 0.178685 -0.232658 0.2531 0.206634 0.945115 0.38031 
1535173615867 0.267082 0.924034 -0.273549 -0.56106 -0.929843 0.321658 0.178685 -0.232658 0.2531 0.206634 0.945115 0.38031 
1535173616778 0.274732 0.921598 -0.274187 -0.591299 -0.927516 0.329178 0.177073 -0.23071 0.253447 0.205666 0.945234 0.383017 
1535173617018 0.275242 0.921379 -0.274411 -0.592905 -0.927308 0.329756 0.177091 -0.2307 0.253657 0.205721 0.945165 0.383065 
1535173617265 0.275242 0.921379 -0.274411 -0.592905 -0.927308 0.329756 0.177091 -0.2307 0.253657 0.205721 0.945165 0.383065 
1535173617400 0.276184 0.921125 -0.27432 -0.596014 -0.927003 0.33066 0.177003 -0.230483 0.253748 0.20541 0.945208 0.383417 
1535173617598 0.276184 0.921125 -0.27432 -0.596014 -0.927003 0.33066 0.177003 -0.230483 0.253748 0.20541 0.945208 0.383417 
1535173617865 0.27644 0.92099 -0.274515 -0.5994 -0.927016 0.330869 0.176542 -0.230114 0.253422 0.205677 0.945238 0.383713 
1535173617902 0.27644 0.92099 -0.274515 -0.5994 -0.927016 0.330869 0.176542 -0.230114 0.253422 0.205677 0.945238 0.383713 
1535173617916 0.27644 0.92099 -0.274515 -0.5994 -0.927016 0.330869 0.176542 -0.230114 0.253422 0.205677 0.945238 0.383713 
1535173618040 0.27671 0.920921 -0.274473 -0.599562 -0.927004 0.331064 0.176238 -0.230248 0.253169 0.205671 0.945307 0.383782 
1535173618066 0.27671 0.920921 -0.274473 -0.599562 -0.927004 0.331064 0.176238 -0.230248 0.253169 0.205671 0.945307 0.383782 
1535173618192 0.277068 0.920774 -0.274606 -0.600728 -0.92687 0.331454 0.176209 -0.230242 0.253268 0.205703 0.945273 0.383821 
1535173618358 0.276817 0.920887 -0.27448 -0.601057 -0.926993 0.331151 0.176134 -0.230054 0.253094 0.205684 0.945324 0.383912 
1535173618660 0.277253 0.920754 -0.274488 -0.601162 -0.926856 0.331575 0.176055 -0.230251 0.253117 0.205599 0.945336 0.383936 
1535173618673 0.277253 0.920754 -0.274488 -0.601162 -0.926856 0.331575 0.176055 -0.230251 0.253117 0.205599 0.945336 0.383936 
1535173618837 0.276979 0.92085 -0.27444 -0.601218 -0.926968 0.331279 0.176024 -0.230178 0.253008 0.205642 0.945356 0.383954 
1535173619177 0.27722 0.920768 -0.274474 -0.601195 -0.926888 0.331523 0.175985 -0.23027 0.253036 0.20562 0.945354 0.38395 
1535173619207 0.27722 0.920768 -0.274474 -0.601195 -0.926888 0.331523 0.175985 -0.23027 0.253036 0.20562 0.945354 0.38395 
1535173619377 0.277023 0.920821 -0.274493 -0.60124 -0.926954 0.331332 0.175997 -0.230235 0.25301 0.205687 0.945346 0.383937 
1535173619785 0.277126 0.920786 -0.274509 -0.601236 -0.926922 0.331435 0.175973 -0.230274 0.253015 0.205681 0.945346 0.383932 
1535173619820 0.277126 0.920786 -0.274509 -0.601236 -0.926922 0.331435 0.175973 -0.230274 0.253015 0.205681 0.945346 0.383932 
1535173619997 0.277086 0.92079 -0.274535 -0.601251 -0.926947 0.331391 0.175924 -0.230252 0.252968 0.205733 0.945347 0.383897 
1535173620440 0.277151 0.920767 -0.274546 -0.601244 -0.926927 0.331456 0.175909 -0.230288 0.252971 0.205731 0.945347 0.383896 
1535173620465 0.277151 0.920767 -0.274546 -0.601244 -0.926927 0.331456 0.175909 -0.230288 0.252971 0.205731 0.945347 0.383896 
1535173620640 0.276993 0.920859 -0.274398 -0.601581 -0.926961 0.331287 0.176046 -0.23001 0.253018 0.205593 0.945364 0.383903 
1535173620866 0.27712 0.921179 -0.273191 -0.601217 -0.927105 0.331031 0.17577 -0.230309 0.252351 0.204567 0.945765 0.383876 
1535173621053 0.276972 0.922142 -0.270077 -0.601238 -0.927647 0.329893 0.175046 -0.230307 0.250513 0.202054 0.946793 0.383751 
1535173621070 0.276972 0.922142 -0.270077 -0.601238 -0.927647 0.329893 0.175046 -0.230307 0.250513 0.202054 0.946793 0.383751 
1535173621277 0.276707 0.9221 -0.27049 -0.601325 -0.927666 0.329766 0.175184 -0.230169 0.250735 0.20245 0.94665 0.383806 
1535173621524 0.27691 0.921438 -0.272531 -0.60145 -0.927296 0.3306 0.175573 -0.230152 0.251879 0.204099 0.945992 0.383928 
1535173621747 0.27693 0.921228 -0.273219 -0.6015 -0.927235 0.330795 0.17553 -0.230068 0.252082 0.204729 0.945802 0.383933 
1535173621945 0.276752 0.921041 -0.274028 -0.601546 -0.927333 0.330742 0.17511 -0.229939 0.251916 0.205653 0.945645 0.383922 
1535173622269 0.277012 0.920869 -0.274343 -0.601496 -0.92733 0.330989 0.174657 -0.229941 0.251641 0.206024 0.945638 0.383961 
1535173622629 0.277068 0.921189 -0.273213 -0.601455 -0.92756 0.330626 0.174121 -0.229965 0.25073 0.205178 0.946064 0.38397 
1535173622868 0.276851 0.921398 -0.272725 -0.601507 -0.927816 0.33017 0.173622 -0.229849 0.25002 0.204972 0.946296 0.38391 
1535173623019 0.276819 0.921818 -0.271334 -0.601497 -0.92827 0.329514 0.172442 -0.229821 0.248368 0.204136 0.946912 0.383904 
1535173623080 0.276624 0.92216 -0.270369 -0.601527 -0.928606 0.328918 0.171766 -0.229684 0.247325 0.203552 0.94731 0.383857 
1535173623295 0.276692 0.922132 -0.270397 -0.601517 -0.928557 0.329012 0.171851 -0.229736 0.247433 0.20353 0.947287 0.383886 
1535173623333 0.276358 0.922305 -0.270149 -0.601472 -0.928687 0.32862 0.171897 -0.229848 0.247318 0.203379 0.947349 0.38397 
1535173623550 0.276129 0.92233 -0.270297 -0.601516 -0.928751 0.328432 0.171912 -0.229758 0.247333 0.203568 0.947305 0.383935 
1535173623861 0.276505 0.921411 -0.273032 -0.601446 -0.928178 0.329683 0.172611 -0.229777 0.249059 0.205695 0.946393 0.384005 
1535173623885 0.276741 0.921035 -0.274059 -0.601461 -0.92798 0.330207 0.172673 -0.229806 0.249534 0.206535 0.946084 0.384025 
1535173624123 0.276821 0.921057 -0.273904 -0.601432 -0.927955 0.330256 0.172713 -0.229847 0.249537 0.206361 0.946122 0.38403 
1535173624157 0.276609 0.920949 -0.274483 -0.601465 -0.927896 0.330263 0.173021 -0.229826 0.249995 0.206833 0.945898 0.384037 
1535173624458 0.276747 0.920984 -0.274224 -0.601424 -0.927888 0.330319 0.172955 -0.229821 0.24987 0.206584 0.945985 0.38409 
1535173624786 0.276814 0.920905 -0.274424 -0.601437 -0.92786 0.330427 0.1729 -0.229836 0.249901 0.206766 0.945937 0.384033 
1535173624833 0.276853 0.920778 -0.274809 -0.60146 -0.927747 0.330621 0.173132 -0.229884 0.250274 0.207021 0.945783 0.384086 
1535173625019 0.27694 0.920838 -0.27452 -0.601416 -0.927766 0.330612 0.173048 -0.229915 0.250109 0.206767 0.945882 0.384105 
1535173625057 0.276777 0.920778 -0.274888 -0.601431 -0.927762 0.330569 0.173154 -0.229881 0.250306 0.207105 0.945756 0.384108 
1535173625249 0.276791 0.920787 -0.274842 -0.601403 -0.927794 0.330543 0.173028 -0.229909 0.250169 0.207104 0.945792 0.384122 
1535173625619 0.276864 0.920733 -0.274949 -0.601385 -0.927733 0.330666 0.17312 -0.229978 0.250314 0.207148 0.945744 0.384147 
1535173625932 0.276477 0.920769 -0.275217 -0.601397 -0.927829 0.330363 0.173189 -0.229904 0.250388 0.207471 0.945654 0.384166 
1535173625983 0.276499 0.920733 -0.275316 -0.601431 -0.927693 0.330509 0.173635 -0.229912 0.250865 0.207399 0.945543 0.384218 
1535173626306 0.276493 0.920759 -0.275236 -0.601423 -0.927725 0.330463 0.173551 -0.229929 0.250753 0.207358 0.945582 0.38424 
1535173626334 0.276349 0.92082 -0.275175 -0.601447 -0.927543 0.3305 0.174454 -0.229996 0.251586 0.207026 0.945434 0.384149 
1535173626543 0.276432 0.920781 -0.275222 -0.601448 -0.927636 0.330491 0.173975 -0.230013 0.251151 0.207214 0.945508 0.384203 
1535173626577 0.276362 0.920959 -0.274697 -0.601424 -0.927453 0.330492 0.174945 -0.230032 0.251902 0.206421 0.945482 0.384282 
1535173626788 0.276282 0.920963 -0.274764 -0.601439 -0.927452 0.330448 0.175034 -0.230073 0.251996 0.206471 0.945446 0.38426 
1535173626820 0.275829 0.921068 -0.274867 -0.601499 -0.927305 0.330265 0.176155 -0.230099 0.25303 0.206297 0.945208 0.384193 
1535173627057 0.276004 0.921097 -0.274595 -0.601477 -0.927361 0.330293 0.175809 -0.230083 0.252634 0.206125 0.945351 0.3843 
1535173627085 0.275834 0.921211 -0.274382 -0.601532 -0.927251 0.330219 0.176522 -0.230122 0.25322 0.20573 0.94528 0.384292 
1535173627296 0.275733 0.921224 -0.274441 -0.601521 -0.927351 0.330077 0.176262 -0.230051 0.252963 0.205902 0.945312 0.384351 
1535173627330 0.275862 0.921216 -0.274338 -0.601511 -0.927195 0.330277 0.17671 -0.229978 0.253396 0.205617 0.945258 0.384372 
1535173627554 0.275885 0.921147 -0.274546 -0.601538 -0.927279 0.330264 0.176291 -0.230037 0.253063 0.205945 0.945276 0.384355 
1535173627585 0.276039 0.920938 -0.275094 -0.601475 -0.927143 0.330591 0.176397 -0.230007 0.253394 0.206359 0.945097 0.384317 
1535173627729 0.275999 0.921024 -0.274845 -0.601489 -0.927201 0.330467 0.176322 -0.230033 0.253224 0.206172 0.945183 0.384325 
1535173627958 0.276143 0.920873 -0.275205 -0.601466 -0.927099 0.330722 0.176381 -0.230072 0.253441 0.206436 0.945067 0.384396 
1535173628496 0.276143 0.920873 -0.275205 -0.601466 -0.927099 0.330722 0.176381 -0.230072 0.253441 0.206436 0.945067 0.384396 
1535173636854 0.276107 0.920778 -0.275558 -0.601462 -0.927117 0.330749 0.176235 -0.229942 0.253414 0.206815 0.944991 0.384394 
1535173637617 0.275859 0.921989 -0.271733 -0.60163 -0.927965 0.329152 0.174758 -0.230058 0.250566 0.20395 0.946372 0.383806 
1535173638171 0.276065 0.922034 -0.271368 -0.601617 -0.92795 0.329243 0.174665 -0.23014 0.250393 0.203597 0.946494 0.383778 
1535173638218 0.276065 0.922034 -0.271368 -0.601617 -0.92795 0.329243 0.174665 -0.23014 0.250393 0.203597 0.946494 0.383778 
1535173638341 0.275765 0.9223 -0.27077 -0.601673 -0.928258 0.328664 0.174116 -0.230135 0.249579 0.203329 0.946767 0.38359 
1535173638517 0.276213 0.922371 -0.270071 -0.601586 -0.928008 0.329057 0.17471 -0.230187 0.250016 0.202371 0.946857 0.383778 
1535173638577 0.275844 0.922828 -0.268885 -0.601706 -0.928362 0.32828 0.174288 -0.230047 0.249108 0.201546 0.947272 0.383673 
1535173638685 0.276025 0.923114 -0.267712 -0.601668 -0.928491 0.328085 0.173966 -0.230178 0.248423 0.200549 0.947663 0.383667 
1535173638707 0.276106 0.923262 -0.267117 -0.601671 -0.928548 0.327986 0.173852 -0.230206 0.248122 0.20003 0.947852 0.383668 
1535173638722 0.276083 0.923307 -0.266988 -0.601679 -0.928571 0.327926 0.173841 -0.230191 0.248061 0.199923 0.947891 0.383665 
1535173638997 0.275862 0.923012 -0.268235 -0.601698 -0.928544 0.328023 0.1738 -0.230118 0.248406 0.201123 0.947546 0.383641 
1535173639025 0.275902 0.922842 -0.268777 -0.601697 -0.92842 0.328255 0.174024 -0.230065 0.248824 0.201524 0.947351 0.383657 
1535173639049 0.275887 0.922755 -0.269089 -0.601711 -0.928384 0.328332 0.17407 -0.230064 0.248975 0.201795 0.947254 0.383619 
1535173639219 0.275916 0.922682 -0.269311 -0.601686 -0.928365 0.328411 0.174027 -0.230123 0.249016 0.202002 0.947199 0.383574 
1535173639243 0.275883 0.922773 -0.269031 -0.601658 -0.928436 0.328276 0.173899 -0.23014 0.248786 0.201803 0.947302 0.383591 
1535173639263 0.275861 0.922742 -0.269162 -0.601674 -0.928423 0.328295 0.173934 -0.230135 0.24886 0.201914 0.947259 0.383586 
1535173639450 0.275805 0.922658 -0.269507 -0.601718 -0.928393 0.328345 0.174003 -0.230124 0.249036 0.202218 0.947148 0.383574 
1535173639477 0.275889 0.922632 -0.269511 -0.601717 -0.928371 0.328423 0.173968 -0.230122 0.249022 0.20221 0.947153 0.383575 
1535173639677 0.275892 0.922629 -0.269517 -0.601719 -0.928375 0.328424 0.173948 -0.230123 0.249005 0.202222 0.947155 0.383575 
1535173639709 0.275889 0.922623 -0.269539 -0.601719 -0.928391 0.328413 0.173883 -0.230124 0.248948 0.202265 0.947161 0.383546 
1535173639881 0.275804 0.922677 -0.269441 -0.601706 -0.928442 0.328292 0.173841 -0.230126 0.248854 0.202214 0.947196 0.383549 
1535173639909 0.27504 0.923011 -0.269078 -0.601646 -0.928764 0.327414 0.173776 -0.230072 0.248497 0.202114 0.947311 0.383594 
1535173640102 0.275248 0.922982 -0.268965 -0.601624 -0.928701 0.327593 0.173775 -0.230058 0.248502 0.201957 0.947344 0.38363 
1535173640136 0.275632 0.92274 -0.269403 -0.601679 -0.928529 0.32809 0.173753 -0.230061 0.248717 0.202256 0.947223 0.383614 
1535173640398 0.275488 0.922841 -0.269204 -0.601652 -0.928644 0.327856 0.173582 -0.230078 0.248449 0.202175 0.947311 0.383625 
1535173640686 0.275512 0.922724 -0.26958 -0.601613 -0.92869 0.327906 0.173241 -0.230092 0.248251 0.202626 0.947267 0.383576 
1535173640734 0.275512 0.922724 -0.26958 -0.601613 -0.92869 0.327906 0.173241 -0.230092 0.248251 0.202626 0.947267 0.383576 
1535173640882 0.275496 0.922681 -0.269745 -0.601605 -0.928805 0.327833 0.172765 -0.230031 0.247838 0.202944 0.947307 0.383593 
1535173641168 0.275468 0.923191 -0.268021 -0.601611 -0.929061 0.32728 0.172432 -0.230038 0.246906 0.201509 0.947856 0.383499 
1535173641196 0.275661 0.923419 -0.267035 -0.601588 -0.929211 0.327112 0.171941 -0.230089 0.246124 0.200734 0.948224 0.383484 
1535173641220 0.275661 0.923419 -0.267035 -0.601588 -0.929211 0.327112 0.171941 -0.230089 0.246124 0.200734 0.948224 0.383484 
1535173641427 0.275565 0.92307 -0.26834 -0.601624 -0.929097 0.32738 0.17205 -0.230031 0.246663 0.201903 0.947836 0.383514 
1535173641717 0.27567 0.922794 -0.26918 -0.601614 -0.929052 0.327648 0.171781 -0.22994 0.246715 0.202727 0.947646 0.383516 
1535173641785 0.27567 0.922794 -0.26918 -0.601614 -0.929052 0.327648 0.171781 -0.22994 0.246715 0.202727 0.947646 0.383516 
1535173641920 0.275859 0.922593 -0.269674 -0.60158 -0.929056 0.327873 0.171334 -0.229958 0.24649 0.203278 0.947587 0.38361 
1535173642343 0.275508 0.922779 -0.269396 -0.601602 -0.929161 0.327484 0.171508 -0.229878 0.246487 0.20306 0.947634 0.383608 
1535173642372 0.275508 0.922779 -0.269396 -0.601602 -0.929161 0.327484 0.171508 -0.229878 0.246487 0.20306 0.947634 0.383608 
1535173642522 0.275839 0.922331 -0.270589 -0.601542 -0.92909 0.327999 0.170902 -0.229992 0.246381 0.204261 0.947404 0.38358 
1535173642718 0.274088 0.922775 -0.270854 -0.601482 -0.928744 0.327082 0.174507 -0.23012 0.249622 0.203724 0.946671 0.383835 
1535173642993 0.271984 0.922901 -0.272542 -0.601336 -0.92843 0.326147 0.177893 -0.23023 0.253067 0.204652 0.945555 0.384009 
1535173643011 0.271419 0.922894 -0.273129 -0.601204 -0.928231 0.326014 0.179172 -0.230491 0.254401 0.204896 0.945144 0.384106 
1535173643024 0.271419 0.922894 -0.273129 -0.601204 -0.928231 0.326014 0.179172 -0.230491 0.254401 0.204896 0.945144 0.384106 
1535173643218 0.272347 0.922826 -0.272432 -0.601326 -0.928454 0.326368 0.177363 -0.230217 0.252588 0.204636 0.945687 0.383957 
1535173643443 0.273969 0.922663 -0.271356 -0.601423 -0.928828 0.327023 0.174169 -0.230124 0.249439 0.204326 0.946589 0.383905 
1535173643467 0.274354 0.922594 -0.271203 -0.601432 -0.928892 0.327217 0.173463 -0.230126 0.248778 0.204328 0.946763 0.383833 
1535173643719 0.274547 0.92262 -0.270917 -0.601462 -0.928976 0.327232 0.172979 -0.230034 0.248247 0.204185 0.946933 0.383798 
1535173644073 0.274668 0.922622 -0.270788 -0.601465 -0.92903 0.32725 0.172656 -0.230065 0.247911 0.204148 0.947029 0.383821 
1535173644314 0.274722 0.922569 -0.270916 -0.601475 -0.929059 0.327289 0.172428 -0.230076 0.247744 0.204327 0.947034 0.383734 
1535173644357 0.27511 0.922378 -0.271171 -0.601507 -0.928934 0.327717 0.172288 -0.230084 0.247782 0.204501 0.946986 0.383754 
1535173644545 0.274834 0.922455 -0.271189 -0.601509 -0.929032 0.327443 0.172281 -0.230084 0.247721 0.204595 0.946982 0.383759 
1535173644862 0.274775 0.922435 -0.271316 -0.601518 -0.929041 0.327416 0.172282 -0.23006 0.247753 0.204725 0.946946 0.383798 
1535173644909 0.274817 0.922311 -0.271695 -0.601494 -0.928992 0.327558 0.172279 -0.230098 0.24789 0.205057 0.946838 0.383823 
1535173645145 0.274876 0.922367 -0.271443 -0.601474 -0.928998 0.327548 0.172264 -0.230101 0.247801 0.204819 0.946913 0.383848 
1535173645173 0.274819 0.922448 -0.271226 -0.601484 -0.928937 0.327517 0.172652 -0.230034 0.248094 0.204504 0.946904 0.383888 
1535173645186 0.274819 0.922448 -0.271226 -0.601484 -0.928937 0.327517 0.172652 -0.230034 0.248094 0.204504 0.946904 0.383888 
1535173645413 0.274826 0.922433 -0.271271 -0.601497 -0.928966 0.327506 0.172515 -0.230044 0.247976 0.20459 0.946916 0.3839 
1535173645444 0.27464 0.922483 -0.271289 -0.601536 -0.928733 0.327569 0.17365 -0.230111 0.249055 0.204264 0.946704 0.383845 
1535173645585 0.274752 0.92245 -0.271287 -0.601535 -0.928824 0.327573 0.173151 -0.230126 0.24859 0.204405 0.946796 0.383914 
1535173645761 0.274658 0.922566 -0.27099 -0.601541 -0.928679 0.327569 0.173934 -0.230219 0.249233 0.20389 0.946737 0.383882 
1535173645802 0.274574 0.92258 -0.271028 -0.601546 -0.928687 0.327509 0.174004 -0.230224 0.249297 0.203923 0.946713 0.383893 
1535173646014 0.274146 0.922758 -0.270854 -0.601546 -0.928585 0.327253 0.175028 -0.230202 0.250146 0.203528 0.946574 0.383871 
1535173646038 0.274231 0.922778 -0.270701 -0.601559 -0.928503 0.327351 0.175281 -0.230311 0.25036 0.203279 0.946571 0.383854 
1535173646302 0.274226 0.922809 -0.270598 -0.601554 -0.928481 0.327347 0.175407 -0.230291 0.250447 0.203144 0.946578 0.383923 
1535173646522 0.274259 0.922747 -0.270778 -0.601568 -0.928479 0.327405 0.175306 -0.23027 0.250417 0.203332 0.946545 0.383923 
1535173646570 0.274132 0.922775 -0.270808 -0.601548 -0.92852 0.327287 0.17531 -0.230194 0.250404 0.203393 0.946535 0.383948 
1535173646881 0.274244 0.922667 -0.271066 -0.601566 -0.928405 0.32751 0.175505 -0.230119 0.250709 0.203528 0.946425 0.383984 
1535173647127 0.274388 0.922549 -0.271513 -0.601531 -0.928441 0.327533 0.17527 -0.230079 0.250624 0.204025 0.946341 0.384051 
1535173647537 0.274233 0.922502 -0.271636 -0.601535 -0.928426 0.327594 0.175237 -0.230077 0.250642 0.204138 0.946312 0.384047 
1535173671802 0.27458 0.922315 -0.271922 -0.601486 -0.928276 0.328019 0.175236 -0.230172 0.250819 0.204302 0.94623 0.384043 
1535173672359 0.276209 0.92299 -0.267952 -0.601547 -0.92794 0.328706 0.175727 -0.229936 0.250272 0.200106 0.947271 0.383681 
1535173673110 0.276284 0.923065 -0.267617 -0.601553 -0.927924 0.328708 0.175806 -0.229928 0.250248 0.199756 0.947351 0.383655 
1535173673322 0.276435 0.923097 -0.267349 -0.601575 -0.927884 0.328799 0.17585 -0.229875 0.250231 0.199457 0.947418 0.383576 
1535173673814 0.276237 0.923143 -0.267395 -0.601561 -0.927908 0.328645 0.17601 -0.22986 0.250361 0.199497 0.947376 0.383675 
1535173674077 0.276133 0.923187 -0.267351 -0.601549 -0.927913 0.328558 0.176146 -0.229819 0.250456 0.199438 0.947363 0.383652 
1535173674566 0.276797 0.923127 -0.266871 -0.601529 -0.92779 0.329044 0.175889 -0.229937 0.25018 0.198915 0.947546 0.383531 
1535173674794 0.277054 0.92303 -0.26694 -0.601543 -0.927663 0.329343 0.175994 -0.229975 0.250362 0.19887 0.947507 0.38342 
1535173675171 0.277066 0.923055 -0.266839 -0.601557 -0.927649 0.329343 0.176071 -0.229956 0.250405 0.19875 0.947521 0.383405 
1535173675414 0.277136 0.923055 -0.266767 -0.601573 -0.927653 0.329377 0.175986 -0.229976 0.250312 0.198695 0.947557 0.383395 
1535173675451 0.277206 0.923165 -0.266314 -0.601521 -0.927658 0.329337 0.176034 -0.229977 0.250215 0.198251 0.947676 0.383401 
1535173675773 0.277196 0.923149 -0.266379 -0.601527 -0.927663 0.329338 0.176005 -0.229978 0.250207 0.198322 0.947663 0.383365 
1535173675800 0.277098 0.923125 -0.266564 -0.601541 -0.92781 0.329186 0.175514 -0.229964 0.24977 0.198686 0.947702 0.383401 
1535173675978 0.277042 0.923174 -0.266453 -0.601523 -0.92777 0.329156 0.175783 -0.22992 0.249983 0.198508 0.947683 0.383387 
1535173676022 0.277066 0.923112 -0.266644 -0.601528 -0.927886 0.329117 0.175241 -0.22993 0.249524 0.198862 0.94773 0.383395 
1535173676206 0.277062 0.923041 -0.266893 -0.601529 -0.927872 0.329173 0.17521 -0.229872 0.24958 0.199098 0.947665 0.383452 
1535173676243 0.277116 0.923014 -0.266929 -0.601486 -0.927979 0.329134 0.174718 -0.229901 0.249122 0.199287 0.947746 0.383493 
1535173676433 0.277075 0.9229 -0.267368 -0.601498 -0.927979 0.329188 0.174618 -0.229901 0.249169 0.19973 0.947641 0.383476 
1535173676620 0.277363 0.922749 -0.267589 -0.601462 -0.928045 0.329383 0.173895 -0.229814 0.2486 0.200103 0.947711 0.383457 
1535173676660 0.277361 0.922776 -0.267497 -0.601449 -0.928036 0.329372 0.173966 -0.229805 0.248637 0.199995 0.947724 0.383459 
1535173677009 0.277441 0.922628 -0.267926 -0.601431 -0.928134 0.32943 0.173328 -0.229803 0.24818 0.200583 0.94772 0.38347 
1535173677037 0.277358 0.922502 -0.268443 -0.601393 -0.92826 0.329366 0.172774 -0.229878 0.2478 0.201265 0.947675 0.38349 
1535173677307 0.277327 0.922582 -0.268203 -0.601394 -0.928214 0.329336 0.173079 -0.229818 0.248008 0.20095 0.947687 0.383486 
1535173677666 0.277305 0.922565 -0.268283 -0.601412 -0.928195 0.32935 0.173153 -0.229802 0.248104 0.201003 0.947651 0.383513 
1535173677716 0.277366 0.922433 -0.268675 -0.601433 -0.928143 0.32951 0.173131 -0.229874 0.248233 0.201348 0.947544 0.383597 
1535173677962 0.277391 0.922508 -0.268388 -0.601389 -0.92812 0.329493 0.173285 -0.229866 0.248289 0.201029 0.947597 0.383605 
1535173678433 0.277484 0.922439 -0.268531 -0.601374 -0.928106 0.329598 0.17316 -0.229941 0.248237 0.201176 0.947579 0.383571 
1535173678823 0.277426 0.922402 -0.268719 -0.601374 -0.928088 0.329606 0.173242 -0.229933 0.248371 0.201333 0.947511 0.383568 
1535173678871 0.277285 0.922344 -0.269062 -0.601403 -0.928079 0.329577 0.173345 -0.229924 0.24856 0.201645 0.947395 0.383629 
1535173679158 0.277331 0.922391 -0.268852 -0.601376 -0.928099 0.329554 0.173282 -0.229938 0.248435 0.201465 0.947466 0.383644 
1535173679186 0.277253 0.922323 -0.269168 -0.601407 -0.928046 0.3296 0.173477 -0.229921 0.24872 0.201703 0.947341 0.38368 
1535173679406 0.277304 0.922383 -0.268908 -0.601373 -0.928074 0.329566 0.173395 -0.229935 0.248559 0.201484 0.94743 0.383697 
1535173679441 0.276845 0.922364 -0.269447 -0.601394 -0.92821 0.329227 0.173306 -0.229842 0.24856 0.202124 0.947293 0.383715 
1535173679702 0.276903 0.922404 -0.269251 -0.601385 -0.928161 0.329272 0.173486 -0.229872 0.248681 0.201869 0.947315 0.383746 
1535173679733 0.277051 0.922339 -0.269319 -0.601414 -0.927989 0.329531 0.173915 -0.229918 0.249157 0.201742 0.947217 0.383751 
1535173679938 0.277027 0.922353 -0.269298 -0.601407 -0.928 0.3295 0.173911 -0.229909 0.249141 0.20173 0.947224 0.383748 
