1535391594855 0.393291 0.917356 0.061487 -0.575346 -0.909718 0.378585 0.170545 -0.21416 0.133172 -0.123009 0.98343 0.383019 
1535391602500 0.393291 0.917356 0.061487 -0.575346 -0.909718 0.378585 0.170545 -0.21416 0.133172 -0.123009 0.98343 0.383019 
1535391605142 0.413564 0.889715 0.193319 -0.595547 -0.907089 0.384334 0.171691 -0.213667 0.0784569 -0.246363 0.965997 0.361062 
1535391606565 0.420428 0.869717 0.25852 -0.605713 -0.905943 0.386662 0.172511 -0.213243 0.0500757 -0.306732 0.950478 0.349867 
