1533574723770 0.189372 0.932656 -0.30707 -0.611241 -0.949673 0.253439 0.184093 -0.25306 0.249519 0.256753 0.933712 0.37984 
1533574726785 0.189372 0.932655 -0.307071 -0.611242 -0.949673 0.253439 0.184093 -0.253059 0.249519 0.256754 0.933712 0.379839 
1533574726923 0.189777 0.932453 -0.307435 -0.611359 -0.949603 0.253881 0.183843 -0.252957 0.249477 0.257052 0.933641 0.37989 
1533574727127 0.190706 0.931854 -0.308674 -0.611999 -0.949571 0.254842 0.182674 -0.251922 0.248888 0.258271 0.933462 0.38013 
1533574727268 0.191429 0.931522 -0.309228 -0.612254 -0.949633 0.255417 0.181546 -0.251618 0.248096 0.2589 0.933498 0.380377 
1533574727476 0.192614 0.930816 -0.310615 -0.612857 -0.94952 0.256672 0.180362 -0.250719 0.24761 0.260195 0.933267 0.380601 
1533574727619 0.19284 0.930574 -0.311199 -0.61326 -0.949668 0.256794 0.179408 -0.250105 0.246866 0.260939 0.933257 0.38078 
1533574727760 0.193722 0.930138 -0.311953 -0.613515 -0.949568 0.257687 0.178657 -0.249821 0.246562 0.261611 0.933149 0.380867 
1533574727903 0.194169 0.92977 -0.312771 -0.613872 -0.949566 0.258171 0.177969 -0.249314 0.246219 0.262441 0.933007 0.380958 
1533574727916 0.194234 0.929735 -0.312837 -0.613892 -0.949549 0.258248 0.177944 -0.24929 0.24623 0.262491 0.932989 0.380962 
1533574727936 0.194371 0.929632 -0.313057 -0.61397 -0.949524 0.258417 0.177836 -0.249192 0.246221 0.262689 0.932936 0.380977 
1533574727954 0.194412 0.929588 -0.313163 -0.61402 -0.949526 0.258464 0.177755 -0.249122 0.246181 0.262798 0.932916 0.380988 
1533574727970 0.194385 0.929589 -0.313175 -0.61406 -0.949552 0.258419 0.177682 -0.249043 0.246102 0.262837 0.932926 0.381001 
1533574727986 0.194287 0.929618 -0.313151 -0.614076 -0.949594 0.258299 0.17763 -0.249003 0.246014 0.262855 0.932944 0.381011 
1533574728003 0.194228 0.92964 -0.313121 -0.614072 -0.949612 0.258231 0.177632 -0.248989 0.245992 0.262842 0.932953 0.381018 
1533574728105 0.194301 0.929642 -0.31307 -0.614035 -0.949611 0.258275 0.177574 -0.24904 0.245939 0.262792 0.932981 0.381074 
1533574728120 0.194578 0.929545 -0.313187 -0.614061 -0.949525 0.25859 0.177574 -0.249016 0.24605 0.262827 0.932942 0.381085 
1533574728135 0.194808 0.929444 -0.313342 -0.614103 -0.949476 0.258839 0.177477 -0.248982 0.24606 0.262937 0.932909 0.381099 
1533574728152 0.194873 0.929388 -0.313468 -0.614144 -0.949482 0.258904 0.177351 -0.24894 0.245986 0.263071 0.93289 0.381109 
1533574728168 0.194858 0.92936 -0.313561 -0.614186 -0.949511 0.258879 0.177231 -0.248885 0.245886 0.263194 0.932882 0.381123 
1533574728303 0.195214 0.929533 -0.312826 -0.614213 -0.949411 0.259103 0.177436 -0.248804 0.245987 0.262362 0.93309 0.381126 
1533574728332 0.195427 0.929659 -0.312317 -0.614176 -0.94935 0.259225 0.177585 -0.248855 0.246054 0.261793 0.933232 0.381095 
1533574728430 0.195528 0.929774 -0.311911 -0.614214 -0.949304 0.25927 0.177766 -0.248962 0.246152 0.261341 0.933333 0.380987 
1533574728465 0.195704 0.929914 -0.311382 -0.614192 -0.949291 0.259311 0.177777 -0.248973 0.246062 0.260801 0.933508 0.380966 
1533574728555 0.196033 0.93004 -0.3108 -0.614235 -0.949178 0.259557 0.178021 -0.248928 0.246237 0.260106 0.933655 0.380872 
1533574728590 0.196283 0.930165 -0.310267 -0.614224 -0.949135 0.259683 0.178067 -0.248934 0.246203 0.259534 0.933823 0.380843 
1533574728677 0.196538 0.930256 -0.309833 -0.614368 -0.949051 0.259873 0.178239 -0.248863 0.246325 0.259017 0.933935 0.380727 
1533574728722 0.196638 0.930435 -0.309232 -0.614384 -0.949054 0.259827 0.178289 -0.2488 0.246233 0.258419 0.934125 0.38069 
1533574728738 0.196702 0.930457 -0.309126 -0.614386 -0.949034 0.259874 0.178325 -0.248805 0.246257 0.258294 0.934153 0.380677 
1533574728752 0.196825 0.930474 -0.308994 -0.614386 -0.949001 0.259973 0.178357 -0.248824 0.246287 0.258131 0.93419 0.38066 
1533574728769 0.196961 0.930478 -0.308896 -0.61439 -0.948961 0.260096 0.178392 -0.248845 0.246333 0.257994 0.934216 0.380641 
1533574728804 0.197126 0.930508 -0.308701 -0.614393 -0.948914 0.260227 0.178451 -0.248866 0.246382 0.257753 0.934269 0.380617 
1533574728888 0.196954 0.930702 -0.308225 -0.614336 -0.948875 0.26005 0.178911 -0.248812 0.246667 0.25723 0.934338 0.380571 
1533574728914 0.196688 0.930869 -0.307891 -0.614286 -0.94885 0.259818 0.179381 -0.248822 0.246976 0.25686 0.934359 0.38053 
1533574728980 0.196651 0.930976 -0.307592 -0.614246 -0.948694 0.259896 0.180096 -0.248962 0.247607 0.256394 0.93432 0.380522 
1533574729032 0.196867 0.93107 -0.307168 -0.614194 -0.948555 0.260115 0.18051 -0.249067 0.247967 0.255829 0.934379 0.380533 
1533574729074 0.19687 0.931207 -0.30675 -0.614156 -0.948482 0.260112 0.180897 -0.249118 0.248242 0.255334 0.934441 0.380514 
1533574729119 0.196926 0.931323 -0.306361 -0.614132 -0.948414 0.260147 0.181201 -0.249169 0.248455 0.254874 0.93451 0.380457 
1533574729132 0.196958 0.931359 -0.306232 -0.614124 -0.948389 0.260171 0.181298 -0.249187 0.248526 0.254719 0.934534 0.380443 
1533574729149 0.196987 0.931393 -0.30611 -0.614117 -0.94836 0.260198 0.181413 -0.249204 0.248616 0.254567 0.934551 0.380426 
1533574729166 0.197016 0.931427 -0.305987 -0.614112 -0.948323 0.260233 0.181554 -0.249226 0.248733 0.254406 0.934564 0.380404 
1533574729182 0.197 0.93147 -0.305867 -0.614104 -0.948304 0.260217 0.181678 -0.249236 0.248819 0.254265 0.934579 0.380387 
1533574729199 0.196985 0.931513 -0.305744 -0.614092 -0.948289 0.260198 0.181782 -0.249235 0.248887 0.254126 0.934599 0.380376 
1533574729216 0.196981 0.931544 -0.305653 -0.614083 -0.948274 0.260193 0.18187 -0.249232 0.248948 0.254018 0.934612 0.38037 
1533574729294 0.197108 0.931609 -0.305374 -0.614046 -0.948394 0.260108 0.181364 -0.249293 0.24839 0.253867 0.934801 0.380475 
1533574729318 0.197213 0.931703 -0.305018 -0.614008 -0.948466 0.260042 0.18108 -0.249304 0.248031 0.253588 0.934973 0.3805 
1533574729349 0.197343 0.931785 -0.304683 -0.613982 -0.948513 0.260025 0.18086 -0.24927 0.247749 0.253305 0.935124 0.380468 
1533574729390 0.197434 0.931905 -0.304258 -0.613952 -0.948532 0.259989 0.180809 -0.24921 0.247601 0.2529 0.935273 0.38044 
1533574729404 0.197453 0.93194 -0.30414 -0.613942 -0.948534 0.259978 0.180814 -0.249195 0.247578 0.252784 0.93531 0.380437 
1533574729422 0.197475 0.932007 -0.303917 -0.613926 -0.948544 0.259941 0.180817 -0.249166 0.247523 0.252572 0.935382 0.380433 
1533574729437 0.197473 0.932052 -0.303782 -0.613916 -0.948555 0.259903 0.180816 -0.249148 0.247484 0.252447 0.935426 0.380427 
1533574729453 0.197478 0.932116 -0.303581 -0.6139 -0.948574 0.259847 0.180793 -0.24913 0.247405 0.252267 0.935496 0.380431 
1533574729550 0.197471 0.932093 -0.303656 -0.61384 -0.948671 0.259758 0.180413 -0.249228 0.247039 0.252443 0.935545 0.380495 
1533574729564 0.197384 0.932022 -0.303933 -0.613829 -0.948686 0.259732 0.180371 -0.249238 0.247051 0.252734 0.935463 0.380508 
1533574729580 0.197258 0.931971 -0.304171 -0.613804 -0.94872 0.259651 0.180309 -0.249241 0.247021 0.253005 0.935398 0.380528 
1533574729597 0.197112 0.931957 -0.304306 -0.613771 -0.948766 0.259524 0.180251 -0.249244 0.246961 0.253186 0.935365 0.380551 
1533574729614 0.197045 0.931961 -0.304338 -0.613722 -0.948803 0.259442 0.180171 -0.249265 0.246871 0.253255 0.93537 0.380576 
1533574729630 0.19702 0.931957 -0.304366 -0.613692 -0.948832 0.259399 0.180081 -0.249291 0.24678 0.253313 0.935378 0.380594 
1533574729647 0.197 0.931953 -0.304391 -0.613675 -0.948857 0.259365 0.180002 -0.249308 0.246702 0.253363 0.935385 0.380609 
1533574729664 0.196954 0.931958 -0.304407 -0.613656 -0.948887 0.259303 0.179934 -0.249312 0.246624 0.253409 0.935393 0.380626 
1533574729680 0.196873 0.931973 -0.304413 -0.613631 -0.948929 0.259202 0.179857 -0.249305 0.246526 0.253457 0.935406 0.380651 
1533574729771 0.196138 0.932119 -0.304441 -0.613519 -0.949168 0.258423 0.179717 -0.249208 0.246192 0.253716 0.935424 0.38075 
1533574729800 0.195774 0.932121 -0.304667 -0.613517 -0.949251 0.258114 0.17972 -0.249296 0.24616 0.254021 0.935349 0.380705 
1533574729838 0.195766 0.932017 -0.304992 -0.613505 -0.949215 0.258208 0.179775 -0.249531 0.246305 0.254309 0.935233 0.380672 
1533574729890 0.195785 0.931893 -0.305357 -0.613466 -0.949122 0.258389 0.180009 -0.249793 0.24665 0.254578 0.935069 0.380686 
1533574729934 0.195456 0.931861 -0.305666 -0.613446 -0.949154 0.258174 0.180148 -0.249844 0.246788 0.254913 0.934941 0.380686 
1533574729981 0.194952 0.931865 -0.305976 -0.613328 -0.949298 0.257715 0.180043 -0.249998 0.24663 0.255363 0.93486 0.380746 
1533574730008 0.194675 0.931864 -0.306157 -0.613245 -0.9494 0.257442 0.179896 -0.250156 0.246456 0.255644 0.934829 0.380766 
1533574730021 0.194564 0.931864 -0.306226 -0.613212 -0.94944 0.257333 0.179844 -0.250213 0.246392 0.255752 0.934817 0.380776 
1533574730038 0.194478 0.931853 -0.306315 -0.613188 -0.949462 0.257264 0.179823 -0.250259 0.246372 0.255863 0.934791 0.380784 
1533574730060 0.194305 0.931845 -0.306447 -0.613171 -0.949493 0.257131 0.179852 -0.250282 0.246392 0.256023 0.934742 0.380787 
1533574730153 0.193769 0.931862 -0.306736 -0.613155 -0.949604 0.256679 0.179912 -0.250395 0.246385 0.256416 0.934636 0.380766 
1533574730201 0.1932 0.931957 -0.306806 -0.61312 -0.949731 0.256143 0.180003 -0.25048 0.246342 0.256607 0.934595 0.380707 
1533574730287 0.19291 0.93201 -0.306828 -0.613016 -0.949761 0.255903 0.180187 -0.250721 0.246454 0.256653 0.934553 0.380635 
1533574730324 0.192455 0.932049 -0.306996 -0.612978 -0.949855 0.255505 0.180258 -0.250856 0.246449 0.25691 0.934484 0.380604 
1533574730414 0.192337 0.93189 -0.30755 -0.612886 -0.949821 0.255561 0.180357 -0.251235 0.246671 0.257428 0.934283 0.38059 
1533574730475 0.191783 0.931968 -0.307659 -0.612841 -0.94994 0.255052 0.180453 -0.251336 0.246646 0.25765 0.934228 0.380603 
1533574730541 0.191166 0.932064 -0.307754 -0.612803 -0.950085 0.254466 0.180517 -0.251427 0.246566 0.257884 0.934185 0.380585 
1533574730555 0.191093 0.932074 -0.30777 -0.612796 -0.950102 0.254397 0.180523 -0.251446 0.246557 0.257916 0.934178 0.380582 
1533574730571 0.190967 0.932087 -0.307806 -0.612773 -0.950133 0.25428 0.180526 -0.251501 0.246535 0.257982 0.934166 0.380576 
1533574730588 0.190891 0.932091 -0.307843 -0.61275 -0.950152 0.254211 0.180523 -0.251557 0.246521 0.258038 0.934154 0.380569 
1533574730605 0.190842 0.932087 -0.307885 -0.612725 -0.950163 0.254171 0.180517 -0.251617 0.246513 0.258091 0.934142 0.380559 
1533574730622 0.190841 0.932076 -0.307919 -0.612705 -0.950163 0.254178 0.180512 -0.251667 0.246517 0.258124 0.934131 0.380551 
1533574730638 0.190856 0.932063 -0.307948 -0.612688 -0.950157 0.254201 0.18051 -0.251707 0.246528 0.258147 0.934122 0.380542 
1533574730704 0.190937 0.93202 -0.308029 -0.612611 -0.950067 0.25437 0.180745 -0.251812 0.246811 0.258138 0.93405 0.380496 
1533574730744 0.190679 0.932022 -0.308183 -0.612536 -0.950043 0.254235 0.181059 -0.251891 0.247102 0.258263 0.933939 0.38042 
1533574730764 0.190523 0.932022 -0.308281 -0.612471 -0.950047 0.254136 0.181181 -0.252004 0.247209 0.258362 0.933883 0.380384 
1533574730784 0.190469 0.932005 -0.308365 -0.612397 -0.950026 0.254134 0.18129 -0.252142 0.24733 0.258424 0.933834 0.380359 
1533574730797 0.190537 0.931978 -0.308404 -0.612354 -0.949984 0.254235 0.181367 -0.252221 0.247437 0.258422 0.933806 0.380348 
1533574730814 0.19063 0.931961 -0.308396 -0.612286 -0.949933 0.254356 0.181469 -0.25233 0.247564 0.258362 0.933789 0.380337 
1533574730831 0.190646 0.931963 -0.308382 -0.612242 -0.949904 0.254395 0.181565 -0.252399 0.247662 0.258319 0.933775 0.38033 
1533574730847 0.190618 0.931972 -0.308371 -0.612202 -0.949882 0.254396 0.181679 -0.25245 0.247768 0.258285 0.933756 0.380326 
1533574730924 0.190327 0.932043 -0.308338 -0.612066 -0.949868 0.254189 0.182039 -0.252492 0.248045 0.258233 0.933697 0.380314 
1533574730963 0.190006 0.932124 -0.308289 -0.611946 -0.949899 0.253911 0.182267 -0.252375 0.248174 0.258211 0.933668 0.380278 
1533574731010 0.189887 0.932117 -0.308386 -0.611774 -0.949871 0.253872 0.182467 -0.252394 0.248371 0.258278 0.933597 0.38018 
1533574731041 0.190032 0.932048 -0.308504 -0.611637 -0.949798 0.254078 0.182561 -0.252544 0.248539 0.258324 0.93354 0.380117 
1533574731076 0.190095 0.932003 -0.308601 -0.611505 -0.949736 0.254207 0.182703 -0.25267 0.248729 0.258358 0.93348 0.380056 
1533574731124 0.189851 0.932036 -0.308651 -0.611353 -0.949712 0.254063 0.183029 -0.252701 0.249006 0.258381 0.9334 0.37999 
1533574731137 0.189763 0.93205 -0.308663 -0.611307 -0.949706 0.254006 0.183136 -0.25271 0.249094 0.258387 0.933375 0.379971 
1533574731154 0.189659 0.932065 -0.308682 -0.611249 -0.949697 0.253943 0.183273 -0.252723 0.24921 0.258395 0.933342 0.379946 
1533574731171 0.18958 0.932075 -0.308699 -0.6112 -0.949684 0.253902 0.183397 -0.252735 0.249319 0.258398 0.933312 0.379923 
1533574731187 0.189494 0.932085 -0.308722 -0.611137 -0.949667 0.25386 0.183542 -0.252757 0.249449 0.258403 0.933276 0.379896 
1533574731287 0.189498 0.93209 -0.308705 -0.610933 -0.949645 0.253882 0.183623 -0.252863 0.249528 0.258365 0.933265 0.37985 
1533574731318 0.189258 0.932233 -0.308419 -0.610802 -0.949733 0.253559 0.183617 -0.252772 0.249376 0.258164 0.933361 0.379881 
1533574731374 0.189044 0.932467 -0.307843 -0.610575 -0.949879 0.253136 0.183445 -0.252712 0.248983 0.257734 0.933585 0.379872 
1533574731419 0.189159 0.932455 -0.307808 -0.610406 -0.949886 0.253207 0.183309 -0.252845 0.248867 0.257708 0.933623 0.379847 
1533574731470 0.189236 0.932417 -0.307878 -0.610199 -0.949872 0.253292 0.183268 -0.253 0.248865 0.257764 0.933608 0.379758 
1533574731512 0.189017 0.932489 -0.307792 -0.60999 -0.949881 0.253104 0.183476 -0.253064 0.248993 0.257686 0.933595 0.379699 
1533574731525 0.188921 0.932533 -0.307718 -0.609936 -0.949901 0.252998 0.183521 -0.253063 0.248992 0.25763 0.933611 0.379684 
1533574731542 0.188829 0.93258 -0.307634 -0.609873 -0.949915 0.252899 0.183584 -0.25304 0.249007 0.257561 0.933626 0.379664 
1533574731559 0.188793 0.932596 -0.307607 -0.609849 -0.949923 0.252859 0.183599 -0.253028 0.249006 0.257541 0.933632 0.379655 
1533574731637 0.188496 0.932681 -0.307531 -0.609685 -0.949963 0.252583 0.183772 -0.25295 0.249078 0.257503 0.933623 0.379598 
1533574731699 0.188331 0.932547 -0.308039 -0.609554 -0.949873 0.252656 0.18414 -0.253097 0.249546 0.257918 0.933383 0.379654 
1533574731743 0.188123 0.932513 -0.308268 -0.609373 -0.949821 0.2526 0.184481 -0.253166 0.2499 0.258094 0.93324 0.379725 
1533574731801 0.187854 0.932553 -0.308312 -0.609178 -0.949798 0.252434 0.184825 -0.253227 0.250188 0.258114 0.933158 0.379788 
1533574731863 0.187373 0.9326 -0.308462 -0.609013 -0.949832 0.252073 0.185143 -0.253193 0.250419 0.258296 0.933045 0.379768 
1533574731908 0.187054 0.932641 -0.308532 -0.608837 -0.949852 0.25183 0.18537 -0.2532 0.250582 0.258386 0.932977 0.379763 
1533574731959 0.186718 0.932688 -0.308593 -0.608641 -0.949879 0.251565 0.185592 -0.25322 0.250731 0.258473 0.932912 0.379768 
1533574731972 0.186654 0.932694 -0.308614 -0.608593 -0.949882 0.251519 0.18564 -0.253238 0.250768 0.258497 0.932896 0.379775 
1533574731989 0.18656 0.932701 -0.308648 -0.608525 -0.949887 0.251452 0.185706 -0.253267 0.250818 0.258536 0.932872 0.379783 
1533574732006 0.186496 0.932702 -0.308685 -0.608478 -0.94989 0.251407 0.185748 -0.253297 0.250853 0.258576 0.932851 0.379785 
1533574732117 0.186139 0.932691 -0.308932 -0.608299 -0.9499 0.251183 0.186004 -0.253251 0.251083 0.258832 0.932718 0.3798 
1533574732166 0.185803 0.932757 -0.308936 -0.608212 -0.94999 0.250841 0.186003 -0.253126 0.250989 0.258926 0.932717 0.379849 
1533574732216 0.185646 0.932769 -0.308993 -0.608059 -0.95008 0.250643 0.18581 -0.253156 0.250765 0.259073 0.932737 0.379883 
1533574732273 0.185569 0.932763 -0.309058 -0.607882 -0.950138 0.250539 0.185654 -0.253226 0.250602 0.259196 0.932746 0.379882 
1533574732319 0.185378 0.932807 -0.309041 -0.60774 -0.950181 0.25035 0.18569 -0.253197 0.250581 0.259222 0.932745 0.379916 
1533574732358 0.185156 0.93283 -0.309105 -0.607619 -0.950219 0.250159 0.185755 -0.25315 0.250604 0.259324 0.932711 0.379948 
1533574732372 0.185114 0.932829 -0.309132 -0.607576 -0.950225 0.250127 0.185764 -0.253153 0.250609 0.259358 0.9327 0.379957 
1533574732388 0.185104 0.932814 -0.309184 -0.607532 -0.950224 0.25013 0.185764 -0.253175 0.25062 0.259408 0.932683 0.379962 
1533574732406 0.185117 0.932783 -0.30927 -0.60748 -0.950216 0.250166 0.185757 -0.253217 0.25064 0.259487 0.932655 0.379966 
1533574732422 0.185128 0.93276 -0.309332 -0.607434 -0.950211 0.250192 0.185751 -0.253251 0.250654 0.259543 0.932636 0.379969 
1533574732438 0.18512 0.932747 -0.309376 -0.607396 -0.950209 0.250197 0.185754 -0.25327 0.250666 0.259585 0.932621 0.379973 
1533574732455 0.185086 0.932758 -0.309362 -0.607374 -0.950216 0.250162 0.185764 -0.253263 0.250664 0.259578 0.932624 0.379975 
1533574732503 0.184769 0.932895 -0.309139 -0.60732 -0.950263 0.249833 0.185965 -0.253163 0.250719 0.259403 0.932658 0.379955 
1533574732551 0.184273 0.933187 -0.308555 -0.607139 -0.950336 0.249273 0.186343 -0.253135 0.250807 0.258893 0.932776 0.379906 
1533574732575 0.184157 0.933199 -0.308587 -0.60704 -0.950325 0.249205 0.186492 -0.253189 0.250936 0.258914 0.932735 0.379824 
1533574732597 0.184044 0.933207 -0.308629 -0.606951 -0.950321 0.249134 0.186609 -0.253234 0.251035 0.258952 0.932698 0.379748 
1533574732610 0.183969 0.933221 -0.308634 -0.606893 -0.950328 0.249071 0.186655 -0.253257 0.251062 0.258965 0.932687 0.379713 
1533574732627 0.183888 0.933239 -0.308626 -0.606827 -0.950339 0.248999 0.186696 -0.253282 0.251079 0.258968 0.932681 0.379685 
1533574732644 0.183805 0.933258 -0.308619 -0.606754 -0.95035 0.248924 0.186739 -0.253311 0.251098 0.258973 0.932675 0.379657 
1533574732660 0.183726 0.933272 -0.308623 -0.606671 -0.95036 0.248856 0.18678 -0.253354 0.251119 0.258986 0.932666 0.379628 
1533574732677 0.183674 0.933293 -0.308591 -0.606614 -0.950372 0.248799 0.186796 -0.253381 0.251112 0.258966 0.932673 0.379621 
1533574732741 0.18339 0.933412 -0.308399 -0.606559 -0.950396 0.248524 0.187038 -0.253328 0.251228 0.2588 0.932688 0.379618 
1533574732766 0.18321 0.933477 -0.308309 -0.606549 -0.950364 0.248406 0.187359 -0.253299 0.251481 0.25868 0.932653 0.379596 
1533574732809 0.182816 0.933598 -0.308177 -0.606492 -0.950242 0.24821 0.188232 -0.253237 0.252226 0.258431 0.932521 0.379544 
1533574732840 0.182699 0.933633 -0.30814 -0.606399 -0.950161 0.248199 0.188659 -0.253303 0.252618 0.258314 0.932447 0.379503 
1533574732861 0.182641 0.93366 -0.308094 -0.606301 -0.950118 0.24819 0.188886 -0.253363 0.252821 0.258227 0.932416 0.379482 
1533574732875 0.182593 0.933681 -0.308059 -0.606248 -0.9501 0.248165 0.189007 -0.253388 0.252922 0.258175 0.932403 0.379474 
1533574732891 0.182532 0.933712 -0.307999 -0.606193 -0.950087 0.248121 0.189131 -0.253407 0.253015 0.258103 0.932398 0.379473 
1533574732908 0.182422 0.933752 -0.307945 -0.606137 -0.950083 0.248032 0.189268 -0.253421 0.25311 0.258047 0.932388 0.37947 
1533574732925 0.182259 0.93381 -0.307865 -0.606079 -0.950102 0.247875 0.189378 -0.253436 0.253155 0.257988 0.932392 0.37946 
1533574732941 0.182128 0.933862 -0.307785 -0.60602 -0.950116 0.247746 0.189476 -0.253459 0.253197 0.257922 0.932399 0.379449 
1533574732958 0.182048 0.933898 -0.307723 -0.605957 -0.950105 0.247685 0.18961 -0.253495 0.253295 0.257851 0.932392 0.379435 
1533574732975 0.182139 0.933894 -0.30768 -0.605925 -0.950069 0.247781 0.189667 -0.253537 0.253366 0.257771 0.932395 0.379432 
1533574732991 0.182219 0.933881 -0.307673 -0.605925 -0.950036 0.247873 0.189712 -0.253561 0.253432 0.257731 0.932388 0.379426 
1533574733052 0.181997 0.933933 -0.307645 -0.605916 -0.950044 0.247694 0.189907 -0.253517 0.253562 0.257713 0.932357 0.379369 
1533574733077 0.181528 0.934048 -0.307573 -0.605839 -0.950081 0.24729 0.190246 -0.253468 0.253759 0.257684 0.932312 0.379295 
1533574733090 0.181319 0.934115 -0.307495 -0.605777 -0.950083 0.247115 0.190461 -0.253442 0.2539 0.257611 0.932294 0.379255 
1533574733107 0.181146 0.934172 -0.307422 -0.605715 -0.950078 0.246976 0.190667 -0.253422 0.254042 0.257537 0.932276 0.37922 
1533574733123 0.181005 0.934218 -0.307367 -0.605655 -0.950066 0.246872 0.190864 -0.253406 0.254189 0.257472 0.932253 0.37919 
1533574733207 0.180986 0.934221 -0.307369 -0.605533 -0.950055 0.246868 0.190921 -0.253565 0.254242 0.257464 0.932241 0.379186 
1533574733232 0.181036 0.934139 -0.307587 -0.605543 -0.950057 0.24695 0.19081 -0.253609 0.254201 0.257682 0.932192 0.379213 
1533574733253 0.180989 0.934022 -0.307972 -0.605576 -0.950077 0.246972 0.190681 -0.253624 0.254161 0.258086 0.932091 0.379217 
1533574733336 0.180833 0.933963 -0.308242 -0.605428 -0.950064 0.246923 0.190805 -0.253586 0.254317 0.258346 0.931977 0.379388 
1533574733359 0.180852 0.933943 -0.308289 -0.605323 -0.95003 0.246983 0.1909 -0.253651 0.254432 0.258359 0.931941 0.379444 
1533574733384 0.18082 0.933902 -0.308434 -0.605209 -0.94999 0.247029 0.191039 -0.253732 0.254604 0.258466 0.931865 0.379468 
1533574733397 0.180763 0.933889 -0.308506 -0.605168 -0.949982 0.247008 0.191104 -0.253765 0.254673 0.258531 0.931828 0.379472 
1533574733414 0.180583 0.933882 -0.308634 -0.605101 -0.949987 0.246895 0.191227 -0.253803 0.254784 0.258665 0.93176 0.379476 
1533574733431 0.180393 0.933886 -0.308732 -0.605067 -0.950001 0.246759 0.191334 -0.253798 0.254866 0.25878 0.931706 0.379481 
1533574733447 0.180209 0.933892 -0.308821 -0.605044 -0.950014 0.246625 0.191438 -0.253779 0.254946 0.258885 0.931655 0.379482 
1533574733464 0.180062 0.93389 -0.308913 -0.605023 -0.950019 0.246529 0.191539 -0.253745 0.255032 0.258985 0.931604 0.379474 
1533574733484 0.180025 0.933892 -0.308929 -0.604999 -0.950021 0.246503 0.191563 -0.253727 0.255051 0.259002 0.931594 0.379478 
1533574733565 0.1802 0.933894 -0.308819 -0.604885 -0.950058 0.246574 0.191289 -0.253788 0.25479 0.258926 0.931686 0.379393 
1533574733592 0.18017 0.933927 -0.308737 -0.604763 -0.950081 0.246511 0.191255 -0.253815 0.254725 0.258866 0.931721 0.379397 
1533574733610 0.180109 0.933945 -0.308719 -0.604677 -0.950096 0.246447 0.191265 -0.253825 0.254714 0.258865 0.931724 0.379385 
1533574733622 0.180065 0.93395 -0.30873 -0.604633 -0.950103 0.246409 0.191278 -0.253828 0.254718 0.258882 0.931718 0.379369 
1533574733639 0.180017 0.933945 -0.308773 -0.604559 -0.950108 0.246377 0.191296 -0.253847 0.254734 0.258931 0.9317 0.379332 
1533574733655 0.179984 0.933927 -0.308846 -0.604492 -0.950112 0.246363 0.191293 -0.253897 0.254742 0.259009 0.931676 0.379296 
1533574733672 0.179868 0.933923 -0.308927 -0.604436 -0.950137 0.246267 0.191292 -0.253947 0.254731 0.259116 0.93165 0.379256 
1533574733689 0.179778 0.93391 -0.309018 -0.604401 -0.950154 0.246201 0.191294 -0.253981 0.254732 0.259224 0.931619 0.379223 
1533574733773 0.179567 0.933995 -0.308883 -0.604401 -0.950201 0.245967 0.191359 -0.253872 0.254704 0.259139 0.931651 0.379204 
1533574733786 0.179589 0.934066 -0.308655 -0.604392 -0.950205 0.245933 0.191385 -0.253853 0.254675 0.258915 0.931721 0.379198 
1533574733802 0.179604 0.934156 -0.308373 -0.604381 -0.950215 0.245876 0.191407 -0.253824 0.254626 0.258644 0.93181 0.37919 
1533574733819 0.179613 0.934229 -0.308148 -0.604378 -0.950219 0.245832 0.191441 -0.253794 0.254603 0.258423 0.931877 0.379179 
1533574733836 0.179625 0.93426 -0.308049 -0.604372 -0.950219 0.245822 0.191457 -0.253791 0.254595 0.258323 0.931907 0.379173 
1533574733853 0.179597 0.9343 -0.307943 -0.604356 -0.950231 0.245767 0.191467 -0.253805 0.25457 0.25823 0.93194 0.379161 
1533574733869 0.179546 0.934329 -0.307884 -0.60433 -0.950252 0.245696 0.191456 -0.253827 0.254529 0.258192 0.931961 0.37915 
1533574733886 0.179489 0.934371 -0.30779 -0.604282 -0.950289 0.245595 0.191398 -0.253855 0.254429 0.258136 0.932004 0.379124 
1533574733903 0.179445 0.934411 -0.307695 -0.604227 -0.950321 0.24551 0.191349 -0.253879 0.254341 0.258073 0.932046 0.379105 
1533574733919 0.179399 0.934464 -0.307559 -0.604149 -0.95036 0.245409 0.191285 -0.253909 0.254227 0.257976 0.932104 0.379084 
1533574733966 0.179395 0.934542 -0.307325 -0.604048 -0.950432 0.245285 0.191089 -0.253943 0.253963 0.257811 0.932221 0.379026 
1533574734024 0.179488 0.934621 -0.30703 -0.604121 -0.9505 0.245225 0.190826 -0.25381 0.253642 0.257581 0.932372 0.378925 
1533574734046 0.179642 0.934743 -0.306569 -0.604123 -0.950537 0.245209 0.190663 -0.253732 0.253394 0.257154 0.932557 0.378953 
1533574734068 0.179736 0.934859 -0.30616 -0.60412 -0.95058 0.245153 0.190521 -0.253662 0.253166 0.256786 0.932721 0.378976 
1533574734130 0.179831 0.934966 -0.305778 -0.604084 -0.950685 0.245039 0.190141 -0.253672 0.252703 0.256505 0.932923 0.37894 
1533574734143 0.179882 0.934999 -0.305647 -0.60406 -0.950708 0.245027 0.190041 -0.253694 0.25258 0.256396 0.932987 0.37893 
1533574734160 0.17995 0.935063 -0.305411 -0.604019 -0.950743 0.244995 0.189907 -0.25372 0.252399 0.256194 0.933091 0.378917 
1533574734177 0.179992 0.935135 -0.305163 -0.603976 -0.950786 0.244934 0.189774 -0.253733 0.252209 0.255987 0.933199 0.3789 
1533574734267 0.179926 0.935115 -0.305266 -0.60394 -0.95083 0.24486 0.189649 -0.25371 0.252091 0.256133 0.933191 0.378806 
1533574734281 0.179862 0.935059 -0.305475 -0.603955 -0.95081 0.244875 0.189729 -0.253687 0.252211 0.256324 0.933106 0.378809 
1533574734297 0.179778 0.934989 -0.305736 -0.603972 -0.950776 0.244899 0.189866 -0.253652 0.252397 0.256553 0.932993 0.37883 
1533574734314 0.17974 0.934941 -0.305907 -0.603969 -0.950732 0.24495 0.190022 -0.253639 0.252592 0.256681 0.932905 0.378877 
1533574734363 0.179806 0.934888 -0.306031 -0.603887 -0.950627 0.245131 0.190315 -0.253688 0.252941 0.256701 0.932805 0.378972 
1533574734399 0.179848 0.934856 -0.306103 -0.603809 -0.950583 0.245222 0.190417 -0.253722 0.253075 0.25673 0.932761 0.379007 
1533574734412 0.179812 0.934858 -0.306117 -0.603766 -0.950582 0.245199 0.190452 -0.253708 0.253105 0.256743 0.932749 0.379019 
1533574734432 0.179722 0.934871 -0.306131 -0.603717 -0.95059 0.245127 0.190505 -0.253662 0.253139 0.256767 0.932733 0.379027 
1533574734449 0.179613 0.934887 -0.306147 -0.60368 -0.950603 0.245034 0.190556 -0.2536 0.253164 0.256798 0.932718 0.379027 
1533574734466 0.179537 0.934885 -0.306198 -0.603646 -0.950608 0.244983 0.1906 -0.253562 0.253203 0.256854 0.932692 0.379029 
1533574734482 0.179525 0.934869 -0.306253 -0.603622 -0.950602 0.244991 0.190621 -0.253561 0.253234 0.256903 0.93267 0.379028 
1533574734499 0.179598 0.934839 -0.306301 -0.603608 -0.950583 0.245074 0.190604 -0.253606 0.253251 0.256932 0.932657 0.37902 
1533574734516 0.179716 0.9348 -0.306352 -0.603599 -0.950559 0.245197 0.190566 -0.253681 0.253257 0.256958 0.932648 0.379004 
1533574734532 0.179826 0.934765 -0.306395 -0.603591 -0.950538 0.245311 0.190528 -0.253752 0.253261 0.256978 0.932642 0.378989 
1533574734549 0.179879 0.934732 -0.306463 -0.603582 -0.950523 0.245379 0.190513 -0.253814 0.253278 0.257031 0.932623 0.378964 
1533574734566 0.17979 0.934724 -0.30654 -0.603567 -0.950535 0.245317 0.190536 -0.253864 0.253298 0.257121 0.932593 0.37893 
1533574734582 0.179678 0.934723 -0.306607 -0.603542 -0.950541 0.24524 0.190604 -0.2539 0.253354 0.257195 0.932557 0.378895 
1533574734599 0.179559 0.934738 -0.306633 -0.603508 -0.950549 0.245148 0.190682 -0.253907 0.253408 0.257231 0.932532 0.378874 
1533574734690 0.179491 0.934783 -0.306534 -0.603226 -0.95053 0.245095 0.190841 -0.253876 0.253525 0.257116 0.932532 0.378885 
1533574734703 0.1797 0.934714 -0.306622 -0.603238 -0.950514 0.245286 0.190677 -0.253902 0.253438 0.257184 0.932537 0.378891 
1533574734720 0.179992 0.934572 -0.306885 -0.603279 -0.950533 0.24554 0.190255 -0.253943 0.25316 0.25746 0.932536 0.378897 
1533574734804 0.179935 0.934508 -0.307112 -0.603366 -0.950768 0.245304 0.189384 -0.253756 0.252317 0.257916 0.932639 0.37895 
1533574734829 0.179741 0.934521 -0.307187 -0.603321 -0.950842 0.245098 0.189277 -0.253641 0.252175 0.258066 0.932636 0.378927 
1533574734856 0.179724 0.934485 -0.307305 -0.603255 -0.950884 0.245066 0.189109 -0.253608 0.25203 0.258224 0.932631 0.3789 
1533574734904 0.180019 0.934341 -0.307571 -0.60315 -0.950895 0.24533 0.188711 -0.253713 0.251777 0.258496 0.932624 0.37886 
1533574734918 0.180104 0.934299 -0.30765 -0.603124 -0.950894 0.24541 0.188612 -0.253741 0.251721 0.258573 0.932618 0.378851 
1533574734934 0.180214 0.93424 -0.307765 -0.60309 -0.950892 0.245518 0.188483 -0.253773 0.251651 0.258684 0.932606 0.378839 
1533574734951 0.180301 0.934183 -0.307885 -0.603061 -0.950895 0.245604 0.188355 -0.253792 0.251576 0.258806 0.932593 0.378829 
1533574734968 0.180299 0.934151 -0.307983 -0.603042 -0.950921 0.245595 0.188233 -0.253789 0.251477 0.25893 0.932585 0.378824 
1533574735051 0.180069 0.93424 -0.307848 -0.60298 -0.951044 0.245269 0.18804 -0.253717 0.25118 0.258917 0.932669 0.378801 
1533574735064 0.179995 0.934338 -0.307594 -0.602964 -0.951072 0.245135 0.188074 -0.253742 0.251127 0.258692 0.932745 0.378797 
1533574735084 0.179903 0.934459 -0.307281 -0.602951 -0.951081 0.244993 0.188212 -0.253764 0.251158 0.258389 0.932821 0.378785 
1533574735102 0.17983 0.934517 -0.307148 -0.60295 -0.951075 0.244917 0.188338 -0.253778 0.251231 0.258252 0.932839 0.378757 
1533574735118 0.17983 0.934517 -0.307148 -0.60295 -0.951075 0.244917 0.188338 -0.253778 0.251231 0.258252 0.932839 0.378757 
1533574735134 0.17983 0.934517 -0.307148 -0.60295 -0.951075 0.244917 0.188338 -0.253778 0.251231 0.258252 0.932839 0.378757 
1533574735152 0.17983 0.934517 -0.307148 -0.60295 -0.951075 0.244917 0.188338 -0.253778 0.251231 0.258252 0.932839 0.378757 
1533574735168 0.17983 0.934517 -0.307148 -0.60295 -0.951075 0.244917 0.188338 -0.253778 0.251231 0.258252 0.932839 0.378757 
1533574735184 0.17983 0.934517 -0.307148 -0.60295 -0.951075 0.244917 0.188338 -0.253778 0.251231 0.258252 0.932839 0.378757 
1533574735266 0.179636 0.934608 -0.306983 -0.602937 -0.951037 0.244778 0.18871 -0.253708 0.251513 0.258053 0.932818 0.378664 
1533574735289 0.179349 0.934674 -0.30695 -0.60293 -0.951078 0.244515 0.188849 -0.253691 0.251566 0.258064 0.932801 0.378639 
1533574735334 0.178974 0.934852 -0.306626 -0.602842 -0.951049 0.244198 0.189403 -0.253693 0.251942 0.257718 0.932795 0.378567 
1533574735376 0.178954 0.93488 -0.306553 -0.602774 -0.950963 0.244256 0.18976 -0.253792 0.25228 0.257562 0.932747 0.37853 
1533574735403 0.178869 0.934923 -0.306471 -0.602717 -0.950929 0.24421 0.189989 -0.253889 0.252468 0.257449 0.932727 0.378491 
1533574735416 0.178823 0.934948 -0.306422 -0.602688 -0.950915 0.24418 0.190099 -0.253934 0.252555 0.257388 0.932721 0.378469 
1533574735433 0.17878 0.934978 -0.306357 -0.602656 -0.950902 0.244148 0.190205 -0.253981 0.252634 0.257311 0.93272 0.37845 
1533574735450 0.178707 0.935019 -0.306274 -0.602619 -0.950881 0.244097 0.190374 -0.254035 0.252764 0.257209 0.932713 0.378425 
1533574735466 0.178639 0.935052 -0.306213 -0.602604 -0.950868 0.244047 0.190503 -0.25405 0.25286 0.257137 0.932707 0.378408 
1533574735483 0.178547 0.935091 -0.306148 -0.602596 -0.950855 0.243978 0.190657 -0.254041 0.252975 0.25706 0.932697 0.378388 
1533574735500 0.17849 0.935113 -0.306113 -0.602596 -0.95085 0.243933 0.190738 -0.254029 0.253033 0.257022 0.932692 0.378381 
1533574735544 0.178562 0.935149 -0.305961 -0.6026 -0.950844 0.243962 0.19073 -0.254008 0.253004 0.256864 0.932743 0.37841 
1533574735585 0.178802 0.935184 -0.305713 -0.602587 -0.950868 0.244068 0.190476 -0.254002 0.252744 0.256635 0.932877 0.378377 
1533574735606 0.17884 0.935256 -0.30547 -0.602561 -0.95092 0.243994 0.19031 -0.25399 0.252522 0.256443 0.93299 0.378326 
1533574735624 0.178842 0.935319 -0.305276 -0.602539 -0.950971 0.243905 0.190171 -0.25398 0.252329 0.256298 0.933082 0.37827 
1533574735636 0.178831 0.93535 -0.305189 -0.602529 -0.950995 0.243853 0.190114 -0.253974 0.252245 0.256235 0.933122 0.378241 
1533574735653 0.178798 0.935396 -0.305066 -0.602514 -0.951036 0.243761 0.190026 -0.253966 0.252113 0.256152 0.93318 0.3782 
1533574735670 0.178793 0.935447 -0.304914 -0.602495 -0.951048 0.243716 0.190029 -0.25395 0.252074 0.256012 0.933229 0.378158 
1533574735686 0.178762 0.935495 -0.304785 -0.60248 -0.951049 0.243664 0.190086 -0.253929 0.25209 0.255886 0.933259 0.378123 
1533574735703 0.178672 0.935545 -0.304683 -0.602469 -0.951066 0.24356 0.190139 -0.253912 0.252093 0.255801 0.933282 0.378104 
1533574735720 0.178609 0.935609 -0.304523 -0.602452 -0.951072 0.243473 0.190218 -0.253894 0.252113 0.255649 0.933318 0.378103 
1533574735736 0.178585 0.935635 -0.304457 -0.602445 -0.95108 0.243434 0.190227 -0.253891 0.252098 0.255591 0.933338 0.378114 
1533574735753 0.178565 0.935636 -0.304467 -0.602446 -0.951087 0.243413 0.190219 -0.253896 0.252087 0.255608 0.933336 0.378131 
1533574735770 0.178542 0.935629 -0.304503 -0.602445 -0.951102 0.243387 0.190175 -0.253904 0.252046 0.255659 0.933334 0.378142 
1533574735786 0.178499 0.935606 -0.304598 -0.602437 -0.951149 0.243328 0.19002 -0.253924 0.251901 0.2558 0.933334 0.378153 
1533574735803 0.178428 0.935555 -0.304796 -0.602433 -0.951181 0.243281 0.189916 -0.253929 0.251828 0.256029 0.933291 0.378161 
1533574735820 0.178311 0.93549 -0.305064 -0.602416 -0.951229 0.243199 0.189784 -0.253936 0.251733 0.256345 0.93323 0.378178 
1533574735836 0.178246 0.935495 -0.305086 -0.602381 -0.951269 0.243113 0.18969 -0.25394 0.251625 0.256407 0.933242 0.378198 
1533574735853 0.178192 0.935526 -0.305021 -0.602336 -0.951294 0.243035 0.189667 -0.253931 0.251569 0.256368 0.933268 0.378221 
1533574735873 0.178149 0.935555 -0.304958 -0.602294 -0.951304 0.24298 0.189689 -0.253918 0.251564 0.256315 0.933284 0.378238 
1533574735890 0.178207 0.935584 -0.304835 -0.602263 -0.951299 0.243003 0.189682 -0.253943 0.251539 0.256186 0.933326 0.378241 
1533574735906 0.178288 0.935628 -0.304655 -0.60224 -0.951294 0.243033 0.18967 -0.253969 0.251502 0.256 0.933387 0.378237 
1533574735923 0.178441 0.935671 -0.304431 -0.602227 -0.951238 0.24316 0.189787 -0.253999 0.251604 0.255721 0.933436 0.378223 
1533574735940 0.178533 0.935676 -0.304361 -0.602235 -0.951188 0.243266 0.189904 -0.254015 0.251729 0.2556 0.933435 0.378208 
1533574735956 0.17855 0.93568 -0.30434 -0.602242 -0.951165 0.243297 0.189977 -0.254025 0.251802 0.255558 0.933427 0.378199 
1533574735973 0.178476 0.935706 -0.304304 -0.602247 -0.951144 0.243256 0.190137 -0.254042 0.251936 0.255502 0.933406 0.378175 
1533574736004 0.178205 0.935767 -0.304275 -0.602234 -0.951165 0.243024 0.190326 -0.253976 0.252047 0.255498 0.933377 0.378124 
1533574736078 0.177809 0.935813 -0.304365 -0.602105 -0.951238 0.24267 0.190414 -0.253875 0.252052 0.255667 0.93333 0.378117 
1533574736107 0.177824 0.935692 -0.304728 -0.602077 -0.951276 0.242717 0.190164 -0.253947 0.251898 0.256065 0.933262 0.378159 
1533574736156 0.178346 0.935451 -0.305161 -0.601953 -0.951253 0.243221 0.189633 -0.254125 0.251614 0.256465 0.933229 0.378252 
1533574736209 0.178219 0.935437 -0.30528 -0.601864 -0.951293 0.243109 0.189579 -0.254077 0.251555 0.256625 0.933201 0.378263 
1533574736239 0.177962 0.935474 -0.305317 -0.601799 -0.951355 0.24286 0.189586 -0.253981 0.251502 0.256726 0.933187 0.378293 
1533574736268 0.177778 0.935488 -0.305382 -0.601708 -0.951407 0.242681 0.189554 -0.253937 0.251436 0.256844 0.933173 0.378325 
1533574736321 0.17783 0.935368 -0.305718 -0.601577 -0.951421 0.242774 0.189364 -0.254061 0.251345 0.257192 0.933101 0.378338 
1533574736335 0.177832 0.935345 -0.305788 -0.601555 -0.951426 0.242785 0.189326 -0.254082 0.251326 0.257266 0.933086 0.378339 
1533574736355 0.177826 0.935297 -0.305936 -0.601503 -0.951438 0.242797 0.189248 -0.254119 0.251284 0.257426 0.933053 0.378345 
1533574736372 0.177799 0.935271 -0.306032 -0.601451 -0.951455 0.24278 0.189187 -0.254139 0.25124 0.257538 0.933034 0.378356 
1533574736388 0.177783 0.935236 -0.306148 -0.601405 -0.951465 0.242781 0.189134 -0.254163 0.251212 0.257665 0.933007 0.378363 
1533574736462 0.177523 0.935208 -0.306386 -0.601333 -0.951465 0.242633 0.189323 -0.254139 0.251395 0.257906 0.932891 0.37831 
1533574736482 0.177327 0.935232 -0.306424 -0.601318 -0.951408 0.242553 0.189714 -0.254117 0.251751 0.257893 0.932798 0.378261 
1533574736510 0.176992 0.93533 -0.306318 -0.601249 -0.951324 0.242365 0.190372 -0.254121 0.252301 0.257714 0.932699 0.378236 
1533574736579 0.176635 0.935451 -0.306157 -0.601028 -0.951233 0.242156 0.19109 -0.254223 0.252893 0.257473 0.932605 0.378388 
1533574736592 0.176568 0.935468 -0.306144 -0.600981 -0.951225 0.242111 0.191191 -0.254246 0.252974 0.257454 0.932589 0.378416 
1533574736609 0.176429 0.935472 -0.306211 -0.600923 -0.95121 0.242035 0.191358 -0.25427 0.253124 0.25751 0.932533 0.378449 
1533574736626 0.176285 0.935448 -0.306367 -0.600883 -0.95119 0.241979 0.19153 -0.254289 0.2533 0.257649 0.932446 0.378469 
1533574736721 0.176205 0.93545 -0.306407 -0.600766 -0.951135 0.241983 0.1918 -0.254346 0.253565 0.257638 0.932377 0.37837 
1533574736734 0.176171 0.935532 -0.306176 -0.600752 -0.95118 0.241864 0.191723 -0.254321 0.253415 0.257452 0.932469 0.378337 
1533574736751 0.176126 0.935637 -0.305881 -0.600748 -0.951244 0.241705 0.191609 -0.254288 0.253209 0.25722 0.932589 0.378287 
1533574736768 0.176098 0.935697 -0.305714 -0.600756 -0.951286 0.241607 0.191523 -0.254267 0.25307 0.257095 0.932662 0.378257 
1533574736784 0.176058 0.935718 -0.305672 -0.600775 -0.951316 0.241538 0.191461 -0.25425 0.252985 0.257083 0.932688 0.378229 
1533574736829 0.175994 0.935771 -0.305546 -0.600751 -0.95138 0.241398 0.191317 -0.254278 0.252788 0.25702 0.932759 0.378152 
1533574736855 0.176047 0.935829 -0.305338 -0.600647 -0.951409 0.241367 0.191216 -0.254391 0.252644 0.256839 0.932848 0.378127 
1533574736868 0.175982 0.935905 -0.305144 -0.600571 -0.951442 0.241245 0.191206 -0.254441 0.252564 0.256678 0.932914 0.378117 
1533574736885 0.175907 0.935978 -0.304962 -0.600485 -0.951457 0.241135 0.191268 -0.254484 0.25256 0.256513 0.93296 0.378097 
1533574736905 0.175807 0.936045 -0.304815 -0.600385 -0.951469 0.241018 0.191358 -0.254533 0.252585 0.25638 0.93299 0.378053 
1533574736922 0.175735 0.936087 -0.304727 -0.6003 -0.951476 0.240938 0.191421 -0.254583 0.252607 0.256301 0.933006 0.378007 
1533574736939 0.17566 0.936104 -0.304717 -0.600264 -0.951485 0.240871 0.191462 -0.254597 0.252626 0.256302 0.933 0.377974 
1533574736955 0.175577 0.936117 -0.304726 -0.60025 -0.951498 0.240797 0.191492 -0.254587 0.252636 0.256325 0.932991 0.377946 
1533574737004 0.175405 0.936118 -0.304822 -0.600261 -0.951582 0.240601 0.191319 -0.254481 0.252437 0.256505 0.932996 0.377928 
1533574737038 0.175366 0.935987 -0.305245 -0.600282 -0.951627 0.240612 0.191083 -0.254407 0.252296 0.25697 0.932906 0.377891 
1533574737058 0.175266 0.93597 -0.305354 -0.60025 -0.951678 0.240507 0.190959 -0.254349 0.252172 0.25713 0.932895 0.377878 
1533574737068 0.175219 0.935979 -0.305354 -0.600222 -0.951705 0.240444 0.190903 -0.254325 0.252102 0.257157 0.932907 0.377875 
1533574737085 0.175151 0.936006 -0.305312 -0.600158 -0.951752 0.240336 0.190804 -0.254298 0.251971 0.257162 0.932941 0.377874 
1533574737102 0.175109 0.936022 -0.305286 -0.600087 -0.9518 0.240249 0.190674 -0.254314 0.25182 0.257182 0.932976 0.377859 
1533574737118 0.175131 0.936014 -0.305298 -0.600035 -0.951822 0.240246 0.190569 -0.254356 0.251722 0.257215 0.932993 0.377831 
1533574737135 0.175189 0.935992 -0.305331 -0.599996 -0.95183 0.240288 0.190474 -0.254407 0.25165 0.257255 0.933002 0.377794 
1533574737153 0.175248 0.935971 -0.305363 -0.599969 -0.951831 0.240338 0.190407 -0.254454 0.251606 0.257285 0.933005 0.377764 
1533574737168 0.175303 0.935957 -0.305375 -0.599948 -0.951819 0.240394 0.190395 -0.254492 0.251612 0.257285 0.933004 0.377757 
1533574737209 0.175261 0.935992 -0.30529 -0.599933 -0.951754 0.240412 0.190698 -0.254471 0.251888 0.257139 0.93297 0.377815 
1533574737279 0.174951 0.936126 -0.305058 -0.599783 -0.951662 0.240224 0.191392 -0.25434 0.25245 0.256827 0.932903 0.377966 
1533574737293 0.174912 0.936151 -0.305002 -0.599723 -0.951653 0.240193 0.191479 -0.254337 0.252513 0.256764 0.932904 0.377996 
1533574737309 0.174855 0.936187 -0.304925 -0.599634 -0.951643 0.240144 0.191588 -0.254343 0.252589 0.25668 0.932906 0.378038 
