1537386584289 0.209523 0.920399 -0.3301 -0.474562 -0.945457 0.276812 0.171714 -0.174461 0.249421 0.276117 0.928196 0.473198 
1537386585246 0.213422 0.920772 -0.326542 -0.490456 -0.944711 0.279677 0.171177 -0.182396 0.248941 0.271955 0.929553 0.463638 
1537386586249 0.216619 0.921411 -0.322611 -0.506713 -0.944148 0.281778 0.170835 -0.190189 0.248314 0.267586 0.930987 0.453718 
1537386587177 0.220017 0.921986 -0.318645 -0.522895 -0.943504 0.284097 0.170554 -0.197996 0.247775 0.263118 0.932404 0.443915 
1537386588202 0.223125 0.922554 -0.314817 -0.539148 -0.942887 0.286206 0.170444 -0.205742 0.247346 0.258807 0.933723 0.433978 
1537386589250 0.226401 0.923064 -0.310959 -0.555421 -0.942225 0.288468 0.170292 -0.213502 0.246892 0.254439 0.935043 0.424043 
1537386590325 0.229604 0.923586 -0.307034 -0.571674 -0.941677 0.290545 0.169788 -0.221348 0.246021 0.250143 0.93643 0.414134 
1537386591463 0.232893 0.924008 -0.303265 -0.587867 -0.940993 0.292846 0.169625 -0.229127 0.245545 0.245866 0.937687 0.404221 
1537386592478 0.236035 0.924507 -0.299288 -0.604131 -0.940306 0.295004 0.169699 -0.236834 0.245179 0.241368 0.938951 0.394254 
1537386593512 0.239778 0.924721 -0.295632 -0.618402 -0.939544 0.297711 0.169188 -0.243814 0.244465 0.237192 0.9402 0.38488 
1537386593538 0.239166 0.92496 -0.295379 -0.618589 -0.939656 0.297125 0.169597 -0.243591 0.244635 0.236992 0.940206 0.384719 
1537386593917 0.240346 0.924613 -0.295509 -0.620063 -0.939388 0.29824 0.169125 -0.24466 0.244508 0.236949 0.940251 0.383861 
1537386594293 0.240762 0.924646 -0.295064 -0.621867 -0.939285 0.29855 0.169148 -0.245592 0.244494 0.236425 0.940386 0.382879 
1537386594682 0.240817 0.924752 -0.294688 -0.623698 -0.939299 0.298507 0.169148 -0.246405 0.244386 0.236067 0.940504 0.381798 
1537386595130 0.240951 0.924915 -0.294067 -0.625581 -0.939304 0.298483 0.169164 -0.247303 0.244236 0.235457 0.940696 0.380688 
1537386595789 0.24147 0.925014 -0.29333 -0.629254 -0.939182 0.298831 0.169225 -0.249007 0.244191 0.234627 0.940915 0.378528 
1537386596149 0.241515 0.925189 -0.292737 -0.631038 -0.939204 0.298733 0.169273 -0.24977 0.24406 0.234058 0.941091 0.37752 
1537386596516 0.241875 0.925218 -0.292348 -0.632859 -0.939095 0.29902 0.169372 -0.250685 0.244124 0.233576 0.941194 0.376452 
1537386596897 0.24187 0.92539 -0.291808 -0.634053 -0.939042 0.298969 0.169759 -0.251 0.244335 0.23296 0.941292 0.37568 
1537386596941 0.241885 0.925426 -0.291681 -0.634171 -0.939068 0.298932 0.169682 -0.251075 0.24422 0.232864 0.941345 0.375562 
1537386597119 0.241497 0.925229 -0.292626 -0.634445 -0.939145 0.298758 0.169563 -0.251129 0.244309 0.23387 0.941073 0.375491 
1537386597330 0.240836 0.924809 -0.294492 -0.635207 -0.939104 0.298672 0.169936 -0.251294 0.245115 0.235632 0.940423 0.375726 
1537386597524 0.2403 0.924385 -0.296257 -0.635901 -0.939076 0.298647 0.170139 -0.251613 0.24575 0.237323 0.939832 0.37585 
1537386597745 0.239541 0.924056 -0.297895 -0.63668 -0.939164 0.298328 0.170208 -0.251828 0.246152 0.239 0.939302 0.375919 
1537386597957 0.238906 0.923616 -0.299762 -0.637419 -0.939172 0.298219 0.170355 -0.252059 0.246737 0.240829 0.938681 0.375913 
1537386598196 0.238291 0.923194 -0.301547 -0.638129 -0.939189 0.298101 0.170469 -0.25231 0.247267 0.242589 0.938088 0.375939 
1537386598387 0.237454 0.922899 -0.303105 -0.638862 -0.939243 0.29775 0.170784 -0.252433 0.247866 0.244136 0.937529 0.376111 
1537386598611 0.236771 0.922537 -0.304737 -0.63955 -0.939314 0.297504 0.170825 -0.252658 0.248253 0.245797 0.936992 0.376117 
1537386598809 0.236201 0.922207 -0.306176 -0.640117 -0.939337 0.29735 0.170965 -0.252754 0.248706 0.247221 0.936497 0.376265 
1537386598938 0.235648 0.921995 -0.307237 -0.64051 -0.939409 0.297089 0.171025 -0.252735 0.248961 0.248319 0.936139 0.376276 
1537386598955 0.235639 0.921996 -0.307243 -0.640512 -0.939407 0.297086 0.171041 -0.252733 0.248976 0.248322 0.936134 0.376288 
1537386599208 0.235142 0.922215 -0.306964 -0.640596 -0.939558 0.296537 0.171164 -0.252849 0.248877 0.248162 0.936203 0.376367 
1537386599378 0.23449 0.922149 -0.307663 -0.640951 -0.939719 0.29605 0.171121 -0.253009 0.248883 0.248991 0.935981 0.376513 
1537386599554 0.233567 0.922153 -0.308351 -0.641374 -0.9399 0.295353 0.171332 -0.253018 0.249066 0.249801 0.935716 0.37667 
1537386599795 0.232308 0.922061 -0.309576 -0.64207 -0.940181 0.294419 0.171397 -0.253349 0.249184 0.25124 0.9353 0.376834 
1537386599965 0.231427 0.922106 -0.3101 -0.642492 -0.940332 0.293749 0.171718 -0.25332 0.249433 0.251857 0.935067 0.377084 
1537386600142 0.230703 0.922009 -0.310927 -0.642869 -0.940499 0.293228 0.171692 -0.253485 0.249474 0.252817 0.934797 0.377142 
1537386600268 0.230176 0.922043 -0.311218 -0.643162 -0.940603 0.29281 0.171839 -0.25355 0.249571 0.253179 0.934674 0.377302 
1537386600298 0.229992 0.922073 -0.311264 -0.643194 -0.940651 0.292641 0.171862 -0.253493 0.249558 0.253264 0.934654 0.37731 
1537386600314 0.229883 0.92206 -0.311382 -0.643217 -0.940673 0.292565 0.171871 -0.25348 0.249575 0.253399 0.934613 0.377308 
1537386600487 0.229645 0.922101 -0.311437 -0.643333 -0.940757 0.292323 0.171821 -0.253673 0.249477 0.253529 0.934604 0.377382 
1537386600543 0.229639 0.922341 -0.31073 -0.643358 -0.940745 0.2922 0.172101 -0.253695 0.249531 0.252796 0.934788 0.37737 
1537386600730 0.229179 0.922507 -0.310576 -0.643574 -0.94097 0.291621 0.171849 -0.254015 0.249103 0.252859 0.934885 0.377222 
1537386600793 0.229012 0.92269 -0.310155 -0.643708 -0.941024 0.291372 0.171978 -0.254085 0.249053 0.252478 0.935001 0.377188 
1537386600946 0.228476 0.922915 -0.309883 -0.643848 -0.941126 0.290842 0.172317 -0.254068 0.249161 0.252268 0.935029 0.377332 
1537386601020 0.228397 0.922994 -0.309704 -0.643965 -0.941207 0.290671 0.172159 -0.254283 0.248924 0.252175 0.935117 0.377275 
1537386601127 0.22785 0.923205 -0.30948 -0.644084 -0.941316 0.290135 0.172469 -0.254101 0.249015 0.252021 0.935135 0.377278 
1537386601164 0.227829 0.923226 -0.30943 -0.644113 -0.941334 0.290094 0.172443 -0.254228 0.248967 0.251989 0.935156 0.377256 
1537386601188 0.227806 0.923246 -0.309389 -0.644134 -0.941348 0.290055 0.172429 -0.254305 0.248934 0.251962 0.935172 0.377244 
1537386601335 0.227706 0.923368 -0.309099 -0.644118 -0.941355 0.289924 0.172611 -0.25417 0.248998 0.251667 0.935234 0.377307 
1537386601348 0.227814 0.923358 -0.309049 -0.644091 -0.941313 0.290032 0.172658 -0.254106 0.24906 0.251578 0.935242 0.377325 
1537386601367 0.227897 0.923326 -0.309083 -0.644064 -0.941269 0.290142 0.172716 -0.254051 0.249151 0.251569 0.93522 0.377343 
1537386601383 0.227984 0.923254 -0.309233 -0.644044 -0.941214 0.290287 0.172771 -0.254028 0.249277 0.251666 0.93516 0.377351 
1537386601401 0.228063 0.923192 -0.309361 -0.644029 -0.941174 0.290406 0.172787 -0.254054 0.249355 0.251757 0.935115 0.377349 
1537386601416 0.228121 0.923152 -0.309436 -0.644019 -0.941152 0.290484 0.172779 -0.254093 0.249388 0.251812 0.935092 0.377342 
1537386601500 0.228503 0.923008 -0.309585 -0.643954 -0.94103 0.290902 0.172737 -0.254276 0.249496 0.251859 0.93505 0.377313 
1537386601515 0.228683 0.922957 -0.309604 -0.643937 -0.940966 0.291096 0.172758 -0.254305 0.249573 0.25182 0.93504 0.377305 
1537386601550 0.228998 0.922888 -0.309578 -0.643878 -0.940838 0.291441 0.172873 -0.254315 0.249766 0.251675 0.935028 0.377304 
1537386601569 0.229071 0.922877 -0.309556 -0.64385 -0.940796 0.291531 0.172952 -0.254309 0.249859 0.251611 0.93502 0.377305 
1537386601802 0.229507 0.922749 -0.309615 -0.643661 -0.940634 0.292011 0.173023 -0.254163 0.250068 0.251524 0.934988 0.37734 
1537386602022 0.230462 0.922625 -0.309274 -0.643234 -0.940419 0.292833 0.172804 -0.254118 0.249999 0.251022 0.935141 0.377552 
1537386602161 0.230837 0.922471 -0.309453 -0.643025 -0.94027 0.293278 0.172859 -0.25406 0.250214 0.251067 0.935071 0.377568 
1537386602266 0.231164 0.922467 -0.309221 -0.642825 -0.940137 0.293597 0.173039 -0.253853 0.250409 0.25071 0.935115 0.377646 
1537386602418 0.231806 0.922297 -0.309249 -0.642587 -0.939899 0.29429 0.173157 -0.253803 0.250711 0.250524 0.935084 0.377683 
1537386602547 0.232397 0.92213 -0.309302 -0.642319 -0.939739 0.294873 0.173031 -0.253848 0.250762 0.250451 0.93509 0.377654 
1537386602624 0.232696 0.922101 -0.309165 -0.642196 -0.939648 0.295148 0.173058 -0.253731 0.250826 0.250237 0.93513 0.377678 
1537386602670 0.232697 0.922138 -0.309053 -0.642129 -0.939644 0.295132 0.173108 -0.253631 0.250841 0.250118 0.935158 0.377709 
1537386602809 0.23337 0.92196 -0.309077 -0.641972 -0.939437 0.295813 0.173067 -0.253725 0.25099 0.24997 0.935157 0.377735 
1537386603023 0.233302 0.921982 -0.30906 -0.641633 -0.939513 0.295687 0.17287 -0.253496 0.250769 0.250035 0.935199 0.377861 
1537386603229 0.233748 0.921938 -0.308858 -0.641214 -0.939428 0.296045 0.172721 -0.253379 0.250673 0.249777 0.935294 0.377928 
1537386603449 0.234175 0.921826 -0.308868 -0.640829 -0.939321 0.296452 0.172603 -0.253217 0.250674 0.249707 0.935312 0.378035 
1537386603730 0.234611 0.921882 -0.308369 -0.640072 -0.939313 0.296672 0.17227 -0.252799 0.250297 0.249239 0.935538 0.378302 
1537386603940 0.235242 0.921748 -0.308288 -0.639662 -0.939155 0.297254 0.172128 -0.252709 0.250298 0.249038 0.935591 0.378447 
1537386604151 0.23582 0.921636 -0.308183 -0.639218 -0.938995 0.297797 0.172064 -0.252608 0.250356 0.248806 0.935637 0.378561 
1537386604314 0.236226 0.92151 -0.308248 -0.638975 -0.938919 0.298168 0.171835 -0.252651 0.250257 0.248828 0.935658 0.378637 
1537386604345 0.236353 0.921492 -0.308203 -0.638904 -0.938887 0.29828 0.171814 -0.252634 0.250256 0.248759 0.935677 0.378664 
1537386604589 0.236227 0.921504 -0.308263 -0.638647 -0.938935 0.298156 0.17177 -0.252396 0.250197 0.248863 0.935665 0.378714 
1537386604864 0.236329 0.921472 -0.308282 -0.638124 -0.938869 0.298295 0.171885 -0.252246 0.250346 0.248815 0.935638 0.378934 
1537386605116 0.236455 0.921431 -0.308309 -0.637613 -0.938801 0.298456 0.171977 -0.251953 0.250482 0.248776 0.935612 0.379135 
1537386605348 0.236971 0.921216 -0.308554 -0.637033 -0.938612 0.29905 0.171981 -0.251905 0.250704 0.248858 0.93553 0.379297 
1537386605598 0.236827 0.921184 -0.308759 -0.636556 -0.93867 0.298929 0.171871 -0.251582 0.250622 0.24912 0.935483 0.37938 
1537386605866 0.236888 0.921148 -0.308821 -0.635974 -0.938632 0.299021 0.171919 -0.251257 0.250707 0.249144 0.935453 0.37955 
1537386606113 0.237114 0.921105 -0.308777 -0.635461 -0.938561 0.299242 0.171926 -0.2511 0.250761 0.24904 0.935467 0.379746 
1537386606365 0.237108 0.92108 -0.308854 -0.634986 -0.938517 0.299295 0.17207 -0.250817 0.250929 0.249065 0.935415 0.37995 
1537386606562 0.237533 0.920911 -0.309033 -0.63459 -0.9384 0.29974 0.171935 -0.250814 0.250966 0.249156 0.935381 0.380038 
1537386606605 0.237457 0.920965 -0.308929 -0.634483 -0.938418 0.29965 0.171993 -0.250701 0.25097 0.249064 0.935404 0.380093 
1537386606622 0.237582 0.920914 -0.308985 -0.634407 -0.938377 0.299788 0.171975 -0.250722 0.251004 0.249087 0.935389 0.380114 
1537386606874 0.23725 0.921018 -0.308932 -0.634156 -0.938437 0.299488 0.172174 -0.250597 0.251096 0.249065 0.93537 0.380196 
1537386607072 0.237333 0.920992 -0.308945 -0.633744 -0.938295 0.299689 0.172598 -0.250595 0.251549 0.248918 0.935288 0.380272 
1537386607333 0.23676 0.921204 -0.308752 -0.633147 -0.938269 0.299278 0.173445 -0.250113 0.252181 0.248628 0.935195 0.380495 
1537386607549 0.236607 0.921193 -0.308901 -0.632825 -0.938181 0.299286 0.173908 -0.249947 0.252652 0.248658 0.935059 0.380567 
1537386607754 0.236598 0.921238 -0.308776 -0.63244 -0.938127 0.29931 0.174161 -0.249898 0.252863 0.248464 0.935054 0.380746 
1537386607950 0.236441 0.921284 -0.308759 -0.632107 -0.938075 0.299247 0.174544 -0.249767 0.253199 0.24837 0.934988 0.380821 
1537386608028 0.236208 0.921417 -0.308541 -0.631904 -0.93809 0.299029 0.174842 -0.249566 0.253365 0.24814 0.935004 0.380924 
1537386608065 0.23639 0.921349 -0.308602 -0.631868 -0.938027 0.299229 0.174835 -0.249657 0.253427 0.248148 0.934985 0.380923 
1537386608185 0.236272 0.921404 -0.308528 -0.631705 -0.938022 0.299138 0.17502 -0.249599 0.253557 0.248053 0.934975 0.380991 
1537386608412 0.236217 0.921348 -0.30874 -0.631362 -0.938023 0.299138 0.175011 -0.249452 0.253602 0.248264 0.934907 0.381149 
1537386608620 0.236145 0.921319 -0.308881 -0.631069 -0.937952 0.299184 0.175314 -0.249215 0.253932 0.248316 0.934804 0.381282 
1537386608829 0.236015 0.921338 -0.308923 -0.630686 -0.937936 0.299116 0.175513 -0.249115 0.25411 0.248327 0.934752 0.381418 
1537386609045 0.235901 0.921304 -0.309112 -0.630408 -0.937896 0.299112 0.175738 -0.248921 0.254367 0.248458 0.934648 0.381532 
1537386609381 0.235946 0.92117 -0.309476 -0.629648 -0.93779 0.299316 0.175953 -0.248826 0.254714 0.248709 0.934486 0.381793 
1537386609584 0.235802 0.921183 -0.309547 -0.62933 -0.93777 0.299248 0.176177 -0.248582 0.254922 0.248741 0.934421 0.381896 
1537386609741 0.235845 0.921082 -0.309815 -0.629123 -0.937704 0.299395 0.176279 -0.248556 0.255125 0.24894 0.934313 0.381963 
1537386609768 0.235826 0.92108 -0.309836 -0.629094 -0.937704 0.299385 0.176297 -0.248542 0.255144 0.248959 0.934302 0.381973 
1537386609787 0.235768 0.921103 -0.309811 -0.629042 -0.937717 0.299327 0.176324 -0.248516 0.255147 0.248943 0.934306 0.381994 
1537386610003 0.235678 0.921021 -0.310124 -0.628793 -0.937693 0.299347 0.176418 -0.248287 0.255319 0.249223 0.934184 0.382118 
1537386610197 0.236054 0.920845 -0.31036 -0.628506 -0.937591 0.299756 0.176266 -0.248272 0.255345 0.249382 0.934134 0.382191 
1537386610384 0.236292 0.920673 -0.310687 -0.628207 -0.93755 0.300025 0.176027 -0.248345 0.255277 0.249691 0.934071 0.382275 
1537386610585 0.236067 0.920626 -0.310997 -0.627965 -0.937558 0.299919 0.176163 -0.248071 0.255454 0.249992 0.933942 0.382379 
1537386610769 0.236198 0.920546 -0.311136 -0.627705 -0.937545 0.30005 0.17601 -0.247968 0.255381 0.250131 0.933925 0.382427 
1537386610976 0.236232 0.920434 -0.311442 -0.627394 -0.937512 0.300164 0.175992 -0.247819 0.255472 0.250405 0.933826 0.38251 
1537386611181 0.236223 0.920364 -0.311655 -0.627152 -0.93753 0.300181 0.175866 -0.247708 0.255414 0.250642 0.933778 0.382575 
1537386611221 0.236125 0.920355 -0.311756 -0.627047 -0.937526 0.300135 0.175964 -0.247581 0.255518 0.25073 0.933727 0.382626 
1537386611247 0.236267 0.92029 -0.31184 -0.627018 -0.937478 0.300298 0.175943 -0.247604 0.255563 0.250773 0.933702 0.382629 
1537386611405 0.236196 0.920327 -0.311786 -0.62684 -0.937497 0.30022 0.175978 -0.247505 0.255561 0.250733 0.933714 0.382707 
1537386611481 0.236191 0.920321 -0.311805 -0.626624 -0.937455 0.300261 0.176128 -0.247389 0.255717 0.250704 0.933679 0.382799 
1537386611645 0.236067 0.920391 -0.311693 -0.626399 -0.937515 0.300094 0.176094 -0.247218 0.255613 0.250647 0.933723 0.382848 
1537386611725 0.236471 0.920209 -0.311924 -0.626168 -0.937414 0.300519 0.175906 -0.247326 0.25561 0.250805 0.933681 0.382885 
1537386611919 0.236317 0.920279 -0.311834 -0.625807 -0.937422 0.300387 0.176093 -0.246986 0.255725 0.250706 0.933676 0.382971 
1537386611998 0.236489 0.92018 -0.311997 -0.625544 -0.937386 0.300573 0.175964 -0.247049 0.255697 0.250848 0.933646 0.383013 
1537386612137 0.236425 0.920187 -0.312024 -0.625391 -0.937417 0.300504 0.175919 -0.246904 0.255643 0.250905 0.933645 0.383059 
1537386612177 0.236486 0.920178 -0.312005 -0.625267 -0.937389 0.30057 0.175955 -0.246874 0.255689 0.250859 0.933645 0.383111 
1537386612194 0.236561 0.920147 -0.31204 -0.625222 -0.937361 0.300656 0.175957 -0.246883 0.255723 0.250869 0.933633 0.383127 
1537386612377 0.23657 0.920101 -0.312169 -0.625183 -0.93735 0.300698 0.175941 -0.246861 0.255752 0.25099 0.933593 0.383144 
1537386612585 0.236566 0.920009 -0.312441 -0.624782 -0.937243 0.300853 0.176249 -0.246711 0.25615 0.251139 0.933443 0.383282 
1537386612647 0.236667 0.919981 -0.312447 -0.62455 -0.937174 0.300991 0.176376 -0.246645 0.256306 0.251075 0.933418 0.383368 
1537386612813 0.236564 0.919979 -0.312533 -0.624351 -0.937166 0.300944 0.1765 -0.246512 0.256431 0.251142 0.933365 0.383441 
1537386612893 0.236679 0.919883 -0.312728 -0.624113 -0.937074 0.301152 0.176636 -0.246532 0.256663 0.251243 0.933274 0.383505 
1537386613042 0.236767 0.919814 -0.312864 -0.623907 -0.93698 0.301331 0.176827 -0.24644 0.256924 0.251281 0.933193 0.383567 
1537386613085 0.23679 0.919807 -0.312866 -0.62381 -0.936953 0.301374 0.176897 -0.246401 0.257001 0.251253 0.933179 0.3836 
1537386613115 0.236805 0.919797 -0.312885 -0.623719 -0.936929 0.301413 0.176961 -0.246371 0.257076 0.251246 0.93316 0.383631 
1537386613132 0.236813 0.919793 -0.312891 -0.62369 -0.936919 0.301429 0.176984 -0.246359 0.257103 0.251242 0.933154 0.383639 
1537386613305 0.237031 0.91973 -0.31291 -0.623497 -0.936811 0.301689 0.177111 -0.246307 0.257296 0.251157 0.933123 0.383707 
1537386613439 0.23723 0.919756 -0.312682 -0.623314 -0.936809 0.301787 0.176955 -0.246189 0.257119 0.250944 0.933229 0.383705 
1537386613568 0.237235 0.919882 -0.312308 -0.623087 -0.936848 0.30168 0.17693 -0.245983 0.256972 0.250611 0.933359 0.38379 
1537386613723 0.237769 0.919733 -0.312342 -0.62283 -0.936732 0.302173 0.176707 -0.245989 0.256904 0.250565 0.93339 0.383868 
1537386613840 0.237816 0.919799 -0.31211 -0.622601 -0.936726 0.302167 0.176745 -0.245851 0.25688 0.250329 0.93346 0.383947 
