1533550049394 0.153427 0.938601 -0.309012 -0.599242 -0.953313 0.222906 0.203732 -0.22061 0.260104 0.263328 0.92898 0.378418 
1533550052270 0.153426 0.938602 -0.309011 -0.599242 -0.953313 0.222905 0.203734 -0.220609 0.260105 0.263326 0.928981 0.378419 
1533550052544 0.153187 0.938457 -0.309569 -0.599238 -0.953067 0.22309 0.20468 -0.220735 0.261145 0.263686 0.928587 0.378572 
1533550052724 0.152686 0.938389 -0.31002 -0.599258 -0.952967 0.222901 0.205352 -0.22065 0.261804 0.264084 0.928288 0.378665 
1533550052885 0.152456 0.9383 -0.310403 -0.599221 -0.952791 0.222983 0.206077 -0.220725 0.262576 0.264332 0.927999 0.378814 
1533550053066 0.152149 0.938166 -0.310957 -0.599236 -0.952601 0.223058 0.206871 -0.220795 0.263441 0.264743 0.927637 0.378945 
1533550053269 0.151572 0.93793 -0.311952 -0.599238 -0.952144 0.223288 0.208721 -0.220882 0.265421 0.265387 0.926888 0.379192 
1533550053486 0.151092 0.937832 -0.312479 -0.599252 -0.951981 0.223196 0.209562 -0.220899 0.266278 0.26581 0.926521 0.379386 
1533550053678 0.15066 0.937718 -0.313027 -0.599246 -0.951789 0.223174 0.210454 -0.220925 0.267206 0.266229 0.926133 0.379406 
1533550053870 0.150407 0.93758 -0.313563 -0.599238 -0.951628 0.223257 0.211092 -0.221035 0.267921 0.266645 0.925807 0.379544 
1533550053887 0.150457 0.937577 -0.313547 -0.599225 -0.951599 0.223322 0.211156 -0.221055 0.267998 0.266601 0.925798 0.379559 
1533550053904 0.150525 0.937571 -0.313532 -0.599207 -0.951561 0.223409 0.211233 -0.221088 0.268092 0.266549 0.925785 0.379576 
1533550054086 0.150444 0.937563 -0.313596 -0.599222 -0.951576 0.223346 0.211234 -0.221062 0.268086 0.266631 0.925763 0.379573 
1533550054184 0.150422 0.937545 -0.313661 -0.599229 -0.951573 0.223346 0.211246 -0.221056 0.268108 0.266696 0.925738 0.379565 
1533550054343 0.150351 0.937527 -0.313747 -0.599239 -0.951561 0.223323 0.211328 -0.221043 0.268192 0.266776 0.925691 0.379563 
1533550054468 0.150311 0.937531 -0.313755 -0.599241 -0.951543 0.223311 0.211419 -0.221034 0.268276 0.266772 0.925667 0.379585 
1533550054630 0.150281 0.937524 -0.31379 -0.599245 -0.951513 0.223326 0.21154 -0.221026 0.268401 0.266785 0.925628 0.379606 
1533550054781 0.150292 0.937519 -0.313801 -0.599233 -0.95148 0.22337 0.211642 -0.221044 0.268512 0.266768 0.925601 0.379623 
1533550054895 0.150265 0.937496 -0.313882 -0.599239 -0.951452 0.223395 0.211742 -0.221047 0.268627 0.266826 0.92555 0.379636 
1533550054987 0.150267 0.937481 -0.313925 -0.599238 -0.951423 0.223434 0.211827 -0.22106 0.268726 0.266845 0.925516 0.379666 
1533550055004 0.150269 0.937478 -0.313933 -0.599237 -0.951419 0.223442 0.211837 -0.221064 0.268738 0.26685 0.925511 0.379669 
1533550055279 0.150255 0.937426 -0.314096 -0.599232 -0.951487 0.223401 0.211578 -0.221109 0.268508 0.267067 0.925515 0.379669 
1533550055434 0.15037 0.937401 -0.314115 -0.599222 -0.951514 0.223467 0.211384 -0.221118 0.268346 0.267099 0.925553 0.379671 
1533550055658 0.150368 0.937354 -0.314256 -0.599204 -0.951596 0.223415 0.211069 -0.221083 0.268056 0.267307 0.925577 0.379652 
1533550055769 0.150361 0.937313 -0.314381 -0.599213 -0.951657 0.223377 0.210834 -0.221093 0.267843 0.267482 0.925588 0.379652 
1533550055895 0.150412 0.93725 -0.314546 -0.599225 -0.95173 0.223382 0.210502 -0.221105 0.267557 0.267701 0.925608 0.379668 
1533550056015 0.15047 0.937217 -0.314616 -0.599225 -0.951772 0.2234 0.21029 -0.221097 0.267372 0.2678 0.925632 0.379694 
1533550056246 0.150499 0.937184 -0.314699 -0.599217 -0.951844 0.223369 0.209999 -0.22107 0.267102 0.26794 0.92567 0.379702 
1533550056391 0.150436 0.937168 -0.314779 -0.599218 -0.951969 0.223212 0.209598 -0.221092 0.266691 0.268129 0.925734 0.379696 
1533550056698 0.150204 0.93722 -0.314735 -0.599176 -0.952114 0.222876 0.209296 -0.221016 0.266303 0.268227 0.925817 0.379713 
1533550056715 0.1502 0.937221 -0.314734 -0.599175 -0.952115 0.222872 0.209295 -0.221014 0.266301 0.268227 0.925818 0.379713 
1533550056732 0.1502 0.93722 -0.314735 -0.599175 -0.952117 0.222871 0.209291 -0.221014 0.266297 0.268229 0.925818 0.379713 
