1535171153342 0.231514 0.922353 -0.3093 -0.602203 -0.937062 0.296852 0.183831 -0.232937 0.261374 0.247274 0.933027 0.389927 
1535171166111 0.231514 0.922353 -0.3093 -0.602203 -0.937062 0.296852 0.183831 -0.232937 0.261374 0.247274 0.933027 0.389927 
1535171166126 0.231514 0.922353 -0.3093 -0.602203 -0.937062 0.296852 0.183831 -0.232937 0.261374 0.247274 0.933027 0.389927 
1535171166143 0.231514 0.922353 -0.3093 -0.602203 -0.937062 0.296852 0.183831 -0.232937 0.261374 0.247274 0.933027 0.389927 
1535171166235 0.231174 0.922335 -0.309607 -0.602228 -0.937089 0.296646 0.184026 -0.232948 0.261577 0.247588 0.932887 0.389918 
1535171166258 0.230908 0.922293 -0.30993 -0.602248 -0.937083 0.296527 0.184249 -0.232971 0.261834 0.247886 0.932735 0.389916 
1535171166268 0.230711 0.922243 -0.310227 -0.602258 -0.937059 0.296468 0.184463 -0.233016 0.262092 0.248143 0.932595 0.389917 
1535171166285 0.230547 0.922187 -0.310515 -0.602261 -0.937024 0.296442 0.184683 -0.233087 0.262362 0.248382 0.932455 0.389926 
1535171166319 0.230564 0.922063 -0.310869 -0.602247 -0.936909 0.296634 0.184958 -0.23326 0.262757 0.248611 0.932283 0.389935 
1535171166411 0.230069 0.921858 -0.311842 -0.602263 -0.93674 0.296637 0.185807 -0.233486 0.263791 0.249366 0.931789 0.389832 
1535171166525 0.230174 0.921882 -0.311695 -0.602277 -0.936835 0.296592 0.185398 -0.233514 0.263361 0.249333 0.93192 0.389875 
1535171166537 0.230334 0.921933 -0.311424 -0.602263 -0.936873 0.296616 0.185168 -0.233499 0.263086 0.249114 0.932056 0.389893 
1535171166553 0.230528 0.921995 -0.3111 -0.602257 -0.936917 0.296647 0.184898 -0.233454 0.262762 0.24885 0.932218 0.389913 
1535171166613 0.230439 0.922255 -0.310392 -0.602303 -0.937198 0.296176 0.184227 -0.233189 0.261835 0.248446 0.932586 0.38994 
1535171166703 0.230092 0.922624 -0.309551 -0.602289 -0.937774 0.295214 0.182837 -0.233155 0.260074 0.24822 0.933139 0.389878 
1535171166723 0.230066 0.922737 -0.309235 -0.602283 -0.937923 0.29499 0.182432 -0.233183 0.259558 0.248068 0.933323 0.389873 
1535171167129 0.229684 0.923199 -0.308138 -0.602383 -0.938569 0.293884 0.180889 -0.233062 0.257553 0.247661 0.933986 0.389831 
1535171167150 0.229696 0.923151 -0.308272 -0.602383 -0.938509 0.293977 0.181051 -0.233065 0.257762 0.247729 0.933911 0.389836 
1535171167167 0.229651 0.923045 -0.308624 -0.602389 -0.938376 0.294141 0.181471 -0.233059 0.258285 0.247931 0.933713 0.389842 
1535171167182 0.229659 0.922963 -0.308862 -0.602381 -0.938247 0.294317 0.181853 -0.233059 0.258747 0.248025 0.93356 0.389856 
1535171167284 0.230177 0.922769 -0.309057 -0.602259 -0.938148 0.294818 0.181548 -0.233184 0.258642 0.248153 0.933555 0.389966 
1535171167300 0.230199 0.922792 -0.308972 -0.602263 -0.938279 0.294692 0.18108 -0.233183 0.25815 0.248217 0.933674 0.390008 
1535171167315 0.230179 0.922857 -0.308793 -0.602261 -0.938436 0.294491 0.180589 -0.233166 0.257594 0.248214 0.933828 0.390045 
1535171167338 0.230113 0.922948 -0.30857 -0.602264 -0.938629 0.294215 0.180035 -0.23312 0.256949 0.248205 0.934008 0.390077 
1535171167407 0.229808 0.923092 -0.308366 -0.602279 -0.938978 0.29362 0.179183 -0.232962 0.255945 0.248371 0.93424 0.389971 
1535171167578 0.229625 0.923309 -0.307851 -0.602227 -0.939535 0.29285 0.177521 -0.232857 0.254061 0.248474 0.934727 0.39009 
1535171167595 0.229628 0.923308 -0.307853 -0.602228 -0.939534 0.292853 0.177518 -0.232857 0.254059 0.248475 0.934727 0.390088 
1535171167618 0.229641 0.923302 -0.307859 -0.60223 -0.939533 0.292865 0.177506 -0.232861 0.254053 0.248481 0.934727 0.390082 
1535171167635 0.229647 0.923301 -0.307859 -0.602231 -0.93953 0.292872 0.177511 -0.232862 0.254059 0.248478 0.934726 0.390084 
1535171167732 0.229936 0.923237 -0.307836 -0.602274 -0.939272 0.293324 0.178129 -0.232963 0.254751 0.248183 0.934616 0.389993 
1535171167748 0.230025 0.923297 -0.307589 -0.60227 -0.939271 0.29334 0.178107 -0.232983 0.254674 0.24794 0.934701 0.389997 
1535171167764 0.230069 0.923349 -0.307401 -0.602274 -0.939282 0.293324 0.178076 -0.232992 0.254594 0.247766 0.934769 0.39 
1535171167793 0.229969 0.923468 -0.307118 -0.602282 -0.939346 0.293136 0.178048 -0.232993 0.254449 0.247545 0.934868 0.389987 
1535171167842 0.229863 0.923665 -0.306606 -0.60229 -0.939504 0.292808 0.177751 -0.232988 0.253959 0.247199 0.935092 0.389926 
1535171167865 0.229881 0.923725 -0.306411 -0.602298 -0.939566 0.292723 0.177563 -0.232985 0.253713 0.247075 0.935192 0.389885 
1535171167881 0.229885 0.923759 -0.306304 -0.602309 -0.93961 0.292663 0.177431 -0.232978 0.253548 0.247018 0.935252 0.389863 
1535171167903 0.229885 0.923793 -0.3062 -0.60232 -0.93965 0.292604 0.177314 -0.232966 0.253397 0.246959 0.935308 0.389843 
1535171167920 0.229886 0.923801 -0.306178 -0.602334 -0.939659 0.292591 0.177287 -0.232957 0.253362 0.246947 0.935321 0.389839 
1535171168044 0.230415 0.923675 -0.306159 -0.602372 -0.939524 0.293094 0.177173 -0.232987 0.253384 0.24682 0.935348 0.389901 
1535171168058 0.230549 0.923741 -0.305858 -0.602371 -0.939548 0.293107 0.177022 -0.233005 0.253172 0.246556 0.935475 0.3899 
1535171168074 0.230647 0.923802 -0.305601 -0.602378 -0.939585 0.293092 0.176855 -0.233019 0.252949 0.246347 0.935591 0.389881 
1535171168214 0.230528 0.924065 -0.304896 -0.602437 -0.939889 0.292577 0.17609 -0.232846 0.251924 0.245974 0.935965 0.389624 
1535171168241 0.230579 0.924084 -0.3048 -0.602437 -0.939882 0.292602 0.176088 -0.232855 0.251905 0.245873 0.935997 0.389644 
1535171168261 0.230604 0.924093 -0.304751 -0.602436 -0.93988 0.292612 0.176079 -0.23286 0.251888 0.245825 0.936014 0.389653 
1535171168278 0.230625 0.924096 -0.304727 -0.602435 -0.939876 0.292626 0.176078 -0.232867 0.251884 0.245797 0.936022 0.389661 
1535171168294 0.230631 0.924094 -0.304729 -0.602437 -0.939864 0.292642 0.176113 -0.232867 0.251921 0.245786 0.936015 0.389677 
1535171168313 0.230632 0.924069 -0.304805 -0.602443 -0.939824 0.292696 0.176237 -0.23287 0.25207 0.245817 0.935967 0.389702 
1535171168328 0.23066 0.924036 -0.304884 -0.602442 -0.939762 0.292792 0.176408 -0.232888 0.252275 0.245828 0.935909 0.389742 
1535171168344 0.230684 0.923956 -0.305107 -0.602455 -0.939681 0.292931 0.176612 -0.232913 0.252557 0.245962 0.935798 0.389779 
1535171168588 0.23073 0.924023 -0.304869 -0.602441 -0.939569 0.293026 0.177047 -0.232994 0.252931 0.245595 0.935793 0.389643 
1535171168604 0.230733 0.924022 -0.30487 -0.602443 -0.939566 0.293031 0.177055 -0.232997 0.252939 0.245593 0.935791 0.389645 
1535171168623 0.230733 0.924021 -0.304872 -0.602444 -0.939565 0.293033 0.177058 -0.232999 0.252943 0.245594 0.93579 0.389646 
1535171168638 0.230732 0.924022 -0.304872 -0.602445 -0.939565 0.293032 0.177058 -0.232999 0.252943 0.245594 0.93579 0.389646 
1535171168658 0.230729 0.924014 -0.304897 -0.602448 -0.939569 0.293031 0.177041 -0.233001 0.252933 0.245623 0.935785 0.389645 
1535171168674 0.230717 0.924004 -0.304937 -0.602452 -0.939572 0.293027 0.17703 -0.232999 0.252932 0.245667 0.935774 0.389644 
1535171168691 0.230691 0.923995 -0.304983 -0.602453 -0.939605 0.292986 0.176925 -0.232997 0.252833 0.245749 0.935779 0.389645 
1535171168708 0.230638 0.923982 -0.305063 -0.602457 -0.939637 0.292932 0.176842 -0.232985 0.252761 0.245862 0.935769 0.389648 
1535171168763 0.230277 0.924017 -0.30523 -0.60247 -0.939695 0.292652 0.176999 -0.232935 0.252876 0.246064 0.935685 0.389667 
1535171168933 0.229847 0.924247 -0.304856 -0.602443 -0.939529 0.292436 0.178233 -0.232961 0.253882 0.245455 0.935572 0.389603 
1535171168952 0.22991 0.924228 -0.304868 -0.602446 -0.939543 0.292469 0.178103 -0.23297 0.253772 0.245489 0.935593 0.389624 
1535171168969 0.229935 0.924213 -0.304895 -0.602451 -0.939589 0.292447 0.177895 -0.232974 0.253578 0.245572 0.935624 0.389658 
1535171168986 0.230034 0.924141 -0.305036 -0.602468 -0.939613 0.292522 0.177647 -0.232976 0.253401 0.245751 0.935625 0.389684 
1535171169006 0.230189 0.924055 -0.305182 -0.602481 -0.939631 0.292642 0.177353 -0.232966 0.253193 0.245934 0.935633 0.389702 
1535171169025 0.230276 0.924002 -0.305276 -0.602487 -0.939661 0.292693 0.177111 -0.232956 0.253003 0.246072 0.935648 0.389691 
1535171169042 0.230329 0.923986 -0.305283 -0.602484 -0.939697 0.292697 0.176913 -0.232947 0.252821 0.246125 0.935684 0.389665 
1535171169057 0.230314 0.923998 -0.30526 -0.602481 -0.939748 0.292633 0.17675 -0.232936 0.252646 0.246159 0.935722 0.389641 
1535171169200 0.230186 0.9243 -0.30444 -0.602484 -0.940189 0.291954 0.175518 -0.232794 0.251114 0.24583 0.936221 0.389542 
1535171169289 0.230157 0.924279 -0.304525 -0.6025 -0.94017 0.291969 0.1756 -0.232778 0.251215 0.245889 0.936178 0.38955 
1535171169325 0.230239 0.924178 -0.304772 -0.602497 -0.940037 0.292204 0.175918 -0.232839 0.251635 0.245994 0.936038 0.389614 
1535171169341 0.230268 0.9241 -0.304986 -0.602507 -0.939968 0.292332 0.176073 -0.232868 0.251866 0.246133 0.935939 0.389641 
1535171169355 0.23032 0.924007 -0.305227 -0.602513 -0.939875 0.292506 0.176283 -0.232913 0.252167 0.246273 0.935821 0.389679 
1535171169373 0.230354 0.923928 -0.305441 -0.602515 -0.939795 0.292649 0.176471 -0.232949 0.252433 0.246401 0.935716 0.389696 
1535171169393 0.230334 0.923878 -0.305606 -0.602499 -0.939736 0.292724 0.176659 -0.232963 0.25267 0.246498 0.935626 0.389717 
1535171169443 0.230172 0.923829 -0.305877 -0.602455 -0.939711 0.292686 0.176855 -0.232937 0.25291 0.246729 0.935501 0.389724 
1535171169458 0.230114 0.923763 -0.306121 -0.602459 -0.939719 0.292684 0.176817 -0.232941 0.252934 0.24698 0.935428 0.389718 
1535171169475 0.230059 0.923683 -0.306403 -0.602464 -0.939739 0.292679 0.176717 -0.232953 0.252908 0.247283 0.935355 0.389721 
1535171169553 0.22983 0.923535 -0.307021 -0.602365 -0.93987 0.292506 0.176306 -0.233009 0.25263 0.24804 0.93523 0.389784 
1535171169571 0.229781 0.923506 -0.307144 -0.602367 -0.939878 0.292488 0.176297 -0.233005 0.252647 0.248168 0.935191 0.389797 
1535171169588 0.229736 0.923499 -0.3072 -0.60237 -0.939888 0.292457 0.176294 -0.232996 0.25265 0.248233 0.935173 0.389804 
1535171169603 0.229688 0.923488 -0.307267 -0.602375 -0.939899 0.292425 0.17629 -0.232984 0.252654 0.248308 0.935152 0.389809 
1535171169621 0.229647 0.923471 -0.307348 -0.602382 -0.939904 0.292407 0.176293 -0.232973 0.252672 0.248392 0.935125 0.389813 
1535171169638 0.22967 0.923467 -0.307345 -0.602386 -0.939888 0.292438 0.176325 -0.23298 0.252709 0.248373 0.93512 0.389816 
1535171169653 0.229731 0.923473 -0.307281 -0.602392 -0.93985 0.292507 0.176414 -0.232994 0.252796 0.24827 0.935124 0.389818 
1535171169670 0.229809 0.923479 -0.307203 -0.602409 -0.939795 0.2926 0.176551 -0.233005 0.252929 0.248135 0.935123 0.389819 
1535171169688 0.229906 0.923545 -0.306933 -0.602409 -0.939752 0.292659 0.176684 -0.23301 0.253003 0.24782 0.935187 0.389829 
1535171169703 0.229978 0.923613 -0.306674 -0.602406 -0.939718 0.292694 0.176805 -0.233006 0.253061 0.247525 0.935249 0.389838 
1535171169894 0.230096 0.923407 -0.307205 -0.602392 -0.939512 0.293081 0.17726 -0.232992 0.253719 0.247836 0.934989 0.389686 
1535171169910 0.230114 0.923406 -0.307196 -0.602381 -0.939509 0.293094 0.177251 -0.233008 0.253712 0.247825 0.934994 0.389691 
1535171169931 0.230081 0.923416 -0.30719 -0.602382 -0.939518 0.293061 0.177257 -0.232996 0.253708 0.247827 0.934994 0.389692 
1535171169950 0.23005 0.923426 -0.307182 -0.602386 -0.939527 0.293029 0.177265 -0.232979 0.253705 0.247826 0.934995 0.389693 
1535171169976 0.230067 0.923473 -0.30703 -0.602383 -0.939549 0.29299 0.177212 -0.232983 0.253607 0.247699 0.935055 0.389727 
1535171169992 0.230027 0.923533 -0.306877 -0.602376 -0.939589 0.292893 0.177159 -0.233007 0.253494 0.247587 0.935116 0.389746 
1535171170034 0.229997 0.923657 -0.306526 -0.602399 -0.93961 0.292785 0.17723 -0.233061 0.253446 0.247253 0.935217 0.389763 
1535171170053 0.229982 0.923733 -0.306311 -0.602408 -0.939583 0.292759 0.177415 -0.23306 0.253559 0.247002 0.935253 0.389768 
1535171170069 0.229968 0.923784 -0.306166 -0.602416 -0.939569 0.292735 0.177529 -0.233061 0.253624 0.246838 0.935278 0.389772 
1535171170385 0.229668 0.924153 -0.305277 -0.602425 -0.939526 0.292392 0.178319 -0.233051 0.254055 0.245861 0.935419 0.389682 
1535171170407 0.229696 0.924124 -0.305343 -0.602425 -0.939546 0.292406 0.178191 -0.233044 0.253955 0.245955 0.935422 0.389698 
1535171170424 0.229789 0.924071 -0.305434 -0.602421 -0.939559 0.292477 0.178006 -0.233032 0.253822 0.24607 0.935427 0.389708 
1535171170444 0.229903 0.923915 -0.305819 -0.602432 -0.939545 0.292646 0.177805 -0.233031 0.253773 0.246452 0.93534 0.389704 
1535171170511 0.230017 0.923761 -0.3062 -0.602388 -0.939535 0.29281 0.177587 -0.233128 0.253706 0.246838 0.935256 0.389756 
1535171170530 0.229904 0.923816 -0.306119 -0.60238 -0.939537 0.292712 0.177736 -0.23315 0.253799 0.246748 0.935255 0.389769 
1535171170542 0.229763 0.923867 -0.306071 -0.602381 -0.939536 0.292603 0.177919 -0.233152 0.253931 0.246686 0.935235 0.389778 
1535171170725 0.229249 0.924164 -0.305558 -0.602382 -0.939339 0.292329 0.179403 -0.233167 0.255121 0.245894 0.93512 0.389845 
1535171170829 0.229265 0.924166 -0.30554 -0.602386 -0.939404 0.292275 0.179152 -0.233179 0.254868 0.245952 0.935174 0.389856 
1535171170843 0.229317 0.924146 -0.305561 -0.602383 -0.939467 0.292255 0.178855 -0.233177 0.25459 0.24605 0.935224 0.389845 
1535171170860 0.22934 0.92412 -0.305623 -0.60238 -0.939555 0.292198 0.178484 -0.233167 0.254243 0.246216 0.935274 0.38983 
1535171170877 0.229484 0.92404 -0.305755 -0.602387 -0.939569 0.292313 0.178224 -0.233154 0.254062 0.246379 0.935281 0.389814 
1535171170895 0.229653 0.923921 -0.305988 -0.602404 -0.939586 0.292461 0.177891 -0.233133 0.253847 0.246649 0.935268 0.389791 
1535171170915 0.229799 0.923844 -0.306112 -0.60241 -0.939575 0.292598 0.17772 -0.233108 0.253754 0.246775 0.93526 0.389778 
1535171170934 0.229803 0.923848 -0.306096 -0.602404 -0.9396 0.292574 0.177629 -0.23309 0.253658 0.246789 0.935282 0.389777 
1535171171142 0.2301 0.923976 -0.305488 -0.602413 -0.940068 0.292212 0.17574 -0.232866 0.251646 0.246741 0.935838 0.389767 
1535171171250 0.230256 0.923898 -0.305606 -0.602385 -0.939968 0.292442 0.175891 -0.232989 0.251878 0.24676 0.935771 0.389749 
1535171171263 0.23029 0.92389 -0.305603 -0.602385 -0.939912 0.292521 0.176059 -0.233013 0.252055 0.246695 0.93574 0.389745 
1535171171280 0.230232 0.923899 -0.305621 -0.602388 -0.939875 0.292519 0.176259 -0.233036 0.252245 0.246665 0.935697 0.38975 
1535171171298 0.230124 0.923926 -0.30562 -0.602388 -0.939817 0.292499 0.176602 -0.233068 0.25256 0.246586 0.935633 0.389758 
1535171171314 0.230043 0.923943 -0.305629 -0.602386 -0.939764 0.292495 0.176888 -0.233088 0.25283 0.246527 0.935575 0.389753 
1535171171365 0.229944 0.92396 -0.305653 -0.602415 -0.939642 0.292549 0.177449 -0.23307 0.253374 0.246401 0.935461 0.389712 
1535171171404 0.229894 0.924057 -0.305396 -0.602463 -0.939704 0.292403 0.17736 -0.232977 0.253189 0.246208 0.935562 0.389698 
1535171171420 0.229899 0.924144 -0.305131 -0.602463 -0.939764 0.292298 0.177217 -0.23294 0.252963 0.246009 0.935676 0.389686 
1535171171820 0.230423 0.924345 -0.304124 -0.602522 -0.93989 0.292354 0.176456 -0.232908 0.252018 0.245184 0.936147 0.389574 
1535171171858 0.230322 0.924318 -0.304282 -0.6025 -0.939848 0.292353 0.176676 -0.232899 0.252263 0.245287 0.936054 0.389606 
1535171171872 0.230291 0.924284 -0.30441 -0.602502 -0.939817 0.292386 0.176789 -0.232902 0.252408 0.245377 0.935992 0.389632 
1535171171894 0.230088 0.924211 -0.304784 -0.602504 -0.939769 0.292361 0.177087 -0.232911 0.252772 0.245681 0.935813 0.389682 
1535171171913 0.229991 0.92416 -0.305011 -0.602503 -0.939729 0.292374 0.177275 -0.232916 0.253008 0.245856 0.935704 0.389703 
1535171171928 0.22994 0.924146 -0.305093 -0.602494 -0.939705 0.292377 0.177398 -0.23292 0.253144 0.245907 0.935654 0.389719 
1535171171948 0.229884 0.924126 -0.305196 -0.602475 -0.939654 0.292406 0.177619 -0.232926 0.253384 0.245947 0.935578 0.389749 
1535171172165 0.229744 0.923936 -0.305875 -0.602422 -0.939067 0.293005 0.179724 -0.232917 0.255676 0.245947 0.934955 0.389784 
1535171172256 0.229681 0.923971 -0.305817 -0.602435 -0.939131 0.292888 0.179582 -0.232879 0.255499 0.245956 0.935001 0.389758 
1535171172270 0.229694 0.923976 -0.305794 -0.602439 -0.939189 0.292836 0.179361 -0.232888 0.255273 0.246 0.935051 0.389755 
1535171172289 0.229723 0.923991 -0.305724 -0.602441 -0.939282 0.292754 0.179011 -0.232904 0.254907 0.246038 0.93514 0.389758 
1535171172303 0.229776 0.92403 -0.305567 -0.602434 -0.939396 0.292651 0.178578 -0.232929 0.254436 0.246015 0.935275 0.389771 
1535171172323 0.229835 0.92407 -0.305402 -0.602431 -0.939527 0.292534 0.178079 -0.232956 0.253898 0.246005 0.935424 0.3898 
1535171172340 0.229857 0.924087 -0.305335 -0.602434 -0.939601 0.292466 0.177804 -0.232966 0.253607 0.246024 0.935498 0.389821 
1535171172404 0.22966 0.924084 -0.30549 -0.602436 -0.939728 0.292233 0.177516 -0.232872 0.253314 0.246309 0.935502 0.389796 
1535171172551 0.229827 0.923752 -0.306367 -0.602332 -0.93956 0.292682 0.177661 -0.232905 0.253783 0.247019 0.935188 0.389962 
1535171172568 0.229829 0.923752 -0.306369 -0.602335 -0.93956 0.292683 0.177658 -0.232904 0.253781 0.247021 0.935187 0.389971 
1535171172585 0.229806 0.923758 -0.306365 -0.602342 -0.939565 0.292662 0.177667 -0.232889 0.253783 0.247021 0.935187 0.389979 
1535171172606 0.229756 0.923774 -0.306356 -0.602355 -0.939577 0.292613 0.177686 -0.232856 0.253786 0.247021 0.935186 0.389985 
1535171172624 0.229713 0.923789 -0.306343 -0.602366 -0.939584 0.292574 0.177714 -0.232828 0.253798 0.247012 0.935185 0.389987 
1535171172638 0.229674 0.923804 -0.306327 -0.602375 -0.939589 0.292538 0.177745 -0.232808 0.253814 0.246998 0.935185 0.389985 
1535171172659 0.229663 0.923817 -0.306295 -0.602392 -0.939597 0.292516 0.177739 -0.232798 0.253794 0.246974 0.935196 0.389971 
1535171172677 0.229689 0.923825 -0.306252 -0.602412 -0.939593 0.29253 0.177737 -0.232805 0.253785 0.246928 0.935211 0.389952 
1535171172932 0.229627 0.923602 -0.306969 -0.602312 -0.939689 0.292531 0.177231 -0.232863 0.253488 0.247759 0.935072 0.389928 
1535171172949 0.22962 0.923605 -0.306966 -0.602316 -0.93969 0.292524 0.177237 -0.232852 0.253492 0.247755 0.935072 0.389929 
1535171172969 0.229614 0.923608 -0.306962 -0.602319 -0.93969 0.292519 0.177243 -0.232844 0.253495 0.247752 0.935072 0.38993 
1535171172986 0.22961 0.92361 -0.30696 -0.602321 -0.939691 0.292515 0.177246 -0.232839 0.253497 0.24775 0.935072 0.389931 
1535171173006 0.229595 0.923615 -0.306955 -0.602326 -0.939694 0.2925 0.177255 -0.232827 0.2535 0.247746 0.935072 0.389931 
1535171173022 0.229593 0.923623 -0.306934 -0.602331 -0.939687 0.292502 0.177289 -0.232819 0.253527 0.247717 0.935072 0.389931 
1535171173039 0.229654 0.923634 -0.306853 -0.602345 -0.939631 0.292584 0.177448 -0.232823 0.253678 0.247577 0.935069 0.389932 
1535171173056 0.229764 0.923638 -0.306759 -0.602362 -0.93958 0.292693 0.177537 -0.232849 0.253766 0.247433 0.935083 0.389935 
1535171173292 0.230298 0.92376 -0.30599 -0.60237 -0.939336 0.293161 0.178056 -0.232871 0.254185 0.246422 0.935236 0.390026 
1535171173309 0.230305 0.923759 -0.305988 -0.602369 -0.939333 0.293168 0.17806 -0.232874 0.25419 0.246417 0.935236 0.390029 
1535171173326 0.230291 0.923765 -0.305981 -0.602372 -0.939335 0.293156 0.178072 -0.232864 0.254197 0.24641 0.935236 0.390034 
1535171173342 0.230277 0.92377 -0.305975 -0.602376 -0.939337 0.293143 0.178083 -0.232853 0.254202 0.246405 0.935236 0.390037 
1535171173359 0.230265 0.923774 -0.305975 -0.602378 -0.93934 0.293131 0.178085 -0.232846 0.254201 0.246407 0.935235 0.390038 
1535171173377 0.23024 0.923771 -0.306001 -0.602379 -0.93935 0.293109 0.178068 -0.232839 0.254186 0.246443 0.93523 0.390037 
1535171173394 0.230206 0.923768 -0.306035 -0.60238 -0.93936 0.293082 0.178062 -0.232831 0.254181 0.246487 0.93522 0.390036 
1535171173412 0.230147 0.923755 -0.30612 -0.602382 -0.939406 0.293011 0.177933 -0.232819 0.254064 0.246621 0.935217 0.390034 
1535171173427 0.230067 0.92372 -0.306284 -0.602393 -0.939433 0.29296 0.177878 -0.232798 0.254039 0.246809 0.935174 0.390022 
1535171173443 0.230004 0.923699 -0.306396 -0.602401 -0.939455 0.292915 0.177833 -0.23278 0.254012 0.246944 0.935145 0.390009 
1535171173646 0.230789 0.923712 -0.305765 -0.602362 -0.939155 0.293642 0.178222 -0.232806 0.254411 0.246029 0.935278 0.389895 
1535171173662 0.230781 0.923713 -0.305767 -0.602363 -0.939156 0.293635 0.178224 -0.232801 0.254412 0.246033 0.935277 0.389893 
1535171173679 0.230776 0.923715 -0.305768 -0.602364 -0.939158 0.29363 0.178225 -0.232798 0.254412 0.246034 0.935276 0.389892 
1535171173696 0.230771 0.923716 -0.305768 -0.602365 -0.939159 0.293626 0.178227 -0.232796 0.254412 0.246035 0.935276 0.389891 
1535171173712 0.230761 0.923717 -0.30577 -0.602365 -0.939162 0.293616 0.178227 -0.232794 0.25441 0.24604 0.935275 0.389891 
1535171173729 0.230723 0.92372 -0.305791 -0.602367 -0.939177 0.293579 0.178207 -0.232793 0.254387 0.246075 0.935272 0.389891 
1535171173746 0.230648 0.923715 -0.305862 -0.602372 -0.939205 0.293511 0.178171 -0.232787 0.254353 0.246172 0.935256 0.38989 
1535171173763 0.230489 0.923674 -0.306108 -0.602394 -0.939235 0.293418 0.178169 -0.232764 0.254387 0.246441 0.935176 0.38988 
1535171173780 0.230188 0.923658 -0.306381 -0.602418 -0.939296 0.293197 0.178206 -0.232735 0.254432 0.246762 0.935079 0.389878 
1535171173796 0.229939 0.923654 -0.306579 -0.602432 -0.939332 0.293025 0.178305 -0.23271 0.254527 0.24698 0.934996 0.389898 
1535171173962 0.229678 0.923523 -0.307169 -0.602309 -0.938922 0.29335 0.17992 -0.23286 0.256268 0.247084 0.934492 0.390004 
1535171174027 0.229564 0.923557 -0.307152 -0.602336 -0.938952 0.293237 0.179948 -0.232791 0.25626 0.247091 0.934493 0.390002 
1535171174067 0.229522 0.923581 -0.307112 -0.602354 -0.939021 0.293133 0.179758 -0.232753 0.256046 0.247126 0.934542 0.389974 
1535171174081 0.229549 0.923581 -0.307091 -0.602366 -0.939088 0.293083 0.179489 -0.232755 0.255776 0.247184 0.934601 0.38996 
1535171174098 0.229607 0.923611 -0.306959 -0.602373 -0.939206 0.292984 0.179031 -0.232768 0.255289 0.247191 0.934732 0.389942 
1535171174118 0.229806 0.923653 -0.306683 -0.602374 -0.939313 0.292969 0.178497 -0.232768 0.254718 0.247051 0.934925 0.389924 
1535171174138 0.229997 0.923676 -0.306471 -0.602386 -0.939379 0.292999 0.178099 -0.232742 0.254301 0.24693 0.93507 0.389909 
1535171174288 0.230484 0.923653 -0.306173 -0.602449 -0.939571 0.293099 0.176914 -0.232627 0.253146 0.246895 0.935393 0.389878 
1535171174305 0.2305 0.923652 -0.306165 -0.602446 -0.939579 0.293102 0.176867 -0.232634 0.253101 0.246899 0.935404 0.389877 
1535171174322 0.230512 0.923653 -0.306154 -0.602442 -0.939593 0.293094 0.176807 -0.232642 0.25304 0.246904 0.935419 0.389877 
1535171174338 0.230517 0.923649 -0.306161 -0.602441 -0.939598 0.293094 0.176779 -0.232647 0.253016 0.246918 0.935422 0.38987 
1535171174355 0.230515 0.923642 -0.306182 -0.60244 -0.939595 0.2931 0.176785 -0.232651 0.253028 0.246936 0.935414 0.389861 
1535171174381 0.230474 0.923639 -0.306224 -0.602435 -0.93958 0.293094 0.176878 -0.232662 0.253124 0.246956 0.935383 0.389858 
1535171174397 0.230449 0.923632 -0.306264 -0.602431 -0.939544 0.293118 0.177025 -0.232664 0.253278 0.246953 0.935342 0.389858 
1535171174416 0.230324 0.923655 -0.306289 -0.602426 -0.939535 0.293045 0.1772 -0.232665 0.253428 0.246956 0.935301 0.389872 
1535171174432 0.230229 0.923674 -0.306303 -0.602416 -0.939529 0.292986 0.177329 -0.23268 0.253536 0.246954 0.935272 0.38989 
1535171174567 0.230793 0.923416 -0.306655 -0.60236 -0.939418 0.29356 0.176964 -0.23271 0.253433 0.247235 0.935225 0.389939 
1535171174584 0.230749 0.923429 -0.30665 -0.602364 -0.939459 0.293488 0.176865 -0.232695 0.253321 0.247274 0.935246 0.389943 
1535171174600 0.230705 0.923447 -0.306629 -0.602364 -0.939484 0.293429 0.176832 -0.232673 0.253269 0.247277 0.935259 0.389947 
1535171174620 0.230673 0.923463 -0.306603 -0.602365 -0.939496 0.293389 0.176834 -0.232653 0.253254 0.247261 0.935267 0.389951 
1535171174634 0.230673 0.923468 -0.306588 -0.602369 -0.939495 0.293388 0.176842 -0.232649 0.253257 0.247245 0.93527 0.389954 
1535171174654 0.23067 0.923476 -0.306568 -0.602374 -0.939488 0.293388 0.17688 -0.232649 0.253287 0.247216 0.93527 0.389952 
1535171174706 0.230088 0.923578 -0.306697 -0.602388 -0.93956 0.292931 0.177253 -0.232643 0.253548 0.247376 0.935157 0.389876 
1535171174742 0.229897 0.92355 -0.306925 -0.602392 -0.939485 0.292913 0.177679 -0.232651 0.253998 0.247503 0.935001 0.389886 
