1535121497557 0 0 0 0 0 0 0 0 0 0 0 0 
1535121503142 0.240733 0.926832 -0.288149 -0.619422 -0.940194 0.296397 0.16788 -0.236125 0.241003 0.230502 0.942755 0.383831 
1535121503497 0.240731 0.926833 -0.288148 -0.619422 -0.940195 0.296395 0.167881 -0.236124 0.241003 0.230501 0.942755 0.383831 
1535121503754 0.242319 0.9272 -0.285626 -0.622512 -0.940416 0.296853 0.165818 -0.237716 0.238535 0.228427 0.943887 0.381622 
1535121504154 0.242319 0.9272 -0.285626 -0.622512 -0.940416 0.296853 0.165818 -0.237716 0.238535 0.228427 0.943887 0.381622 
1535121504412 0.243487 0.927867 -0.282447 -0.625877 -0.940785 0.296762 0.163877 -0.23907 0.235876 0.22582 0.945181 0.379245 
1535121504670 0.243487 0.927867 -0.282447 -0.625877 -0.940785 0.296762 0.163877 -0.23907 0.235876 0.22582 0.945181 0.379245 
1535121504955 0.244689 0.928508 -0.279284 -0.629219 -0.941139 0.296719 0.16191 -0.240478 0.233204 0.223227 0.946459 0.376887 
1535121505232 0.244689 0.928508 -0.279284 -0.629219 -0.941139 0.296719 0.16191 -0.240478 0.233204 0.223227 0.946459 0.376887 
1535121505447 0.245766 0.929734 -0.274216 -0.63425 -0.941853 0.295922 0.159195 -0.242378 0.229156 0.219147 0.9484 0.373347 
1535121505463 0.245719 0.929789 -0.27407 -0.634355 -0.941893 0.295826 0.159136 -0.242402 0.22904 0.219042 0.948452 0.373269 
1535121505485 0.245719 0.929789 -0.27407 -0.634355 -0.941893 0.295826 0.159136 -0.242402 0.22904 0.219042 0.948452 0.373269 
1535121505705 0.245112 0.929579 -0.275325 -0.634353 -0.941853 0.295649 0.159702 -0.242571 0.229855 0.220171 0.947993 0.373187 
1535121505876 0.245112 0.929579 -0.275325 -0.634353 -0.941853 0.295649 0.159702 -0.242571 0.229855 0.220171 0.947993 0.373187 
1535121505909 0.245112 0.929579 -0.275325 -0.634353 -0.941853 0.295649 0.159702 -0.242571 0.229855 0.220171 0.947993 0.373187 
1535121505977 0.241856 0.929077 -0.279862 -0.634342 -0.941657 0.294315 0.163279 -0.243311 0.234066 0.224044 0.946054 0.373394 
1535121506417 0.240611 0.929158 -0.280663 -0.63449 -0.941767 0.293466 0.16417 -0.2434 0.234905 0.224818 0.945662 0.373442 
1535121507373 0.239597 0.929405 -0.280711 -0.634845 -0.942115 0.29242 0.164044 -0.243881 0.234549 0.225157 0.94567 0.373391 
1535121508121 0.237638 0.929998 -0.280414 -0.63514 -0.942629 0.290478 0.164541 -0.244449 0.234477 0.225225 0.945671 0.373652 
1535121509153 0.23532 0.93066 -0.280171 -0.635465 -0.943228 0.288203 0.165106 -0.244817 0.234404 0.225413 0.945645 0.373711 
1535121509429 0.234799 0.930844 -0.279998 -0.635565 -0.943334 0.287696 0.165382 -0.2449 0.234499 0.2253 0.945648 0.373769 
1535121509635 0.235273 0.930847 -0.279588 -0.635529 -0.943395 0.287905 0.164672 -0.245098 0.233779 0.22502 0.945893 0.373646 
1535121509907 0.234021 0.931998 -0.276794 -0.635945 -0.944471 0.285478 0.162718 -0.245727 0.230672 0.223345 0.947052 0.373596 
1535121510232 0.234623 0.932009 -0.276243 -0.635943 -0.944492 0.285794 0.162042 -0.245636 0.229973 0.222891 0.947329 0.373593 
1535121511099 0.237593 0.931502 -0.275416 -0.63579 -0.944283 0.287975 0.159372 -0.245549 0.227768 0.222205 0.948022 0.373509 
1535121511136 0.238356 0.931396 -0.275113 -0.635745 -0.944272 0.288477 0.158528 -0.245511 0.227016 0.221996 0.948252 0.373457 
1535121511499 0.238546 0.931385 -0.274988 -0.635517 -0.944156 0.288703 0.158805 -0.245241 0.227298 0.221749 0.948242 0.373634 
1535121512258 0.243319 0.930412 -0.274096 -0.634282 -0.94355 0.292527 0.155374 -0.244657 0.224743 0.220818 0.949068 0.373871 
1535121512945 0.243843 0.930328 -0.273917 -0.634087 -0.943531 0.292885 0.154812 -0.244399 0.224252 0.2207 0.949212 0.373914 
1535121512968 0.244457 0.930188 -0.273843 -0.633946 -0.943464 0.293372 0.154302 -0.244343 0.223868 0.220641 0.949316 0.373939 
1535121513214 0.244458 0.930188 -0.273844 -0.633946 -0.943464 0.293372 0.154301 -0.244344 0.223867 0.220642 0.949316 0.373938 
1535121513645 0.244627 0.930012 -0.274289 -0.632587 -0.943357 0.29367 0.154385 -0.243843 0.22413 0.220986 0.949174 0.374359 
1535121514084 0.24521 0.929758 -0.27463 -0.631543 -0.943235 0.294257 0.154016 -0.243514 0.22401 0.221274 0.949135 0.374622 
1535121514447 0.245594 0.929642 -0.274682 -0.631147 -0.943139 0.294629 0.153889 -0.243555 0.223991 0.22127 0.949141 0.374751 
1535121514487 0.245594 0.929642 -0.274682 -0.631147 -0.943139 0.294629 0.153889 -0.243555 0.223991 0.22127 0.949141 0.374751 
1535121514892 0.245723 0.929591 -0.274737 -0.63095 -0.94311 0.294759 0.153823 -0.243451 0.223973 0.221309 0.949135 0.374832 
1535121515656 0.244651 0.929717 -0.275268 -0.627934 -0.942407 0.29478 0.158032 -0.242266 0.228068 0.220752 0.94829 0.375769 
1535121516448 0.244266 0.929731 -0.275561 -0.626956 -0.94218 0.294777 0.159386 -0.241877 0.229415 0.220695 0.947978 0.376068 
1535121516476 0.244266 0.929731 -0.275561 -0.626956 -0.94218 0.294777 0.159386 -0.241877 0.229415 0.220695 0.947978 0.376068 
1535121516492 0.244507 0.929575 -0.275876 -0.626706 -0.942021 0.295154 0.159625 -0.241865 0.229809 0.220852 0.947846 0.375953 
1535121516513 0.244507 0.929575 -0.275876 -0.626706 -0.942021 0.295154 0.159625 -0.241865 0.229809 0.220852 0.947846 0.375953 
1535121516694 0.244507 0.929575 -0.275876 -0.626706 -0.942021 0.295154 0.159625 -0.241865 0.229809 0.220852 0.947846 0.375953 
1535121516729 0.244092 0.929827 -0.275393 -0.626446 -0.942123 0.294679 0.159902 -0.241573 0.229834 0.220423 0.94794 0.376171 
1535121516893 0.244092 0.929827 -0.275393 -0.626446 -0.942123 0.294679 0.159902 -0.241573 0.229834 0.220423 0.94794 0.376171 
1535121517187 0.244432 0.929984 -0.274558 -0.6238 -0.941583 0.295291 0.161942 -0.240681 0.231679 0.218936 0.947836 0.376941 
1535121517585 0.244217 0.929851 -0.275199 -0.623495 -0.941582 0.29525 0.162022 -0.240509 0.231909 0.219554 0.947636 0.377022 
1535121518479 0.244224 0.92943 -0.276614 -0.62217 -0.941188 0.295875 0.163168 -0.239939 0.233496 0.220497 0.947027 0.37759 
1535121519034 0.244155 0.92923 -0.277343 -0.621301 -0.940946 0.296183 0.164004 -0.239487 0.234541 0.220922 0.94667 0.378043 
1535121519413 0.244759 0.928612 -0.278876 -0.620184 -0.940465 0.297336 0.164671 -0.239228 0.235835 0.221969 0.946103 0.378364 
1535121519899 0.245203 0.928105 -0.280173 -0.619069 -0.939976 0.298343 0.165641 -0.238847 0.23732 0.22274 0.945551 0.378772 
1535121520184 0.245503 0.927871 -0.280684 -0.61885 -0.939857 0.298758 0.165567 -0.238944 0.237481 0.223156 0.945412 0.378779 
1535121520816 0.245502 0.927924 -0.280508 -0.617658 -0.940061 0.298535 0.16481 -0.238234 0.236673 0.223234 0.945597 0.379006 
1535121521494 0.2453 0.927977 -0.28051 -0.616917 -0.940179 0.29828 0.164596 -0.237805 0.236412 0.223355 0.945633 0.379181 
1535121521819 0.245724 0.927775 -0.280807 -0.616779 -0.940076 0.298731 0.164369 -0.237868 0.236383 0.22359 0.945585 0.379188 
1535121522016 0.245009 0.928028 -0.280595 -0.616511 -0.940107 0.298157 0.165233 -0.237525 0.237002 0.223306 0.945497 0.379403 
1535121522246 0.24499 0.927891 -0.281066 -0.616148 -0.939985 0.298341 0.165589 -0.237509 0.237503 0.22363 0.945295 0.379417 
1535121522334 0.244923 0.92784 -0.281294 -0.615598 -0.939853 0.29846 0.166129 -0.237409 0.238096 0.223686 0.945132 0.379561 
1535121522361 0.244923 0.92784 -0.281294 -0.615598 -0.939853 0.29846 0.166129 -0.237409 0.238096 0.223686 0.945132 0.379561 
1535121522861 0.245576 0.927526 -0.281757 -0.614704 -0.939666 0.299182 0.165887 -0.237106 0.238161 0.224019 0.945037 0.379897 
1535121523606 0.246077 0.927219 -0.28233 -0.6139 -0.939504 0.299793 0.165702 -0.236743 0.238283 0.224475 0.944898 0.380199 
1535121524101 0.246685 0.927184 -0.281915 -0.612766 -0.939399 0.300247 0.165472 -0.236265 0.238067 0.224012 0.945062 0.380394 
1535121524421 0.247026 0.92724 -0.281432 -0.612067 -0.939288 0.300507 0.165631 -0.235907 0.238152 0.22343 0.945179 0.380663 
1535121524734 0.247723 0.927143 -0.281139 -0.611027 -0.939185 0.301046 0.165238 -0.235559 0.237835 0.223108 0.945335 0.380782 
1535121524762 0.247622 0.927228 -0.280948 -0.61086 -0.939217 0.30091 0.165303 -0.235412 0.237814 0.222938 0.94538 0.380849 
1535121525072 0.247763 0.927188 -0.280955 -0.610682 -0.939136 0.301087 0.16544 -0.235383 0.237986 0.222865 0.945354 0.380898 
1535121525396 0.248017 0.927299 -0.280365 -0.609652 -0.938719 0.301549 0.166955 -0.23506 0.239361 0.221776 0.945263 0.381131 
1535121525857 0.248253 0.927377 -0.279896 -0.608376 -0.938306 0.302014 0.168434 -0.234594 0.240734 0.220814 0.945139 0.381311 
1535121525884 0.248253 0.927377 -0.279896 -0.608376 -0.938306 0.302014 0.168434 -0.234594 0.240734 0.220814 0.945139 0.381311 
1535121526235 0.248548 0.927379 -0.279629 -0.608 -0.938134 0.302333 0.168816 -0.234393 0.241097 0.220371 0.94515 0.381398 
1535121526664 0.249532 0.927641 -0.277878 -0.606406 -0.937927 0.302905 0.168939 -0.233552 0.240886 0.218474 0.945644 0.381755 
1535121527162 0.250658 0.927553 -0.277157 -0.605668 -0.937616 0.303861 0.16895 -0.233432 0.240928 0.217519 0.945854 0.381915 
1535121527192 0.250658 0.927553 -0.277157 -0.605668 -0.937616 0.303861 0.16895 -0.233432 0.240928 0.217519 0.945854 0.381915 
1535121527374 0.250812 0.927583 -0.276917 -0.60544 -0.937578 0.303961 0.168981 -0.233267 0.240916 0.217249 0.945919 0.381934 
1535121527637 0.250701 0.927672 -0.27672 -0.60535 -0.937669 0.303764 0.16883 -0.233162 0.240677 0.217146 0.946003 0.382023 
1535121527876 0.250898 0.927817 -0.276054 -0.60472 -0.937789 0.303675 0.168322 -0.232897 0.240003 0.216649 0.946288 0.382123 
1535121528120 0.251028 0.927958 -0.27546 -0.604135 -0.937947 0.303518 0.167724 -0.232577 0.239248 0.216264 0.946568 0.382181 
1535121528356 0.251333 0.928229 -0.274269 -0.603171 -0.938069 0.303412 0.167238 -0.232166 0.238452 0.215251 0.946999 0.382456 
1535121528386 0.251333 0.928229 -0.274269 -0.603171 -0.938069 0.303412 0.167238 -0.232166 0.238452 0.215251 0.946999 0.382456 
1535121528610 0.251648 0.928156 -0.274225 -0.602915 -0.938088 0.303612 0.166766 -0.232172 0.238043 0.215281 0.947095 0.382396 
1535121528988 0.251667 0.928674 -0.272447 -0.602288 -0.938189 0.303215 0.166919 -0.231586 0.237623 0.213599 0.947581 0.382468 
1535121529446 0.25171 0.928869 -0.271743 -0.601964 -0.938244 0.30307 0.166876 -0.231348 0.237363 0.212956 0.947791 0.382531 
1535121529466 0.252193 0.928875 -0.271275 -0.601629 -0.93818 0.303389 0.166651 -0.231304 0.2371 0.212477 0.947965 0.382445 
1535121529692 0.252057 0.929059 -0.27077 -0.601725 -0.938272 0.30312 0.166628 -0.231277 0.236883 0.212056 0.948113 0.382469 
1535121529991 0.252332 0.929399 -0.269343 -0.601686 -0.938283 0.303051 0.16669 -0.23114 0.236546 0.210659 0.948509 0.382305 
1535121530233 0.25342 0.93006 -0.26602 -0.601222 -0.938284 0.303238 0.16634 -0.230924 0.235373 0.207449 0.949507 0.381946 
1535121530469 0.253653 0.930258 -0.265103 -0.601103 -0.938245 0.303278 0.166493 -0.230843 0.235281 0.2065 0.949737 0.381943 
1535121530493 0.253653 0.930258 -0.265103 -0.601103 -0.938245 0.303278 0.166493 -0.230843 0.235281 0.2065 0.949737 0.381943 
1535121530641 0.253842 0.93048 -0.264143 -0.600983 -0.938282 0.303209 0.166406 -0.230717 0.234928 0.2056 0.95002 0.381894 
1535121530957 0.254061 0.930597 -0.263521 -0.60108 -0.938473 0.303089 0.165544 -0.230756 0.233925 0.205249 0.950343 0.381901 
1535121531285 0.25575 0.930945 -0.260639 -0.601131 -0.938767 0.303543 0.16303 -0.230666 0.230887 0.202984 0.951572 0.381493 
1535121531525 0.256025 0.931068 -0.25993 -0.601212 -0.938866 0.30353 0.162483 -0.230533 0.23018 0.202439 0.951859 0.381435 
1535121531847 0.256025 0.931068 -0.25993 -0.601212 -0.938866 0.30353 0.162483 -0.230533 0.23018 0.202439 0.951859 0.381435 
1535121531877 0.256025 0.931068 -0.25993 -0.601212 -0.938866 0.30353 0.162483 -0.230533 0.23018 0.202439 0.951859 0.381435 
1535121531970 0.256025 0.931068 -0.25993 -0.601212 -0.938866 0.30353 0.162483 -0.230533 0.23018 0.202439 0.951859 0.381435 
1535121532014 0.256025 0.931068 -0.25993 -0.601212 -0.938866 0.30353 0.162483 -0.230533 0.23018 0.202439 0.951859 0.381435 
1535121532098 0.256025 0.931068 -0.25993 -0.601212 -0.938866 0.30353 0.162483 -0.230533 0.23018 0.202439 0.951859 0.381435 
1535121532146 0.256025 0.931068 -0.25993 -0.601212 -0.938866 0.30353 0.162483 -0.230533 0.23018 0.202439 0.951859 0.381435 
1535121532256 0.256025 0.931068 -0.25993 -0.601212 -0.938866 0.30353 0.162483 -0.230533 0.23018 0.202439 0.951859 0.381435 
1535121532291 0.256025 0.931068 -0.25993 -0.601212 -0.938866 0.30353 0.162483 -0.230533 0.23018 0.202439 0.951859 0.381435 
