1533306043158 0.151191 0.938605 -0.310099 -0.599471 -0.949353 0.225286 0.219032 -0.220926 0.275446 0.261278 0.925129 0.378959 
1533306046747 0.151189 0.938606 -0.310099 -0.599471 -0.949354 0.225285 0.219031 -0.220926 0.275444 0.261279 0.925129 0.378959 
1533306046762 0.151189 0.938605 -0.310099 -0.599471 -0.949354 0.225285 0.219031 -0.220925 0.275445 0.261279 0.925129 0.378959 
1533306046778 0.15119 0.938605 -0.310099 -0.599471 -0.949354 0.225285 0.219031 -0.220926 0.275444 0.261278 0.925129 0.378959 
1533306046795 0.151189 0.938606 -0.310098 -0.599471 -0.949354 0.225284 0.219031 -0.220926 0.275444 0.261277 0.92513 0.37896 
1533306046812 0.151187 0.938608 -0.310091 -0.599469 -0.949356 0.225279 0.219028 -0.220925 0.275439 0.261273 0.925133 0.378963 
1533306046828 0.151175 0.938617 -0.310072 -0.599463 -0.949364 0.225257 0.219015 -0.220922 0.275418 0.261262 0.925142 0.378974 
1533306046845 0.151123 0.938632 -0.31005 -0.59945 -0.949386 0.225191 0.218987 -0.220914 0.275369 0.261263 0.925156 0.378994 
1533306046862 0.150831 0.938625 -0.310214 -0.599443 -0.949505 0.224887 0.218783 -0.220919 0.275118 0.261551 0.925149 0.379027 
1533306046879 0.150479 0.938615 -0.310415 -0.599426 -0.949631 0.224538 0.218594 -0.220924 0.274876 0.261886 0.925126 0.379079 
1533306046902 0.149793 0.938592 -0.310816 -0.599382 -0.949885 0.223851 0.218195 -0.220969 0.274373 0.262555 0.925086 0.37925 
1533306046919 0.149317 0.938549 -0.311175 -0.599366 -0.950079 0.223376 0.217837 -0.221014 0.27396 0.263114 0.92505 0.379393 
1533306046935 0.148788 0.938521 -0.311513 -0.599353 -0.950309 0.222818 0.217406 -0.221054 0.273451 0.263686 0.925037 0.379537 
1533306046952 0.148107 0.938463 -0.312011 -0.599351 -0.950575 0.222142 0.216932 -0.221084 0.272894 0.264461 0.924981 0.379683 
1533306046968 0.14754 0.93835 -0.31262 -0.599367 -0.950776 0.221643 0.216561 -0.221109 0.2725 0.26528 0.924862 0.379775 
1533306046985 0.146959 0.938209 -0.313316 -0.599385 -0.950973 0.221157 0.216193 -0.221152 0.272126 0.266184 0.924713 0.379847 
1533306047002 0.146546 0.938087 -0.313875 -0.599397 -0.951126 0.220813 0.215874 -0.221209 0.271816 0.266899 0.924598 0.379893 
1533306047018 0.146117 0.937965 -0.314438 -0.599421 -0.95133 0.220405 0.215389 -0.221279 0.271331 0.267662 0.92452 0.379936 
1533306047039 0.145537 0.937805 -0.315182 -0.599471 -0.951634 0.219821 0.214643 -0.221372 0.270577 0.2687 0.92444 0.379992 
1533306047062 0.145191 0.937702 -0.315649 -0.599499 -0.951827 0.219465 0.214152 -0.221416 0.270085 0.26935 0.924394 0.380035 
1533306047079 0.144538 0.937507 -0.316527 -0.599545 -0.95215 0.218832 0.213361 -0.22147 0.269294 0.270542 0.924277 0.380123 
1533306047095 0.144058 0.937383 -0.317111 -0.599576 -0.95239 0.218349 0.212786 -0.221515 0.268703 0.27136 0.924209 0.380178 
1533306047112 0.143223 0.937195 -0.318045 -0.599641 -0.952764 0.217528 0.211947 -0.221574 0.26782 0.272666 0.924081 0.380248 
1533306047129 0.14265 0.937059 -0.318702 -0.599693 -0.953005 0.216984 0.211424 -0.221602 0.26727 0.273564 0.923975 0.38029 
1533306047145 0.141861 0.936829 -0.31973 -0.599774 -0.953377 0.216218 0.21053 -0.221663 0.266362 0.274957 0.923824 0.380352 
1533306047162 0.141411 0.936666 -0.320405 -0.599828 -0.953616 0.215772 0.209903 -0.221718 0.265744 0.27586 0.923732 0.380389 
1533306047179 0.140916 0.936434 -0.3213 -0.599902 -0.953886 0.215305 0.209155 -0.2218 0.265037 0.27701 0.923591 0.380433 
1533306047196 0.140664 0.936276 -0.321871 -0.599943 -0.954088 0.215025 0.20852 -0.221871 0.264443 0.277762 0.923536 0.380474 
1533306047212 0.140438 0.936141 -0.322363 -0.599972 -0.954279 0.214758 0.207922 -0.221933 0.263874 0.278424 0.923499 0.38052 
1533306047232 0.140157 0.936 -0.322892 -0.59999 -0.954481 0.214442 0.207317 -0.221973 0.26329 0.279137 0.92345 0.380588 
1533306047249 0.14001 0.935918 -0.323194 -0.59999 -0.954585 0.214285 0.207002 -0.221984 0.262993 0.279533 0.923415 0.380626 
1533306047265 0.13972 0.935787 -0.323698 -0.599965 -0.954787 0.213956 0.206409 -0.222001 0.262412 0.280223 0.923372 0.380702 
1533306047282 0.139507 0.935674 -0.324118 -0.599951 -0.954937 0.213723 0.205958 -0.22202 0.261981 0.28078 0.923325 0.380764 
1533306047299 0.139276 0.935543 -0.324596 -0.599944 -0.955089 0.213485 0.205496 -0.222033 0.261546 0.281397 0.92326 0.380845 
1533306047315 0.138989 0.935394 -0.325148 -0.599928 -0.955272 0.213186 0.204956 -0.222041 0.261031 0.282118 0.923186 0.380941 
1533306047332 0.138706 0.935284 -0.325583 -0.599904 -0.955453 0.212867 0.204444 -0.222034 0.260519 0.282721 0.923146 0.381028 
1533306047349 0.138475 0.93519 -0.325951 -0.599914 -0.955583 0.212627 0.204086 -0.222012 0.260165 0.283213 0.923095 0.381063 
1533306047365 0.138275 0.9351 -0.326294 -0.599942 -0.955726 0.21239 0.203661 -0.221999 0.259745 0.283687 0.923068 0.381073 
1533306047382 0.138102 0.935023 -0.326588 -0.599974 -0.95585 0.212186 0.203295 -0.22198 0.259383 0.284093 0.923045 0.381069 
1533306047402 0.137905 0.934938 -0.326914 -0.600012 -0.956012 0.211926 0.202802 -0.221957 0.258889 0.284566 0.923038 0.38104 
1533306047419 0.13771 0.934879 -0.327165 -0.600039 -0.956186 0.211638 0.202281 -0.221931 0.258349 0.284975 0.923063 0.381007 
1533306047435 0.137504 0.934812 -0.327442 -0.600068 -0.95641 0.211291 0.201585 -0.221916 0.25763 0.28545 0.923117 0.380967 
1533306047452 0.137328 0.934755 -0.32768 -0.600094 -0.956651 0.210938 0.200807 -0.221921 0.256826 0.285899 0.923202 0.380969 
1533306047469 0.137131 0.934701 -0.327917 -0.60011 -0.956895 0.210564 0.200035 -0.221923 0.25602 0.286351 0.923286 0.380992 
1533306047486 0.136914 0.93463 -0.32821 -0.600118 -0.957152 0.210172 0.199219 -0.221937 0.255176 0.286871 0.923358 0.381023 
1533306047502 0.13678 0.93459 -0.328379 -0.600113 -0.957341 0.209891 0.198604 -0.221963 0.254537 0.287205 0.923431 0.381058 
1533306047519 0.136698 0.934559 -0.328501 -0.600096 -0.957465 0.209715 0.198195 -0.222004 0.254116 0.287435 0.923475 0.381075 
1533306047535 0.136595 0.934511 -0.328682 -0.600083 -0.957575 0.209548 0.197836 -0.222079 0.253755 0.287714 0.923488 0.381084 
1533306047552 0.13646 0.934469 -0.328857 -0.600068 -0.957662 0.209383 0.197591 -0.22216 0.253499 0.287971 0.923478 0.381106 
1533306047572 0.136261 0.934378 -0.329199 -0.600055 -0.95772 0.209235 0.197465 -0.222248 0.253387 0.288374 0.923383 0.381145 
1533306047589 0.136038 0.93429 -0.329538 -0.600043 -0.957752 0.2091 0.197456 -0.222302 0.253388 0.288754 0.923264 0.381189 
1533306047605 0.135754 0.934236 -0.32981 -0.600026 -0.957805 0.208879 0.197434 -0.222346 0.25334 0.289091 0.923171 0.381226 
1533306047622 0.135309 0.93415 -0.330236 -0.600008 -0.957882 0.208537 0.19742 -0.222376 0.253286 0.289614 0.923022 0.381265 
1533306047639 0.134816 0.934052 -0.330714 -0.600011 -0.957954 0.208177 0.197452 -0.222361 0.253278 0.290189 0.922844 0.381285 
1533306047655 0.134358 0.933941 -0.331212 -0.600024 -0.95801 0.207864 0.197506 -0.222316 0.253306 0.290768 0.922654 0.381296 
1533306047672 0.134101 0.933856 -0.331557 -0.600038 -0.958022 0.207726 0.197595 -0.222268 0.253398 0.291141 0.922511 0.381296 
1533306047689 0.133918 0.933813 -0.331753 -0.600041 -0.958042 0.207603 0.197626 -0.222232 0.253418 0.291368 0.922434 0.381292 
1533306047705 0.133809 0.933753 -0.331966 -0.600057 -0.958053 0.207551 0.197626 -0.222221 0.253434 0.291597 0.922357 0.381272 
1533306047722 0.133773 0.933671 -0.332211 -0.600087 -0.958059 0.207568 0.19758 -0.222237 0.253431 0.291847 0.922279 0.381241 
1533306047746 0.133824 0.933643 -0.332267 -0.60011 -0.958107 0.207564 0.197352 -0.222282 0.253224 0.291937 0.922307 0.381228 
1533306047762 0.133815 0.933663 -0.332214 -0.600118 -0.958171 0.207472 0.197138 -0.222292 0.252986 0.291938 0.922372 0.381234 
1533306047779 0.133769 0.933694 -0.332148 -0.600124 -0.958256 0.207325 0.196881 -0.222294 0.252689 0.291946 0.922451 0.381247 
1533306047795 0.133743 0.933756 -0.331982 -0.600115 -0.958364 0.207145 0.196543 -0.222311 0.252291 0.291874 0.922583 0.381269 
1533306047812 0.133748 0.933887 -0.331611 -0.60008 -0.958525 0.206885 0.196032 -0.222351 0.251677 0.291639 0.922825 0.381309 
1533306047829 0.13376 0.933968 -0.331378 -0.600056 -0.958636 0.206716 0.195665 -0.222386 0.251246 0.291499 0.922986 0.381336 
1533306047847 0.133769 0.934032 -0.331194 -0.600035 -0.958732 0.206574 0.195347 -0.222422 0.250877 0.291395 0.92312 0.38136 
1533306047862 0.133764 0.934067 -0.331097 -0.600022 -0.958803 0.206467 0.195111 -0.222449 0.250608 0.291358 0.923204 0.381373 
1533306047879 0.133705 0.93408 -0.331086 -0.600016 -0.958829 0.206388 0.195064 -0.222441 0.250537 0.291374 0.923218 0.381374 
1533306047895 0.133586 0.934098 -0.331082 -0.599998 -0.958849 0.206273 0.195088 -0.222409 0.250525 0.291397 0.923215 0.381389 
1533306047919 0.133356 0.934135 -0.33107 -0.599952 -0.958883 0.206055 0.195155 -0.222343 0.250519 0.291433 0.923205 0.381448 
1533306047935 0.133167 0.93407 -0.33133 -0.599943 -0.958878 0.205968 0.195268 -0.222305 0.250638 0.291702 0.923087 0.381496 
1533306047952 0.13298 0.933951 -0.331741 -0.599948 -0.95888 0.205908 0.195321 -0.222294 0.250728 0.292126 0.922929 0.38154 
1533306047969 0.132762 0.93383 -0.332169 -0.599954 -0.958906 0.2058 0.195309 -0.222299 0.250745 0.292589 0.922778 0.381576 
1533306047985 0.132485 0.933682 -0.332695 -0.599963 -0.958947 0.205649 0.195265 -0.222308 0.250734 0.293168 0.922597 0.38163 
1533306048002 0.132359 0.933576 -0.333042 -0.599974 -0.958971 0.205597 0.195206 -0.222331 0.250712 0.29354 0.922485 0.381668 
1533306048019 0.132307 0.933446 -0.333426 -0.6 -0.958966 0.205643 0.195182 -0.222373 0.250758 0.29392 0.922351 0.381694 
1533306048035 0.132298 0.933356 -0.333683 -0.600025 -0.958942 0.205717 0.19522 -0.222407 0.250854 0.294155 0.92225 0.381699 
1533306048052 0.132273 0.933273 -0.333924 -0.600062 -0.958917 0.205778 0.195278 -0.222421 0.250962 0.294375 0.922151 0.381687 
1533306048069 0.132195 0.933236 -0.334059 -0.600086 -0.958918 0.205745 0.195308 -0.22241 0.251 0.294516 0.922095 0.381676 
1533306048092 0.1321 0.933226 -0.334123 -0.600125 -0.95891 0.205695 0.195399 -0.222394 0.251078 0.294582 0.922053 0.381659 
1533306048109 0.132036 0.933244 -0.334099 -0.600148 -0.958893 0.20566 0.195518 -0.22239 0.251177 0.29455 0.922036 0.381648 
1533306048125 0.131936 0.933276 -0.334049 -0.600161 -0.958891 0.205575 0.19562 -0.222399 0.25124 0.294507 0.922033 0.38163 
1533306048142 0.131876 0.933299 -0.334009 -0.60017 -0.958892 0.20552 0.195674 -0.222414 0.251268 0.294474 0.922035 0.381621 
1533306048159 0.13186 0.933396 -0.333743 -0.600152 -0.958915 0.205425 0.195659 -0.222447 0.251187 0.294232 0.922135 0.381624 
1533306048175 0.131862 0.933497 -0.333459 -0.600125 -0.958954 0.205322 0.195579 -0.22247 0.251039 0.293983 0.922255 0.381636 
1533306048192 0.131858 0.933594 -0.333191 -0.60009 -0.958998 0.20521 0.195478 -0.222475 0.250871 0.293754 0.922373 0.381653 
1533306048209 0.131843 0.93363 -0.333095 -0.600074 -0.959017 0.205157 0.195441 -0.222468 0.250806 0.293676 0.922416 0.381661 
1533306048225 0.131763 0.93365 -0.333069 -0.60006 -0.959054 0.205046 0.195375 -0.222443 0.250707 0.293688 0.922439 0.381672 
1533306048242 0.131695 0.933649 -0.3331 -0.600052 -0.959095 0.204952 0.195273 -0.222427 0.250586 0.293758 0.922449 0.381685 
1533306048262 0.131601 0.933647 -0.333143 -0.600035 -0.959147 0.204828 0.19515 -0.222413 0.250438 0.293851 0.92246 0.381727 
1533306048279 0.131566 0.933601 -0.333287 -0.600032 -0.959157 0.204819 0.195106 -0.222424 0.250415 0.294006 0.922417 0.381795 
1533306048295 0.131581 0.933523 -0.333498 -0.600031 -0.959145 0.204889 0.195092 -0.222465 0.250453 0.294202 0.922344 0.381919 
1533306048312 0.131641 0.933482 -0.333588 -0.600018 -0.959129 0.204974 0.195085 -0.222517 0.250486 0.294273 0.922313 0.382066 
1533306048329 0.131714 0.933471 -0.333591 -0.599999 -0.959114 0.205047 0.195081 -0.22257 0.250504 0.294257 0.922313 0.382207 
1533306048345 0.131778 0.933498 -0.333491 -0.599971 -0.959113 0.205077 0.195052 -0.222621 0.250472 0.294152 0.922355 0.382311 
1533306048362 0.131798 0.933526 -0.333404 -0.599949 -0.959114 0.205073 0.195053 -0.222666 0.250459 0.294065 0.922386 0.382382 
1533306048379 0.131798 0.933533 -0.333384 -0.599954 -0.959101 0.205084 0.195105 -0.222684 0.250509 0.294034 0.922382 0.382379 
1533306048395 0.131804 0.933591 -0.333219 -0.599947 -0.959093 0.205063 0.195166 -0.222685 0.250536 0.293865 0.922429 0.382333 
1533306048412 0.131835 0.93371 -0.332875 -0.599921 -0.959066 0.205047 0.195317 -0.222666 0.250625 0.293499 0.922521 0.382248 
1533306048432 0.131817 0.93382 -0.332572 -0.599903 -0.959007 0.205039 0.195614 -0.222614 0.250859 0.293154 0.922567 0.382117 
1533306048449 0.131754 0.933915 -0.332331 -0.599893 -0.958957 0.204997 0.195901 -0.222557 0.251082 0.29288 0.922594 0.381994 
1533306048465 0.131692 0.933994 -0.332134 -0.599885 -0.958922 0.20495 0.196125 -0.222519 0.25125 0.292663 0.922617 0.3819 
1533306048483 0.131623 0.934065 -0.33196 -0.599879 -0.958889 0.204898 0.196339 -0.222488 0.251411 0.29247 0.922634 0.381802 
1533306048499 0.131589 0.934104 -0.331865 -0.599878 -0.958879 0.204864 0.196422 -0.222486 0.251466 0.292372 0.92265 0.381751 
1533306048515 0.131596 0.934136 -0.331771 -0.599869 -0.958875 0.204854 0.196451 -0.222506 0.251477 0.292275 0.922678 0.381744 
1533306048532 0.131625 0.934166 -0.331676 -0.599853 -0.958874 0.204858 0.196454 -0.222535 0.251467 0.292177 0.922712 0.381778 
1533306048549 0.131628 0.934187 -0.331615 -0.599825 -0.958869 0.204852 0.196483 -0.222557 0.251483 0.292112 0.922728 0.381838 
1533306048565 0.131606 0.934193 -0.331607 -0.599791 -0.958853 0.204852 0.196561 -0.222577 0.251556 0.292094 0.922714 0.381927 
1533306048582 0.131592 0.934187 -0.331631 -0.599756 -0.958852 0.204848 0.196572 -0.222606 0.251569 0.292118 0.922703 0.382023 
1533306048602 0.131522 0.934064 -0.332004 -0.599749 -0.958852 0.204873 0.196547 -0.222656 0.251606 0.292492 0.922574 0.38214 
1533306048619 0.131449 0.93391 -0.332466 -0.599753 -0.958836 0.204932 0.196559 -0.222709 0.251702 0.292943 0.922405 0.382243 
1533306048635 0.131381 0.933733 -0.332989 -0.59976 -0.958804 0.205027 0.196617 -0.222773 0.251859 0.29344 0.922204 0.382348 
1533306048652 0.131336 0.933585 -0.333422 -0.599763 -0.958749 0.205147 0.196762 -0.222822 0.252094 0.293826 0.922017 0.382436 
1533306048669 0.131266 0.933454 -0.333817 -0.599776 -0.958689 0.205247 0.19695 -0.222846 0.252359 0.294173 0.921833 0.382521 
1533306048685 0.131165 0.933345 -0.334159 -0.599801 -0.958629 0.205311 0.197174 -0.222837 0.252638 0.294472 0.921662 0.382597 
1533306048702 0.131053 0.933258 -0.334446 -0.599832 -0.958575 0.205349 0.197399 -0.222805 0.252902 0.294721 0.92151 0.382664 
1533306048719 0.130952 0.933204 -0.334637 -0.599858 -0.958543 0.205348 0.197553 -0.222766 0.253075 0.294894 0.921407 0.382691 
1533306048735 0.130888 0.933145 -0.334827 -0.599894 -0.958524 0.205362 0.197633 -0.222741 0.253181 0.295072 0.921321 0.382684 
1533306048752 0.130872 0.933092 -0.33498 -0.599937 -0.958488 0.205423 0.197741 -0.222724 0.253323 0.295196 0.921242 0.382654 
1533306048772 0.130917 0.933072 -0.335018 -0.59997 -0.958438 0.205525 0.197879 -0.222716 0.25349 0.295188 0.921199 0.382596 
1533306048789 0.130962 0.933069 -0.335009 -0.599989 -0.958411 0.205589 0.197945 -0.222716 0.253571 0.295153 0.921188 0.382548 
1533306048805 0.130978 0.933079 -0.334976 -0.600007 -0.95839 0.205618 0.198014 -0.222703 0.25364 0.295103 0.921185 0.382507 
1533306048822 0.131006 0.933116 -0.334862 -0.600022 -0.958374 0.205635 0.198076 -0.222686 0.253687 0.294974 0.921213 0.382466 
1533306048839 0.13106 0.933241 -0.334492 -0.6 -0.958392 0.205577 0.198048 -0.222676 0.253591 0.294618 0.921353 0.38245 
1533306048855 0.131082 0.933352 -0.334174 -0.599981 -0.958427 0.205485 0.197972 -0.222664 0.253445 0.294331 0.921485 0.382444 
1533306048872 0.131082 0.933423 -0.333974 -0.599968 -0.958453 0.205412 0.197923 -0.222654 0.253349 0.294155 0.921568 0.382455 
1533306048889 0.131099 0.933468 -0.333843 -0.599952 -0.958465 0.205384 0.197895 -0.222666 0.253295 0.294033 0.921622 0.382479 
1533306048905 0.131116 0.933472 -0.333825 -0.599944 -0.958455 0.205405 0.197923 -0.222683 0.253325 0.294006 0.921622 0.382501 
1533306048922 0.131119 0.933465 -0.333842 -0.599916 -0.958443 0.205426 0.197959 -0.222728 0.253368 0.294012 0.921608 0.38257 
1533306048945 0.1311 0.933446 -0.333904 -0.599863 -0.958421 0.205449 0.198042 -0.222793 0.253462 0.294057 0.921568 0.382683 
1533306048962 0.131032 0.933363 -0.334161 -0.599852 -0.958377 0.205501 0.198197 -0.222823 0.25366 0.294282 0.921442 0.382755 
1533306048979 0.130888 0.933242 -0.334556 -0.59986 -0.958308 0.205555 0.198475 -0.22283 0.253995 0.29463 0.921238 0.382813 
1533306048995 0.130692 0.933116 -0.334983 -0.599879 -0.958221 0.205596 0.198854 -0.222813 0.254425 0.294999 0.921001 0.382883 
1533306049012 0.130567 0.933025 -0.335287 -0.599886 -0.958143 0.205654 0.199169 -0.222805 0.254782 0.295248 0.920823 0.382945 
1533306049029 0.13047 0.932927 -0.335596 -0.599899 -0.958065 0.205736 0.199458 -0.222799 0.255124 0.295499 0.920648 0.383004 
1533306049045 0.130402 0.932809 -0.335951 -0.59992 -0.957975 0.205865 0.199761 -0.222798 0.2555 0.295783 0.920452 0.383048 
1533306049065 0.130424 0.932729 -0.336164 -0.599931 -0.95791 0.206002 0.19993 -0.22282 0.25573 0.295939 0.920338 0.383041 
1533306049082 0.130462 0.932647 -0.336376 -0.599961 -0.957866 0.206127 0.20001 -0.222846 0.255875 0.296109 0.920243 0.382997 
1533306049102 0.130514 0.932581 -0.336538 -0.600001 -0.957844 0.206228 0.200014 -0.222871 0.255933 0.296246 0.920183 0.382924 
1533306049119 0.130514 0.932563 -0.336589 -0.60003 -0.957846 0.206237 0.199994 -0.222861 0.255924 0.296298 0.920169 0.382845 
1533306049136 0.130486 0.932567 -0.336588 -0.600057 -0.957856 0.206203 0.199983 -0.222831 0.255903 0.296308 0.920171 0.382771 
1533306049152 0.130444 0.93259 -0.336542 -0.600083 -0.957869 0.206146 0.199979 -0.222787 0.255875 0.296276 0.920189 0.382688 
1533306049169 0.130436 0.932676 -0.336306 -0.600077 -0.957898 0.206055 0.199931 -0.222755 0.255769 0.296068 0.920286 0.382636 
1533306049186 0.130449 0.932766 -0.336052 -0.600058 -0.957921 0.205984 0.199893 -0.222739 0.255675 0.295836 0.920387 0.382614 
1533306049202 0.130459 0.932831 -0.335868 -0.600044 -0.957923 0.20595 0.199922 -0.22273 0.255665 0.295654 0.920448 0.38262 
1533306049219 0.130461 0.932891 -0.3357 -0.600027 -0.957904 0.205937 0.200024 -0.222734 0.255734 0.295473 0.920487 0.382659 
1533306049235 0.130448 0.932922 -0.335618 -0.600014 -0.957863 0.205958 0.200201 -0.222745 0.255895 0.29536 0.920478 0.382725 
1533306049252 0.130377 0.932952 -0.335562 -0.599999 -0.957814 0.205946 0.200444 -0.222772 0.256112 0.295273 0.920446 0.382819 
1533306049272 0.130252 0.932995 -0.33549 -0.59997 -0.957748 0.205911 0.200797 -0.222831 0.256424 0.295161 0.920395 0.382961 
1533306049289 0.130155 0.933035 -0.335417 -0.599935 -0.957682 0.205896 0.201126 -0.222902 0.256719 0.295045 0.92035 0.383088 
1533306049306 0.130009 0.933046 -0.335445 -0.599914 -0.957611 0.205871 0.20149 -0.22296 0.257058 0.29503 0.92026 0.383187 
1533306049322 0.129867 0.933063 -0.335451 -0.599889 -0.957514 0.205873 0.201947 -0.223004 0.25749 0.294973 0.920158 0.383268 
1533306049341 0.129749 0.933091 -0.335421 -0.599858 -0.957421 0.205882 0.202378 -0.223048 0.257894 0.294881 0.920074 0.383334 
1533306049355 0.12975 0.933115 -0.335354 -0.59984 -0.957347 0.205953 0.202657 -0.223063 0.258169 0.294755 0.920037 0.383367 
1533306049372 0.129734 0.933138 -0.335296 -0.599842 -0.957321 0.205958 0.202776 -0.223056 0.258275 0.294678 0.920032 0.383365 
1533306049389 0.12968 0.933158 -0.335261 -0.599855 -0.957328 0.205901 0.2028 -0.223027 0.258275 0.294655 0.920039 0.383336 
1533306049405 0.129642 0.933222 -0.335096 -0.59986 -0.957365 0.205793 0.202734 -0.222991 0.258156 0.294526 0.920114 0.383291 
1533306049422 0.129649 0.933417 -0.334549 -0.599856 -0.95746 0.205572 0.202512 -0.222923 0.257802 0.294062 0.920362 0.383201 
1533306049443 0.129716 0.933564 -0.334113 -0.599876 -0.957533 0.205445 0.202292 -0.222886 0.257494 0.293684 0.920568 0.383091 
1533306049459 0.129865 0.93369 -0.333704 -0.599893 -0.957587 0.20541 0.202073 -0.222871 0.25722 0.293309 0.920765 0.382968 
1533306049475 0.130103 0.933816 -0.333256 -0.599892 -0.957607 0.205475 0.201911 -0.22287 0.257024 0.29286 0.920963 0.38284 
1533306049492 0.13037 0.933984 -0.332682 -0.599869 -0.957619 0.205545 0.201786 -0.222891 0.256846 0.292275 0.921198 0.382718 
1533306049509 0.130609 0.934119 -0.332209 -0.599844 -0.957632 0.205613 0.201655 -0.22293 0.256676 0.291796 0.921397 0.382622 
1533306049526 0.130833 0.934257 -0.331733 -0.599814 -0.957639 0.205675 0.201557 -0.222971 0.256535 0.29131 0.92159 0.382555 
1533306049542 0.131005 0.934436 -0.33116 -0.599766 -0.957649 0.205674 0.201512 -0.222986 0.256411 0.290736 0.921806 0.382528 
1533306049559 0.131068 0.934631 -0.330585 -0.599702 -0.957695 0.205547 0.201423 -0.222977 0.256207 0.290199 0.922032 0.382554 
1533306049575 0.131086 0.93477 -0.330183 -0.599644 -0.957734 0.20543 0.201354 -0.222972 0.256049 0.289833 0.922191 0.382596 
1533306049592 0.131088 0.934933 -0.329722 -0.599564 -0.957777 0.205283 0.201301 -0.222973 0.255889 0.289412 0.922367 0.382678 
1533306049612 0.131106 0.935027 -0.329448 -0.599492 -0.957791 0.205224 0.201297 -0.222995 0.255829 0.289151 0.922466 0.38276 
1533306049629 0.131128 0.935082 -0.329283 -0.599434 -0.957822 0.205169 0.201204 -0.223042 0.255701 0.289011 0.922545 0.382838 
1533306049646 0.131101 0.935108 -0.32922 -0.599393 -0.957848 0.205106 0.201145 -0.223082 0.255618 0.288973 0.92258 0.382912 
1533306049662 0.131077 0.935118 -0.329202 -0.599354 -0.957862 0.205067 0.201116 -0.223108 0.255576 0.288968 0.922593 0.382992 
1533306049679 0.131 0.935135 -0.329184 -0.59932 -0.957881 0.204982 0.201112 -0.223098 0.255544 0.288974 0.9226 0.383058 
1533306049695 0.130921 0.935156 -0.329156 -0.599295 -0.957896 0.204898 0.201129 -0.223072 0.255531 0.288965 0.922607 0.383089 
1533306049712 0.130843 0.935158 -0.329181 -0.599286 -0.957901 0.204837 0.201167 -0.223039 0.255552 0.289001 0.92259 0.383083 
1533306049729 0.13085 0.935144 -0.329217 -0.599291 -0.957904 0.204846 0.20114 -0.223043 0.255534 0.289039 0.922583 0.383047 
1533306049746 0.130931 0.935112 -0.329276 -0.599322 -0.957893 0.204935 0.201103 -0.223064 0.255534 0.28908 0.92257 0.382949 
1533306049762 0.131044 0.935084 -0.329311 -0.599361 -0.957872 0.205053 0.201081 -0.223091 0.255554 0.289088 0.922562 0.382854 
1533306049786 0.13128 0.935118 -0.32912 -0.599435 -0.957883 0.205184 0.200898 -0.223127 0.255393 0.288885 0.92267 0.382638 
1533306049802 0.131387 0.935205 -0.328829 -0.599449 -0.957921 0.205161 0.200738 -0.223132 0.255194 0.288618 0.922808 0.38255 
1533306049819 0.131501 0.935358 -0.32835 -0.599471 -0.957995 0.205063 0.200487 -0.223114 0.254859 0.288194 0.923034 0.382428 
1533306049836 0.131544 0.935443 -0.32809 -0.599496 -0.958043 0.204986 0.200337 -0.223089 0.254658 0.287971 0.923159 0.382346 
1533306049856 0.131551 0.93555 -0.327781 -0.599533 -0.958116 0.204843 0.200134 -0.223041 0.254379 0.287724 0.923313 0.38225 
1533306049872 0.131522 0.935627 -0.327573 -0.599543 -0.958157 0.204729 0.200052 -0.223 0.254238 0.287556 0.923404 0.382222 
1533306049889 0.131466 0.935698 -0.327391 -0.599521 -0.958194 0.204606 0.200003 -0.222967 0.254128 0.287411 0.923479 0.382231 
1533306049906 0.131438 0.935717 -0.327351 -0.599499 -0.958205 0.204562 0.199994 -0.222964 0.254101 0.287383 0.923495 0.382267 
1533306049922 0.131468 0.935721 -0.327327 -0.599466 -0.958194 0.204593 0.200014 -0.222997 0.254126 0.287348 0.9235 0.382322 
1533306049946 0.131561 0.935681 -0.327403 -0.599409 -0.958183 0.204694 0.199965 -0.2231 0.254121 0.287404 0.923483 0.382433 
1533306049966 0.131565 0.935614 -0.327594 -0.599361 -0.958166 0.204758 0.199983 -0.223196 0.254184 0.287579 0.923412 0.382561 
1533306049983 0.131484 0.935516 -0.327906 -0.599352 -0.958133 0.204799 0.200099 -0.223234 0.25435 0.287867 0.923276 0.382642 
1533306050003 0.131327 0.93534 -0.328468 -0.599348 -0.958067 0.204871 0.200336 -0.223271 0.254676 0.288385 0.923024 0.382786 
1533306050019 0.131218 0.935249 -0.328772 -0.599367 -0.958028 0.204896 0.200498 -0.223262 0.25488 0.288664 0.922881 0.382866 
1533306050036 0.131039 0.935136 -0.329165 -0.599409 -0.957972 0.204905 0.200758 -0.223205 0.255184 0.289023 0.922685 0.382928 
1533306050053 0.130902 0.935063 -0.329428 -0.599444 -0.957942 0.204889 0.200916 -0.223151 0.255366 0.289272 0.922556 0.382933 
1533306050069 0.130828 0.934998 -0.32964 -0.599486 -0.957925 0.204897 0.200992 -0.22312 0.25547 0.289475 0.922464 0.382906 
1533306050090 0.130791 0.934924 -0.329866 -0.599552 -0.957911 0.204933 0.201022 -0.223097 0.255541 0.289691 0.922376 0.38284 
1533306050106 0.130774 0.934892 -0.329962 -0.599607 -0.957895 0.204958 0.20107 -0.223066 0.255608 0.289774 0.922332 0.382753 
1533306050123 0.130755 0.934874 -0.330019 -0.599661 -0.957892 0.204959 0.201084 -0.223034 0.255629 0.28983 0.922308 0.38266 
1533306050139 0.130728 0.934868 -0.330049 -0.599706 -0.957897 0.204938 0.20108 -0.223001 0.255623 0.289867 0.922298 0.382579 
1533306050156 0.130697 0.934872 -0.33005 -0.599743 -0.957908 0.204903 0.201066 -0.222968 0.255599 0.289879 0.922301 0.382511 
1533306050173 0.130667 0.934874 -0.330056 -0.599772 -0.95792 0.204867 0.201044 -0.222942 0.255569 0.289898 0.922304 0.38246 
1533306050189 0.130694 0.934906 -0.329953 -0.599768 -0.957936 0.204847 0.200987 -0.222955 0.255494 0.289806 0.922353 0.382442 
1533306050206 0.130738 0.934938 -0.329845 -0.599742 -0.957936 0.204858 0.200976 -0.222991 0.255471 0.289696 0.922394 0.382464 
1533306050223 0.130758 0.934951 -0.329801 -0.599709 -0.957917 0.204886 0.201039 -0.223022 0.255534 0.289634 0.922396 0.382523 
1533306050240 0.130765 0.934941 -0.329827 -0.59967 -0.957897 0.204919 0.2011 -0.223071 0.255604 0.289644 0.922374 0.382615 
1533306050259 0.130611 0.934905 -0.329989 -0.599629 -0.957857 0.204881 0.201332 -0.223129 0.255835 0.289786 0.922265 0.382747 
1533306050280 0.130403 0.934744 -0.330527 -0.59964 -0.95776 0.204945 0.201726 -0.223173 0.256302 0.290259 0.921986 0.382856 
1533306050296 0.130244 0.934633 -0.330903 -0.599655 -0.95768 0.204994 0.202058 -0.223185 0.256683 0.290582 0.921779 0.382931 
1533306050313 0.1301 0.934564 -0.331155 -0.599668 -0.957617 0.205007 0.202341 -0.223183 0.256989 0.290795 0.921626 0.382989 
1533306050330 0.129888 0.934511 -0.331389 -0.599679 -0.95756 0.204957 0.202659 -0.223172 0.257308 0.291002 0.921472 0.383058 
1533306050346 0.129706 0.934496 -0.331501 -0.599681 -0.957548 0.204854 0.202821 -0.223152 0.257445 0.291121 0.921396 0.383091 
1533306050363 0.129646 0.934469 -0.331601 -0.599687 -0.95754 0.204839 0.202876 -0.223135 0.257506 0.291219 0.921348 0.383085 
1533306050383 0.129647 0.934447 -0.331662 -0.599697 -0.957545 0.204847 0.202845 -0.223122 0.257488 0.291283 0.921333 0.383053 
1533306050403 0.12969 0.934438 -0.33167 -0.599707 -0.95759 0.204831 0.202647 -0.223104 0.257297 0.291323 0.921373 0.383006 
1533306050420 0.130141 0.93436 -0.331715 -0.599729 -0.957633 0.205141 0.202127 -0.223086 0.256908 0.291356 0.921472 0.382927 
1533306050438 0.130484 0.934302 -0.331743 -0.599744 -0.957682 0.205358 0.201675 -0.22307 0.256552 0.291389 0.921561 0.382846 
1533306050453 0.130854 0.934262 -0.331709 -0.599746 -0.957753 0.205557 0.201137 -0.223059 0.2561 0.291376 0.92169 0.38274 
1533306050470 0.131294 0.934194 -0.331728 -0.599748 -0.957826 0.20582 0.200521 -0.223053 0.255601 0.29141 0.921818 0.382603 
1533306050487 0.131635 0.934122 -0.331795 -0.599749 -0.95787 0.206047 0.200075 -0.223047 0.25526 0.291479 0.921891 0.382497 
1533306050503 0.131905 0.934054 -0.331878 -0.599753 -0.957896 0.206244 0.199748 -0.223037 0.255023 0.291557 0.921931 0.382422 
1533306050520 0.132051 0.934005 -0.331961 -0.599759 -0.957907 0.206361 0.199572 -0.223015 0.254905 0.291634 0.92194 0.38237 
1533306050537 0.132193 0.933979 -0.331976 -0.599756 -0.957865 0.206522 0.199606 -0.222981 0.254988 0.291602 0.921927 0.382373 
1533306050553 0.1323 0.933924 -0.332087 -0.599761 -0.957804 0.206699 0.199718 -0.22296 0.255163 0.291652 0.921863 0.382401 
1533306050573 0.132284 0.933842 -0.332325 -0.599773 -0.957722 0.206832 0.199974 -0.222939 0.255479 0.291822 0.921721 0.382464 
1533306050590 0.132212 0.933777 -0.332537 -0.599771 -0.957649 0.206903 0.200246 -0.222939 0.255788 0.29198 0.921586 0.382555 
1533306050607 0.132162 0.933734 -0.332678 -0.599769 -0.957605 0.206947 0.200416 -0.22294 0.255982 0.292087 0.921498 0.382623 
1533306050623 0.131949 0.933669 -0.332945 -0.599774 -0.957587 0.206859 0.20059 -0.222939 0.256157 0.292356 0.921364 0.382727 
1533306050640 0.131726 0.933634 -0.333129 -0.599785 -0.9576 0.206711 0.200679 -0.222931 0.256222 0.29257 0.921278 0.382783 
1533306050657 0.131467 0.933577 -0.333391 -0.599804 -0.957618 0.206547 0.200762 -0.222914 0.256288 0.292868 0.921165 0.382833 
1533306050673 0.131272 0.933507 -0.333666 -0.599826 -0.957642 0.206429 0.200771 -0.22289 0.256299 0.293177 0.921063 0.382831 
1533306050690 0.131199 0.933437 -0.33389 -0.599848 -0.957645 0.206417 0.20077 -0.222872 0.256327 0.293407 0.920982 0.382804 
1533306050707 0.131167 0.933374 -0.334079 -0.599866 -0.957647 0.20643 0.200744 -0.222861 0.256333 0.293599 0.92092 0.382745 
1533306050723 0.131186 0.933346 -0.334149 -0.599878 -0.957667 0.206437 0.200645 -0.222867 0.256252 0.293682 0.920916 0.382669 
1533306050743 0.131289 0.933308 -0.334214 -0.599911 -0.957677 0.206519 0.20051 -0.222881 0.256159 0.293744 0.920922 0.382553 
1533306050760 0.131453 0.933276 -0.334241 -0.599948 -0.957658 0.206673 0.200442 -0.222887 0.256146 0.29374 0.920927 0.382455 
1533306050777 0.131613 0.933329 -0.334028 -0.599961 -0.957678 0.206729 0.20029 -0.222894 0.25599 0.29353 0.921037 0.382373 
1533306050793 0.131733 0.933423 -0.333718 -0.599954 -0.957717 0.20671 0.200125 -0.222894 0.255784 0.293244 0.921185 0.382316 
1533306050810 0.131892 0.933571 -0.333241 -0.599949 -0.957783 0.206655 0.199864 -0.222882 0.255453 0.292812 0.921414 0.382236 
1533306050827 0.13196 0.93367 -0.332937 -0.599943 -0.957829 0.20659 0.199713 -0.222866 0.255247 0.292542 0.921557 0.382195 
1533306050847 0.13194 0.933807 -0.33256 -0.599926 -0.95789 0.206423 0.199591 -0.222817 0.255027 0.292221 0.92172 0.382183 
1533306050863 0.131904 0.933872 -0.332392 -0.59991 -0.957914 0.206332 0.199569 -0.222795 0.254955 0.292078 0.921785 0.382197 
1533306050880 0.131865 0.933961 -0.332158 -0.599875 -0.957934 0.206228 0.199579 -0.222787 0.254899 0.291868 0.921867 0.38224 
1533306050903 0.131845 0.934008 -0.332033 -0.59984 -0.957913 0.20621 0.199698 -0.222831 0.254988 0.29173 0.921887 0.382313 
1533306050920 0.131688 0.934041 -0.332001 -0.599819 -0.95791 0.206087 0.199843 -0.222873 0.255082 0.29171 0.921867 0.382367 
1533306050937 0.131496 0.934083 -0.33196 -0.599798 -0.957862 0.205984 0.200179 -0.222892 0.255362 0.291649 0.921809 0.382416 
1533306050953 0.131302 0.93411 -0.33196 -0.599782 -0.95778 0.205927 0.200627 -0.222888 0.255767 0.291602 0.921711 0.382444 
1533306050970 0.131088 0.934081 -0.332126 -0.599792 -0.957682 0.205909 0.201115 -0.222867 0.256246 0.291708 0.921545 0.382451 
1533306050987 0.130858 0.934054 -0.332293 -0.599808 -0.9576 0.205861 0.201554 -0.222852 0.256669 0.291829 0.921389 0.382443 
1533306051003 0.130678 0.934052 -0.332372 -0.599823 -0.957565 0.205778 0.201804 -0.222841 0.25689 0.291896 0.921306 0.382412 
1533306051020 0.130532 0.934066 -0.332387 -0.599839 -0.957575 0.205656 0.201879 -0.22283 0.256926 0.291934 0.921284 0.382366 
1533306051037 0.13052 0.934069 -0.332384 -0.599862 -0.957596 0.205622 0.201816 -0.222815 0.256856 0.291948 0.921299 0.38232 
1533306051053 0.130531 0.934121 -0.332234 -0.599874 -0.957645 0.205543 0.201665 -0.222792 0.256668 0.291839 0.921386 0.382266 
1533306051073 0.130586 0.93429 -0.331737 -0.599854 -0.957743 0.205366 0.201376 -0.22277 0.256271 0.291422 0.921628 0.382208 
1533306051090 0.130708 0.934441 -0.331262 -0.599847 -0.957824 0.205267 0.201094 -0.222763 0.255908 0.291006 0.92186 0.382137 
1533306051107 0.130878 0.934564 -0.330849 -0.599843 -0.957875 0.205253 0.200867 -0.222767 0.255631 0.290622 0.922058 0.382076 
1533306051123 0.130995 0.934696 -0.330429 -0.599839 -0.957916 0.205206 0.200719 -0.222757 0.255417 0.29023 0.922241 0.382025 
1533306051140 0.131127 0.934871 -0.329881 -0.599822 -0.957945 0.205158 0.20063 -0.222743 0.255241 0.2897 0.922456 0.381981 
1533306051157 0.13124 0.934967 -0.329564 -0.599801 -0.957953 0.205168 0.200579 -0.222759 0.25515 0.289383 0.922581 0.381957 
1533306051177 0.131435 0.935078 -0.329171 -0.599761 -0.95796 0.205228 0.200485 -0.222818 0.255024 0.288982 0.922742 0.381954 
1533306051194 0.131542 0.935113 -0.32903 -0.599743 -0.957967 0.205273 0.200408 -0.222863 0.254944 0.288838 0.922809 0.381962 
1533306051210 0.131631 0.935153 -0.328879 -0.599698 -0.957986 0.205287 0.200299 -0.222913 0.254825 0.288696 0.922886 0.381994 
1533306051230 0.131654 0.935187 -0.328775 -0.599646 -0.958016 0.205249 0.200196 -0.222941 0.254702 0.288615 0.922946 0.38204 
1533306051247 0.131645 0.935196 -0.328753 -0.599608 -0.958067 0.20518 0.200023 -0.222962 0.254514 0.288635 0.922991 0.382076 
1533306051264 0.131633 0.935188 -0.328781 -0.599561 -0.958138 0.205095 0.19977 -0.222992 0.254254 0.288721 0.923036 0.382126 
1533306051280 0.131624 0.935179 -0.328808 -0.599534 -0.95819 0.205035 0.19958 -0.223012 0.25406 0.288791 0.923067 0.382169 
1533306051297 0.131587 0.935137 -0.328944 -0.599536 -0.958221 0.205 0.199469 -0.223013 0.253964 0.288953 0.923043 0.382198 
1533306051314 0.131587 0.935137 -0.328944 -0.599536 -0.958221 0.205 0.199469 -0.223013 0.253964 0.288953 0.923043 0.382198 
1533306051330 0.131587 0.935137 -0.328944 -0.599536 -0.958221 0.205 0.199469 -0.223013 0.253964 0.288953 0.923043 0.382198 
1533306051347 0.131587 0.935137 -0.328944 -0.599536 -0.958221 0.205 0.199469 -0.223013 0.253964 0.288953 0.923043 0.382198 
1533306051364 0.13123 0.934916 -0.329713 -0.599657 -0.958253 0.20485 0.199466 -0.222853 0.254026 0.289772 0.922769 0.382255 
1533306051380 0.131215 0.934918 -0.329712 -0.599682 -0.958253 0.204839 0.199479 -0.222828 0.254035 0.289773 0.922766 0.382245 
1533306051404 0.131274 0.934937 -0.329636 -0.59972 -0.958238 0.204886 0.199504 -0.222814 0.254062 0.28968 0.922788 0.382223 
1533306051420 0.131418 0.935042 -0.32928 -0.599728 -0.958253 0.204905 0.199412 -0.222823 0.253929 0.289328 0.922935 0.382184 
1533306051440 0.131598 0.935207 -0.328741 -0.599713 -0.958283 0.204895 0.199279 -0.222828 0.253724 0.288802 0.923156 0.382113 
1533306051457 0.131738 0.935298 -0.328423 -0.599714 -0.958312 0.204902 0.199129 -0.222831 0.25354 0.288499 0.923302 0.382023 
1533306051474 0.131844 0.935372 -0.328171 -0.599713 -0.958343 0.204896 0.198987 -0.222834 0.253367 0.288266 0.923422 0.381951 
1533306051494 0.131899 0.935431 -0.32798 -0.599715 -0.958397 0.204836 0.198788 -0.222832 0.253134 0.288115 0.923533 0.381885 
1533306051511 0.131873 0.935463 -0.327901 -0.599705 -0.958444 0.204745 0.198654 -0.222816 0.25297 0.288078 0.923589 0.381845 
1533306051528 0.131811 0.935488 -0.327855 -0.599682 -0.958471 0.204657 0.198616 -0.222794 0.2529 0.28806 0.923614 0.38185 
1533306051544 0.131761 0.935491 -0.327866 -0.599658 -0.958513 0.204573 0.198501 -0.222802 0.252768 0.288109 0.923635 0.381889 
1533306051564 0.131734 0.935481 -0.327906 -0.599624 -0.958518 0.204555 0.198497 -0.222829 0.252765 0.288155 0.923622 0.381973 
1533306051581 0.131744 0.935454 -0.327977 -0.599597 -0.958493 0.204607 0.198565 -0.22287 0.252855 0.288204 0.923582 0.38207 
1533306051598 0.131723 0.935345 -0.328297 -0.599599 -0.958437 0.204722 0.198715 -0.222909 0.253077 0.288477 0.923436 0.382159 
1533306051614 0.131569 0.935192 -0.328794 -0.599618 -0.958379 0.204774 0.198939 -0.222951 0.253375 0.288935 0.923211 0.38226 
1533306051631 0.131448 0.935076 -0.329172 -0.599628 -0.958339 0.204806 0.199098 -0.222995 0.253588 0.289288 0.923041 0.382337 
1533306051647 0.131367 0.934972 -0.3295 -0.599641 -0.958301 0.204857 0.199231 -0.223024 0.253776 0.289588 0.922896 0.382385 
1533306051664 0.131251 0.934838 -0.329925 -0.599682 -0.958256 0.204909 0.199393 -0.223022 0.254005 0.289982 0.922709 0.382393 
1533306051681 0.131174 0.934763 -0.330169 -0.599712 -0.958234 0.204927 0.19948 -0.222993 0.254127 0.290213 0.922603 0.382374 
1533306051698 0.131083 0.934701 -0.330381 -0.599747 -0.958229 0.204907 0.199525 -0.222942 0.254193 0.290427 0.922517 0.382335 
1533306051714 0.130983 0.934668 -0.330513 -0.599783 -0.958241 0.204844 0.199532 -0.22288 0.2542 0.290576 0.922469 0.382293 
1533306051734 0.130907 0.93466 -0.330566 -0.599816 -0.958252 0.204784 0.199541 -0.222801 0.254197 0.290644 0.922448 0.382239 
1533306051751 0.13096 0.934652 -0.330568 -0.599849 -0.958243 0.204835 0.199529 -0.22273 0.254202 0.290634 0.922449 0.382175 
1533306051768 0.131045 0.934645 -0.330555 -0.599878 -0.958239 0.204904 0.199482 -0.222676 0.254176 0.29061 0.922464 0.382117 
1533306051784 0.131138 0.934665 -0.330459 -0.599887 -0.958246 0.204947 0.199402 -0.222634 0.254101 0.290512 0.922516 0.382069 
1533306051801 0.131236 0.934753 -0.330174 -0.599858 -0.958279 0.204924 0.199266 -0.222621 0.253925 0.290248 0.922647 0.382045 
1533306051818 0.13134 0.934863 -0.329821 -0.59981 -0.958331 0.204871 0.199074 -0.22264 0.253677 0.289931 0.922815 0.382018 
1533306051834 0.131397 0.934921 -0.329634 -0.599777 -0.958366 0.204834 0.198941 -0.222672 0.253514 0.28977 0.922911 0.382004 
1533306051851 0.131455 0.934953 -0.329518 -0.59975 -0.958375 0.204845 0.198888 -0.222707 0.253451 0.289657 0.922963 0.382013 
1533306051868 0.131516 0.934954 -0.329491 -0.599732 -0.958364 0.204898 0.198884 -0.22275 0.25346 0.289616 0.922974 0.38204 
1533306051884 0.1315 0.93495 -0.329508 -0.599717 -0.958372 0.204881 0.198863 -0.222807 0.253437 0.289641 0.922972 0.382092 
1533306051907 0.131526 0.934925 -0.32957 -0.599702 -0.958351 0.204938 0.198906 -0.222893 0.253503 0.289682 0.922941 0.382198 
1533306051924 0.131526 0.934925 -0.32957 -0.599702 -0.958351 0.204938 0.198906 -0.222893 0.253503 0.289682 0.922941 0.382198 
1533306051941 0.131526 0.934925 -0.32957 -0.599702 -0.958351 0.204938 0.198906 -0.222893 0.253503 0.289682 0.922941 0.382198 
1533306051958 0.131526 0.934925 -0.32957 -0.599702 -0.958351 0.204938 0.198906 -0.222893 0.253503 0.289682 0.922941 0.382198 
1533306051974 0.131526 0.934925 -0.32957 -0.599702 -0.958351 0.204938 0.198906 -0.222893 0.253503 0.289682 0.922941 0.382198 
1533306051991 0.131526 0.934925 -0.32957 -0.599702 -0.958351 0.204938 0.198906 -0.222893 0.253503 0.289682 0.922941 0.382198 
1533306052011 0.131526 0.934925 -0.32957 -0.599702 -0.958351 0.204938 0.198906 -0.222893 0.253503 0.289682 0.922941 0.382198 
1533306052028 0.131526 0.934925 -0.32957 -0.599702 -0.958351 0.204938 0.198906 -0.222893 0.253503 0.289682 0.922941 0.382198 
1533306052044 0.131526 0.934925 -0.32957 -0.599702 -0.958351 0.204938 0.198906 -0.222893 0.253503 0.289682 0.922941 0.382198 
1533306052064 0.131526 0.934925 -0.32957 -0.599702 -0.958351 0.204938 0.198906 -0.222893 0.253503 0.289682 0.922941 0.382198 
1533306052081 0.130926 0.934575 -0.330799 -0.599772 -0.958198 0.204911 0.199671 -0.222878 0.254392 0.290829 0.922336 0.382466 
1533306052098 0.130915 0.93457 -0.330817 -0.599787 -0.958212 0.20489 0.199627 -0.222846 0.254346 0.290858 0.922339 0.382428 
1533306052114 0.130985 0.93454 -0.330875 -0.599809 -0.958221 0.204946 0.199524 -0.222827 0.254275 0.290917 0.92234 0.382363 
1533306052131 0.131268 0.934472 -0.330954 -0.599836 -0.958196 0.20521 0.199371 -0.222813 0.254221 0.290948 0.922345 0.382271 
1533306052151 0.131572 0.934387 -0.331073 -0.599865 -0.958171 0.2055 0.199194 -0.222786 0.25416 0.291016 0.922341 0.382136 
1533306052168 0.131634 0.934362 -0.331119 -0.599878 -0.958185 0.205541 0.199084 -0.222751 0.254075 0.291067 0.922348 0.382059 
1533306052185 0.131628 0.934362 -0.331121 -0.599886 -0.958212 0.205507 0.198991 -0.222719 0.253977 0.291091 0.922367 0.382007 
1533306052201 0.131597 0.934377 -0.331092 -0.599888 -0.958233 0.205453 0.198946 -0.222702 0.253915 0.291082 0.922387 0.381991 
