1533836925219 0.321175 0.927177 -0.192846 -0.576295 -0.937025 0.340634 0.0771533 -0.206036 0.137225 0.155922 0.978191 0.335966 
1533836930271 0.321174 0.927177 -0.192846 -0.576296 -0.937025 0.340633 0.077154 -0.206035 0.137225 0.155922 0.978191 0.335966 
1533836930937 0.315474 0.925574 -0.209259 -0.577988 -0.938412 0.337045 0.0760549 -0.208335 0.140924 0.172378 0.974898 0.338304 
1533836931694 0.304208 0.921143 -0.242801 -0.581183 -0.940785 0.330539 0.0752865 -0.212629 0.149605 0.205521 0.96715 0.342479 
1533836932203 0.298607 0.918475 -0.259303 -0.582688 -0.942059 0.327176 0.0740334 -0.215148 0.152835 0.222172 0.962954 0.344791 
1533836932685 0.292433 0.9157 -0.275639 -0.584293 -0.943487 0.323275 0.072981 -0.217397 0.155936 0.238719 0.958487 0.347102 
1533836933174 0.286664 0.912384 -0.292198 -0.58586 -0.944634 0.320015 0.0724985 -0.219846 0.159654 0.255238 0.953606 0.349377 
1533836933663 0.280367 0.908946 -0.308562 -0.587492 -0.945991 0.316152 0.0717534 -0.222098 0.162773 0.27178 0.948494 0.351685 
1533836934161 0.274301 0.905105 -0.324876 -0.589053 -0.947207 0.312617 0.0712033 -0.22448 0.166008 0.288193 0.943073 0.353914 
1533836934647 0.267836 0.901105 -0.340988 -0.590778 -0.948515 0.308719 0.0707993 -0.226946 0.169067 0.30447 0.937398 0.356297 
1533836934667 0.267696 0.901051 -0.341242 -0.590799 -0.94856 0.308595 0.0707257 -0.227051 0.169033 0.304756 0.937311 0.356402 
1533836934804 0.267557 0.900905 -0.341737 -0.590842 -0.948575 0.308547 0.0707368 -0.227214 0.169169 0.305237 0.93713 0.356557 
1533836934969 0.266874 0.900415 -0.343557 -0.591022 -0.948701 0.308167 0.0707134 -0.227264 0.169544 0.307062 0.936466 0.356629 
1533836935139 0.26602 0.900033 -0.345217 -0.59116 -0.948887 0.30759 0.0707311 -0.227465 0.169845 0.308756 0.935854 0.356913 
1533836935302 0.265538 0.899518 -0.346926 -0.591303 -0.948935 0.307426 0.0707851 -0.227802 0.170327 0.310415 0.935217 0.357206 
1533836935468 0.264881 0.899058 -0.348615 -0.591471 -0.949089 0.306996 0.0705984 -0.228014 0.170495 0.312166 0.934603 0.357427 
1533836935630 0.26442 0.898549 -0.350273 -0.591581 -0.949134 0.306845 0.0706458 -0.228342 0.170958 0.313776 0.93398 0.357732 
1533836935793 0.263683 0.898097 -0.351984 -0.591745 -0.949285 0.306385 0.0706082 -0.228543 0.171256 0.315515 0.933339 0.357958 
1533836935957 0.262829 0.897686 -0.353668 -0.591909 -0.949491 0.305772 0.0704992 -0.22877 0.171428 0.317275 0.93271 0.358242 
1533836936122 0.2623 0.89714 -0.355441 -0.592056 -0.94957 0.305539 0.0704437 -0.229035 0.171799 0.319039 0.93204 0.358427 
1533836936139 0.262253 0.897065 -0.355665 -0.592077 -0.949575 0.305528 0.0704285 -0.229064 0.171844 0.31926 0.931956 0.358441 
1533836936156 0.262184 0.896975 -0.355943 -0.5921 -0.94959 0.305492 0.0703774 -0.22911 0.171864 0.319548 0.931854 0.358465 
1533836936172 0.262146 0.89693 -0.356084 -0.592108 -0.949605 0.305459 0.0703189 -0.229145 0.17184 0.319705 0.931804 0.358485 
1533836936295 0.262689 0.896952 -0.355628 -0.59206 -0.949474 0.305898 0.0701831 -0.229159 0.171737 0.319223 0.931989 0.358539 
1533836936309 0.262997 0.896925 -0.355469 -0.592052 -0.949406 0.306143 0.0700381 -0.22915 0.171643 0.319064 0.93206 0.358517 
1533836936325 0.263349 0.896888 -0.355302 -0.592048 -0.949338 0.306405 0.0698095 -0.229151 0.171478 0.318918 0.932141 0.358475 
1533836936366 0.263607 0.896814 -0.355296 -0.592089 -0.949323 0.306542 0.0694137 -0.229157 0.171164 0.318993 0.932173 0.358367 
1533836936425 0.263987 0.896682 -0.355348 -0.592128 -0.949284 0.306777 0.0688978 -0.229224 0.170792 0.319138 0.932191 0.358333 
1533836936446 0.264336 0.896585 -0.355334 -0.59213 -0.949199 0.307082 0.0687187 -0.229273 0.170729 0.319118 0.93221 0.358341 
1533836936463 0.26454 0.896528 -0.355326 -0.592132 -0.949154 0.307251 0.0685846 -0.229308 0.170662 0.319115 0.932223 0.358343 
1533836936480 0.264712 0.89648 -0.355318 -0.592134 -0.949121 0.307385 0.0684467 -0.229341 0.17058 0.319121 0.932236 0.358342 
1533836936588 0.265458 0.896336 -0.355124 -0.592137 -0.948969 0.307964 0.0679428 -0.229501 0.170265 0.318966 0.932347 0.358285 
1533836936628 0.265468 0.896535 -0.354614 -0.592128 -0.948941 0.307982 0.0682517 -0.229512 0.170405 0.318389 0.932519 0.358292 
1533836936716 0.265185 0.896815 -0.354118 -0.592194 -0.948933 0.30784 0.0689956 -0.229465 0.170888 0.317738 0.932652 0.358255 
1533836936756 0.265317 0.896986 -0.353586 -0.592189 -0.948921 0.307877 0.0689986 -0.229488 0.170752 0.317219 0.932854 0.358255 
1533836936848 0.265468 0.897145 -0.353068 -0.592286 -0.948865 0.308005 0.0692003 -0.229423 0.170829 0.316643 0.933035 0.358222 
1533836936885 0.26586 0.897225 -0.352569 -0.592285 -0.94877 0.308307 0.0691533 -0.229531 0.170746 0.316122 0.933227 0.358199 
1533836936981 0.266378 0.897293 -0.352007 -0.592328 -0.948583 0.308829 0.0693968 -0.22965 0.170979 0.315422 0.933421 0.358144 
1533836937013 0.266535 0.897453 -0.351479 -0.592301 -0.948561 0.308893 0.0693988 -0.22966 0.170852 0.314903 0.93362 0.358149 
1533836937027 0.266602 0.897493 -0.351325 -0.592301 -0.948549 0.308933 0.069396 -0.229672 0.170818 0.314747 0.933678 0.358146 
1533836937044 0.266655 0.897493 -0.351287 -0.592315 -0.94853 0.308988 0.0694137 -0.229687 0.170841 0.314696 0.933691 0.358136 
1533836937060 0.266734 0.897471 -0.35128 -0.592341 -0.948499 0.309076 0.0694317 -0.229715 0.170885 0.314669 0.933692 0.358114 
1533836937077 0.266806 0.897463 -0.351248 -0.59236 -0.948476 0.309148 0.0694385 -0.229738 0.170906 0.314624 0.933704 0.358096 
1533836937094 0.266869 0.897461 -0.351205 -0.592373 -0.948456 0.309207 0.0694424 -0.229756 0.170917 0.314571 0.93372 0.358083 
1533836937110 0.266926 0.897463 -0.351157 -0.592381 -0.94844 0.309258 0.0694389 -0.229771 0.170917 0.314516 0.933738 0.358075 
1533836937127 0.266969 0.89747 -0.351106 -0.592385 -0.948431 0.309288 0.0694245 -0.229782 0.1709 0.314466 0.933758 0.35807 
1533836937144 0.26697 0.897489 -0.351056 -0.592382 -0.948436 0.309276 0.0694137 -0.229773 0.170871 0.314423 0.933778 0.358073 
1533836937178 0.266931 0.897534 -0.350972 -0.592358 -0.948488 0.309156 0.0692275 -0.229734 0.170639 0.314414 0.933823 0.358105 
1533836937193 0.267034 0.897523 -0.350922 -0.592345 -0.9485 0.309175 0.0689902 -0.229737 0.170416 0.314427 0.93386 0.358127 
1533836937211 0.267264 0.897463 -0.3509 -0.592339 -0.948478 0.309309 0.0686794 -0.229754 0.170174 0.314465 0.933891 0.358148 
1533836937229 0.26744 0.89742 -0.350874 -0.592334 -0.948462 0.309412 0.0684454 -0.22977 0.169989 0.314486 0.933918 0.358162 
1533836937245 0.267573 0.897394 -0.350841 -0.592331 -0.948458 0.309471 0.0682229 -0.229787 0.169798 0.314504 0.933947 0.358178 
1533836937261 0.267683 0.897378 -0.350797 -0.592327 -0.948461 0.309509 0.0680131 -0.229807 0.169608 0.314512 0.933978 0.358198 
1533836937278 0.267778 0.89737 -0.350745 -0.592321 -0.948456 0.309553 0.0678792 -0.229819 0.169487 0.31449 0.934008 0.358214 
1533836937295 0.267816 0.897366 -0.350726 -0.592319 -0.948453 0.309574 0.0678312 -0.229821 0.169445 0.31448 0.934018 0.358211 
1533836937311 0.267816 0.897359 -0.350744 -0.592322 -0.948449 0.309583 0.0678471 -0.229815 0.169467 0.314492 0.93401 0.35819 
1533836937328 0.267774 0.897359 -0.350776 -0.592325 -0.948458 0.30955 0.0678639 -0.229805 0.169481 0.314524 0.933997 0.358167 
1533836937345 0.26769 0.897367 -0.35082 -0.592329 -0.948462 0.309512 0.0679908 -0.229777 0.169596 0.314538 0.933972 0.358134 
1533836937432 0.267478 0.89724 -0.351307 -0.59239 -0.948414 0.309549 0.068487 -0.229687 0.170196 0.314865 0.933752 0.358116 
1533836937452 0.267689 0.897147 -0.351384 -0.592386 -0.94836 0.309743 0.0683568 -0.22969 0.170165 0.314941 0.933733 0.358157 
1533836937469 0.267893 0.897074 -0.351414 -0.592379 -0.948312 0.309919 0.0682239 -0.229692 0.170112 0.314974 0.933731 0.358202 
1533836937489 0.268062 0.897025 -0.351409 -0.592367 -0.948279 0.310051 0.0680867 -0.229698 0.17003 0.314982 0.933743 0.358252 
1533836937506 0.268165 0.897011 -0.351368 -0.592355 -0.948255 0.310134 0.068034 -0.229696 0.169998 0.314942 0.933762 0.358288 
1533836937523 0.268146 0.897033 -0.351325 -0.592346 -0.948264 0.310107 0.0680378 -0.229688 0.169981 0.314905 0.933778 0.358307 
1533836937539 0.268108 0.897066 -0.351271 -0.592337 -0.948275 0.310066 0.0680651 -0.22968 0.169976 0.314852 0.933797 0.358324 
1533836937633 0.26783 0.897053 -0.351515 -0.59236 -0.948346 0.309838 0.0681228 -0.229694 0.170023 0.315112 0.933701 0.358283 
1533836937662 0.267928 0.896863 -0.351925 -0.592381 -0.948314 0.309969 0.0679679 -0.229699 0.170044 0.315525 0.933557 0.358266 
1533836937676 0.268041 0.896772 -0.352072 -0.592385 -0.948285 0.31008 0.0678608 -0.229696 0.170026 0.315675 0.93351 0.358272 
1533836937696 0.268161 0.896697 -0.35217 -0.592374 -0.948276 0.310154 0.0676495 -0.229693 0.169888 0.315813 0.933488 0.358314 
1533836937713 0.268248 0.89669 -0.352122 -0.592354 -0.948271 0.310196 0.0675266 -0.229693 0.169777 0.315793 0.933515 0.358352 
1533836937729 0.268345 0.896689 -0.352052 -0.592328 -0.948254 0.310263 0.0674631 -0.229683 0.169722 0.315731 0.933546 0.358393 
1533836937746 0.268399 0.896689 -0.352011 -0.592308 -0.948246 0.310298 0.0674203 -0.22967 0.169683 0.315697 0.933565 0.358421 
1533836937763 0.268434 0.896684 -0.351996 -0.592297 -0.94824 0.310322 0.0673919 -0.229662 0.169662 0.315687 0.933572 0.358436 
1533836937779 0.268516 0.896632 -0.352065 -0.592301 -0.948215 0.310407 0.0673459 -0.229672 0.169668 0.315749 0.93355 0.358449 
1533836937796 0.268581 0.896585 -0.352136 -0.592312 -0.948195 0.310478 0.0673109 -0.229692 0.16968 0.315815 0.933525 0.358445 
1533836937813 0.268594 0.896552 -0.352209 -0.592322 -0.948188 0.310501 0.0672964 -0.229702 0.169696 0.315885 0.933499 0.358423 
1533836937829 0.268551 0.896538 -0.352278 -0.59233 -0.948201 0.310464 0.0672857 -0.229706 0.169694 0.315961 0.933473 0.3584 
1533836937863 0.268332 0.896556 -0.352398 -0.592341 -0.948283 0.310229 0.0672052 -0.229716 0.169577 0.31614 0.933434 0.358372 
1533836937878 0.268196 0.896579 -0.352444 -0.592345 -0.948335 0.31008 0.0671666 -0.22972 0.169506 0.316222 0.933419 0.358364 
1533836937893 0.268007 0.896585 -0.352573 -0.592355 -0.948421 0.30985 0.0670035 -0.229737 0.169319 0.31643 0.933383 0.358346 
1533836937910 0.26787 0.896563 -0.352733 -0.592368 -0.948493 0.309672 0.0668129 -0.229754 0.169133 0.316668 0.933336 0.358328 
1533836937927 0.267763 0.896541 -0.352869 -0.592371 -0.94855 0.309531 0.0666568 -0.22975 0.168985 0.316866 0.933295 0.358317 
1533836938018 0.268033 0.896472 -0.352841 -0.592332 -0.948505 0.309724 0.0663973 -0.229696 0.168806 0.316874 0.933325 0.358326 
1533836938034 0.268273 0.896475 -0.352649 -0.592326 -0.948435 0.30994 0.0663937 -0.229718 0.16882 0.316653 0.933397 0.358339 
1533836938048 0.268512 0.896516 -0.352363 -0.592316 -0.948383 0.310115 0.0663241 -0.229748 0.168734 0.316366 0.93351 0.358348 
1533836938065 0.268771 0.896559 -0.352058 -0.592315 -0.948326 0.310305 0.0662511 -0.229772 0.168643 0.316059 0.933631 0.358353 
1533836938082 0.268979 0.896564 -0.351887 -0.592332 -0.948276 0.310471 0.0661886 -0.229788 0.168593 0.315882 0.9337 0.358349 
1533836938103 0.26911 0.896561 -0.351793 -0.592357 -0.948253 0.310561 0.0660979 -0.22978 0.168514 0.315801 0.933741 0.358353 
1533836938122 0.269178 0.896571 -0.351715 -0.592364 -0.948249 0.31059 0.0660142 -0.229752 0.168426 0.315744 0.933777 0.358362 
1533836938138 0.269271 0.896577 -0.35163 -0.592367 -0.948245 0.310628 0.0658864 -0.229726 0.168299 0.31569 0.933817 0.358356 
1533836938155 0.269391 0.896568 -0.35156 -0.592374 -0.94826 0.310645 0.0655986 -0.229711 0.168024 0.315698 0.933864 0.358337 
1533836938281 0.269465 0.896833 -0.350825 -0.592386 -0.948399 0.310359 0.064933 -0.229597 0.167116 0.315225 0.934187 0.358264 
1533836938294 0.269299 0.896895 -0.350795 -0.592386 -0.948426 0.310239 0.0651139 -0.229604 0.167231 0.315168 0.934186 0.358244 
1533836938381 0.269093 0.897008 -0.350666 -0.592421 -0.948401 0.310193 0.065696 -0.229702 0.167704 0.314893 0.934194 0.358147 
1533836938431 0.269335 0.897105 -0.35023 -0.592392 -0.948378 0.310303 0.0655082 -0.229803 0.167445 0.314507 0.93437 0.358172 
1533836938484 0.269398 0.897231 -0.349859 -0.592373 -0.948419 0.310224 0.0652844 -0.229853 0.16711 0.314225 0.934525 0.358088 
1533836938526 0.269399 0.897389 -0.349454 -0.592375 -0.948462 0.310114 0.065183 -0.229818 0.166865 0.313884 0.934683 0.358044 
1533836938583 0.269332 0.897592 -0.348981 -0.592408 -0.948533 0.309919 0.0650768 -0.229749 0.166568 0.313493 0.934867 0.358013 
1533836938599 0.269314 0.897649 -0.34885 -0.592417 -0.948554 0.309863 0.0650415 -0.229729 0.16648 0.313387 0.934919 0.357999 
1533836938616 0.269289 0.897714 -0.348703 -0.592426 -0.948579 0.309796 0.0650001 -0.229707 0.166378 0.313268 0.934977 0.357984 
1533836938633 0.26927 0.897776 -0.348557 -0.592436 -0.948602 0.309733 0.0649543 -0.229686 0.166274 0.313152 0.935034 0.357967 
1533836938649 0.269272 0.897814 -0.348458 -0.592441 -0.948615 0.309703 0.0649136 -0.229683 0.166199 0.313073 0.935074 0.357952 
1533836938666 0.269298 0.89785 -0.348344 -0.592439 -0.948624 0.309688 0.0648518 -0.229698 0.166105 0.312983 0.935121 0.357934 
1533836938682 0.269347 0.897861 -0.34828 -0.592436 -0.948619 0.309712 0.0648065 -0.22972 0.166054 0.31293 0.935148 0.35792 
1533836938699 0.269381 0.897853 -0.348272 -0.592437 -0.94862 0.309723 0.0647359 -0.229739 0.165991 0.31294 0.935155 0.357907 
1533836938726 0.269358 0.89783 -0.34835 -0.592431 -0.948648 0.309668 0.0646015 -0.229746 0.165874 0.31306 0.935136 0.357902 
1533836938754 0.269266 0.897771 -0.348574 -0.592432 -0.948717 0.309516 0.0643126 -0.229721 0.165627 0.313381 0.935072 0.357914 
1533836938767 0.269332 0.897698 -0.348709 -0.592436 -0.948706 0.309573 0.0641999 -0.229702 0.165583 0.313531 0.93503 0.357921 
1533836938791 0.269459 0.8976 -0.348865 -0.592434 -0.94869 0.309665 0.0639846 -0.229676 0.165464 0.313723 0.934986 0.357936 
1533836938807 0.269521 0.897569 -0.348897 -0.592421 -0.948691 0.309691 0.0638503 -0.229651 0.16536 0.313786 0.934984 0.357946 
1533836938825 0.269589 0.897561 -0.348863 -0.592406 -0.948689 0.30972 0.0637421 -0.229639 0.165262 0.313778 0.935004 0.357949 
1533836938840 0.269684 0.897542 -0.34884 -0.592398 -0.948679 0.309776 0.0636211 -0.229646 0.165165 0.313779 0.93502 0.357944 
1533836938857 0.26979 0.897507 -0.348847 -0.592397 -0.948664 0.309847 0.0634934 -0.229664 0.165075 0.313808 0.935027 0.357928 
1533836938874 0.269818 0.897497 -0.348852 -0.592397 -0.948672 0.309844 0.0633924 -0.229679 0.164984 0.313842 0.935031 0.357907 
1533836938924 0.269734 0.89756 -0.348753 -0.592386 -0.948746 0.309662 0.0631717 -0.229695 0.164696 0.313838 0.935083 0.357895 
1533836938971 0.269465 0.897647 -0.348739 -0.592398 -0.948887 0.309283 0.0628994 -0.22969 0.164321 0.313965 0.935107 0.357941 
1533836938987 0.269422 0.897662 -0.348732 -0.592401 -0.948949 0.309148 0.0626333 -0.229703 0.164033 0.314054 0.935127 0.357983 
1533836939012 0.269331 0.897701 -0.348703 -0.592387 -0.949047 0.308922 0.0622641 -0.229694 0.163617 0.314166 0.935163 0.358041 
1533836939032 0.269341 0.897655 -0.348813 -0.592391 -0.949072 0.308886 0.0620646 -0.229662 0.163456 0.314332 0.935135 0.358066 
1533836939048 0.269413 0.897585 -0.348938 -0.592402 -0.94907 0.308927 0.0618936 -0.229627 0.163351 0.314492 0.9351 0.358069 
1533836939065 0.269461 0.897547 -0.348999 -0.592405 -0.949074 0.308942 0.0617506 -0.229596 0.163245 0.314587 0.935086 0.358069 
1533836939082 0.269452 0.897547 -0.349005 -0.592403 -0.949109 0.308872 0.0615702 -0.22956 0.16306 0.314654 0.935096 0.358071 
1533836939098 0.269368 0.897574 -0.349001 -0.592401 -0.949166 0.308729 0.0614096 -0.229529 0.162866 0.314718 0.935108 0.358067 
1533836939115 0.269291 0.89759 -0.349019 -0.592402 -0.949213 0.308608 0.0612849 -0.229504 0.162719 0.31479 0.93511 0.358054 
1533836939197 0.269305 0.897488 -0.349271 -0.592411 -0.94918 0.308694 0.0613578 -0.22956 0.162886 0.314998 0.935011 0.358081 
1533836939227 0.269295 0.897345 -0.349646 -0.592422 -0.94916 0.308754 0.0613606 -0.229614 0.163016 0.315346 0.93487 0.358119 
1533836939248 0.269327 0.897236 -0.3499 -0.592415 -0.949153 0.308798 0.0612532 -0.229622 0.163007 0.315612 0.934782 0.358152 
1533836939275 0.269316 0.897201 -0.35 -0.592388 -0.949177 0.308754 0.0611021 -0.229615 0.162885 0.315756 0.934755 0.358203 
1533836939289 0.269306 0.897199 -0.350012 -0.592372 -0.949196 0.308714 0.0610084 -0.229609 0.16279 0.3158 0.934757 0.358232 
1533836939306 0.269265 0.897218 -0.349996 -0.592347 -0.949231 0.30863 0.0608964 -0.229576 0.162656 0.31583 0.93477 0.358289 
1533836939324 0.269223 0.897223 -0.350013 -0.592333 -0.94926 0.308559 0.0608079 -0.229542 0.162558 0.315883 0.934769 0.358326 
1533836939338 0.269231 0.89719 -0.350092 -0.592333 -0.949269 0.308548 0.0607095 -0.229531 0.162488 0.315986 0.934746 0.35834 
1533836939355 0.26928 0.897116 -0.350243 -0.592345 -0.949256 0.308604 0.0606353 -0.229528 0.162483 0.316143 0.934694 0.358346 
1533836939455 0.269517 0.896993 -0.350378 -0.592383 -0.949195 0.308824 0.0604759 -0.229604 0.162452 0.316277 0.934654 0.358264 
1533836939469 0.269597 0.897059 -0.350146 -0.592366 -0.949169 0.308889 0.0605424 -0.229627 0.162466 0.316026 0.934736 0.358248 
1533836939485 0.269551 0.897169 -0.3499 -0.592357 -0.949178 0.308838 0.0606705 -0.229645 0.162494 0.315764 0.93482 0.358226 
1533836939502 0.269521 0.897232 -0.349762 -0.592359 -0.949178 0.308817 0.0607777 -0.229659 0.162544 0.315605 0.934865 0.358204 
1533836939519 0.269525 0.897265 -0.349674 -0.592366 -0.949171 0.308827 0.0608386 -0.22968 0.162577 0.315502 0.934894 0.358179 
1533836939539 0.269514 0.897281 -0.34964 -0.592373 -0.949175 0.308812 0.0608479 -0.229692 0.162571 0.31547 0.934906 0.35816 
1533836939555 0.269497 0.897302 -0.349601 -0.592379 -0.949184 0.308784 0.0608419 -0.229675 0.162545 0.315439 0.934921 0.358154 
1533836939574 0.269463 0.897335 -0.349543 -0.59238 -0.9492 0.308736 0.060837 -0.229651 0.162508 0.315393 0.934943 0.358152 
1533836939589 0.269454 0.897359 -0.349486 -0.592378 -0.949209 0.308712 0.0608234 -0.22964 0.162471 0.315346 0.934965 0.358153 
1533836939662 0.269385 0.897352 -0.349557 -0.59239 -0.94922 0.308667 0.0608695 -0.229615 0.162518 0.31541 0.934936 0.358146 
1533836939676 0.269321 0.897279 -0.349794 -0.592408 -0.949209 0.30868 0.060979 -0.229607 0.16269 0.315605 0.93484 0.358144 
1533836939692 0.26924 0.897217 -0.350017 -0.592415 -0.9492 0.308681 0.0611144 -0.229593 0.162876 0.315782 0.934748 0.358142 
1533836939712 0.269152 0.89714 -0.350281 -0.592399 -0.949173 0.308718 0.0613566 -0.229593 0.163183 0.315963 0.934633 0.35816 
1533836939737 0.269113 0.897103 -0.350406 -0.592366 -0.949142 0.30877 0.0615639 -0.229609 0.163424 0.316018 0.934572 0.358205 
1533836939751 0.269103 0.897094 -0.350436 -0.592345 -0.94913 0.308792 0.061643 -0.229619 0.163511 0.316021 0.934556 0.358227 
1533836939770 0.269108 0.897064 -0.350508 -0.592322 -0.949105 0.308847 0.0617496 -0.229645 0.163647 0.316052 0.934522 0.358251 
1533836939784 0.269121 0.897036 -0.350572 -0.592311 -0.949086 0.308893 0.0618104 -0.229668 0.163735 0.316088 0.934494 0.35826 
1533836939801 0.269122 0.896972 -0.350733 -0.592296 -0.949055 0.308964 0.0619281 -0.229719 0.163912 0.316199 0.934425 0.358268 
1533836939817 0.269106 0.896932 -0.350849 -0.592289 -0.949036 0.309002 0.062027 -0.229752 0.164047 0.316277 0.934376 0.358279 
1533836939836 0.269068 0.896887 -0.350993 -0.592291 -0.94901 0.309049 0.0622045 -0.229769 0.164264 0.316358 0.93431 0.358304 
1533836939892 0.268927 0.896872 -0.351139 -0.592333 -0.948966 0.309088 0.0626818 -0.229691 0.16475 0.316361 0.934223 0.358341 
1533836939911 0.268947 0.896892 -0.351074 -0.592332 -0.94893 0.30916 0.0628683 -0.229675 0.164924 0.316236 0.934235 0.358312 
1533836939947 0.26901 0.896879 -0.351057 -0.592351 -0.948846 0.309345 0.0632252 -0.229675 0.165303 0.316091 0.934217 0.358224 
1533836939964 0.269031 0.8969 -0.350988 -0.59235 -0.948819 0.3094 0.0633634 -0.229671 0.165426 0.315977 0.934234 0.358185 
1533836939981 0.269035 0.89691 -0.350958 -0.592358 -0.948781 0.309472 0.0635777 -0.229661 0.165635 0.315878 0.93423 0.35815 
1533836939997 0.269034 0.896906 -0.35097 -0.592369 -0.948748 0.309536 0.0637633 -0.229657 0.165828 0.315828 0.934213 0.358132 
1533836940014 0.26896 0.896922 -0.350986 -0.592379 -0.94872 0.309559 0.0640559 -0.229631 0.166104 0.315759 0.934187 0.358132 
1533836940031 0.268865 0.896945 -0.351 -0.592382 -0.948709 0.309543 0.0642983 -0.229597 0.166322 0.315709 0.934165 0.358143 
1533836940047 0.26877 0.89697 -0.35101 -0.592384 -0.948702 0.309519 0.0645184 -0.229566 0.166515 0.315663 0.934146 0.358155 
1533836940064 0.268713 0.89698 -0.351027 -0.592385 -0.948692 0.309516 0.0646774 -0.229552 0.166663 0.315637 0.934129 0.358166 
1533836940081 0.268675 0.896975 -0.35107 -0.592387 -0.948694 0.309499 0.0647226 -0.229561 0.16671 0.315669 0.93411 0.358191 
1533836940097 0.268691 0.896979 -0.351046 -0.59238 -0.948712 0.309471 0.0646025 -0.229579 0.166586 0.315683 0.934127 0.358216 
1533836940115 0.268747 0.896991 -0.350974 -0.592365 -0.948748 0.309419 0.0643147 -0.229621 0.166288 0.315702 0.934174 0.358253 
1533836940141 0.268805 0.896999 -0.350909 -0.59235 -0.948803 0.309333 0.0639145 -0.229681 0.165879 0.315763 0.934226 0.358274 
1533836940157 0.26884 0.897001 -0.350875 -0.592344 -0.948839 0.309277 0.0636594 -0.229716 0.16562 0.31581 0.934256 0.358275 
1533836940273 0.268607 0.897233 -0.350461 -0.592348 -0.948805 0.309218 0.0644438 -0.229585 0.16619 0.315209 0.934358 0.358236 
1533836940298 0.268619 0.897278 -0.350337 -0.59236 -0.948712 0.309391 0.0649868 -0.229567 0.166702 0.314912 0.934366 0.358209 
1533836940326 0.268605 0.897296 -0.350301 -0.592382 -0.948627 0.309542 0.0655003 -0.229549 0.167206 0.314711 0.934344 0.358164 
1533836940388 0.268512 0.897351 -0.350232 -0.592418 -0.948563 0.30962 0.066063 -0.229566 0.167721 0.314478 0.93433 0.358112 
1533836940427 0.26845 0.897506 -0.349882 -0.592403 -0.948543 0.309605 0.0664129 -0.229586 0.167931 0.31405 0.934437 0.358098 
1533836940470 0.268397 0.897669 -0.349504 -0.592385 -0.948521 0.309596 0.0667639 -0.229609 0.168137 0.313593 0.934553 0.35808 
1533836940515 0.268304 0.897744 -0.349382 -0.592404 -0.948487 0.309613 0.0671778 -0.229635 0.168482 0.313361 0.934569 0.358043 
1533836940531 0.268309 0.89775 -0.349365 -0.592413 -0.948458 0.309667 0.0673328 -0.229638 0.168635 0.313292 0.934564 0.358015 
1533836940548 0.268316 0.897758 -0.349338 -0.592421 -0.94843 0.309719 0.0674819 -0.229642 0.168779 0.313217 0.934563 0.357984 
1533836940565 0.268305 0.897767 -0.349325 -0.592431 -0.948413 0.309746 0.0676042 -0.229647 0.168895 0.313165 0.93456 0.35795 
1533836940581 0.268301 0.897789 -0.34927 -0.592437 -0.948397 0.30977 0.0677201 -0.229657 0.168992 0.313077 0.934572 0.357914 
1533836940598 0.26832 0.89782 -0.349177 -0.592438 -0.948381 0.3098 0.0678039 -0.229671 0.169051 0.31296 0.9346 0.357885 
1533836940615 0.268351 0.89783 -0.349127 -0.59244 -0.948364 0.309841 0.0678546 -0.229681 0.169096 0.31289 0.934616 0.357862 
1533836940631 0.268386 0.897826 -0.34911 -0.592446 -0.948348 0.309884 0.0678835 -0.229692 0.169131 0.312859 0.93462 0.357847 
1533836940725 0.268385 0.89795 -0.34879 -0.592402 -0.948398 0.309767 0.0677171 -0.22968 0.16885 0.312618 0.934751 0.357971 
1533836940753 0.268545 0.898054 -0.348399 -0.592368 -0.948358 0.309878 0.0677687 -0.229694 0.168821 0.312208 0.934893 0.357981 
1533836940766 0.268664 0.898097 -0.348198 -0.592354 -0.948304 0.310013 0.0679104 -0.229697 0.168936 0.311953 0.934958 0.357977 
1533836940786 0.268834 0.898135 -0.347967 -0.592344 -0.948232 0.310198 0.0680625 -0.229714 0.169068 0.311657 0.935033 0.357964 
1533836940803 0.26897 0.898144 -0.347839 -0.592344 -0.948172 0.310358 0.0681827 -0.229733 0.169192 0.311472 0.935072 0.357948 
1533836940820 0.269045 0.898123 -0.347836 -0.592357 -0.948138 0.310451 0.0682253 -0.229754 0.169261 0.31144 0.93507 0.357929 
1533836940836 0.269075 0.898115 -0.347835 -0.592369 -0.948122 0.310493 0.0682571 -0.229771 0.169303 0.311424 0.935068 0.357902 
1533836940853 0.269051 0.898126 -0.347825 -0.592378 -0.948123 0.310481 0.0683028 -0.229781 0.169337 0.311403 0.935068 0.357872 
1533836940870 0.269042 0.898141 -0.347793 -0.592381 -0.948121 0.310478 0.0683417 -0.229786 0.169362 0.311363 0.935077 0.357854 
1533836940886 0.269048 0.898171 -0.347711 -0.592374 -0.94812 0.310476 0.0683618 -0.229791 0.169356 0.311279 0.935106 0.357846 
1533836940903 0.269022 0.898201 -0.347653 -0.592365 -0.948128 0.310445 0.0683849 -0.229781 0.169351 0.311223 0.935126 0.357849 
1533836940923 0.268941 0.89823 -0.34764 -0.592356 -0.948158 0.310355 0.0683797 -0.22976 0.169312 0.311227 0.935131 0.357853 
1533836940943 0.268825 0.898257 -0.34766 -0.59235 -0.948206 0.31022 0.0683297 -0.229743 0.169229 0.311284 0.935128 0.357859 
1533836940960 0.268727 0.898268 -0.347707 -0.592352 -0.948256 0.31009 0.0682252 -0.229745 0.169105 0.311381 0.935118 0.35786 
1533836940976 0.268623 0.898283 -0.347748 -0.592355 -0.948308 0.309954 0.0681211 -0.229751 0.168978 0.311473 0.93511 0.357859 
1533836940993 0.268412 0.89832 -0.347817 -0.592363 -0.948388 0.309722 0.0680552 -0.229756 0.168862 0.311599 0.935089 0.357852 
1533836941079 0.268025 0.898416 -0.347867 -0.592346 -0.94844 0.309468 0.0684903 -0.229739 0.169187 0.311574 0.935039 0.357863 
1533836941098 0.268027 0.898303 -0.348158 -0.592363 -0.948382 0.309598 0.0687067 -0.229758 0.169509 0.311771 0.934915 0.357887 
1533836941111 0.268035 0.898225 -0.348351 -0.592371 -0.948343 0.309688 0.0688387 -0.229778 0.169713 0.311905 0.934833 0.357915 
1533836941137 0.268066 0.89813 -0.348575 -0.59237 -0.948279 0.309836 0.0690569 -0.229823 0.170023 0.312034 0.934734 0.357986 
1533836941193 0.268147 0.898004 -0.348836 -0.592339 -0.948204 0.310028 0.0692251 -0.229946 0.170313 0.312205 0.934624 0.358116 
1533836941221 0.268078 0.897893 -0.349173 -0.592337 -0.948191 0.310049 0.0693113 -0.229975 0.170495 0.312502 0.934491 0.358105 
1533836941238 0.26806 0.897879 -0.349224 -0.592335 -0.94819 0.310046 0.0693298 -0.229976 0.170525 0.312546 0.934471 0.358103 
1533836941254 0.267909 0.897804 -0.349533 -0.592322 -0.948194 0.31 0.0694919 -0.229974 0.170745 0.312808 0.934343 0.358108 
1533836941271 0.267688 0.89782 -0.349661 -0.59231 -0.948241 0.30983 0.0696059 -0.229965 0.170829 0.31293 0.934287 0.358121 
1533836941287 0.267421 0.897858 -0.349767 -0.592297 -0.948305 0.309607 0.0697238 -0.229951 0.170893 0.31304 0.934238 0.358136 
1533836941401 0.267825 0.897598 -0.350126 -0.592308 -0.94825 0.309907 0.0691383 -0.230059 0.170565 0.31349 0.934148 0.358239 
1533836941417 0.267941 0.89752 -0.350237 -0.592313 -0.948269 0.309929 0.0687747 -0.230074 0.170275 0.313691 0.934133 0.358234 
1533836941484 0.267976 0.897488 -0.350291 -0.592311 -0.948285 0.309918 0.0686015 -0.230073 0.170131 0.313792 0.934125 0.358232 
1533836941525 0.267763 0.89743 -0.350602 -0.592265 -0.948461 0.309528 0.0679334 -0.229939 0.169487 0.314342 0.934057 0.358264 
1533836941572 0.267621 0.897326 -0.350977 -0.592295 -0.948508 0.309409 0.0678133 -0.229907 0.169446 0.314757 0.933925 0.35828 
1533836941584 0.267562 0.897287 -0.351122 -0.592306 -0.94854 0.309337 0.0676991 -0.229906 0.16936 0.314939 0.933879 0.358282 
1533836941601 0.267507 0.897249 -0.35126 -0.59231 -0.948572 0.309265 0.0675791 -0.229908 0.169268 0.315117 0.933836 0.358288 
1533836941618 0.267431 0.897209 -0.35142 -0.592308 -0.94861 0.309175 0.067461 -0.229907 0.169177 0.315319 0.933784 0.358302 
1533836941726 0.267752 0.897202 -0.351195 -0.592243 -0.948569 0.309367 0.0671502 -0.229958 0.168895 0.315153 0.933891 0.358439 
1533836941740 0.26787 0.897264 -0.350945 -0.592236 -0.948555 0.309423 0.067089 -0.229962 0.168787 0.31492 0.93399 0.358424 
1533836941756 0.267973 0.897327 -0.350706 -0.592234 -0.948545 0.309466 0.0670284 -0.229945 0.168678 0.314699 0.934084 0.358395 
1533836941776 0.268044 0.8974 -0.350464 -0.592241 -0.948548 0.309472 0.0669626 -0.229892 0.168551 0.314483 0.934179 0.358344 
1533836941795 0.26805 0.897421 -0.350407 -0.59226 -0.948556 0.309456 0.066928 -0.229837 0.168498 0.314441 0.934203 0.358291 
1533836941835 0.268129 0.89741 -0.350373 -0.592299 -0.948569 0.30946 0.0667102 -0.229767 0.168293 0.314466 0.934232 0.358211 
1533836941852 0.268195 0.897399 -0.350352 -0.592313 -0.948569 0.309487 0.066595 -0.229744 0.168191 0.314472 0.934248 0.35819 
1533836941868 0.268312 0.897399 -0.350263 -0.592326 -0.94859 0.30949 0.0662866 -0.229726 0.167888 0.31447 0.934303 0.358171 
1533836941885 0.26846 0.897428 -0.350076 -0.592326 -0.948606 0.309506 0.0659761 -0.229719 0.167559 0.314372 0.934395 0.358172 
1533836942001 0.268636 0.897334 -0.350181 -0.592366 -0.948642 0.309518 0.065398 -0.229683 0.167071 0.314628 0.934396 0.358114 
1533836942025 0.268393 0.897248 -0.350586 -0.592367 -0.948646 0.309442 0.0657071 -0.229691 0.167442 0.314947 0.934223 0.358128 
1533836942039 0.268244 0.897225 -0.350761 -0.592349 -0.948651 0.309383 0.0659027 -0.229699 0.167649 0.315072 0.934143 0.358156 
1533836942128 0.268065 0.897184 -0.351001 -0.592226 -0.948631 0.309366 0.0662774 -0.229753 0.168051 0.315203 0.934027 0.358291 
1533836942147 0.267988 0.897121 -0.351221 -0.592237 -0.948675 0.309268 0.0661054 -0.229732 0.167926 0.315479 0.933956 0.358293 
1533836942162 0.268005 0.897032 -0.351436 -0.59225 -0.948684 0.309274 0.0659476 -0.229717 0.167847 0.315728 0.933886 0.358294 
1533836942178 0.268025 0.896928 -0.351685 -0.592262 -0.948691 0.309286 0.0657807 -0.229695 0.167772 0.316009 0.933804 0.358296 
1533836942314 0.268133 0.896892 -0.351695 -0.592253 -0.948721 0.309275 0.0654062 -0.229744 0.167433 0.316123 0.933827 0.358274 
1533836942328 0.268134 0.896977 -0.351478 -0.592234 -0.948725 0.309251 0.0654548 -0.229761 0.167406 0.315905 0.933905 0.358278 
1533836942344 0.268159 0.897128 -0.351073 -0.592199 -0.948725 0.309233 0.065547 -0.229791 0.167367 0.315495 0.934051 0.35828 
1533836942361 0.268192 0.897205 -0.350851 -0.592184 -0.948714 0.309251 0.0656222 -0.229813 0.167377 0.315258 0.934129 0.358271 
1533836942378 0.268193 0.897208 -0.350841 -0.592202 -0.948703 0.309271 0.0656854 -0.229827 0.167438 0.315228 0.934128 0.35825 
1533836942427 0.268139 0.897241 -0.3508 -0.592235 -0.948724 0.309205 0.065682 -0.229806 0.167402 0.315201 0.934144 0.358234 
1533836942446 0.268117 0.89733 -0.350589 -0.592226 -0.948755 0.309123 0.0656288 -0.229779 0.167266 0.315027 0.934227 0.358241 
1533836942458 0.268117 0.897389 -0.350437 -0.592219 -0.948772 0.309081 0.0655853 -0.229769 0.167169 0.3149 0.934287 0.358245 
1533836942477 0.268122 0.89746 -0.35025 -0.592214 -0.948794 0.309027 0.0655161 -0.229759 0.167035 0.314749 0.934362 0.358245 
1533836942494 0.268097 0.897507 -0.350149 -0.592218 -0.948819 0.308962 0.0654564 -0.229741 0.16693 0.31468 0.934404 0.358231 
1533836942514 0.268053 0.897547 -0.350081 -0.592229 -0.948855 0.308872 0.0653678 -0.229719 0.166801 0.314654 0.934436 0.358195 
1533836942527 0.268032 0.897577 -0.35002 -0.592235 -0.948882 0.308808 0.0652779 -0.229707 0.166681 0.314631 0.934465 0.358175 
1533836942543 0.268018 0.897621 -0.349918 -0.592236 -0.948912 0.308738 0.06517 -0.229694 0.166531 0.314574 0.934511 0.35816 
1533836942560 0.268009 0.89766 -0.349825 -0.592235 -0.948934 0.308687 0.0650973 -0.229681 0.166422 0.314514 0.934551 0.358157 
1533836942577 0.268 0.897696 -0.349739 -0.592234 -0.948953 0.30864 0.0650359 -0.229668 0.166326 0.314457 0.934587 0.35816 
1533836942594 0.267992 0.897713 -0.349703 -0.592236 -0.948964 0.308613 0.0650008 -0.229658 0.166275 0.314436 0.934603 0.35816 
1533836942610 0.267986 0.897722 -0.349685 -0.592242 -0.948976 0.308588 0.0649546 -0.229648 0.16622 0.314436 0.934613 0.358153 
1533836942702 0.268556 0.89764 -0.349458 -0.592289 -0.948835 0.309069 0.0647227 -0.229729 0.166104 0.314196 0.934714 0.358199 
1533836942722 0.268725 0.897715 -0.349133 -0.59229 -0.948827 0.30913 0.0645511 -0.229739 0.165876 0.31392 0.934847 0.35821 
1533836942739 0.268815 0.897765 -0.348937 -0.59231 -0.948831 0.309143 0.0644178 -0.229727 0.165703 0.313766 0.93493 0.3582 
1533836942755 0.268854 0.897803 -0.348808 -0.592331 -0.948844 0.309125 0.0643149 -0.2297 0.165568 0.313673 0.934985 0.358182 
1533836942772 0.268875 0.89784 -0.348696 -0.592358 -0.94886 0.309095 0.0642201 -0.22966 0.16544 0.313596 0.935033 0.358158 
1533836942789 0.26887 0.89787 -0.348623 -0.592381 -0.948878 0.309054 0.064155 -0.229623 0.165346 0.313551 0.935065 0.358138 
1533836942805 0.268891 0.897868 -0.348611 -0.592387 -0.948879 0.309059 0.0641109 -0.229619 0.165305 0.313551 0.935072 0.358123 
1533836942822 0.268916 0.897842 -0.348662 -0.592382 -0.948872 0.309087 0.0640853 -0.229628 0.165305 0.313602 0.935055 0.35811 
1533836942839 0.268916 0.897824 -0.348706 -0.592366 -0.948866 0.309102 0.0641077 -0.229627 0.165343 0.313635 0.935037 0.35811 
1533836942855 0.268874 0.897731 -0.348977 -0.592365 -0.948844 0.309145 0.0642145 -0.22962 0.165532 0.313859 0.934929 0.358109 
1533836942875 0.268853 0.897653 -0.349195 -0.592353 -0.948824 0.30919 0.0642937 -0.229616 0.165681 0.314039 0.934842 0.358131 
1533836942892 0.26886 0.897602 -0.349322 -0.592343 -0.948822 0.309206 0.0642488 -0.229625 0.165682 0.31417 0.934798 0.358142 
1533836942909 0.268883 0.897561 -0.349408 -0.592332 -0.948826 0.309215 0.0641545 -0.229635 0.165625 0.314277 0.934772 0.35815 
1533836942925 0.269001 0.897515 -0.349436 -0.592318 -0.948806 0.309302 0.0640249 -0.229638 0.165544 0.314324 0.93477 0.358163 
1533836942942 0.269048 0.897498 -0.349443 -0.592317 -0.948806 0.309322 0.0639366 -0.229626 0.165473 0.314351 0.934774 0.358171 
1533836942976 0.269089 0.897501 -0.349405 -0.592336 -0.948798 0.309351 0.0639137 -0.229565 0.165451 0.314317 0.934789 0.358158 
1533836942994 0.269103 0.897521 -0.349343 -0.592358 -0.948793 0.309361 0.063934 -0.229556 0.165455 0.314249 0.934811 0.358139 
1533836943006 0.269121 0.897563 -0.349219 -0.59236 -0.948786 0.309374 0.0639841 -0.229552 0.165469 0.314115 0.934854 0.358132 
1533836943023 0.26919 0.897636 -0.348978 -0.59237 -0.948749 0.309454 0.0641417 -0.229551 0.165569 0.313826 0.934933 0.358112 
1533836943040 0.269195 0.897691 -0.348834 -0.592386 -0.948733 0.309476 0.0642718 -0.22955 0.165652 0.313649 0.934978 0.358095 
1533836943056 0.269135 0.897759 -0.348705 -0.592403 -0.948738 0.309433 0.064401 -0.229546 0.165717 0.313498 0.935017 0.358079 
1533836943073 0.269114 0.8978 -0.348615 -0.592418 -0.948739 0.309416 0.0644693 -0.229548 0.165748 0.313395 0.935046 0.358066 
1533836943090 0.269114 0.897823 -0.348556 -0.592434 -0.948741 0.309408 0.0644785 -0.229557 0.165736 0.313338 0.935067 0.358053 
1533836943107 0.269152 0.897836 -0.348494 -0.59245 -0.948734 0.309432 0.0644632 -0.229581 0.165713 0.313278 0.935092 0.358039 
1533836943123 0.269202 0.89784 -0.348445 -0.592457 -0.948722 0.309472 0.0644537 -0.229602 0.165703 0.313226 0.93511 0.358029 
1533836943173 0.2692 0.897871 -0.348366 -0.592422 -0.948724 0.309461 0.0644709 -0.229582 0.165692 0.313148 0.935139 0.358048 
1533836943195 0.26919 0.897864 -0.348392 -0.592403 -0.948725 0.309456 0.0644747 -0.229565 0.165701 0.313172 0.935129 0.358062 
1533836943209 0.2692 0.89775 -0.348678 -0.592412 -0.948706 0.309517 0.0644647 -0.229557 0.165795 0.313439 0.935023 0.358065 
1533836943229 0.269202 0.89764 -0.34896 -0.592417 -0.948697 0.309556 0.0644164 -0.229557 0.165846 0.313717 0.934921 0.358069 
1533836943252 0.269151 0.897538 -0.349262 -0.592416 -0.948705 0.309541 0.0643641 -0.229553 0.16588 0.314023 0.934812 0.358053 
1533836943269 0.269125 0.897505 -0.349365 -0.592408 -0.948703 0.309541 0.0643877 -0.229546 0.165931 0.314115 0.934772 0.358047 
1533836943285 0.269129 0.897492 -0.349396 -0.592398 -0.948693 0.309564 0.0644264 -0.229545 0.165983 0.31413 0.934758 0.358049 
1533836943405 0.269381 0.897511 -0.349153 -0.592394 -0.948543 0.309933 0.0648682 -0.229581 0.166434 0.313712 0.934818 0.35799 
1533836943419 0.269398 0.897602 -0.348905 -0.592394 -0.948544 0.30992 0.0649149 -0.229577 0.1664 0.313463 0.934907 0.357981 
1533836943435 0.269331 0.897723 -0.348646 -0.592399 -0.948572 0.309821 0.0649766 -0.229567 0.166349 0.313215 0.935 0.357969 
1533836943455 0.26927 0.897832 -0.348413 -0.592412 -0.948604 0.30972 0.0649983 -0.229564 0.166268 0.313004 0.935085 0.357955 
1533836943527 0.269132 0.897937 -0.34825 -0.592459 -0.94864 0.309584 0.0651193 -0.229581 0.166286 0.312838 0.935137 0.357888 
1533836943550 0.269172 0.898026 -0.347987 -0.592438 -0.94862 0.309618 0.0652409 -0.229593 0.166331 0.312547 0.935226 0.357869 
1533836943572 0.269228 0.898138 -0.347657 -0.592408 -0.948595 0.309664 0.0653897 -0.229604 0.166386 0.312181 0.935339 0.35785 
1533836943585 0.269239 0.89818 -0.347538 -0.5924 -0.948586 0.309677 0.0654595 -0.22961 0.166419 0.312045 0.935378 0.357834 
1533836943603 0.269225 0.898193 -0.347515 -0.592407 -0.948567 0.309706 0.0656013 -0.229613 0.16655 0.31198 0.935377 0.357786 
1533836943619 0.269207 0.898192 -0.347532 -0.592418 -0.948553 0.309726 0.0657111 -0.229618 0.166661 0.311963 0.935363 0.357742 
1533836943635 0.269192 0.898199 -0.347527 -0.592428 -0.948538 0.309746 0.0658205 -0.229623 0.166765 0.311924 0.935357 0.357707 
1533836943773 0.269086 0.898187 -0.347638 -0.592416 -0.94847 0.309838 0.0663695 -0.229606 0.167324 0.311865 0.935277 0.357809 
1533836943786 0.269031 0.898121 -0.347853 -0.592421 -0.948456 0.309857 0.0664784 -0.229608 0.16749 0.312039 0.935189 0.357845 
1533836943803 0.268968 0.898036 -0.34812 -0.59242 -0.948443 0.309876 0.0665836 -0.229625 0.167668 0.312263 0.935082 0.357898 
1533836943820 0.268946 0.897988 -0.348261 -0.592408 -0.948431 0.309899 0.066641 -0.229647 0.167768 0.312379 0.935026 0.357945 
1533836943836 0.268953 0.897983 -0.348268 -0.592376 -0.948427 0.30991 0.0666499 -0.229676 0.167782 0.312381 0.935023 0.35799 
1533836943873 0.269043 0.897921 -0.348358 -0.592343 -0.948377 0.310047 0.0667235 -0.22976 0.16792 0.312423 0.934984 0.35803 
1533836943890 0.269057 0.897876 -0.348463 -0.592349 -0.948347 0.310116 0.0668264 -0.229775 0.168066 0.312484 0.934937 0.35802 
1533836943906 0.269048 0.897826 -0.348599 -0.592356 -0.948317 0.310178 0.0669626 -0.229782 0.168249 0.312567 0.934877 0.35801 
1533836943923 0.269016 0.897734 -0.348862 -0.592378 -0.948262 0.310286 0.0672383 -0.229777 0.168609 0.312724 0.934759 0.358004 
1533836943940 0.269003 0.897656 -0.349071 -0.592394 -0.948195 0.310421 0.0675604 -0.229766 0.169005 0.312814 0.934658 0.358005 
1533836944020 0.268844 0.89765 -0.349209 -0.592398 -0.948169 0.310413 0.0679636 -0.229752 0.169407 0.312837 0.934577 0.358003 
1533836944033 0.268854 0.89773 -0.348995 -0.592373 -0.94821 0.310326 0.0677901 -0.22978 0.169159 0.312695 0.93467 0.358029 
1533836944050 0.268877 0.897876 -0.348604 -0.592334 -0.948283 0.31017 0.0674766 -0.229813 0.168712 0.312432 0.934838 0.358074 
1533836944067 0.268899 0.897983 -0.348311 -0.592314 -0.948354 0.310027 0.067145 -0.229829 0.168281 0.312266 0.934971 0.358105 
1533836944083 0.268886 0.898045 -0.34816 -0.592316 -0.94841 0.309907 0.0669113 -0.229817 0.167987 0.312207 0.935044 0.358116 
1533836944100 0.268844 0.898084 -0.348091 -0.59233 -0.948462 0.309786 0.0667221 -0.229796 0.167756 0.312213 0.935083 0.35812 
1533836944120 0.268787 0.898121 -0.348041 -0.592349 -0.948515 0.309661 0.0665559 -0.229765 0.16755 0.312233 0.935114 0.358115 
1533836944137 0.268742 0.898138 -0.34803 -0.592369 -0.948543 0.30959 0.0664902 -0.229736 0.167464 0.312253 0.935122 0.358093 
1533836944153 0.268708 0.898146 -0.348037 -0.592395 -0.94856 0.309543 0.0664565 -0.22971 0.16742 0.312277 0.935122 0.358062 
1533836944264 0.268644 0.898121 -0.34815 -0.592372 -0.948608 0.309436 0.0662725 -0.22976 0.167251 0.312454 0.935094 0.358096 
1533836944283 0.26881 0.897955 -0.348452 -0.592356 -0.948563 0.309611 0.066102 -0.22974 0.167241 0.31276 0.934993 0.358156 
1533836944327 0.268962 0.897798 -0.348737 -0.5923 -0.948561 0.309698 0.0657226 -0.22974 0.167009 0.313121 0.934913 0.358276 
1533836944399 0.26915 0.897707 -0.348827 -0.592274 -0.948593 0.30972 0.0651443 -0.229817 0.166519 0.313361 0.93492 0.358293 
1533836944428 0.269231 0.897558 -0.349147 -0.592294 -0.948613 0.30974 0.0647698 -0.229817 0.16628 0.313767 0.934827 0.358286 
