1530559691075 -0.0884582 -0.146151 0.9853 0.365849 -0.990772 0.11489 -0.0719077 -0.497172 -0.102692 -0.982568 -0.154965 0.463323 
1530559696795 -0.08846 -0.146152 0.985299 0.365849 -0.990772 0.114891 -0.0719093 -0.497173 -0.102693 -0.982568 -0.154966 0.463322 
1530559697046 -0.0828835 -0.146851 0.98568 0.367403 -0.991228 0.114321 -0.0663179 -0.496566 -0.102945 -0.98253 -0.155038 0.461713 
1530559697286 -0.0757445 -0.147989 0.986084 0.369425 -0.991753 0.113713 -0.0591142 -0.495797 -0.103382 -0.98243 -0.155382 0.45958 
1530559697530 -0.068189 -0.148793 0.986515 0.371561 -0.992279 0.112793 -0.0515752 -0.494969 -0.103598 -0.982415 -0.155335 0.457575 
1530559697774 -0.0609138 -0.149765 0.986843 0.37359 -0.992721 0.112006 -0.0442784 -0.494156 -0.103901 -0.982357 -0.155498 0.455469 
1530559698019 -0.0535565 -0.15065 0.987135 0.375708 -0.993115 0.111179 -0.0369136 -0.493316 -0.104187 -0.982316 -0.155567 0.453415 
1530559698262 -0.0463767 -0.15148 0.987372 0.37765 -0.993443 0.110394 -0.0297255 -0.492531 -0.104497 -0.982276 -0.155607 0.451402 
1530559698507 -0.0388542 -0.152303 0.98757 0.379806 -0.993749 0.109407 -0.0222246 -0.491534 -0.104662 -0.98226 -0.155602 0.449388 
1530559698709 -0.0321011 -0.15306 0.987695 0.381601 -0.993984 0.108421 -0.0155038 -0.490404 -0.104714 -0.982251 -0.155619 0.447966 
1530559698931 -0.0248524 -0.154803 0.987633 0.383958 -0.99412 0.107985 -0.00808991 -0.488229 -0.105397 -0.982026 -0.156577 0.447592 
1530559699082 -0.0229942 -0.155164 0.987621 0.38454 -0.994138 0.107939 -0.0061877 -0.487587 -0.105643 -0.981974 -0.156737 0.447716 
1530559699254 -0.0233837 -0.154911 0.987652 0.384365 -0.994139 0.107903 -0.00661299 -0.488048 -0.105546 -0.982018 -0.156526 0.447288 
1530559699399 -0.0235145 -0.154809 0.987665 0.384261 -0.994154 0.107762 -0.00677818 -0.488555 -0.105383 -0.98205 -0.156437 0.446725 
1530559699616 -0.0212433 -0.154837 0.987712 0.384878 -0.994205 0.107405 -0.00454582 -0.488931 -0.105382 -0.982084 -0.156221 0.445522 
1530559699760 -0.0203024 -0.15476 0.987743 0.385064 -0.994236 0.107149 -0.00364759 -0.489167 -0.105272 -0.982124 -0.156044 0.444908 
1530559699916 -0.0194145 -0.154659 0.987777 0.385287 -0.994244 0.107099 -0.00277281 -0.489378 -0.105361 -0.982146 -0.155848 0.444309 
1530559700048 -0.0183897 -0.154739 0.987784 0.385542 -0.994262 0.106958 -0.00175499 -0.489503 -0.10538 -0.982149 -0.155818 0.443722 
1530559700131 -0.0174467 -0.154712 0.987806 0.385818 -0.994289 0.106722 -0.000846168 -0.489559 -0.10529 -0.982179 -0.15569 0.443407 
1530559700145 -0.0173418 -0.154745 0.987802 0.38585 -0.994287 0.106735 -0.000734872 -0.489561 -0.10532 -0.982172 -0.155712 0.443337 
1530559700268 -0.0166057 -0.154706 0.987821 0.385961 -0.994305 0.10657 -2.43918e-05 -0.489537 -0.105268 -0.982196 -0.155595 0.442962 
1530559700285 -0.0165918 -0.154694 0.987823 0.385961 -0.994304 0.10658 -1.01946e-05 -0.48954 -0.10528 -0.982197 -0.155581 0.442957 
1530559700302 -0.0165918 -0.154694 0.987823 0.385961 -0.994304 0.10658 -1.01946e-05 -0.48954 -0.10528 -0.982197 -0.155581 0.442957 
1530559700432 -0.0165191 -0.154637 0.987833 0.386031 -0.99432 0.106428 3.29601e-05 -0.48968 -0.105138 -0.982222 -0.155517 0.442926 
1530559700484 -0.0164904 -0.154697 0.987824 0.386088 -0.994326 0.106372 5.92481e-05 -0.48993 -0.105086 -0.982219 -0.155573 0.442794 
1530559700545 -0.0164627 -0.154787 0.987811 0.386038 -0.994289 0.106721 0.000152276 -0.490119 -0.105444 -0.982167 -0.15566 0.442511 
1530559700619 -0.0159851 -0.154685 0.987834 0.386212 -0.994319 0.106435 0.000576643 -0.490249 -0.10523 -0.982214 -0.155508 0.442358 
1530559700668 -0.0156366 -0.154695 0.987838 0.38633 -0.994337 0.106267 0.000901967 -0.49033 -0.105115 -0.98223 -0.155481 0.442147 
1530559700696 -0.0155703 -0.154793 0.987824 0.386357 -0.994317 0.106455 0.00100902 -0.490386 -0.105315 -0.982195 -0.155571 0.441948 
1530559700710 -0.0155577 -0.154831 0.987818 0.386361 -0.99431 0.106523 0.00103654 -0.490409 -0.105386 -0.982181 -0.155607 0.441875 
1530559700837 -0.0149785 -0.154456 0.987886 0.386474 -0.994345 0.106188 0.00152609 -0.490587 -0.105138 -0.982277 -0.155173 0.441789 
1530559700956 -0.0151208 -0.154465 0.987882 0.386453 -0.994312 0.106496 0.00143243 -0.490564 -0.105427 -0.982242 -0.155197 0.441692 
1530559701012 -0.0158925 -0.15474 0.987827 0.386442 -0.994197 0.107573 0.000856031 -0.490491 -0.106396 -0.982081 -0.155552 0.441618 
1530559701092 -0.0163144 -0.154444 0.987867 0.386514 -0.994108 0.108397 0.000529435 -0.490441 -0.107163 -0.982037 -0.155303 0.441718 
1530559701160 -0.0167022 -0.154208 0.987897 0.386615 -0.993987 0.109501 0.000287605 -0.490467 -0.10822 -0.981952 -0.155109 0.44159 
1530559701229 -0.0170569 -0.153929 0.987935 0.386726 -0.993854 0.110696 8.83601e-05 -0.490472 -0.109374 -0.981862 -0.154871 0.441462 
1530559701298 -0.0176181 -0.153612 0.987974 0.386808 -0.99373 0.111807 -0.00033672 -0.490545 -0.110411 -0.981785 -0.154619 0.441331 
1530559701365 -0.0182559 -0.153434 0.98799 0.386857 -0.99361 0.112863 -0.000832294 -0.490614 -0.11138 -0.981692 -0.154514 0.441231 
1530559701426 -0.0185831 -0.153263 0.988011 0.386922 -0.993502 0.113811 -0.00103178 -0.490637 -0.112288 -0.98161 -0.154382 0.441131 
1530559701454 -0.0187366 -0.153195 0.988018 0.386956 -0.993458 0.114195 -0.0011335 -0.490646 -0.112653 -0.981576 -0.154332 0.441071 
1530559701581 -0.0194963 -0.152881 0.988052 0.386912 -0.993229 0.116159 -0.00162526 -0.49059 -0.114522 -0.981394 -0.154111 0.440697 
1530559701706 -0.0194829 -0.152799 0.988065 0.386888 -0.993294 0.115604 -0.00170839 -0.490636 -0.113963 -0.981472 -0.154027 0.440793 
1530559701783 -0.0194462 -0.1539 0.987895 0.387021 -0.993553 0.113354 -0.00189867 -0.490765 -0.11169 -0.981563 -0.155112 0.44111 
1530559701880 -0.01948 -0.154318 0.987829 0.387384 -0.993718 0.111891 -0.00211653 -0.490771 -0.110203 -0.981665 -0.155529 0.44136 
1530559701960 -0.0197873 -0.154882 0.987735 0.387637 -0.993822 0.110954 -0.0025111 -0.490796 -0.109204 -0.981683 -0.156121 0.441457 
1530559702049 -0.0204459 -0.155502 0.987624 0.387719 -0.993919 0.110063 -0.00324684 -0.490922 -0.108196 -0.981685 -0.156807 0.441514 
1530559702143 -0.0208185 -0.156106 0.987521 0.38792 -0.994037 0.108976 -0.00372907 -0.491004 -0.107034 -0.98171 -0.157444 0.441654 
1530559702228 -0.0212353 -0.156655 0.987425 0.388103 -0.994141 0.108007 -0.00424434 -0.491087 -0.105984 -0.98173 -0.158031 0.441754 
1530559702315 -0.0214501 -0.157293 0.987319 0.388306 -0.994247 0.107013 -0.00455206 -0.491083 -0.10494 -0.981737 -0.158684 0.441801 
1530559702338 -0.0215921 -0.157551 0.987275 0.388375 -0.994294 0.106567 -0.00473957 -0.491112 -0.104464 -0.981744 -0.158953 0.441832 
1530559702469 -0.0219535 -0.158549 0.987107 0.388289 -0.994459 0.104992 -0.00525328 -0.491302 -0.102805 -0.981753 -0.159975 0.441902 
1530559702620 -0.0220261 -0.157689 0.987243 0.388448 -0.994446 0.105113 -0.00539751 -0.491278 -0.102921 -0.981879 -0.159128 0.441932 
1530559702733 -0.0217398 -0.156393 0.987456 0.38863 -0.99438 0.105744 -0.00514469 -0.491125 -0.103612 -0.982018 -0.157813 0.441871 
1530559702835 -0.0225463 -0.155771 0.987536 0.388701 -0.994418 0.105334 -0.00608836 -0.491246 -0.103072 -0.982161 -0.157277 0.44176 
1530559702937 -0.0228662 -0.154805 0.98768 0.388803 -0.994477 0.104751 -0.00660533 -0.491314 -0.102438 -0.982376 -0.156345 0.441776 
1530559703047 -0.0231386 -0.153975 0.987804 0.389028 -0.99455 0.104019 -0.00708257 -0.491322 -0.10166 -0.982584 -0.155543 0.441764 
1530559703154 -0.0233921 -0.15303 0.987945 0.389227 -0.994615 0.103367 -0.0075387 -0.491358 -0.100968 -0.982801 -0.154624 0.441795 
1530559703259 -0.0237938 -0.152189 0.988065 0.38938 -0.994681 0.102685 -0.00813679 -0.491414 -0.100222 -0.983003 -0.153823 0.441844 
1530559703346 -0.024102 -0.151514 0.988161 0.389511 -0.994734 0.102125 -0.00860365 -0.491459 -0.0996121 -0.983165 -0.153178 0.441847 
1530559703363 -0.0241495 -0.151418 0.988175 0.389527 -0.994742 0.102045 -0.00867376 -0.491466 -0.0995245 -0.983188 -0.153086 0.441846 
1530559703483 -0.0244827 -0.150844 0.988254 0.389655 -0.994779 0.101647 -0.00912929 -0.491519 -0.0990759 -0.983318 -0.152545 0.441838 
1530559703500 -0.0244786 -0.150838 0.988255 0.389663 -0.994781 0.101623 -0.00912945 -0.491518 -0.0990525 -0.983321 -0.152538 0.441846 
1530559703613 -0.0243724 -0.150682 0.988282 0.389715 -0.9948 0.101443 -0.00906634 -0.491498 -0.0988877 -0.983364 -0.152371 0.441866 
1530559703687 -0.024464 -0.149757 0.98842 0.389785 -0.994837 0.101053 -0.00931224 -0.491502 -0.0984879 -0.983545 -0.151456 0.441928 
1530559703782 -0.0244704 -0.149089 0.988521 0.389925 -0.994871 0.100712 -0.00943818 -0.491491 -0.0981488 -0.983682 -0.150789 0.441768 
1530559703859 -0.0247909 -0.148369 0.988621 0.39002 -0.994894 0.100441 -0.00987432 -0.491526 -0.0978329 -0.983818 -0.150102 0.441738 
1530559703954 -0.0250362 -0.14764 0.988724 0.390152 -0.99493 0.100049 -0.0102536 -0.491539 -0.0974069 -0.983968 -0.149396 0.441683 
1530559704035 -0.0251624 -0.146966 0.988821 0.390294 -0.994964 0.0996778 -0.0105038 -0.491538 -0.0970198 -0.984106 -0.148734 0.441579 
1530559704118 -0.0252848 -0.146267 0.988922 0.390406 -0.994989 0.0994103 -0.0107365 -0.491533 -0.0967386 -0.984238 -0.148048 0.441573 
1530559704131 -0.0253179 -0.146106 0.988945 0.390423 -0.995001 0.0992777 -0.0108057 -0.491536 -0.0966014 -0.984275 -0.147889 0.441584 
1530559704278 -0.0255551 -0.145425 0.989039 0.390469 -0.99503 0.0989485 -0.0111608 -0.491571 -0.0962408 -0.984409 -0.147231 0.441632 
1530559704295 -0.0255576 -0.145423 0.989039 0.390467 -0.99503 0.0989433 -0.0111643 -0.491572 -0.0962353 -0.98441 -0.147229 0.441632 
1530559704311 -0.0255561 -0.145416 0.98904 0.390464 -0.995031 0.0989384 -0.0111642 -0.491573 -0.0962306 -0.984411 -0.147222 0.441633 
1530559704328 -0.0255589 -0.145413 0.989041 0.390463 -0.995031 0.0989352 -0.0111678 -0.491575 -0.096227 -0.984412 -0.14722 0.441633 
1530559704441 -0.0254968 -0.1454 0.989044 0.3905 -0.995036 0.0988953 -0.0111126 -0.491602 -0.0961961 -0.984418 -0.1472 0.441683 
1530559704454 -0.0254691 -0.145473 0.989034 0.390518 -0.995026 0.0990005 -0.0110618 -0.491609 -0.0963057 -0.984396 -0.147271 0.4417 
1530559704471 -0.0254764 -0.145732 0.988996 0.390551 -0.995014 0.0991251 -0.0110249 -0.491619 -0.0964277 -0.984346 -0.147531 0.441708 
1530559704487 -0.0254263 -0.146032 0.988953 0.390601 -0.995008 0.099192 -0.010935 -0.491616 -0.0964994 -0.984294 -0.147825 0.441712 
1530559704508 -0.0253223 -0.146333 0.988911 0.390687 -0.995014 0.0991478 -0.0108073 -0.491592 -0.0964669 -0.984254 -0.148114 0.441713 
1530559704521 -0.0253158 -0.146409 0.9889 0.390724 -0.995016 0.0991282 -0.0107962 -0.491582 -0.0964472 -0.984245 -0.148189 0.441713 
1530559704667 -0.0251813 -0.146603 0.988875 0.390934 -0.99503 0.0989997 -0.0106612 -0.491541 -0.0963354 -0.984229 -0.148367 0.441739 
1530559704684 -0.0251883 -0.146609 0.988874 0.390934 -0.99503 0.0990033 -0.0106671 -0.491542 -0.0963379 -0.984228 -0.148374 0.441737 
1530559704701 -0.0251933 -0.146612 0.988873 0.390934 -0.99503 0.0990066 -0.0106713 -0.491543 -0.0963404 -0.984227 -0.148377 0.441736 
1530559704819 -0.0254346 -0.146819 0.988836 0.390929 -0.994999 0.0992923 -0.0108505 -0.491578 -0.0965907 -0.984167 -0.14861 0.441724 
1530559704855 -0.0257248 -0.147305 0.988756 0.390934 -0.994978 0.0994835 -0.0110655 -0.491614 -0.096735 -0.984075 -0.149125 0.441702 
1530559704895 -0.0258529 -0.147659 0.9887 0.391016 -0.994981 0.099442 -0.0111658 -0.491605 -0.0966696 -0.984026 -0.149489 0.441802 
1530559704996 -0.02604 -0.148259 0.988606 0.391287 -0.995003 0.0991967 -0.0113322 -0.491606 -0.0963863 -0.983961 -0.150101 0.442108 
1530559705024 -0.0261873 -0.148464 0.988571 0.391383 -0.995004 0.0991744 -0.0114637 -0.491619 -0.096339 -0.983932 -0.150319 0.442207 
1530559705038 -0.0262098 -0.148571 0.988554 0.391425 -0.995007 0.0991442 -0.0114804 -0.491624 -0.0963038 -0.983919 -0.150428 0.442242 
1530559705184 -0.0263636 -0.149485 0.988412 0.391595 -0.994997 0.0992341 -0.0115313 -0.491597 -0.0963604 -0.983772 -0.151354 0.442239 
1530559705201 -0.0263696 -0.149489 0.988412 0.391596 -0.994997 0.0992404 -0.0115361 -0.491597 -0.0963659 -0.983771 -0.151358 0.442239 
1530559705328 -0.0264909 -0.149226 0.988448 0.391616 -0.994992 0.0992651 -0.0116803 -0.491608 -0.0963754 -0.983808 -0.151108 0.442266 
1530559705348 -0.0265864 -0.148896 0.988495 0.391651 -0.994984 0.0993395 -0.0117975 -0.491609 -0.09644 -0.98385 -0.15079 0.442294 
1530559705368 -0.0266181 -0.148623 0.988536 0.39169 -0.994991 0.0992597 -0.0118686 -0.491603 -0.0963578 -0.9839 -0.150521 0.442315 
1530559705479 -0.0274134 -0.147997 0.988608 0.391912 -0.994984 0.0992229 -0.0127363 -0.491725 -0.0962076 -0.983998 -0.149975 0.442419 
1530559705496 -0.0277081 -0.147868 0.988619 0.391976 -0.994975 0.0992687 -0.0130386 -0.491767 -0.096211 -0.984013 -0.149875 0.442449 
1530559705509 -0.0278306 -0.147772 0.98863 0.392028 -0.994973 0.0992742 -0.0131705 -0.491781 -0.0961993 -0.984026 -0.149792 0.442474 
1530559705639 -0.0280429 -0.147279 0.988697 0.392457 -0.99496 0.0993746 -0.0134174 -0.491682 -0.0962753 -0.98409 -0.149323 0.442571 
1530559705656 -0.0280709 -0.147257 0.9887 0.392459 -0.994958 0.0993835 -0.0134464 -0.491686 -0.0962804 -0.984093 -0.149304 0.442572 
1530559705673 -0.0281168 -0.147222 0.988704 0.392459 -0.994956 0.0993957 -0.0134942 -0.491694 -0.0962862 -0.984097 -0.149274 0.442574 
1530559705689 -0.0281274 -0.147221 0.988704 0.392459 -0.994956 0.0993975 -0.0135047 -0.491695 -0.0962865 -0.984097 -0.149274 0.442573 
1530559705822 -0.0281596 -0.146996 0.988736 0.392539 -0.99498 0.0991477 -0.0135971 -0.491722 -0.0960322 -0.984155 -0.14905 0.442593 
1530559705855 -0.0283274 -0.146577 0.988794 0.392616 -0.994982 0.0990921 -0.0138155 -0.491767 -0.0959566 -0.984224 -0.148648 0.442628 
1530559705912 -0.0285226 -0.146247 0.988837 0.39278 -0.994971 0.0991724 -0.0140322 -0.491801 -0.0960131 -0.984265 -0.14834 0.442553 
1530559705973 -0.0286565 -0.145828 0.988895 0.392967 -0.994965 0.0992114 -0.0142021 -0.491832 -0.0960386 -0.984323 -0.147937 0.442571 
1530559706008 -0.0288089 -0.145446 0.988947 0.393067 -0.994966 0.0991767 -0.0143982 -0.491873 -0.0959863 -0.984383 -0.147571 0.442633 
1530559706022 -0.0288688 -0.1453 0.988966 0.393105 -0.994966 0.0991591 -0.0144754 -0.491888 -0.0959617 -0.984406 -0.147431 0.442661 
1530559706132 -0.0290535 -0.144638 0.989058 0.393365 -0.994953 0.0992547 -0.0147119 -0.491846 -0.0960407 -0.984494 -0.146792 0.442717 
1530559706149 -0.0290526 -0.144602 0.989063 0.393382 -0.994952 0.0992687 -0.0147123 -0.491838 -0.0960556 -0.984498 -0.146756 0.442718 
1530559706165 -0.0290544 -0.144566 0.989069 0.393396 -0.994951 0.0992726 -0.0147172 -0.491832 -0.0960598 -0.984503 -0.14672 0.442724 
1530559706344 -0.0297612 -0.145061 0.988975 0.39365 -0.994905 0.0996419 -0.0153244 -0.491893 -0.0963204 -0.984393 -0.147287 0.442822 
1530559706371 -0.0300027 -0.145303 0.988932 0.393779 -0.994888 0.0997877 -0.0155216 -0.491899 -0.0964279 -0.984342 -0.147554 0.442823 
1530559706448 -0.0297717 -0.145537 0.988905 0.394167 -0.994907 0.0996304 -0.0152898 -0.491863 -0.0962997 -0.984324 -0.147762 0.442878 
1530559706480 -0.0299623 -0.14575 0.988868 0.394291 -0.994903 0.0996416 -0.0154589 -0.491865 -0.0962792 -0.984291 -0.147993 0.442867 
1530559706493 -0.030046 -0.145819 0.988855 0.394319 -0.9949 0.0996601 -0.0155336 -0.491871 -0.0962843 -0.984279 -0.14807 0.442859 
1530559706620 -0.0305783 -0.145844 0.988835 0.394563 -0.994858 0.100009 -0.0160142 -0.491898 -0.0965565 -0.98424 -0.148152 0.442851 
1530559706637 -0.030586 -0.145833 0.988836 0.394579 -0.994856 0.100027 -0.0160202 -0.491896 -0.0965743 -0.984239 -0.148142 0.442849 
1530559706657 -0.0306123 -0.145825 0.988837 0.394586 -0.994853 0.100048 -0.0160444 -0.491901 -0.0965912 -0.984239 -0.148137 0.442847 
1530559706782 -0.030736 -0.145956 0.988814 0.39464 -0.994842 0.100142 -0.0161418 -0.49193 -0.0966656 -0.98421 -0.148281 0.44287 
1530559706829 -0.030986 -0.14631 0.988753 0.394797 -0.994829 0.10024 -0.0163435 -0.491921 -0.0967215 -0.984147 -0.148659 0.44289 
1530559706914 -0.0311019 -0.146589 0.988708 0.395083 -0.994813 0.100387 -0.0164103 -0.491864 -0.0968479 -0.98409 -0.148951 0.442975 
1530559706953 -0.0314464 -0.146846 0.988659 0.395226 -0.994803 0.100434 -0.0167243 -0.491878 -0.0968389 -0.984047 -0.149241 0.443003 
1530559707043 -0.031574 -0.146993 0.988633 0.395512 -0.9948 0.100446 -0.0168364 -0.491873 -0.0968294 -0.984024 -0.1494 0.443138 
1530559707074 -0.0319826 -0.14714 0.988599 0.395582 -0.994781 0.10057 -0.0172141 -0.491928 -0.0968903 -0.98399 -0.149588 0.443171 
1530559707087 -0.0321148 -0.147145 0.988593 0.395612 -0.994773 0.100626 -0.0173381 -0.491945 -0.0969268 -0.983983 -0.149608 0.443189 
1530559707237 -0.0323579 -0.147311 0.988561 0.395902 -0.99476 0.10072 -0.017552 -0.491905 -0.0969822 -0.983949 -0.149798 0.443271 
1530559707254 -0.0323717 -0.147322 0.988559 0.39591 -0.994758 0.100739 -0.0175619 -0.491902 -0.096999 -0.983945 -0.149811 0.44327 
1530559707343 -0.0324615 -0.147325 0.988555 0.395911 -0.994752 0.100787 -0.0176447 -0.491922 -0.0970338 -0.98394 -0.149823 0.443281 
1530559707436 -0.0333522 -0.147216 0.988542 0.396043 -0.99473 0.100843 -0.0185432 -0.492068 -0.0969577 -0.98395 -0.149803 0.443396 
1530559707531 -0.0335786 -0.147122 0.988548 0.39651 -0.994694 0.101157 -0.0187325 -0.491992 -0.0972423 -0.983932 -0.149738 0.44345 
1530559707682 -0.0344691 -0.147161 0.988512 0.39716 -0.994632 0.101612 -0.0195554 -0.492028 -0.0975673 -0.983879 -0.149873 0.443576 
1530559707758 -0.0348932 -0.147146 0.988499 0.397453 -0.994605 0.101796 -0.0199555 -0.49203 -0.0976891 -0.983863 -0.149905 0.443665 
1530559707828 -0.0352255 -0.147235 0.988474 0.397691 -0.994598 0.101805 -0.0202797 -0.492017 -0.0976459 -0.983848 -0.150025 0.443724 
1530559707842 -0.0353386 -0.147254 0.988467 0.397724 -0.994594 0.101816 -0.02039 -0.492026 -0.0976389 -0.983844 -0.150056 0.443732 
1530559707985 -0.0358146 -0.147192 0.988459 0.397965 -0.994567 0.101988 -0.0208489 -0.49203 -0.0977421 -0.983836 -0.150045 0.443803 
1530559708002 -0.0358002 -0.147192 0.98846 0.397977 -0.994568 0.101984 -0.0208348 -0.492026 -0.0977407 -0.983836 -0.150044 0.443806 
1530559708105 -0.035879 -0.147196 0.988456 0.398006 -0.994553 0.102117 -0.0208936 -0.492046 -0.0978627 -0.983822 -0.150058 0.443824 
1530559708182 -0.0364992 -0.147172 0.988437 0.398256 -0.994518 0.102331 -0.0214873 -0.492159 -0.0979855 -0.983803 -0.150101 0.443957 
1530559708276 -0.0367889 -0.147194 0.988423 0.398701 -0.994495 0.102506 -0.0217498 -0.492151 -0.0981181 -0.983782 -0.150155 0.444014 
1530559708435 -0.0378568 -0.147114 0.988395 0.399334 -0.994412 0.103091 -0.0227431 -0.492227 -0.0985483 -0.983733 -0.150195 0.444117 
1530559708520 -0.0382281 -0.146995 0.988398 0.399703 -0.99438 0.10332 -0.0230937 -0.492228 -0.0987266 -0.983726 -0.150118 0.444274 
1530559708596 -0.0386084 -0.14706 0.988374 0.399942 -0.994343 0.1036 -0.023427 -0.492186 -0.0989504 -0.983687 -0.150228 0.444271 
1530559708609 -0.038765 -0.147088 0.988364 0.399976 -0.994337 0.103629 -0.0235773 -0.492205 -0.098955 -0.98368 -0.150272 0.444277 
1530559708739 -0.0392505 -0.146986 0.988359 0.400202 -0.994298 0.103892 -0.0240358 -0.492275 -0.0991493 -0.983667 -0.150226 0.444356 
1530559708756 -0.0392472 -0.146997 0.988358 0.400211 -0.994297 0.103905 -0.0240295 -0.492271 -0.0991627 -0.983664 -0.150236 0.44435 
1530559708773 -0.0392404 -0.147004 0.988357 0.400219 -0.994296 0.103917 -0.02402 -0.492266 -0.0991756 -0.983662 -0.150244 0.444345 
1530559708927 -0.0396746 -0.146878 0.988359 0.400449 -0.994298 0.103785 -0.0244898 -0.492334 -0.0989796 -0.983695 -0.150158 0.444388 
1530559708975 -0.0399815 -0.146631 0.988383 0.400781 -0.994338 0.10331 -0.0248959 -0.492405 -0.0984595 -0.983782 -0.149931 0.44454 
1530559709072 -0.0401353 -0.146393 0.988412 0.401274 -0.99436 0.103038 -0.025116 -0.49239 -0.0981674 -0.983846 -0.149703 0.444596 
1530559709123 -0.0406229 -0.146294 0.988407 0.401514 -0.994363 0.102886 -0.0256395 -0.492468 -0.0979425 -0.983876 -0.149649 0.444632 
1530559709207 -0.0408825 -0.146043 0.988433 0.401931 -0.99439 0.102538 -0.0259786 -0.492538 -0.0975577 -0.98395 -0.149416 0.444732 
1530559709267 -0.0411967 -0.145907 0.98844 0.402182 -0.99438 0.10255 -0.0263065 -0.492586 -0.0975263 -0.983969 -0.149312 0.444737 
1530559709281 -0.0412265 -0.145852 0.988447 0.402229 -0.994378 0.102556 -0.026341 -0.492585 -0.0975295 -0.983976 -0.14926 0.444752 
1530559709404 -0.0417043 -0.145549 0.988472 0.402538 -0.994357 0.102635 -0.02684 -0.492595 -0.0975454 -0.984013 -0.149007 0.444842 
1530559709422 -0.0418089 -0.145571 0.988464 0.402546 -0.994353 0.102646 -0.0269412 -0.492604 -0.0975403 -0.984008 -0.149041 0.444838 
1530559709556 -0.041777 -0.145537 0.98847 0.402672 -0.994347 0.102712 -0.0269026 -0.492605 -0.0976125 -0.984007 -0.149005 0.444908 
1530559709652 -0.042212 -0.145938 0.988393 0.403008 -0.994295 0.103126 -0.0272374 -0.492609 -0.097954 -0.983904 -0.149458 0.444945 
1530559709737 -0.0427505 -0.146192 0.988332 0.403311 -0.994267 0.103268 -0.027732 -0.49267 -0.0980091 -0.983851 -0.149769 0.445007 
1530559709835 -0.0432341 -0.146201 0.98831 0.403714 -0.994218 0.103624 -0.0281635 -0.492686 -0.0982949 -0.983813 -0.149836 0.445132 
1530559709936 -0.0437828 -0.146312 0.988269 0.404056 -0.994176 0.103882 -0.0286649 -0.492722 -0.0984695 -0.983769 -0.150008 0.445162 
1530559710032 -0.044385 -0.146369 0.988234 0.404378 -0.994123 0.104237 -0.0292108 -0.492803 -0.0987351 -0.983723 -0.150136 0.445196 
1530559710101 -0.044854 -0.146609 0.988177 0.404594 -0.994074 0.104601 -0.0296027 -0.492802 -0.0990245 -0.983648 -0.150432 0.445173 
1530559710114 -0.0449224 -0.14664 0.988169 0.40463 -0.994065 0.104663 -0.0296589 -0.492799 -0.0990757 -0.983637 -0.150471 0.445172 
1530559710251 -0.0450966 -0.146589 0.988169 0.404985 -0.994024 0.105023 -0.0297842 -0.492718 -0.0994146 -0.983607 -0.150449 0.445215 
1530559710268 -0.0451181 -0.146573 0.98817 0.404986 -0.994023 0.105027 -0.0298068 -0.492724 -0.0994162 -0.983608 -0.150435 0.44522 
1530559710384 -0.045331 -0.146629 0.988152 0.405042 -0.994016 0.10503 -0.030015 -0.492756 -0.0993841 -0.9836 -0.150513 0.445228 
1530559710469 -0.0461471 -0.146267 0.988168 0.405298 -0.993944 0.10548 -0.0308039 -0.492893 -0.0997259 -0.983606 -0.150249 0.44531 
1530559710565 -0.0464713 -0.146205 0.988162 0.405804 -0.993881 0.105996 -0.0310576 -0.49286 -0.1002 -0.983559 -0.150236 0.445313 
1530559710655 -0.0470276 -0.14609 0.988153 0.406164 -0.993819 0.10643 -0.0315626 -0.492925 -0.100558 -0.98353 -0.150192 0.445389 
1530559710754 -0.0477959 -0.145844 0.988152 0.406457 -0.993735 0.106996 -0.0322741 -0.492986 -0.101021 -0.983505 -0.150045 0.445388 
1530559710838 -0.0481924 -0.145738 0.988149 0.406881 -0.993674 0.10746 -0.0326131 -0.493004 -0.101433 -0.98347 -0.149995 0.445447 
1530559710907 -0.0485833 -0.145706 0.988134 0.407144 -0.993635 0.107716 -0.0329705 -0.492997 -0.101633 -0.983447 -0.150011 0.445469 
1530559710923 -0.0486703 -0.145685 0.988133 0.407198 -0.993619 0.107838 -0.0330415 -0.492988 -0.101745 -0.983436 -0.150004 0.445469 
1530559711067 -0.0492979 -0.145404 0.988143 0.407376 -0.993516 0.108623 -0.0335822 -0.4929 -0.102452 -0.983391 -0.149816 0.44539 
1530559711084 -0.0493938 -0.145421 0.988136 0.407325 -0.993496 0.108779 -0.0336531 -0.492871 -0.102594 -0.983372 -0.149848 0.445323 
1530559711240 -0.0493964 -0.144797 0.988228 0.40753 -0.993541 0.108329 -0.0337894 -0.492974 -0.102161 -0.983513 -0.149213 0.445552 
1530559711295 -0.050013 -0.144804 0.988196 0.407798 -0.993493 0.108584 -0.0343698 -0.49314 -0.102325 -0.983484 -0.149293 0.44555 
1530559711395 -0.0503533 -0.144518 0.98822 0.408329 -0.993423 0.109128 -0.0346595 -0.493101 -0.102834 -0.983466 -0.149063 0.445455 
1530559711456 -0.0509002 -0.143993 0.988269 0.408685 -0.993375 0.109388 -0.0352251 -0.493126 -0.103033 -0.983514 -0.148607 0.445538 
1530559711552 -0.051446 -0.143478 0.988315 0.409095 -0.993321 0.109699 -0.035781 -0.493215 -0.103284 -0.983555 -0.148163 0.445604 
1530559711612 -0.0521519 -0.143008 0.988347 0.409377 -0.993253 0.110077 -0.0364834 -0.493289 -0.103577 -0.983581 -0.147784 0.445643 
1530559711699 -0.052403 -0.142755 0.98837 0.409838 -0.993214 0.110348 -0.0367216 -0.493254 -0.103823 -0.983587 -0.147569 0.445588 
1530559711720 -0.0527416 -0.142611 0.988373 0.409933 -0.993175 0.110592 -0.0370407 -0.493267 -0.104024 -0.983581 -0.147471 0.445573 
1530559711846 -0.0531833 -0.142125 0.988419 0.410063 -0.993069 0.111423 -0.037412 -0.493169 -0.104815 -0.983558 -0.147066 0.445506 
1530559711864 -0.0532515 -0.142086 0.988421 0.410018 -0.993054 0.111533 -0.0374683 -0.493147 -0.104918 -0.983551 -0.147038 0.445486 
1530559712012 -0.0535873 -0.141828 0.98844 0.410179 -0.993082 0.111137 -0.0378923 -0.493313 -0.104478 -0.983633 -0.146803 0.445684 
1530559712077 -0.0538867 -0.141925 0.98841 0.410595 -0.993053 0.111307 -0.0381573 -0.493389 -0.104602 -0.983599 -0.146937 0.445644 
1530559712171 -0.0541472 -0.141862 0.988404 0.41114 -0.992979 0.111905 -0.0383364 -0.493294 -0.105169 -0.983541 -0.146926 0.445408 
1530559712237 -0.0546766 -0.141427 0.988438 0.411482 -0.992945 0.112016 -0.0388984 -0.493402 -0.10522 -0.983591 -0.146554 0.445549 
1530559712335 -0.0552377 -0.141111 0.988452 0.41184 -0.992873 0.112467 -0.039429 -0.493426 -0.105604 -0.983585 -0.146318 0.445557 
1530559712390 -0.0558544 -0.140886 0.988449 0.412148 -0.992792 0.11298 -0.0399965 -0.49346 -0.10604 -0.983558 -0.146181 0.445489 
1530559712475 -0.0560041 -0.140729 0.988463 0.41262 -0.992747 0.113335 -0.0401112 -0.493422 -0.106382 -0.98354 -0.146056 0.445432 
1530559712503 -0.0562492 -0.140566 0.988472 0.412778 -0.992734 0.113351 -0.0403726 -0.493437 -0.106369 -0.983561 -0.145921 0.445496 
1530559712663 -0.0569256 -0.14013 0.988495 0.412769 -0.992593 0.114381 -0.0409469 -0.493309 -0.107327 -0.983504 -0.145603 0.44529 
1530559712788 -0.0567222 -0.139862 0.988545 0.41284 -0.992636 0.114053 -0.0408204 -0.493348 -0.107037 -0.983581 -0.145301 0.445483 
1530559712867 -0.056833 -0.140519 0.988445 0.413127 -0.992685 0.113583 -0.0409297 -0.493501 -0.106519 -0.983541 -0.145946 0.445617 
1530559712965 -0.0573233 -0.140867 0.988368 0.413532 -0.992625 0.113964 -0.0413275 -0.493485 -0.106817 -0.983447 -0.146361 0.445424 
1530559713142 -0.0582569 -0.140662 0.988342 0.41435 -0.992517 0.114589 -0.0421945 -0.493546 -0.107318 -0.983404 -0.146285 0.445614 
1530559713231 -0.0586059 -0.14082 0.988299 0.414794 -0.992464 0.114936 -0.0424761 -0.493511 -0.10761 -0.983341 -0.146495 0.445508 
1530559713314 -0.059214 -0.140843 0.98826 0.415083 -0.99243 0.115011 -0.043073 -0.493575 -0.107594 -0.983329 -0.146587 0.445553 
1530559713399 -0.0596517 -0.140718 0.988251 0.415399 -0.992383 0.115261 -0.0434889 -0.493637 -0.107788 -0.983318 -0.146521 0.445664 
1530559713413 -0.0597587 -0.140735 0.988242 0.415436 -0.992368 0.11535 -0.0435814 -0.493635 -0.10786 -0.983305 -0.146554 0.445653 
1530559713539 -0.0600309 -0.140799 0.988217 0.415766 -0.992322 0.115664 -0.0438008 -0.493551 -0.108134 -0.983259 -0.146661 0.445627 
1530559713556 -0.060011 -0.140787 0.98822 0.415779 -0.992323 0.115666 -0.0437818 -0.493548 -0.108139 -0.98326 -0.146647 0.445627 
1530559713692 -0.0602997 -0.140561 0.988234 0.415884 -0.992292 0.115822 -0.0440734 -0.493605 -0.108264 -0.983274 -0.146461 0.445597 
1530559713771 -0.0607613 -0.139871 0.988304 0.416136 -0.992263 0.115862 -0.0446071 -0.493738 -0.108268 -0.983368 -0.145829 0.445681 
1530559713855 -0.061019 -0.139608 0.988325 0.416579 -0.992242 0.115933 -0.0448845 -0.493736 -0.108313 -0.983397 -0.145599 0.44568 
1530559713913 -0.0617004 -0.139357 0.988318 0.416859 -0.992151 0.116468 -0.0455173 -0.493792 -0.108764 -0.983369 -0.145449 0.445563 
1530559714003 -0.0621281 -0.139095 0.988328 0.417316 -0.992095 0.116781 -0.0459293 -0.493794 -0.10903 -0.983369 -0.145251 0.445484 
1530559714063 -0.0625117 -0.138611 0.988372 0.417705 -0.992058 0.116931 -0.0463462 -0.493792 -0.109147 -0.98342 -0.14482 0.445558 
1530559714143 -0.0626062 -0.138115 0.988436 0.418159 -0.992017 0.11724 -0.046451 -0.493733 -0.109469 -0.983453 -0.144352 0.445556 
1530559714157 -0.062741 -0.138061 0.988434 0.418222 -0.991997 0.117354 -0.0465755 -0.493728 -0.109567 -0.983447 -0.144319 0.44553 
1530559714294 -0.0634194 -0.137678 0.988445 0.41841 -0.991878 0.118119 -0.0471871 -0.493687 -0.110258 -0.983409 -0.14405 0.445424 
1530559714310 -0.0634143 -0.137603 0.988455 0.418365 -0.991868 0.118205 -0.0471779 -0.493662 -0.110349 -0.983409 -0.14398 0.445421 
1530559714443 -0.06362 -0.137439 0.988465 0.418462 -0.991917 0.117671 -0.0474808 -0.493762 -0.109788 -0.983496 -0.143815 0.44556 
1530559714515 -0.0636936 -0.137342 0.988474 0.418875 -0.991956 0.117287 -0.0476217 -0.493846 -0.109395 -0.983555 -0.143707 0.445437 
1530559714608 -0.0638313 -0.136925 0.988523 0.419381 -0.991946 0.117296 -0.0478051 -0.493828 -0.109404 -0.983612 -0.143309 0.445361 
1530559714675 -0.0642866 -0.136392 0.988567 0.419728 -0.991936 0.117161 -0.048341 -0.493896 -0.109229 -0.983702 -0.142824 0.445451 
1530559714767 -0.0647441 -0.136062 0.988582 0.420072 -0.991894 0.117315 -0.0488145 -0.493924 -0.109334 -0.98373 -0.142555 0.445342 
1530559714837 -0.0649636 -0.135637 0.988626 0.420459 -0.991898 0.117162 -0.0491042 -0.493958 -0.109169 -0.983807 -0.142149 0.445311 
1530559714911 -0.0652334 -0.135292 0.988656 0.420832 -0.99189 0.117098 -0.0494225 -0.493957 -0.109083 -0.983862 -0.141833 0.445309 
1530559714925 -0.0653342 -0.13523 0.988658 0.420881 -0.991881 0.117128 -0.0495262 -0.493958 -0.109102 -0.983867 -0.141785 0.445299 
1530559715075 -0.0658751 -0.134792 0.988682 0.421109 -0.991845 0.117186 -0.0501093 -0.493927 -0.109106 -0.98392 -0.141412 0.445296 
1530559715092 -0.0659338 -0.134751 0.988683 0.421076 -0.991843 0.117179 -0.0501738 -0.493931 -0.109092 -0.983926 -0.141378 0.445324 
1530559715199 -0.0659812 -0.134536 0.988709 0.421082 -0.991855 0.117032 -0.0502662 -0.493965 -0.108948 -0.983973 -0.141162 0.44544 
1530559715271 -0.0661905 -0.13481 0.988658 0.421459 -0.991857 0.116935 -0.0504598 -0.494077 -0.108806 -0.983947 -0.141452 0.44525 
1530559715397 -0.0667479 -0.13445 0.98867 0.422296 -0.991824 0.116957 -0.0510558 -0.494065 -0.108767 -0.983994 -0.141157 0.445149 
1530559715539 -0.0674915 -0.134003 0.98868 0.423065 -0.991763 0.117137 -0.0518254 -0.494089 -0.108867 -0.984034 -0.140805 0.444994 
1530559715581 -0.0679128 -0.133866 0.98867 0.423302 -0.991741 0.117123 -0.0522653 -0.494133 -0.1088 -0.984054 -0.140714 0.444983 
1530559715594 -0.0679268 -0.133795 0.988678 0.42339 -0.991744 0.117088 -0.0522923 -0.494139 -0.108766 -0.984068 -0.140644 0.444987 
1530559715725 -0.068261 -0.133441 0.988703 0.423707 -0.991715 0.117173 -0.0526546 -0.494078 -0.108823 -0.984106 -0.140334 0.44495 
1530559715741 -0.0683638 -0.133391 0.988703 0.423674 -0.991709 0.117169 -0.0527637 -0.494081 -0.108807 -0.984113 -0.140295 0.444978 
1530559715862 -0.0686071 -0.133432 0.98868 0.423691 -0.99171 0.117051 -0.0530202 -0.494125 -0.108651 -0.984121 -0.140356 0.445013 
1530559715921 -0.0688016 -0.133739 0.988625 0.424007 -0.991731 0.11678 -0.05322 -0.494234 -0.108334 -0.984112 -0.140668 0.445034 
1530559716019 -0.0689843 -0.134105 0.988563 0.424438 -0.9917 0.116993 -0.0533324 -0.494195 -0.108502 -0.984037 -0.141063 0.444912 
1530559716079 -0.0694245 -0.134006 0.988546 0.424762 -0.991692 0.116838 -0.0538071 -0.494288 -0.108289 -0.984069 -0.141004 0.444934 
1530559716178 -0.0696024 -0.134212 0.988505 0.425197 -0.991684 0.116833 -0.0539635 -0.494254 -0.108247 -0.984041 -0.141228 0.444861 
1530559716246 -0.0699545 -0.13415 0.988489 0.42559 -0.991666 0.116819 -0.0543256 -0.494267 -0.108186 -0.984051 -0.141204 0.444852 
1530559716319 -0.0700342 -0.134419 0.988447 0.425985 -0.991667 0.11679 -0.05438 -0.494218 -0.108131 -0.984018 -0.141479 0.444733 
1530559716333 -0.0700845 -0.13445 0.988439 0.426043 -0.991666 0.116778 -0.0544288 -0.494209 -0.10811 -0.984015 -0.141514 0.444731 
1530559716483 -0.0704422 -0.134287 0.988436 0.426397 -0.991634 0.116874 -0.0547918 -0.494199 -0.108165 -0.984026 -0.141397 0.444795 
1530559716500 -0.0704545 -0.134283 0.988435 0.426396 -0.99163 0.116908 -0.0547997 -0.494199 -0.108198 -0.984023 -0.141396 0.444785 
1530559716516 -0.0704623 -0.134283 0.988435 0.426396 -0.991628 0.11692 -0.0548058 -0.4942 -0.108209 -0.984021 -0.141398 0.444777 
1530559716666 -0.0710874 -0.134349 0.988381 0.426564 -0.991599 0.116874 -0.0554322 -0.494316 -0.108069 -0.984018 -0.141529 0.444744 
1530559716748 -0.0713398 -0.13419 0.988384 0.427097 -0.991556 0.11712 -0.0556677 -0.494324 -0.108289 -0.98401 -0.141412 0.444669 
1530559716832 -0.071523 -0.134247 0.988363 0.427517 -0.991544 0.117138 -0.0558426 -0.494274 -0.108278 -0.984 -0.14149 0.444668 
1530559716913 -0.0718806 -0.133982 0.988373 0.427923 -0.991511 0.117246 -0.0562151 -0.494257 -0.108351 -0.984023 -0.141272 0.444683 
1530559716996 -0.0723849 -0.134084 0.988323 0.428219 -0.991467 0.117387 -0.0566896 -0.494324 -0.108415 -0.983993 -0.141437 0.444602 
1530559717048 -0.0727346 -0.134171 0.988285 0.42846 -0.991454 0.11733 -0.0570389 -0.494366 -0.108303 -0.983988 -0.141558 0.4446 
1530559717062 -0.0727727 -0.134114 0.98829 0.428528 -0.991454 0.117305 -0.057087 -0.494372 -0.108275 -0.983999 -0.141504 0.444618 
1530559717209 -0.0733119 -0.134011 0.988264 0.428847 -0.991384 0.117652 -0.0575895 -0.494363 -0.108554 -0.983971 -0.141481 0.444534 
1530559717225 -0.0733326 -0.133988 0.988266 0.428854 -0.991381 0.117665 -0.0576108 -0.494363 -0.108565 -0.983973 -0.141462 0.444537 
1530559717331 -0.0732412 -0.133875 0.988288 0.428925 -0.991368 0.11782 -0.0575094 -0.494344 -0.108741 -0.983969 -0.141349 0.444569 
1530559717384 -0.0735378 -0.133772 0.98828 0.429051 -0.991288 0.118386 -0.0577372 -0.494397 -0.109274 -0.983916 -0.141313 0.444597 
1530559717453 -0.0741448 -0.13354 0.988266 0.429346 -0.991147 0.119311 -0.058239 -0.494465 -0.110134 -0.983835 -0.141204 0.444502 
1530559717515 -0.0743722 -0.133264 0.988286 0.429773 -0.991072 0.11985 -0.0584209 -0.494474 -0.11066 -0.983807 -0.140988 0.444491 
1530559717589 -0.0747458 -0.133038 0.988288 0.430151 -0.990943 0.120776 -0.0586884 -0.494466 -0.111553 -0.983725 -0.140861 0.444441 
1530559717649 -0.0751058 -0.132939 0.988274 0.430465 -0.99085 0.121404 -0.0589707 -0.494456 -0.112141 -0.983661 -0.140841 0.444374 
1530559717740 -0.0755266 -0.132764 0.988266 0.430932 -0.99072 0.122305 -0.0592837 -0.494426 -0.112999 -0.983573 -0.140769 0.444203 
1530559717864 -0.0760032 -0.132167 0.988309 0.430998 -0.990524 0.123717 -0.0596288 -0.494178 -0.114389 -0.983477 -0.140317 0.444039 
1530559718005 -0.0758885 -0.132323 0.988297 0.431136 -0.990593 0.123193 -0.0595704 -0.494287 -0.113869 -0.983521 -0.140427 0.444132 
1530559718063 -0.075515 -0.132804 0.988261 0.431328 -0.99074 0.122143 -0.0592906 -0.494427 -0.112835 -0.983587 -0.140798 0.444277 
1530559718195 -0.0762023 -0.133344 0.988136 0.43191 -0.990767 0.121575 -0.0599993 -0.494557 -0.112132 -0.983585 -0.141377 0.444278 
1530559718241 -0.0764751 -0.133483 0.988096 0.432239 -0.990775 0.12137 -0.0602864 -0.49465 -0.111878 -0.983591 -0.141533 0.444349 
1530559718335 -0.076657 -0.133683 0.988055 0.432608 -0.990794 0.121117 -0.0604824 -0.494624 -0.111585 -0.983595 -0.141737 0.444337 
1530559718393 -0.0768537 -0.133952 0.988003 0.432976 -0.990815 0.12084 -0.0606892 -0.494682 -0.111261 -0.983593 -0.142008 0.444319 
1530559718471 -0.0769324 -0.134233 0.987959 0.433329 -0.990834 0.120648 -0.060764 -0.494657 -0.111038 -0.983578 -0.142284 0.444286 
1530559718484 -0.077017 -0.134285 0.987945 0.433371 -0.990834 0.120608 -0.0608486 -0.494662 -0.110983 -0.983576 -0.142343 0.444293 
1530559718631 -0.0771189 -0.134393 0.987923 0.433723 -0.990859 0.120331 -0.0609788 -0.494629 -0.110683 -0.983595 -0.142445 0.444365 
1530559718647 -0.0771532 -0.134401 0.987919 0.433724 -0.990856 0.120341 -0.0610109 -0.494634 -0.110687 -0.983593 -0.142456 0.444361 
1530559718664 -0.0771736 -0.134404 0.987917 0.433724 -0.990854 0.120347 -0.06103 -0.494636 -0.11069 -0.983591 -0.142462 0.444358 
1530559718818 -0.0775457 -0.13472 0.987845 0.433965 -0.99086 0.120105 -0.0614028 -0.49476 -0.110373 -0.983578 -0.142802 0.444364 
1530559718897 -0.0774717 -0.135003 0.987812 0.434482 -0.990905 0.119762 -0.0613466 -0.49474 -0.110021 -0.983581 -0.143054 0.444341 
1530559718976 -0.0778366 -0.135213 0.987755 0.434769 -0.990904 0.119581 -0.0617156 -0.494742 -0.109772 -0.983574 -0.14329 0.444353 
1530559719043 -0.0781397 -0.135307 0.987718 0.435058 -0.99094 0.119098 -0.0620794 -0.494833 -0.109235 -0.98362 -0.143387 0.444496 
1530559719125 -0.0782858 -0.135774 0.987642 0.43546 -0.990961 0.118852 -0.0622099 -0.494872 -0.108937 -0.983585 -0.143851 0.444373 
1530559719176 -0.0785741 -0.136076 0.987578 0.435676 -0.990958 0.11874 -0.062482 -0.494876 -0.108763 -0.983557 -0.144176 0.444336 
1530559719190 -0.0786247 -0.136098 0.987571 0.43572 -0.990959 0.118697 -0.0625367 -0.494879 -0.108711 -0.983559 -0.1442 0.444359 
1530559719319 -0.0785998 -0.13608 0.987575 0.436098 -0.991008 0.118271 -0.0625763 -0.494852 -0.108286 -0.983613 -0.144152 0.444575 
1530559719337 -0.0785971 -0.136082 0.987575 0.436122 -0.991011 0.118241 -0.0625776 -0.494847 -0.108257 -0.983616 -0.144152 0.444585 
1530559719476 -0.0790825 -0.136381 0.987495 0.436211 -0.990975 0.11831 -0.0630217 -0.49495 -0.108235 -0.983567 -0.144506 0.444434 
1530559719525 -0.0794659 -0.136342 0.98747 0.436456 -0.990942 0.118382 -0.0634002 -0.495059 -0.108254 -0.983563 -0.144514 0.444496 
1530559719619 -0.0792508 -0.13629 0.987494 0.437049 -0.990953 0.118408 -0.0631862 -0.494944 -0.108316 -0.983567 -0.144441 0.444456 
1530559719681 -0.0794522 -0.136355 0.987469 0.437383 -0.990971 0.118127 -0.0634223 -0.495 -0.107999 -0.983592 -0.144509 0.444552 
1530559719749 -0.079916 -0.136698 0.987384 0.437592 -0.99092 0.118345 -0.063818 -0.495054 -0.108128 -0.983518 -0.144914 0.44438 
1530559719795 -0.080267 -0.1369 0.987327 0.437792 -0.990903 0.118299 -0.0641548 -0.495129 -0.108017 -0.983496 -0.145151 0.444318 
1530559719809 -0.0802916 -0.136863 0.987331 0.437857 -0.990903 0.118284 -0.0641856 -0.495143 -0.108001 -0.983503 -0.145115 0.444349 
1530559719939 -0.0803781 -0.136712 0.987344 0.438269 -0.990905 0.11821 -0.0643 -0.495113 -0.107924 -0.983532 -0.14497 0.444498 
1530559719956 -0.0803812 -0.136742 0.98734 0.438296 -0.990903 0.118227 -0.0642974 -0.495098 -0.107938 -0.983526 -0.145001 0.444483 
1530559719972 -0.0803855 -0.136763 0.987337 0.438311 -0.990901 0.118239 -0.0642976 -0.49509 -0.107948 -0.983522 -0.145023 0.444471 
1530559720103 -0.0803915 -0.136834 0.987327 0.438484 -0.990911 0.118152 -0.0643088 -0.495096 -0.107855 -0.983523 -0.145088 0.444434 
1530559720147 -0.0807393 -0.136924 0.987286 0.438692 -0.990922 0.117845 -0.0646931 -0.495235 -0.107489 -0.983547 -0.145196 0.444462 
1530559720229 -0.0808709 -0.137 0.987264 0.439021 -0.990918 0.117816 -0.0648211 -0.495319 -0.107435 -0.98354 -0.145284 0.444358 
1530559720271 -0.0810984 -0.137101 0.987232 0.439292 -0.990914 0.117718 -0.065053 -0.495349 -0.107296 -0.983537 -0.145402 0.44436 
1530559720370 -0.0812631 -0.137163 0.987209 0.439779 -0.990889 0.117853 -0.0651914 -0.495311 -0.107404 -0.983512 -0.145491 0.444329 
1530559720384 -0.0813557 -0.137195 0.987197 0.439881 -0.990891 0.11778 -0.0652916 -0.495331 -0.107315 -0.983517 -0.145527 0.444348 
1530559720400 -0.0813957 -0.137205 0.987193 0.439964 -0.990895 0.117719 -0.0653398 -0.495342 -0.107246 -0.983523 -0.145538 0.444365 
1530559720523 -0.0814473 -0.137133 0.987198 0.440339 -0.990896 0.117672 -0.0654064 -0.495321 -0.107196 -0.983538 -0.145469 0.444365 
1530559720540 -0.0814526 -0.137131 0.987198 0.44037 -0.990896 0.117672 -0.0654119 -0.495308 -0.107196 -0.983539 -0.145467 0.444365 
1530559720557 -0.081446 -0.137119 0.987201 0.440391 -0.990896 0.117671 -0.0654068 -0.495299 -0.107196 -0.98354 -0.145455 0.444367 
1530559720706 -0.0819021 -0.137218 0.987149 0.440546 -0.990895 0.11741 -0.0658924 -0.495423 -0.10686 -0.983558 -0.145585 0.444457 
1530559720756 -0.0822138 -0.137561 0.987075 0.440769 -0.990878 0.117403 -0.066169 -0.495451 -0.106783 -0.983511 -0.145958 0.444418 
