1535171156212 0.231514 0.922353 -0.3093 -0.602203 -0.937062 0.296852 0.183831 -0.232937 0.261374 0.247274 0.933027 0.389927 
1535171166111 0.231514 0.922353 -0.3093 -0.602203 -0.937062 0.296852 0.183831 -0.232937 0.261374 0.247274 0.933027 0.389927 
1535171166389 0.230564 0.922063 -0.310869 -0.602247 -0.936909 0.296634 0.184958 -0.23326 0.262757 0.248611 0.932283 0.389935 
1535171166605 0.230528 0.921995 -0.3111 -0.602257 -0.936917 0.296647 0.184898 -0.233454 0.262762 0.24885 0.932218 0.389913 
1535171167025 0.230066 0.922737 -0.309235 -0.602283 -0.937923 0.29499 0.182432 -0.233183 0.259558 0.248068 0.933323 0.389873 
1535171167190 0.229659 0.922963 -0.308862 -0.602381 -0.938247 0.294317 0.181853 -0.233059 0.258747 0.248025 0.93356 0.389856 
1535171167556 0.229808 0.923092 -0.308366 -0.602279 -0.938978 0.29362 0.179183 -0.232962 0.255945 0.248371 0.93424 0.389971 
1535171167584 0.229625 0.923309 -0.307851 -0.602227 -0.939535 0.29285 0.177521 -0.232857 0.254061 0.248474 0.934727 0.39009 
1535171167818 0.229969 0.923468 -0.307118 -0.602282 -0.939346 0.293136 0.178048 -0.232993 0.254449 0.247545 0.934868 0.389987 
1535171168190 0.230647 0.923802 -0.305601 -0.602378 -0.939585 0.293092 0.176855 -0.233019 0.252949 0.246347 0.935591 0.389881 
1535171168563 0.230684 0.923956 -0.305107 -0.602455 -0.939681 0.292931 0.176612 -0.232913 0.252557 0.245962 0.935798 0.389779 
1535171168831 0.230277 0.924017 -0.30523 -0.60247 -0.939695 0.292652 0.176999 -0.232935 0.252876 0.246064 0.935685 0.389667 
1535171168874 0.230277 0.924017 -0.30523 -0.60247 -0.939695 0.292652 0.176999 -0.232935 0.252876 0.246064 0.935685 0.389667 
1535171169177 0.230314 0.923998 -0.30526 -0.602481 -0.939748 0.292633 0.17675 -0.232936 0.252646 0.246159 0.935722 0.389641 
1535171169529 0.230059 0.923683 -0.306403 -0.602464 -0.939739 0.292679 0.176717 -0.232953 0.252908 0.247283 0.935355 0.389721 
1535171169867 0.229978 0.923613 -0.306674 -0.602406 -0.939718 0.292694 0.176805 -0.233006 0.253061 0.247525 0.935249 0.389838 
1535171170268 0.229968 0.923784 -0.306166 -0.602416 -0.939569 0.292735 0.177529 -0.233061 0.253624 0.246838 0.935278 0.389772 
1535171170312 0.229968 0.923784 -0.306166 -0.602416 -0.939569 0.292735 0.177529 -0.233061 0.253624 0.246838 0.935278 0.389772 
1535171170696 0.229763 0.923867 -0.306071 -0.602381 -0.939536 0.292603 0.177919 -0.233152 0.253931 0.246686 0.935235 0.389778 
1535171171115 0.229803 0.923848 -0.306096 -0.602404 -0.9396 0.292574 0.177629 -0.23309 0.253658 0.246789 0.935282 0.389777 
1535171171717 0.229899 0.924144 -0.305131 -0.602463 -0.939764 0.292298 0.177217 -0.23294 0.252963 0.246009 0.935676 0.389686 
1535171171756 0.229899 0.924144 -0.305131 -0.602463 -0.939764 0.292298 0.177217 -0.23294 0.252963 0.246009 0.935676 0.389686 
1535171172138 0.229884 0.924126 -0.305196 -0.602475 -0.939654 0.292406 0.177619 -0.232926 0.253384 0.245947 0.935578 0.389749 
1535171172525 0.22966 0.924084 -0.30549 -0.602436 -0.939728 0.292233 0.177516 -0.232872 0.253314 0.246309 0.935502 0.389796 
1535171172904 0.229689 0.923825 -0.306252 -0.602412 -0.939593 0.29253 0.177737 -0.232805 0.253785 0.246928 0.935211 0.389952 
1535171173269 0.229764 0.923638 -0.306759 -0.602362 -0.93958 0.292693 0.177537 -0.232849 0.253766 0.247433 0.935083 0.389935 
1535171173620 0.230004 0.923699 -0.306396 -0.602401 -0.939455 0.292915 0.177833 -0.23278 0.254012 0.246944 0.935145 0.390009 
1535171173937 0.229939 0.923654 -0.306579 -0.602432 -0.939332 0.293025 0.178305 -0.23271 0.254527 0.24698 0.934996 0.389898 
1535171174260 0.229997 0.923676 -0.306471 -0.602386 -0.939379 0.292999 0.178099 -0.232742 0.254301 0.24693 0.93507 0.389909 
1535171174542 0.230229 0.923674 -0.306303 -0.602416 -0.939529 0.292986 0.177329 -0.23268 0.253536 0.246954 0.935272 0.38989 
1535171174836 0.229897 0.92355 -0.306925 -0.602392 -0.939485 0.292913 0.177679 -0.232651 0.253998 0.247503 0.935001 0.389886 
1535171175620 0.229897 0.92355 -0.306925 -0.602392 -0.939485 0.292913 0.177679 -0.232651 0.253998 0.247503 0.935001 0.389886 
