1535121497559 0.240733 0.926832 -0.288149 -0.619422 -0.940194 0.296397 0.16788 -0.236125 0.241003 0.230502 0.942755 0.383831 
1535121503146 0.240731 0.926833 -0.288148 -0.619422 -0.940195 0.296395 0.167881 -0.236124 0.241003 0.230501 0.942755 0.383831 
1535121503642 0.242319 0.9272 -0.285626 -0.622512 -0.940416 0.296853 0.165818 -0.237716 0.238535 0.228427 0.943887 0.381622 
1535121504160 0.243487 0.927867 -0.282447 -0.625877 -0.940785 0.296762 0.163877 -0.23907 0.235876 0.22582 0.945181 0.379245 
1535121504737 0.244689 0.928508 -0.279284 -0.629219 -0.941139 0.296719 0.16191 -0.240478 0.233204 0.223227 0.946459 0.376887 
1535121505422 0.245766 0.929734 -0.274216 -0.63425 -0.941853 0.295922 0.159195 -0.242378 0.229156 0.219147 0.9484 0.373347 
1535121505450 0.245719 0.929789 -0.27407 -0.634355 -0.941893 0.295826 0.159136 -0.242402 0.22904 0.219042 0.948452 0.373269 
1535121505642 0.245112 0.929579 -0.275325 -0.634353 -0.941853 0.295649 0.159702 -0.242571 0.229855 0.220171 0.947993 0.373187 
1535121505944 0.241856 0.929077 -0.279862 -0.634342 -0.941657 0.294315 0.163279 -0.243311 0.234066 0.224044 0.946054 0.373394 
1535121506145 0.240516 0.928838 -0.281803 -0.634368 -0.941521 0.293836 0.164921 -0.24361 0.235989 0.225657 0.945192 0.373422 
1535121506387 0.240465 0.929135 -0.280865 -0.634483 -0.941737 0.293427 0.164416 -0.243402 0.235178 0.224964 0.945559 0.373468 
1535121506401 0.240611 0.929158 -0.280663 -0.63449 -0.941767 0.293466 0.16417 -0.2434 0.234905 0.224818 0.945662 0.373442 
1535121506557 0.240669 0.92931 -0.280111 -0.634579 -0.941945 0.29324 0.163555 -0.243461 0.234133 0.224486 0.945932 0.373432 
1535121506698 0.240174 0.929334 -0.280455 -0.634725 -0.941989 0.292906 0.1639 -0.24369 0.234465 0.224821 0.94577 0.37342 
1535121506765 0.23977 0.929427 -0.280493 -0.634763 -0.942088 0.29253 0.163999 -0.243738 0.234478 0.224927 0.945742 0.373422 
1535121506826 0.239597 0.929405 -0.280711 -0.634845 -0.942115 0.29242 0.164044 -0.243881 0.234549 0.225157 0.94567 0.373391 
1535121507527 0.238965 0.929516 -0.280883 -0.63499 -0.942217 0.291902 0.164378 -0.243949 0.234782 0.225373 0.94556 0.373449 
1535121507543 0.239064 0.929508 -0.280827 -0.634972 -0.942191 0.291988 0.164375 -0.243906 0.234786 0.225296 0.945578 0.373457 
1535121507744 0.23909 0.929547 -0.280674 -0.634918 -0.942265 0.291909 0.164093 -0.244008 0.234463 0.225236 0.945672 0.373393 
1535121507840 0.238812 0.929636 -0.280618 -0.634984 -0.942341 0.291627 0.164154 -0.244248 0.23444 0.225236 0.945678 0.373468 
1535121507944 0.238089 0.929853 -0.280513 -0.635044 -0.942546 0.290897 0.164275 -0.244286 0.234352 0.225284 0.945688 0.373523 
1535121508038 0.237638 0.929998 -0.280414 -0.63514 -0.942629 0.290478 0.164541 -0.244449 0.234477 0.225225 0.945671 0.373652 
1535121508157 0.237121 0.930171 -0.280276 -0.635212 -0.9428 0.28992 0.164542 -0.244584 0.23431 0.225228 0.945712 0.373593 
1535121508381 0.23532 0.93066 -0.280171 -0.635465 -0.943228 0.288203 0.165106 -0.244817 0.234404 0.225413 0.945645 0.373711 
1535121509268 0.23476 0.930855 -0.279994 -0.635592 -0.943329 0.287673 0.165455 -0.244912 0.234561 0.225284 0.945636 0.373792 
1535121509282 0.23481 0.930839 -0.280004 -0.635585 -0.943319 0.28772 0.165427 -0.244919 0.234549 0.225289 0.945638 0.37378 
1535121509299 0.234799 0.930844 -0.279998 -0.635565 -0.943334 0.287696 0.165382 -0.2449 0.234499 0.2253 0.945648 0.373769 
1535121509465 0.235273 0.930847 -0.279588 -0.635529 -0.943395 0.287905 0.164672 -0.245098 0.233779 0.22502 0.945893 0.373646 
1535121509635 0.234571 0.931346 -0.278516 -0.635714 -0.943906 0.28672 0.163808 -0.245153 0.232418 0.224468 0.946359 0.373669 
1535121509697 0.23448 0.931499 -0.27808 -0.635799 -0.944043 0.286446 0.163495 -0.245343 0.23195 0.224184 0.946541 0.373612 
1535121509850 0.23417 0.931834 -0.277219 -0.635871 -0.944328 0.285798 0.162988 -0.245599 0.231106 0.223619 0.946881 0.373621 
1535121509896 0.234021 0.931998 -0.276794 -0.635945 -0.944471 0.285478 0.162718 -0.245727 0.230672 0.223345 0.947052 0.373596 
1535121509937 0.23387 0.932104 -0.276562 -0.636003 -0.944563 0.285241 0.162601 -0.245712 0.230448 0.223203 0.94714 0.373596 
1535121510158 0.234282 0.932156 -0.276038 -0.635979 -0.944588 0.28542 0.16214 -0.245683 0.229927 0.222755 0.947372 0.373621 
1535121510188 0.234623 0.932009 -0.276243 -0.635943 -0.944492 0.285794 0.162042 -0.245636 0.229973 0.222891 0.947329 0.373593 
1535121510306 0.235209 0.931793 -0.276474 -0.635885 -0.944397 0.286346 0.161621 -0.245726 0.229764 0.223086 0.947334 0.373539 
1535121510449 0.236064 0.931707 -0.276035 -0.635876 -0.944373 0.286903 0.160766 -0.245604 0.228982 0.222729 0.947607 0.373518 
1535121510507 0.236606 0.931613 -0.275889 -0.635856 -0.944318 0.287318 0.160349 -0.245565 0.228651 0.222588 0.94772 0.373473 
1535121510587 0.236952 0.931599 -0.275641 -0.635823 -0.944361 0.28748 0.159803 -0.245538 0.228113 0.222439 0.947885 0.373466 
1535121510653 0.237593 0.931502 -0.275416 -0.63579 -0.944283 0.287975 0.159372 -0.245549 0.227768 0.222205 0.948022 0.373509 
1535121511136 0.238356 0.931396 -0.275113 -0.635745 -0.944272 0.288477 0.158528 -0.245511 0.227016 0.221996 0.948252 0.373457 
1535121511157 0.238355 0.931397 -0.275113 -0.635746 -0.944273 0.288475 0.158528 -0.24551 0.227016 0.221996 0.948252 0.373456 
1535121511365 0.238546 0.931385 -0.274988 -0.635517 -0.944156 0.288703 0.158805 -0.245241 0.227298 0.221749 0.948242 0.373634 
1535121511585 0.240058 0.931016 -0.274921 -0.635175 -0.943953 0.289965 0.157713 -0.245076 0.226551 0.221652 0.948444 0.373697 
1535121511836 0.241612 0.93075 -0.274461 -0.634773 -0.943738 0.291198 0.156724 -0.244778 0.225794 0.221153 0.948741 0.37377 
1535121511997 0.242433 0.930547 -0.274425 -0.634538 -0.943698 0.291812 0.155819 -0.244695 0.225077 0.221198 0.9489 0.373767 
1535121512143 0.243319 0.930412 -0.274096 -0.634282 -0.94355 0.292527 0.155374 -0.244657 0.224743 0.220818 0.949068 0.373871 
1535121512301 0.243843 0.930328 -0.273917 -0.634087 -0.943531 0.292885 0.154812 -0.244399 0.224252 0.2207 0.949212 0.373914 
1535121512968 0.244457 0.930188 -0.273843 -0.633946 -0.943464 0.293372 0.154302 -0.244343 0.223868 0.220641 0.949316 0.373939 
1535121512985 0.244458 0.930188 -0.273844 -0.633946 -0.943464 0.293372 0.154301 -0.244344 0.223867 0.220642 0.949316 0.373938 
1535121513217 0.244451 0.930161 -0.273943 -0.633566 -0.943401 0.293446 0.154546 -0.244338 0.22414 0.220659 0.949248 0.374111 
1535121513475 0.244371 0.930178 -0.273954 -0.632914 -0.943437 0.293357 0.154497 -0.243931 0.224076 0.220704 0.949252 0.374316 
1535121513645 0.244627 0.930012 -0.274289 -0.632587 -0.943357 0.29367 0.154385 -0.243843 0.22413 0.220986 0.949174 0.374359 
1535121513874 0.245025 0.929909 -0.274286 -0.631868 -0.943225 0.29408 0.154414 -0.243634 0.224253 0.220878 0.94917 0.374654 
1535121514053 0.24521 0.929758 -0.27463 -0.631543 -0.943235 0.294257 0.154016 -0.243514 0.22401 0.221274 0.949135 0.374622 
1535121514237 0.245594 0.929642 -0.274682 -0.631147 -0.943139 0.294629 0.153889 -0.243555 0.223991 0.22127 0.949141 0.374751 
1535121514580 0.245723 0.929591 -0.274737 -0.63095 -0.94311 0.294759 0.153823 -0.243451 0.223973 0.221309 0.949135 0.374832 
1535121514902 0.24493 0.929842 -0.274596 -0.629936 -0.942949 0.294336 0.155609 -0.242914 0.225516 0.220817 0.948885 0.375255 
1535121515185 0.244891 0.929659 -0.27525 -0.628898 -0.942651 0.294709 0.156702 -0.242704 0.226798 0.22109 0.948516 0.375362 
1535121515382 0.244741 0.929681 -0.27531 -0.628439 -0.94254 0.294722 0.157346 -0.242469 0.227422 0.220982 0.948391 0.375559 
1535121515593 0.244651 0.929717 -0.275268 -0.627934 -0.942407 0.29478 0.158032 -0.242266 0.228068 0.220752 0.94829 0.375769 
1535121515884 0.244266 0.929731 -0.275561 -0.626956 -0.94218 0.294777 0.159386 -0.241877 0.229415 0.220695 0.947978 0.376068 
1535121516477 0.244507 0.929575 -0.275876 -0.626706 -0.942021 0.295154 0.159625 -0.241865 0.229809 0.220852 0.947846 0.375953 
1535121516712 0.244092 0.929827 -0.275393 -0.626446 -0.942123 0.294679 0.159902 -0.241573 0.229834 0.220423 0.94794 0.376171 
1535121517154 0.244178 0.930081 -0.274456 -0.623951 -0.941713 0.294969 0.161769 -0.240659 0.231415 0.218959 0.947895 0.376924 
1535121517185 0.244432 0.929984 -0.274558 -0.6238 -0.941583 0.295291 0.161942 -0.240681 0.231679 0.218936 0.947836 0.376941 
1535121517202 0.244592 0.929915 -0.274652 -0.623753 -0.941514 0.295486 0.161986 -0.240701 0.231789 0.218968 0.947801 0.376933 
1535121517354 0.244495 0.92987 -0.274888 -0.623684 -0.941502 0.295469 0.162086 -0.240596 0.231939 0.219179 0.947716 0.376885 
1535121517498 0.244217 0.929851 -0.275199 -0.623495 -0.941582 0.29525 0.162022 -0.240509 0.231909 0.219554 0.947636 0.377022 
1535121517601 0.244164 0.929821 -0.275349 -0.623274 -0.941528 0.295289 0.162262 -0.240394 0.232183 0.21963 0.947551 0.377154 
1535121517831 0.244493 0.929574 -0.27589 -0.622566 -0.941218 0.295911 0.162928 -0.24017 0.233092 0.219838 0.94728 0.377485 
1535121517964 0.2445 0.929378 -0.276545 -0.622381 -0.941166 0.29608 0.162923 -0.240138 0.233296 0.22044 0.94709 0.377509 
1535121518069 0.244224 0.92943 -0.276614 -0.62217 -0.941188 0.295875 0.163168 -0.239939 0.233496 0.220497 0.947027 0.37759 
1535121518609 0.244342 0.929294 -0.276965 -0.621977 -0.941075 0.296127 0.16336 -0.239853 0.233826 0.220729 0.946892 0.377602 
1535121518624 0.244423 0.929258 -0.277015 -0.62201 -0.941055 0.296212 0.163321 -0.239897 0.233822 0.220767 0.946884 0.377576 
1535121518899 0.244155 0.92923 -0.277343 -0.621301 -0.940946 0.296183 0.164004 -0.239487 0.234541 0.220922 0.94667 0.378043 
1535121519077 0.244612 0.92887 -0.278146 -0.620902 -0.940726 0.296857 0.164046 -0.2395 0.234947 0.221531 0.946427 0.378024 
1535121519321 0.244759 0.928612 -0.278876 -0.620184 -0.940465 0.297336 0.164671 -0.239228 0.235835 0.221969 0.946103 0.378364 
1535121519498 0.245027 0.92837 -0.279448 -0.619787 -0.940256 0.297825 0.164981 -0.239178 0.23639 0.222327 0.945881 0.378476 
1535121519731 0.245203 0.928105 -0.280173 -0.619069 -0.939976 0.298343 0.165641 -0.238847 0.23732 0.22274 0.945551 0.378772 
1535121520021 0.245499 0.927881 -0.280655 -0.61882 -0.939859 0.298748 0.165574 -0.238942 0.237478 0.223127 0.94542 0.378796 
1535121520038 0.245503 0.927871 -0.280684 -0.61885 -0.939857 0.298758 0.165567 -0.238944 0.237481 0.223156 0.945412 0.378779 
1535121520227 0.244984 0.928118 -0.280322 -0.618807 -0.94003 0.298162 0.165658 -0.238615 0.237332 0.222928 0.945504 0.378858 
1535121520436 0.245264 0.928019 -0.280403 -0.618229 -0.940033 0.298373 0.16526 -0.238462 0.23703 0.223056 0.945549 0.378881 
1535121520581 0.245313 0.927962 -0.280551 -0.617964 -0.940106 0.298366 0.164859 -0.238387 0.236689 0.223305 0.945576 0.378893 
1535121520784 0.245502 0.927924 -0.280508 -0.617658 -0.940061 0.298535 0.16481 -0.238234 0.236673 0.223234 0.945597 0.379006 
1535121520955 0.245641 0.927851 -0.280628 -0.617427 -0.940021 0.298692 0.164752 -0.238169 0.236687 0.223326 0.945571 0.379079 
1535121521182 0.2453 0.927977 -0.28051 -0.616917 -0.940179 0.29828 0.164596 -0.237805 0.236412 0.223355 0.945633 0.379181 
1535121521626 0.245622 0.927801 -0.280812 -0.616674 -0.940157 0.298583 0.164175 -0.237864 0.236168 0.223683 0.945617 0.37919 
1535121521636 0.245624 0.927803 -0.280804 -0.616694 -0.94015 0.298589 0.164202 -0.237854 0.236192 0.223666 0.945615 0.379191 
1535121521667 0.245724 0.927775 -0.280807 -0.616779 -0.940076 0.298731 0.164369 -0.237868 0.236383 0.22359 0.945585 0.379188 
1535121521856 0.245009 0.928028 -0.280595 -0.616511 -0.940107 0.298157 0.165233 -0.237525 0.237002 0.223306 0.945497 0.379403 
1535121522030 0.24499 0.927891 -0.281066 -0.616148 -0.939985 0.298341 0.165589 -0.237509 0.237503 0.22363 0.945295 0.379417 
1535121522253 0.244923 0.92784 -0.281294 -0.615598 -0.939853 0.29846 0.166129 -0.237409 0.238096 0.223686 0.945132 0.379561 
1535121522370 0.245043 0.927704 -0.281638 -0.61537 -0.939705 0.298745 0.166452 -0.237417 0.238556 0.223868 0.944973 0.37958 
1535121522618 0.245044 0.927713 -0.281608 -0.615214 -0.939796 0.298655 0.1661 -0.237098 0.238196 0.223952 0.945044 0.379668 
1535121522700 0.245223 0.927605 -0.281807 -0.614998 -0.939751 0.29886 0.165984 -0.237093 0.238188 0.224125 0.945005 0.37975 
1535121522829 0.245576 0.927526 -0.281757 -0.614704 -0.939666 0.299182 0.165887 -0.237106 0.238161 0.224019 0.945037 0.379897 
1535121522941 0.245718 0.927402 -0.282044 -0.614534 -0.939611 0.299385 0.165829 -0.237035 0.23823 0.224264 0.944961 0.379967 
1535121523147 0.245885 0.927291 -0.282262 -0.614135 -0.939562 0.29959 0.16574 -0.236761 0.238252 0.22445 0.944912 0.380115 
1535121523214 0.246077 0.927219 -0.28233 -0.6139 -0.939504 0.299793 0.165702 -0.236743 0.238283 0.224475 0.944898 0.380199 
1535121523633 0.246332 0.927055 -0.282647 -0.61372 -0.939433 0.300097 0.165555 -0.236644 0.2383 0.224746 0.944829 0.380217 
1535121523647 0.24633 0.927055 -0.282648 -0.61372 -0.939434 0.300094 0.165551 -0.236642 0.238296 0.224749 0.94483 0.380215 
1535121523896 0.246342 0.927334 -0.281721 -0.613132 -0.939465 0.299908 0.165713 -0.236291 0.238161 0.223845 0.945078 0.380463 
1535121524065 0.246685 0.927184 -0.281915 -0.612766 -0.939399 0.300247 0.165472 -0.236265 0.238067 0.224012 0.945062 0.380394 
1535121524305 0.247026 0.92724 -0.281432 -0.612067 -0.939288 0.300507 0.165631 -0.235907 0.238152 0.22343 0.945179 0.380663 
1535121524539 0.247396 0.927219 -0.281176 -0.611353 -0.939266 0.300745 0.165324 -0.235708 0.237854 0.223198 0.945309 0.380761 
1535121524707 0.247723 0.927143 -0.281139 -0.611027 -0.939185 0.301046 0.165238 -0.235559 0.237835 0.223108 0.945335 0.380782 
1535121524761 0.247622 0.927228 -0.280948 -0.61086 -0.939217 0.30091 0.165303 -0.235412 0.237814 0.222938 0.94538 0.380849 
1535121524973 0.247763 0.927188 -0.280955 -0.610682 -0.939136 0.301087 0.16544 -0.235383 0.237986 0.222865 0.945354 0.380898 
1535121525127 0.248113 0.927113 -0.280895 -0.610287 -0.938855 0.301587 0.166121 -0.235402 0.238728 0.222503 0.945252 0.380926 
1535121525346 0.248017 0.927299 -0.280365 -0.609652 -0.938719 0.301549 0.166955 -0.23506 0.239361 0.221776 0.945263 0.381131 
1535121525558 0.248217 0.927321 -0.280115 -0.609025 -0.938468 0.301879 0.167771 -0.234805 0.240139 0.221236 0.945192 0.381244 
1535121525774 0.248253 0.927377 -0.279896 -0.608376 -0.938306 0.302014 0.168434 -0.234594 0.240734 0.220814 0.945139 0.381311 
1535121525885 0.248621 0.927268 -0.279932 -0.608069 -0.938105 0.302467 0.16874 -0.234668 0.241138 0.220654 0.945074 0.381364 
1535121526112 0.248548 0.927379 -0.279629 -0.608 -0.938134 0.302333 0.168816 -0.234393 0.241097 0.220371 0.94515 0.381398 
1535121526264 0.24884 0.927427 -0.27921 -0.607666 -0.938124 0.302474 0.168618 -0.234233 0.240835 0.219975 0.945309 0.3814 
1535121526574 0.249532 0.927641 -0.277878 -0.606406 -0.937927 0.302905 0.168939 -0.233552 0.240886 0.218474 0.945644 0.381755 
1535121526733 0.250158 0.927561 -0.27758 -0.606052 -0.937761 0.303449 0.168887 -0.23348 0.240884 0.218056 0.945741 0.381784 
1535121526885 0.250658 0.927553 -0.277157 -0.605668 -0.937616 0.303861 0.16895 -0.233432 0.240928 0.217519 0.945854 0.381915 
1535121527277 0.250812 0.927583 -0.276917 -0.60544 -0.937578 0.303961 0.168981 -0.233267 0.240916 0.217249 0.945919 0.381934 
1535121527511 0.250701 0.927672 -0.27672 -0.60535 -0.937669 0.303764 0.16883 -0.233162 0.240677 0.217146 0.946003 0.382023 
1535121527721 0.250898 0.927817 -0.276054 -0.60472 -0.937789 0.303675 0.168322 -0.232897 0.240003 0.216649 0.946288 0.382123 
1535121527951 0.251028 0.927958 -0.27546 -0.604135 -0.937947 0.303518 0.167724 -0.232577 0.239248 0.216264 0.946568 0.382181 
1535121528218 0.251333 0.928229 -0.274269 -0.603171 -0.938069 0.303412 0.167238 -0.232166 0.238452 0.215251 0.946999 0.382456 
1535121528477 0.251588 0.928185 -0.274184 -0.602895 -0.93811 0.303542 0.166771 -0.232144 0.23802 0.215257 0.947107 0.382402 
1535121528496 0.251648 0.928156 -0.274225 -0.602915 -0.938088 0.303612 0.166766 -0.232172 0.238043 0.215281 0.947095 0.382396 
1535121528668 0.251149 0.928459 -0.273655 -0.602957 -0.938176 0.303073 0.167249 -0.231969 0.238221 0.214732 0.947175 0.382552 
1535121528819 0.251711 0.928446 -0.273185 -0.602598 -0.938127 0.303435 0.166869 -0.231871 0.237823 0.214279 0.947378 0.382415 
1535121528865 0.251546 0.928606 -0.272793 -0.602469 -0.938183 0.303195 0.166986 -0.231657 0.237774 0.213925 0.94747 0.382478 
1535121528955 0.251667 0.928674 -0.272447 -0.602288 -0.938189 0.303215 0.166919 -0.231586 0.237623 0.213599 0.947581 0.382468 
1535121529014 0.251706 0.928765 -0.272104 -0.602123 -0.938215 0.303158 0.166877 -0.23148 0.237479 0.213288 0.947687 0.382486 
1535121529084 0.25171 0.928869 -0.271743 -0.601964 -0.938244 0.30307 0.166876 -0.231348 0.237363 0.212956 0.947791 0.382531 
1535121529464 0.252193 0.928875 -0.271275 -0.601629 -0.93818 0.303389 0.166651 -0.231304 0.2371 0.212477 0.947965 0.382445 
1535121529661 0.252057 0.929059 -0.27077 -0.601725 -0.938272 0.30312 0.166628 -0.231277 0.236883 0.212056 0.948113 0.382469 
1535121529850 0.252332 0.929399 -0.269343 -0.601686 -0.938283 0.303051 0.16669 -0.23114 0.236546 0.210659 0.948509 0.382305 
1535121530027 0.252885 0.929695 -0.267797 -0.601457 -0.938295 0.303162 0.166422 -0.231053 0.235908 0.209187 0.948993 0.382065 
1535121530205 0.25342 0.93006 -0.26602 -0.601222 -0.938284 0.303238 0.16634 -0.230924 0.235373 0.207449 0.949507 0.381946 
1535121530269 0.253653 0.930258 -0.265103 -0.601103 -0.938245 0.303278 0.166493 -0.230843 0.235281 0.2065 0.949737 0.381943 
1535121530614 0.25384 0.930497 -0.264085 -0.600971 -0.938311 0.303173 0.16631 -0.230718 0.234814 0.205578 0.950053 0.38185 
1535121530636 0.253842 0.93048 -0.264143 -0.600983 -0.938282 0.303209 0.166406 -0.230717 0.234928 0.2056 0.95002 0.381894 
1535121530828 0.254061 0.930597 -0.263521 -0.60108 -0.938473 0.303089 0.165544 -0.230756 0.233925 0.205249 0.950343 0.381901 
1535121530992 0.255075 0.930647 -0.262361 -0.601124 -0.938545 0.303553 0.16428 -0.230807 0.232527 0.204334 0.950883 0.381713 
1535121531146 0.255515 0.930856 -0.261186 -0.601131 -0.938712 0.303517 0.163393 -0.230665 0.23137 0.203429 0.951359 0.381556 
1535121531199 0.25575 0.930945 -0.260639 -0.601131 -0.938767 0.303543 0.16303 -0.230666 0.230887 0.202984 0.951572 0.381493 
1535121531326 0.256025 0.931068 -0.25993 -0.601212 -0.938866 0.30353 0.162483 -0.230533 0.23018 0.202439 0.951859 0.381435 
1535121532326 0.250508 0.930337 -0.267803 -0.587092 -0.939472 0.3004 0.16478 -0.223873 0.233749 0.210315 0.949278 0.391611 
1535121534833 0.212688 0.920131 -0.328821 -0.47278 -0.94424 0.280107 0.173062 -0.171153 0.251345 0.273678 0.9284 0.473642 
