1533055728732 0.354288 0.676836 -0.64527 -0.5752 -0.929041 0.333411 -0.160373 -0.202317 0.106594 0.656301 0.746932 0.434887 
1533055925810 0.354323 0.676829 -0.645258 -0.575201 -0.92903 0.333426 -0.160409 -0.202325 0.106576 0.6563 0.746935 0.434889 
1533055927652 0.337776 0.78043 -0.526153 -0.584744 -0.934837 0.343194 -0.0910885 -0.209667 0.109485 0.522635 0.845497 0.413834 
1533055929582 0.329771 0.824221 -0.460338 -0.589453 -0.93739 0.343742 -0.0560555 -0.213327 0.112035 0.450001 0.885972 0.40334 
