1535122651282 0.220728 0.922692 -0.316099 -0.501268 -0.942302 0.285375 0.175009 -0.184327 0.251686 0.259231 0.932445 0.453903 
1535122656740 0.220728 0.922692 -0.3161 -0.501268 -0.942302 0.285375 0.175009 -0.184327 0.251686 0.259232 0.932445 0.453903 
1535122657518 0.220728 0.922692 -0.3161 -0.501268 -0.942302 0.285375 0.175009 -0.184327 0.251686 0.259232 0.932445 0.453903 
1535122658336 0.226878 0.923582 -0.309067 -0.527819 -0.941994 0.288688 0.171191 -0.196393 0.247333 0.2523 0.935506 0.438015 
1535122659161 0.226878 0.923582 -0.309067 -0.527819 -0.941994 0.288688 0.171191 -0.196393 0.247333 0.2523 0.935506 0.438015 
1535122659745 0.234717 0.925215 -0.298135 -0.568186 -0.941549 0.292636 0.166884 -0.213936 0.241649 0.241538 0.939822 0.413626 
