1530572585686 -0.088934 -0.143654 0.985624 0.448754 -0.991389 0.108257 -0.0736758 -0.497015 -0.0961169 -0.983689 -0.152045 0.445536 
1530572590721 -0.0889314 -0.143651 0.985624 0.448754 -0.991389 0.108257 -0.0736734 -0.497015 -0.0961177 -0.983689 -0.152042 0.445537 
1530572590740 -0.0889315 -0.143651 0.985624 0.448754 -0.991389 0.108258 -0.0736735 -0.497015 -0.096118 -0.983689 -0.152042 0.445537 
1530572590760 -0.0889317 -0.143651 0.985624 0.448754 -0.991389 0.108258 -0.0736736 -0.497015 -0.0961185 -0.983689 -0.152042 0.445537 
1530572590773 -0.0889333 -0.143651 0.985624 0.448753 -0.991389 0.108258 -0.0736753 -0.497016 -0.0961181 -0.983689 -0.152042 0.445537 
1530572590792 -0.0889403 -0.143653 0.985623 0.448749 -0.991389 0.108255 -0.0736826 -0.497018 -0.0961139 -0.983689 -0.152044 0.445537 
1530572590806 -0.0889594 -0.143657 0.985621 0.448735 -0.991389 0.108243 -0.0737033 -0.497027 -0.0960983 -0.98369 -0.152049 0.445539 
1530572590827 -0.0890124 -0.143638 0.985619 0.448667 -0.99139 0.108186 -0.0737673 -0.497052 -0.0960341 -0.983699 -0.152031 0.445574 
1530572590843 -0.0889056 -0.143599 0.985634 0.448508 -0.99142 0.10796 -0.0736986 -0.497066 -0.0958257 -0.98373 -0.151965 0.445643 
1530572590860 -0.0888552 -0.143695 0.985625 0.448168 -0.991476 0.107428 -0.0737208 -0.497133 -0.09529 -0.983774 -0.152016 0.445764 
1530572590884 -0.0890562 -0.14397 0.985567 0.447612 -0.991529 0.106745 -0.0740019 -0.497313 -0.0945499 -0.983808 -0.152257 0.445898 
1530572590901 -0.0892733 -0.144246 0.985507 0.447039 -0.991566 0.106209 -0.0742765 -0.497503 -0.0939558 -0.983826 -0.152511 0.44598 
1530572590921 -0.0893248 -0.144445 0.985473 0.446382 -0.991602 0.1058 -0.0743728 -0.49765 -0.0935205 -0.98384 -0.152683 0.446064 
1530572590938 -0.0894287 -0.144689 0.985428 0.445719 -0.991634 0.105406 -0.0745152 -0.497787 -0.0930884 -0.983847 -0.152905 0.44616 
1530572590954 -0.0894525 -0.144932 0.98539 0.445127 -0.99167 0.105023 -0.0745758 -0.497909 -0.0926796 -0.983852 -0.15312 0.446251 
1530572590971 -0.0894022 -0.145194 0.985356 0.444545 -0.991716 0.104591 -0.0745676 -0.498022 -0.0922323 -0.983859 -0.153342 0.446337 
1530572590991 -0.0893613 -0.145401 0.985329 0.443795 -0.991756 0.104216 -0.0745653 -0.498177 -0.0918454 -0.983869 -0.153516 0.446441 
1530572591008 -0.0891176 -0.145431 0.985347 0.443314 -0.99179 0.104041 -0.0743446 -0.498248 -0.0917047 -0.983883 -0.153509 0.446492 
1530572591028 -0.0887808 -0.145595 0.985353 0.442658 -0.991836 0.103838 -0.0740219 -0.49832 -0.0915397 -0.98388 -0.153625 0.446512 
1530572591045 -0.0884381 -0.145814 0.985351 0.442126 -0.991875 0.103715 -0.0736756 -0.498355 -0.091453 -0.98386 -0.153802 0.446474 
1530572591064 -0.087886 -0.146273 0.985333 0.441403 -0.991946 0.10342 -0.0731232 -0.498357 -0.0912073 -0.983823 -0.154184 0.446373 
1530572591078 -0.0872449 -0.146609 0.98534 0.440785 -0.992019 0.103172 -0.0724853 -0.498319 -0.0910321 -0.983799 -0.15444 0.446301 
1530572591094 -0.0866769 -0.146953 0.985339 0.44019 -0.99208 0.102985 -0.0719108 -0.498284 -0.0909072 -0.983768 -0.154715 0.446227 
1530572591111 -0.0861665 -0.147311 0.98533 0.439602 -0.992125 0.102925 -0.0713731 -0.498261 -0.0909009 -0.98372 -0.155019 0.446151 
1530572591128 -0.0854962 -0.147754 0.985322 0.438815 -0.992178 0.102906 -0.0706598 -0.498238 -0.0909557 -0.983656 -0.155396 0.446027 
1530572591144 -0.0850871 -0.148037 0.985315 0.438293 -0.992208 0.102915 -0.0702201 -0.498244 -0.0910088 -0.983612 -0.15564 0.44593 
1530572591161 -0.0843991 -0.148286 0.985336 0.437566 -0.992257 0.102933 -0.0695011 -0.498227 -0.091118 -0.983573 -0.155826 0.445824 
1530572591178 -0.0837758 -0.148433 0.985368 0.437001 -0.992303 0.102921 -0.0688617 -0.49819 -0.0911939 -0.983552 -0.155913 0.445724 
1530572591201 -0.082846 -0.148649 0.985414 0.436158 -0.992366 0.102949 -0.0679008 -0.498139 -0.0913537 -0.983517 -0.156043 0.44555 
1530572591218 -0.0820645 -0.148936 0.985436 0.435522 -0.992421 0.102953 -0.0670862 -0.498068 -0.0914619 -0.983473 -0.156256 0.445408 
1530572591235 -0.0810745 -0.149159 0.985484 0.434839 -0.992485 0.103007 -0.0660598 -0.49793 -0.0916579 -0.983433 -0.156389 0.445291 
1530572591253 -0.0800925 -0.149335 0.985538 0.434139 -0.992557 0.102939 -0.065065 -0.497798 -0.091734 -0.983414 -0.156468 0.445209 
1530572591275 -0.0786468 -0.149683 0.985601 0.433111 -0.992669 0.10278 -0.0636016 -0.497627 -0.09178 -0.983377 -0.156669 0.445079 
1530572591291 -0.0775654 -0.149946 0.985647 0.432259 -0.992732 0.102864 -0.0624742 -0.497498 -0.0920198 -0.983329 -0.156835 0.444947 
1530572591308 -0.0767369 -0.150179 0.985676 0.431517 -0.992758 0.103156 -0.0615712 -0.497422 -0.0924321 -0.983262 -0.157007 0.444775 
1530572591325 -0.075872 -0.150341 0.985718 0.43082 -0.99278 0.103496 -0.0606304 -0.497323 -0.0929028 -0.983202 -0.157108 0.444606 
1530572591345 -0.0747335 -0.150422 0.985793 0.430058 -0.992813 0.103883 -0.0594141 -0.497171 -0.0934703 -0.983149 -0.157105 0.444421 
1530572591361 -0.0737571 -0.150443 0.985864 0.429507 -0.992854 0.10407 -0.0583992 -0.497026 -0.0938127 -0.983126 -0.157043 0.444308 
1530572591378 -0.0723492 -0.150567 0.985949 0.428776 -0.992936 0.104085 -0.0569667 -0.496823 -0.0940454 -0.983105 -0.157034 0.444199 
1530572591395 -0.0711109 -0.150598 0.986034 0.428191 -0.993005 0.104105 -0.0557136 -0.496653 -0.0942602 -0.983098 -0.156948 0.444122 
1530572591411 -0.0699175 -0.150602 0.986119 0.427595 -0.99306 0.104219 -0.0544931 -0.496487 -0.0945653 -0.983086 -0.156844 0.444036 
1530572591428 -0.0686085 -0.150654 0.986203 0.426918 -0.993096 0.104595 -0.0531099 -0.496287 -0.0951511 -0.983038 -0.15679 0.4439 
1530572591445 -0.0675257 -0.150742 0.986264 0.426339 -0.993118 0.104962 -0.0519524 -0.496111 -0.0956884 -0.982985 -0.156792 0.443768 
1530572591461 -0.066345 -0.150729 0.986346 0.42556 -0.993124 0.105533 -0.0506737 -0.495928 -0.096454 -0.982926 -0.156695 0.443585 
1530572591478 -0.0653004 -0.150735 0.986415 0.424856 -0.99314 0.105904 -0.0495623 -0.495783 -0.0969946 -0.982885 -0.156617 0.443421 
1530572591495 -0.0642781 -0.150752 0.98648 0.424245 -0.993173 0.106089 -0.048502 -0.495654 -0.0973424 -0.982863 -0.156542 0.443293 
1530572591515 -0.0630619 -0.150791 0.986552 0.4235 -0.993215 0.106264 -0.0472457 -0.495499 -0.0977105 -0.982838 -0.156469 0.443128 
1530572591531 -0.0619654 -0.15079 0.986622 0.42285 -0.993261 0.106324 -0.0461323 -0.495351 -0.0979453 -0.982831 -0.156363 0.443012 
1530572591549 -0.0601953 -0.150918 0.986712 0.422039 -0.993353 0.106214 -0.044355 -0.4951 -0.0981089 -0.982824 -0.156309 0.442869 
1530572591565 -0.0591623 -0.150985 0.986764 0.421516 -0.993403 0.106183 -0.0433133 -0.494944 -0.0982377 -0.982817 -0.156271 0.442798 
1530572591581 -0.0576083 -0.151087 0.98684 0.420658 -0.993463 0.106255 -0.0417271 -0.494696 -0.0985522 -0.982793 -0.15622 0.442678 
1530572591598 -0.0562899 -0.151201 0.986899 0.41995 -0.993515 0.106287 -0.0403834 -0.494485 -0.0987881 -0.982772 -0.156203 0.442597 
1530572591616 -0.0549913 -0.151326 0.986953 0.419218 -0.993559 0.106375 -0.0390493 -0.49427 -0.0990777 -0.982744 -0.156201 0.44249 
1530572591631 -0.0538642 -0.151355 0.987011 0.418617 -0.993585 0.106558 -0.0378825 -0.494085 -0.0994404 -0.982719 -0.156124 0.442421 
1530572591649 -0.0524386 -0.151278 0.987099 0.417993 -0.993613 0.1068 -0.036417 -0.493837 -0.0999131 -0.982705 -0.155912 0.442339 
1530572591665 -0.0511215 -0.151125 0.987192 0.417474 -0.993641 0.106989 -0.0350769 -0.493594 -0.100318 -0.982708 -0.155634 0.442262 
1530572591685 -0.0496879 -0.150909 0.987298 0.416923 -0.993666 0.107228 -0.0336186 -0.493333 -0.100793 -0.982715 -0.155281 0.442167 
1530572591701 -0.0483225 -0.150742 0.987391 0.416381 -0.993713 0.107212 -0.0322643 -0.493101 -0.100996 -0.982742 -0.154975 0.442066 
1530572591718 -0.0470696 -0.150668 0.987463 0.415808 -0.993753 0.107207 -0.0310116 -0.492877 -0.10119 -0.982754 -0.154773 0.441912 
1530572591735 -0.0459123 -0.150543 0.987537 0.415216 -0.99379 0.107186 -0.0298634 -0.492662 -0.101354 -0.982776 -0.154529 0.441804 
1530572591751 -0.0449027 -0.150347 0.987613 0.414563 -0.993808 0.107296 -0.0288504 -0.492467 -0.101629 -0.982794 -0.154234 0.441707 
1530572591768 -0.0438431 -0.150086 0.9877 0.413819 -0.993825 0.10742 -0.027792 -0.492272 -0.101927 -0.98282 -0.153868 0.441609 
1530572591785 -0.0436149 -0.150017 0.987721 0.413655 -0.99383 0.10743 -0.027568 -0.492234 -0.101975 -0.982829 -0.153777 0.441595 
1530572591812 -0.0415384 -0.149073 0.987953 0.41229 -0.993842 0.107825 -0.0255163 -0.491905 -0.102722 -0.98293 -0.152634 0.44153 
1530572591829 -0.0406487 -0.148645 0.988055 0.4118 -0.99384 0.10805 -0.0246314 -0.491764 -0.103098 -0.98297 -0.152122 0.441485 
1530572591852 -0.0393205 -0.148089 0.988192 0.411178 -0.993853 0.108224 -0.0233274 -0.491564 -0.103492 -0.983035 -0.151435 0.441385 
1530572591869 -0.0384789 -0.147764 0.988274 0.410829 -0.993871 0.108226 -0.0225152 -0.491421 -0.10363 -0.983083 -0.151023 0.441313 
1530572591885 -0.0374957 -0.147356 0.988372 0.410363 -0.993893 0.108216 -0.0215712 -0.491253 -0.103779 -0.983146 -0.150514 0.441237 
1530572591902 -0.0368168 -0.147062 0.988442 0.409929 -0.993916 0.108134 -0.0209324 -0.491127 -0.103806 -0.983199 -0.150148 0.441205 
1530572591919 -0.0361561 -0.146783 0.988508 0.409439 -0.993959 0.107848 -0.0203412 -0.49103 -0.103623 -0.983272 -0.149796 0.441218 
1530572591935 -0.0355351 -0.146475 0.988576 0.408952 -0.994002 0.107559 -0.0197934 -0.490952 -0.103431 -0.983349 -0.149418 0.441265 
1530572591952 -0.034922 -0.146161 0.988644 0.408384 -0.994035 0.107352 -0.0192415 -0.490871 -0.103321 -0.983419 -0.149038 0.441288 
1530572591969 -0.0345112 -0.145922 0.988694 0.407924 -0.994051 0.107268 -0.0188664 -0.490816 -0.103302 -0.983463 -0.148756 0.441276 
1530572591985 -0.0343075 -0.145732 0.988729 0.407626 -0.994049 0.107321 -0.0186737 -0.490795 -0.10339 -0.983486 -0.148547 0.441259 
1530572592002 -0.0340037 -0.145445 0.988782 0.407279 -0.994057 0.107297 -0.0184023 -0.49079 -0.103416 -0.983531 -0.148229 0.441272 
1530572592022 -0.0333472 -0.145027 0.988866 0.406702 -0.994088 0.107107 -0.017815 -0.490743 -0.103331 -0.983613 -0.147742 0.44131 
1530572592039 -0.0329861 -0.144986 0.988884 0.406264 -0.99413 0.106765 -0.0175077 -0.490709 -0.10304 -0.983657 -0.147657 0.441281 
1530572592055 -0.0326833 -0.145088 0.988879 0.405864 -0.994174 0.1064 -0.0172473 -0.490691 -0.102715 -0.983681 -0.14772 0.441223 
1530572592072 -0.0322186 -0.145217 0.988875 0.405237 -0.994224 0.106001 -0.0168266 -0.490642 -0.102378 -0.983705 -0.147793 0.441162 
1530572592089 -0.0318473 -0.145316 0.988873 0.404686 -0.994265 0.105669 -0.0164927 -0.4906 -0.102097 -0.983726 -0.147848 0.441122 
1530572592105 -0.0314961 -0.145388 0.988873 0.404132 -0.99431 0.105289 -0.0161892 -0.490565 -0.101764 -0.983756 -0.147877 0.441111 
1530572592122 -0.0312261 -0.145445 0.988873 0.403589 -0.994343 0.105008 -0.0159542 -0.490534 -0.101519 -0.983778 -0.147901 0.441108 
1530572592139 -0.0310382 -0.145356 0.988893 0.403101 -0.994375 0.104725 -0.0158169 -0.490531 -0.101263 -0.983821 -0.147788 0.441125 
1530572592155 -0.030917 -0.145274 0.988908 0.402717 -0.994409 0.10442 -0.0157494 -0.490544 -0.100974 -0.983866 -0.14769 0.44113 
1530572592172 -0.0306337 -0.145148 0.988936 0.402376 -0.99443 0.10425 -0.0155029 -0.490532 -0.100847 -0.983902 -0.147533 0.441141 
1530572592192 -0.0303237 -0.145152 0.988945 0.402038 -0.994452 0.104089 -0.015215 -0.490496 -0.10073 -0.983919 -0.147503 0.441134 
1530572592209 -0.0300824 -0.145374 0.988919 0.401709 -0.994478 0.103869 -0.0149825 -0.490456 -0.10054 -0.983909 -0.147696 0.441108 
1530572592225 -0.029806 -0.145598 0.988895 0.40138 -0.994523 0.103472 -0.0147412 -0.490431 -0.100176 -0.983918 -0.147884 0.441098 
1530572592245 -0.0295908 -0.145895 0.988857 0.400915 -0.994592 0.102825 -0.0145918 -0.490436 -0.0995499 -0.983942 -0.148148 0.441151 
1530572592262 -0.0295361 -0.146206 0.988813 0.400401 -0.994656 0.102204 -0.0145987 -0.490475 -0.0989264 -0.98396 -0.148444 0.441248 
1530572592279 -0.0294759 -0.146321 0.988798 0.40001 -0.9947 0.101777 -0.0145911 -0.490505 -0.0985015 -0.983988 -0.148546 0.44138 
1530572592296 -0.0294665 -0.146438 0.988781 0.399625 -0.994745 0.101334 -0.0146367 -0.490543 -0.0980539 -0.984016 -0.148654 0.441525 
1530572592313 -0.029527 -0.146559 0.988761 0.399299 -0.994787 0.100906 -0.0147501 -0.490579 -0.0976106 -0.984042 -0.148775 0.441658 
1530572592329 -0.0296091 -0.146609 0.988751 0.398979 -0.994818 0.100576 -0.0148777 -0.490609 -0.0972633 -0.984068 -0.148828 0.441775 
1530572592349 -0.0297021 -0.146606 0.988749 0.398619 -0.994854 0.100203 -0.0150279 -0.490681 -0.0968723 -0.984107 -0.148828 0.441892 
1530572592366 -0.0297093 -0.146638 0.988744 0.398403 -0.994881 0.0999193 -0.0150749 -0.490714 -0.0965841 -0.984131 -0.148856 0.441938 
1530572592382 -0.0296638 -0.146592 0.988752 0.398175 -0.994912 0.0996105 -0.0150804 -0.49074 -0.0962795 -0.984169 -0.148801 0.44199 
1530572592399 -0.0295816 -0.146584 0.988756 0.397887 -0.994962 0.0991123 -0.0150738 -0.490745 -0.0957883 -0.98422 -0.148777 0.44201 
1530572592416 -0.0295278 -0.146612 0.988753 0.39761 -0.995003 0.0987028 -0.0150788 -0.490723 -0.095382 -0.984257 -0.148793 0.441996 
1530572592432 -0.0295033 -0.146626 0.988752 0.397357 -0.995033 0.0983915 -0.0150998 -0.490695 -0.0950708 -0.984286 -0.148801 0.441985 
1530572592452 -0.0295172 -0.146518 0.988768 0.397089 -0.995052 0.0981882 -0.0151551 -0.490669 -0.0948648 -0.984323 -0.148691 0.442024 
1530572592469 -0.0295069 -0.146316 0.988798 0.396886 -0.995071 0.0979927 -0.0151938 -0.490662 -0.0946718 -0.984372 -0.148486 0.442085 
1530572592486 -0.0295677 -0.146166 0.988818 0.396721 -0.995091 0.0977704 -0.015303 -0.490684 -0.0944404 -0.984417 -0.148339 0.442131 
1530572592506 -0.0298251 -0.14597 0.988839 0.396567 -0.995113 0.0974975 -0.015622 -0.490756 -0.0941291 -0.984473 -0.148164 0.442177 
1530572592522 -0.0300612 -0.145761 0.988863 0.396453 -0.995132 0.0972526 -0.0159166 -0.490827 -0.0938495 -0.984528 -0.147975 0.442224 
1530572592539 -0.0302969 -0.145514 0.988892 0.396316 -0.995156 0.0969581 -0.0162215 -0.490897 -0.0935207 -0.984594 -0.147747 0.442279 
1530572592556 -0.0303876 -0.145319 0.988918 0.396198 -0.995179 0.0967047 -0.0163695 -0.490932 -0.0932542 -0.984647 -0.147557 0.442316 
1530572592572 -0.0303511 -0.145174 0.98894 0.396082 -0.995214 0.0963306 -0.0164025 -0.490949 -0.092884 -0.984705 -0.147403 0.442344 
1530572592589 -0.0302834 -0.145073 0.988957 0.39595 -0.995267 0.0957785 -0.0164266 -0.490969 -0.0923378 -0.984774 -0.147287 0.442367 
1530572592606 -0.0302537 -0.145043 0.988963 0.39586 -0.995304 0.0953926 -0.0164573 -0.490987 -0.0919527 -0.984816 -0.147248 0.442375 
1530572592622 -0.0302499 -0.14504 0.988963 0.395799 -0.995332 0.0950878 -0.0164992 -0.490995 -0.0916453 -0.984846 -0.14724 0.442382 
1530572592639 -0.0302441 -0.145105 0.988954 0.395777 -0.995351 0.0948911 -0.0165167 -0.491 -0.0914463 -0.984855 -0.1473 0.442395 
1530572592656 -0.0301984 -0.145172 0.988945 0.395781 -0.995377 0.0946144 -0.0165058 -0.491006 -0.0911722 -0.984872 -0.147359 0.442433 
1530572592676 -0.0301701 -0.1452 0.988942 0.39579 -0.995404 0.0943265 -0.016518 -0.491019 -0.0908851 -0.984896 -0.147378 0.442493 
1530572592693 -0.0303566 -0.145301 0.988922 0.395779 -0.995412 0.0942138 -0.0167131 -0.491055 -0.0907416 -0.984892 -0.147494 0.442535 
1530572592709 -0.0306748 -0.145436 0.988892 0.395746 -0.99541 0.0941718 -0.0170272 -0.491111 -0.0906494 -0.984876 -0.147657 0.442592 
1530572592726 -0.0309789 -0.145534 0.988868 0.395701 -0.995397 0.0942609 -0.0173109 -0.49116 -0.0906923 -0.984853 -0.147784 0.442651 
1530572592742 -0.0312849 -0.145592 0.98885 0.395647 -0.995378 0.0944065 -0.0175916 -0.49121 -0.0907927 -0.98483 -0.147873 0.442727 
1530572592759 -0.0315367 -0.145604 0.98884 0.395598 -0.995363 0.0945207 -0.0178268 -0.49125 -0.0908702 -0.984817 -0.14791 0.442808 
1530572592776 -0.0317536 -0.145554 0.988841 0.395548 -0.995357 0.0945458 -0.018046 -0.491291 -0.090864 -0.984822 -0.147881 0.44293 
1530572592792 -0.0318672 -0.145496 0.988845 0.395528 -0.995362 0.0944699 -0.0181771 -0.491316 -0.0907714 -0.984838 -0.147832 0.443032 
1530572592809 -0.0319289 -0.145482 0.988846 0.395541 -0.995366 0.0944096 -0.0182496 -0.491327 -0.0907015 -0.984846 -0.147823 0.443102 
1530572592826 -0.031967 -0.145509 0.98884 0.395593 -0.995366 0.0944003 -0.0182868 -0.491326 -0.090686 -0.984843 -0.147853 0.443146 
1530572592846 -0.0320878 -0.145614 0.988821 0.39569 -0.995362 0.0944254 -0.018395 -0.491333 -0.0906913 -0.984825 -0.147969 0.443173 
1530572592862 -0.0322966 -0.145751 0.988794 0.395787 -0.995359 0.0944126 -0.0185944 -0.491365 -0.0906445 -0.984806 -0.148123 0.443209 
1530572592879 -0.0325398 -0.145871 0.988768 0.395893 -0.99536 0.0943623 -0.0188356 -0.491419 -0.0905549 -0.984793 -0.148264 0.44328 
1530572592896 -0.0328839 -0.14605 0.98873 0.395967 -0.995352 0.0943798 -0.0191628 -0.491474 -0.0905174 -0.984765 -0.148475 0.443318 
1530572592912 -0.0332979 -0.146284 0.988682 0.396028 -0.995333 0.0944987 -0.0195401 -0.491523 -0.0905708 -0.984719 -0.148747 0.443326 
1530572592929 -0.0338894 -0.146644 0.988609 0.396082 -0.995306 0.0946686 -0.0200764 -0.491577 -0.0906461 -0.984649 -0.149164 0.443296 
1530572592946 -0.0341806 -0.146841 0.988569 0.396117 -0.995292 0.0947674 -0.0203364 -0.491594 -0.0906979 -0.98461 -0.149389 0.443274 
1530572592969 -0.0344526 -0.147033 0.988531 0.396177 -0.995278 0.0948597 -0.0205784 -0.491603 -0.0907461 -0.984572 -0.149607 0.443261 
1530572592985 -0.0347101 -0.147105 0.988512 0.396257 -0.995262 0.0949767 -0.0208132 -0.491609 -0.0908238 -0.98455 -0.149705 0.443271 
1530572593002 -0.0349204 -0.147075 0.988509 0.396318 -0.995251 0.0950447 -0.0210173 -0.491621 -0.0908613 -0.984548 -0.149696 0.443295 
1530572593022 -0.0352406 -0.146902 0.988523 0.396476 -0.995241 0.0950737 -0.0213515 -0.491658 -0.0908459 -0.984571 -0.149553 0.4434 
1530572593039 -0.0354499 -0.146712 0.988544 0.396632 -0.995235 0.0950869 -0.0215778 -0.491693 -0.0908319 -0.984598 -0.149384 0.443522 
1530572593057 -0.0357574 -0.146621 0.988546 0.396816 -0.99522 0.0951748 -0.0218824 -0.491751 -0.0908762 -0.984603 -0.149324 0.443664 
1530572593072 -0.0360595 -0.146671 0.988528 0.396918 -0.995209 0.0952174 -0.0221755 -0.491803 -0.0908725 -0.984592 -0.149402 0.443737 
1530572593089 -0.0365936 -0.146822 0.988486 0.397063 -0.995201 0.0951864 -0.0227039 -0.491898 -0.0907569 -0.984572 -0.149601 0.443836 
1530572593107 -0.0369236 -0.146946 0.988455 0.397155 -0.995201 0.0951027 -0.0230374 -0.491953 -0.0906195 -0.984562 -0.149752 0.443891 
1530572593122 -0.0371978 -0.147069 0.988427 0.397226 -0.995198 0.0950708 -0.023307 -0.491983 -0.0905428 -0.984547 -0.149899 0.443912 
1530572593139 -0.0374564 -0.147193 0.988398 0.397292 -0.99519 0.0950928 -0.0235525 -0.491999 -0.0905228 -0.984526 -0.150047 0.443914 
1530572593155 -0.0377458 -0.147315 0.988369 0.397381 -0.995177 0.0951588 -0.0238225 -0.492012 -0.0905426 -0.984501 -0.150197 0.443917 
1530572593172 -0.0378582 -0.147313 0.988365 0.397464 -0.995162 0.0952965 -0.0239149 -0.492009 -0.0906647 -0.984488 -0.150208 0.443941 
1530572593192 -0.0379718 -0.147257 0.988369 0.397623 -0.995138 0.0955235 -0.0239998 -0.492002 -0.0908784 -0.984475 -0.150168 0.443989 
1530572593209 -0.0380585 -0.14719 0.988376 0.397804 -0.995123 0.0956635 -0.024072 -0.492006 -0.0910083 -0.984471 -0.150113 0.444045 
1530572593225 -0.0383476 -0.147157 0.98837 0.398033 -0.9951 0.0958264 -0.0243413 -0.492033 -0.0911299 -0.98446 -0.15011 0.444116 
1530572593245 -0.0387672 -0.147188 0.988349 0.398362 -0.995074 0.0959976 -0.0247347 -0.492065 -0.0912385 -0.984439 -0.150185 0.444216 
1530572593262 -0.0389877 -0.147209 0.988337 0.398567 -0.995061 0.0960756 -0.0249429 -0.49208 -0.0912832 -0.984428 -0.150228 0.444275 
1530572593279 -0.0392525 -0.147267 0.988318 0.398712 -0.995045 0.0961807 -0.0251881 -0.492104 -0.0913477 -0.984409 -0.150312 0.444295 
1530572593296 -0.0395762 -0.147347 0.988293 0.398818 -0.995024 0.0963181 -0.0254854 -0.492146 -0.0914352 -0.984384 -0.150426 0.444296 
1530572593312 -0.0398801 -0.147393 0.988274 0.398903 -0.995011 0.0963811 -0.0257775 -0.492201 -0.0914515 -0.984371 -0.150502 0.44431 
1530572593329 -0.0401029 -0.147361 0.98827 0.398997 -0.995012 0.096305 -0.0260165 -0.492254 -0.0913415 -0.984383 -0.150488 0.444354 
1530572593352 -0.0403825 -0.147234 0.988277 0.399168 -0.995018 0.0961557 -0.0263326 -0.49232 -0.0911514 -0.984417 -0.150384 0.444442 
1530572593369 -0.04069 -0.147177 0.988273 0.399301 -0.995018 0.0960589 -0.0266623 -0.492382 -0.0910083 -0.984435 -0.150353 0.444501 
1530572593385 -0.0411346 -0.147076 0.988269 0.399546 -0.99502 0.0959078 -0.0271424 -0.492459 -0.0907908 -0.984464 -0.150289 0.4446 
1530572593402 -0.0414877 -0.146866 0.988286 0.399783 -0.99502 0.0957932 -0.0275349 -0.492517 -0.0906272 -0.984507 -0.150109 0.444717 
1530572593419 -0.041743 -0.146582 0.988317 0.400072 -0.995028 0.0956239 -0.0278439 -0.492556 -0.0904253 -0.984566 -0.149845 0.444866 
1530572593436 -0.0419438 -0.146382 0.988339 0.400319 -0.995039 0.0954382 -0.0280929 -0.492577 -0.090213 -0.984614 -0.149659 0.444982 
1530572593452 -0.042194 -0.146281 0.988343 0.40054 -0.99504 0.095349 -0.0283677 -0.49258 -0.0900879 -0.984637 -0.149578 0.445053 
1530572593469 -0.0425253 -0.146243 0.988334 0.400721 -0.995025 0.0953986 -0.0286971 -0.492589 -0.090089 -0.984638 -0.149572 0.445087 
1530572593485 -0.0428015 -0.14629 0.988315 0.400832 -0.995011 0.0954739 -0.0289595 -0.492612 -0.0901218 -0.984624 -0.149646 0.445099 
1530572593502 -0.0430218 -0.146317 0.988302 0.400921 -0.994993 0.095596 -0.0291601 -0.492639 -0.090211 -0.984608 -0.149697 0.445122 
1530572593522 -0.0433846 -0.146336 0.988283 0.401069 -0.994957 0.0958696 -0.0294821 -0.49269 -0.0904321 -0.984578 -0.149757 0.445176 
1530572593539 -0.043672 -0.146353 0.988268 0.401201 -0.994936 0.0960043 -0.0297493 -0.492742 -0.0905241 -0.984563 -0.149805 0.445214 
1530572593555 -0.0439271 -0.14635 0.988257 0.401384 -0.994909 0.0962116 -0.029975 -0.49279 -0.0906949 -0.984543 -0.149831 0.445263 
1530572593574 -0.0443664 -0.146437 0.988225 0.401655 -0.994869 0.0965075 -0.0303641 -0.492849 -0.0909246 -0.984501 -0.149968 0.445309 
1530572593589 -0.0446088 -0.146496 0.988205 0.401839 -0.994852 0.0966166 -0.030586 -0.492872 -0.0909963 -0.984482 -0.150052 0.44534 
1530572593606 -0.0449035 -0.146583 0.988179 0.402147 -0.994848 0.0965612 -0.030883 -0.492898 -0.0908928 -0.984474 -0.150164 0.445411 
1530572593622 -0.0449616 -0.146638 0.988168 0.40237 -0.994853 0.0964824 -0.0309483 -0.492882 -0.0908026 -0.984474 -0.150222 0.445472 
1530572593642 -0.0451377 -0.146696 0.988151 0.402572 -0.994846 0.0965047 -0.0311169 -0.492865 -0.0907965 -0.984463 -0.150296 0.445525 
1530572593659 -0.0453921 -0.146769 0.988129 0.402705 -0.994831 0.0965844 -0.0313541 -0.492866 -0.090836 -0.984444 -0.150395 0.445541 
1530572593679 -0.0456612 -0.146765 0.988117 0.402826 -0.994801 0.0968129 -0.0315905 -0.492873 -0.0910261 -0.984422 -0.150422 0.445555 
1530572593696 -0.0460679 -0.146602 0.988122 0.402989 -0.994745 0.0972727 -0.0319449 -0.492899 -0.0914341 -0.984401 -0.150313 0.445589 
1530572593712 -0.0464815 -0.146464 0.988123 0.40317 -0.9947 0.0976109 -0.0323226 -0.492959 -0.0917175 -0.984388 -0.150225 0.445633 
1530572593729 -0.0469805 -0.146426 0.988105 0.403417 -0.994665 0.0978013 -0.0327994 -0.49304 -0.0918353 -0.984375 -0.15024 0.445676 
1530572593746 -0.0474042 -0.146364 0.988094 0.403712 -0.994639 0.0979281 -0.0332124 -0.493104 -0.0919011 -0.984372 -0.150221 0.445724 
1530572593763 -0.0477448 -0.146298 0.988088 0.403955 -0.994615 0.0980603 -0.0335412 -0.493144 -0.0919852 -0.984368 -0.150192 0.445763 
1530572593779 -0.0481041 -0.146237 0.988079 0.404179 -0.994591 0.0981869 -0.0338894 -0.493178 -0.0920606 -0.984365 -0.150169 0.445799 
1530572593796 -0.0483064 -0.146142 0.988083 0.404375 -0.994567 0.0983599 -0.0340755 -0.493176 -0.0922079 -0.984362 -0.1501 0.445839 
1530572593812 -0.0484612 -0.146085 0.988084 0.404498 -0.994549 0.0984925 -0.0342164 -0.493179 -0.0923204 -0.984357 -0.150062 0.445869 
1530572593829 -0.0487994 -0.145964 0.988086 0.40473 -0.994528 0.098588 -0.0345538 -0.493201 -0.0923698 -0.984365 -0.149976 0.445931 
1530572593852 -0.0492584 -0.145833 0.988082 0.404969 -0.994496 0.0987584 -0.0350022 -0.493233 -0.0924769 -0.984368 -0.149895 0.44597 
1530572593869 -0.0496601 -0.145526 0.988107 0.405206 -0.994451 0.099068 -0.0353885 -0.493259 -0.0927399 -0.984382 -0.149638 0.445978 
1530572593886 -0.0500866 -0.145209 0.988132 0.405466 -0.994404 0.0993986 -0.0357975 -0.49329 -0.0930209 -0.984395 -0.149375 0.445975 
1530572593902 -0.0506263 -0.14491 0.988149 0.405772 -0.994346 0.0997921 -0.0363095 -0.493335 -0.0933478 -0.9844 -0.149143 0.445972 
1530572593919 -0.0511444 -0.144546 0.988175 0.406102 -0.994294 0.100117 -0.0368163 -0.493384 -0.0936118 -0.98442 -0.148842 0.446008 
1530572593936 -0.0515694 -0.144302 0.988189 0.406396 -0.994257 0.100336 -0.0372343 -0.49342 -0.0937781 -0.984434 -0.148647 0.446045 
1530572593952 -0.0520556 -0.144105 0.988192 0.406701 -0.994217 0.100546 -0.0377106 -0.493463 -0.0939249 -0.984441 -0.148506 0.446067 
1530572593969 -0.0524163 -0.143879 0.988206 0.40688 -0.994188 0.100697 -0.0380725 -0.493494 -0.0940314 -0.984459 -0.148321 0.446083 
1530572593986 -0.0527235 -0.143713 0.988214 0.407011 -0.99416 0.100862 -0.0383727 -0.493513 -0.0941587 -0.984466 -0.148191 0.446084 
1530572594003 -0.0531629 -0.143519 0.988219 0.407193 -0.994124 0.101049 -0.0388052 -0.493558 -0.0942896 -0.984475 -0.148048 0.446107 
1530572594022 -0.0535654 -0.143332 0.988224 0.407385 -0.994093 0.101202 -0.0392052 -0.493615 -0.0943911 -0.984487 -0.147907 0.446147 
1530572594039 -0.0539235 -0.143169 0.988228 0.407566 -0.994057 0.101425 -0.0395477 -0.493669 -0.0945687 -0.984487 -0.147787 0.446185 
1530572594056 -0.0544082 -0.142985 0.988228 0.407824 -0.994006 0.101741 -0.0400056 -0.493716 -0.0948233 -0.984482 -0.147663 0.446211 
1530572594072 -0.0548713 -0.14276 0.988235 0.408097 -0.99395 0.102116 -0.040437 -0.493735 -0.0951418 -0.984475 -0.147499 0.446201 
1530572594089 -0.055445 -0.142428 0.988251 0.408472 -0.99388 0.102584 -0.0409762 -0.49376 -0.095543 -0.984475 -0.147245 0.446189 
1530572594106 -0.0558225 -0.142132 0.988272 0.408782 -0.993837 0.102854 -0.0413445 -0.493785 -0.0957712 -0.98449 -0.146998 0.446215 
1530572594122 -0.0561469 -0.141951 0.98828 0.409085 -0.993806 0.10302 -0.0416636 -0.493805 -0.0958984 -0.984498 -0.146857 0.446254 
1530572594146 -0.0566231 -0.141876 0.988264 0.409425 -0.993774 0.103146 -0.0421311 -0.493851 -0.0959578 -0.984496 -0.146833 0.446297 
1530572594172 -0.0570701 -0.141844 0.988243 0.409722 -0.993744 0.103253 -0.0425677 -0.493903 -0.0960013 -0.984489 -0.146849 0.446299 
1530572594188 -0.0574399 -0.141841 0.988221 0.409923 -0.993714 0.103398 -0.0429182 -0.493946 -0.0960929 -0.984474 -0.146889 0.446301 
1530572594205 -0.0578431 -0.141802 0.988204 0.410139 -0.993667 0.103699 -0.0432826 -0.493992 -0.0963383 -0.984448 -0.146903 0.446313 
1530572594221 -0.0582749 -0.141774 0.988182 0.410399 -0.993613 0.104048 -0.0436675 -0.494033 -0.0966272 -0.984416 -0.146932 0.446326 
1530572594239 -0.058828 -0.141898 0.988132 0.410674 -0.993552 0.104422 -0.0441555 -0.494063 -0.0969166 -0.984358 -0.147126 0.446311 
1530572594255 -0.05923 -0.141967 0.988098 0.410924 -0.993514 0.104627 -0.0445222 -0.494084 -0.0970613 -0.984326 -0.147243 0.446321 
1530572594271 -0.0595409 -0.142003 0.988074 0.411175 -0.993501 0.104626 -0.0448313 -0.494106 -0.0970125 -0.984321 -0.147309 0.446355 
1530572594288 -0.0597314 -0.142019 0.98806 0.411421 -0.993499 0.104557 -0.0450317 -0.494116 -0.0969134 -0.984326 -0.147341 0.446394 
1530572594305 -0.0598417 -0.141983 0.988059 0.411636 -0.993498 0.104508 -0.0451535 -0.49413 -0.0968493 -0.984337 -0.147313 0.446427 
1530572594322 -0.0599762 -0.141932 0.988058 0.411841 -0.993489 0.104543 -0.0452885 -0.494141 -0.0968669 -0.98434 -0.147278 0.446439 
1530572594342 -0.0602104 -0.141763 0.988068 0.412113 -0.993458 0.104735 -0.0455121 -0.494141 -0.0970329 -0.984344 -0.147142 0.446444 
1530572594358 -0.0605426 -0.141435 0.988094 0.412401 -0.993419 0.104963 -0.0458445 -0.494165 -0.0972293 -0.984367 -0.146859 0.446478 
1530572594375 -0.0608133 -0.141131 0.988121 0.412663 -0.993379 0.105224 -0.046108 -0.494189 -0.0974666 -0.984383 -0.146596 0.446479 
1530572594391 -0.0611472 -0.140835 0.988143 0.413011 -0.993321 0.105638 -0.0464114 -0.494195 -0.0978494 -0.984381 -0.146354 0.446434 
1530572594410 -0.0615428 -0.140698 0.988138 0.41331 -0.993258 0.106078 -0.0467575 -0.494193 -0.0982408 -0.984353 -0.146278 0.446344 
1530572594425 -0.061934 -0.140567 0.988132 0.413618 -0.993201 0.106455 -0.047108 -0.494185 -0.0985696 -0.984331 -0.146204 0.446259 
1530572594442 -0.0621598 -0.140338 0.988151 0.413908 -0.993175 0.106598 -0.0473366 -0.494174 -0.0986923 -0.984349 -0.146006 0.44623 
1530572594469 -0.0624919 -0.13978 0.988209 0.41433 -0.993148 0.106681 -0.0477144 -0.494165 -0.0987534 -0.984419 -0.145489 0.446299 
1530572594496 -0.0629752 -0.139277 0.988249 0.414717 -0.99312 0.106697 -0.0482485 -0.494204 -0.0987234 -0.984489 -0.145038 0.446382 
1530572594512 -0.0632137 -0.139036 0.988268 0.414925 -0.993107 0.106701 -0.0485119 -0.494225 -0.0987038 -0.984522 -0.144822 0.446415 
1530572594529 -0.0635854 -0.138704 0.98829 0.415219 -0.993079 0.106782 -0.0489069 -0.494271 -0.0987482 -0.98456 -0.144534 0.44642 
1530572594546 -0.0641252 -0.138341 0.988306 0.415511 -0.993036 0.10692 -0.0494656 -0.494349 -0.0988267 -0.984596 -0.144234 0.446411 
1530572594562 -0.0647705 -0.137983 0.988314 0.415857 -0.992972 0.107216 -0.0501068 -0.494406 -0.0990493 -0.984614 -0.143958 0.446338 
1530572594579 -0.0652195 -0.137762 0.988316 0.416113 -0.992922 0.107474 -0.0505426 -0.494425 -0.0992556 -0.984617 -0.143796 0.446261 
1530572594596 -0.0656369 -0.137491 0.988326 0.416375 -0.992874 0.107728 -0.0509523 -0.494441 -0.0994646 -0.984627 -0.143582 0.446196 
1530572594612 -0.065887 -0.137212 0.988348 0.416623 -0.992844 0.107881 -0.0512097 -0.494438 -0.0995975 -0.984649 -0.143338 0.446176 
1530572594629 -0.0660895 -0.136933 0.988373 0.416868 -0.992824 0.107963 -0.0514295 -0.494439 -0.0996652 -0.984679 -0.143085 0.446186 
1530572594646 -0.0662697 -0.136734 0.988389 0.417058 -0.992812 0.107979 -0.0516284 -0.494455 -0.0996663 -0.984705 -0.142907 0.446206 
1530572594666 -0.0666673 -0.136569 0.988385 0.417346 -0.992787 0.108004 -0.0520409 -0.494503 -0.0996425 -0.984725 -0.142784 0.446197 
1530572594682 -0.0670928 -0.136513 0.988364 0.417567 -0.992756 0.108085 -0.0524623 -0.494547 -0.0996653 -0.984724 -0.142776 0.446152 
1530572594699 -0.0675063 -0.13629 0.988366 0.417839 -0.992723 0.108188 -0.0528854 -0.49459 -0.0997213 -0.984744 -0.142602 0.446128 
1530572594716 -0.0678357 -0.135944 0.988391 0.418201 -0.992701 0.108213 -0.0532477 -0.494619 -0.0997181 -0.984789 -0.142292 0.446154 
1530572594732 -0.0681102 -0.135644 0.988414 0.418544 -0.992683 0.108223 -0.0535525 -0.494625 -0.0997048 -0.984829 -0.142023 0.44619 
1530572594749 -0.068389 -0.135366 0.988433 0.418882 -0.992661 0.108279 -0.0538527 -0.494615 -0.099737 -0.984861 -0.141778 0.446207 
1530572594766 -0.0687248 -0.135111 0.988444 0.419248 -0.992629 0.108396 -0.0541991 -0.494604 -0.0998205 -0.984883 -0.141565 0.44619 
1530572594782 -0.0690493 -0.135027 0.988433 0.419499 -0.992604 0.108462 -0.054524 -0.494627 -0.0998451 -0.984888 -0.141517 0.446154 
1530572594799 -0.0693752 -0.135003 0.988413 0.419706 -0.992579 0.108529 -0.0548441 -0.494679 -0.099867 -0.984884 -0.141531 0.44611 
1530572594816 -0.0695931 -0.134975 0.988402 0.419905 -0.992556 0.108639 -0.0550501 -0.494721 -0.0999485 -0.984875 -0.14153 0.446065 
1530572594836 -0.0699082 -0.134954 0.988383 0.420166 -0.992524 0.108777 -0.0553487 -0.494763 -0.100043 -0.984863 -0.141549 0.446015 
1530572594852 -0.0701813 -0.134955 0.988363 0.420412 -0.992505 0.108817 -0.0556171 -0.494796 -0.100045 -0.984858 -0.14158 0.445998 
1530572594869 -0.0703356 -0.134909 0.988358 0.420674 -0.992504 0.108737 -0.0557882 -0.494821 -0.0999444 -0.984874 -0.141546 0.446023 
1530572594886 -0.0706192 -0.134885 0.988342 0.421048 -0.992499 0.108627 -0.0560912 -0.494844 -0.0997946 -0.984889 -0.141544 0.446049 
1530572594902 -0.0709456 -0.134886 0.988318 0.421315 -0.992481 0.10862 -0.0564198 -0.494858 -0.0997413 -0.984889 -0.141578 0.446042 
1530572594919 -0.0712913 -0.13488 0.988294 0.421601 -0.992458 0.108647 -0.0567638 -0.494867 -0.0997193 -0.984887 -0.141609 0.446018 
1530572594936 -0.0715821 -0.134825 0.98828 0.421914 -0.992438 0.108682 -0.0570563 -0.494882 -0.0997161 -0.984891 -0.141585 0.445985 
1530572594952 -0.0717404 -0.13491 0.988257 0.42215 -0.992434 0.108635 -0.0572134 -0.494892 -0.0996411 -0.984885 -0.141683 0.445948 
1530572594969 -0.0717838 -0.134982 0.988244 0.422448 -0.992441 0.10854 -0.0572635 -0.494874 -0.0995341 -0.984885 -0.141753 0.445936 
1530572594986 -0.0717862 -0.134955 0.988248 0.422673 -0.992449 0.10846 -0.0572801 -0.494855 -0.0994548 -0.984898 -0.141722 0.445961 
1530572595006 -0.0719478 -0.134893 0.988245 0.422952 -0.992444 0.108411 -0.0574557 -0.494864 -0.0993864 -0.984912 -0.141673 0.446018 
1530572595022 -0.0722994 -0.134772 0.988235 0.423202 -0.992417 0.108471 -0.0578123 -0.494898 -0.0994037 -0.984922 -0.141593 0.446069 
1530572595040 -0.0726397 -0.134678 0.988223 0.423444 -0.992385 0.108587 -0.0581471 -0.494933 -0.0994768 -0.984922 -0.14154 0.446068 
1530572595056 -0.0730245 -0.13457 0.98821 0.4237 -0.992342 0.108778 -0.0585169 -0.494973 -0.0996212 -0.984915 -0.141483 0.446033 
1530572595072 -0.0735842 -0.134556 0.98817 0.424012 -0.992287 0.108996 -0.0590492 -0.495014 -0.0997609 -0.984893 -0.141539 0.445932 
1530572595089 -0.0740102 -0.134534 0.988141 0.42429 -0.99225 0.109103 -0.0594637 -0.495047 -0.0998093 -0.984884 -0.141566 0.445856 
1530572595108 -0.0743585 -0.134572 0.98811 0.424618 -0.992226 0.109135 -0.0598051 -0.49508 -0.0997889 -0.984876 -0.141641 0.445785 
1530572595122 -0.0744518 -0.134587 0.988101 0.424832 -0.992222 0.109122 -0.0598991 -0.49508 -0.0997616 -0.984875 -0.141665 0.445765 
1530572595139 -0.0745521 -0.134566 0.988096 0.425076 -0.992213 0.109146 -0.0599984 -0.49507 -0.0997731 -0.984875 -0.141655 0.445773 
1530572595156 -0.0746468 -0.134465 0.988103 0.425296 -0.992193 0.109289 -0.0600833 -0.495067 -0.0999093 -0.984873 -0.141573 0.445804 
1530572595179 -0.0748465 -0.134265 0.988115 0.425622 -0.992147 0.109603 -0.0602591 -0.495081 -0.10021 -0.984866 -0.141414 0.445848 
1530572595196 -0.0750928 -0.134054 0.988125 0.425843 -0.992092 0.109984 -0.0604734 -0.4951 -0.100571 -0.984852 -0.141253 0.445853 
1530572595212 -0.0754867 -0.13385 0.988122 0.426087 -0.992016 0.110473 -0.0608197 -0.495126 -0.10102 -0.984825 -0.14112 0.445832 
1530572595229 -0.0758869 -0.133658 0.988118 0.426375 -0.991931 0.111055 -0.0611579 -0.495142 -0.101561 -0.984785 -0.141007 0.445775 
1530572595246 -0.0762164 -0.13343 0.988123 0.426746 -0.991852 0.111607 -0.0614332 -0.495158 -0.102084 -0.984754 -0.140849 0.445725 
1530572595262 -0.0764924 -0.13327 0.988123 0.427139 -0.991792 0.112006 -0.0616699 -0.495174 -0.102457 -0.98473 -0.140744 0.445683 
1530572595286 -0.0766815 -0.133195 0.988119 0.427573 -0.99176 0.112195 -0.0618407 -0.49518 -0.102625 -0.984719 -0.1407 0.445671 
1530572595303 -0.0767668 -0.13318 0.988114 0.427816 -0.991762 0.112126 -0.0619377 -0.495205 -0.102544 -0.984729 -0.14069 0.445682 
1530572595323 -0.0769661 -0.133202 0.988096 0.428072 -0.991757 0.112053 -0.0621458 -0.495242 -0.102441 -0.984734 -0.140728 0.445696 
1530572595339 -0.0771811 -0.133292 0.988067 0.428245 -0.991746 0.112033 -0.062355 -0.495263 -0.102385 -0.984724 -0.140838 0.445684 
1530572595359 -0.0774415 -0.133399 0.988032 0.428481 -0.99173 0.112039 -0.0626044 -0.49529 -0.102347 -0.984709 -0.140972 0.445661 
1530572595376 -0.0776292 -0.133481 0.988006 0.428669 -0.991713 0.112088 -0.0627773 -0.495311 -0.102364 -0.984692 -0.141076 0.445627 
1530572595393 -0.0778251 -0.133545 0.987982 0.428952 -0.991706 0.112046 -0.0629733 -0.495355 -0.10229 -0.984689 -0.141157 0.445625 
1530572595413 -0.0779647 -0.133681 0.987953 0.429248 -0.991721 0.111819 -0.0631317 -0.49539 -0.102032 -0.984696 -0.141293 0.445636 
1530572595430 -0.0780302 -0.133811 0.98793 0.429522 -0.99174 0.111608 -0.0632142 -0.495405 -0.101802 -0.984702 -0.141415 0.445643 
1530572595446 -0.0781299 -0.13397 0.987901 0.429837 -0.991754 0.111415 -0.0633256 -0.495419 -0.101583 -0.984702 -0.14157 0.445635 
1530572595466 -0.0784094 -0.134188 0.987849 0.430185 -0.991755 0.111246 -0.063608 -0.495448 -0.101359 -0.984692 -0.141804 0.445628 
1530572595483 -0.0785963 -0.134316 0.987817 0.430446 -0.991753 0.111161 -0.0637946 -0.495453 -0.101238 -0.984684 -0.141945 0.44563 
1530572595500 -0.0788426 -0.13446 0.987777 0.430727 -0.991737 0.111168 -0.0640261 -0.495454 -0.1012 -0.984663 -0.142114 0.445626 
1530572595516 -0.0792342 -0.134648 0.98772 0.431046 -0.991713 0.11117 -0.0643995 -0.495465 -0.101134 -0.984638 -0.142341 0.445616 
1530572595533 -0.0795407 -0.134787 0.987677 0.43137 -0.991705 0.111059 -0.064709 -0.495492 -0.100969 -0.984631 -0.142503 0.445636 
1530572595550 -0.0799104 -0.134975 0.987621 0.431787 -0.99171 0.110784 -0.0651007 -0.495541 -0.100626 -0.984636 -0.142709 0.445684 
1530572595566 -0.0800847 -0.135075 0.987594 0.432028 -0.99172 0.110576 -0.0652956 -0.495566 -0.100385 -0.984646 -0.142812 0.445725 
1530572595583 -0.0804178 -0.135319 0.987533 0.432381 -0.991739 0.110197 -0.0656603 -0.495636 -0.0999379 -0.984655 -0.143063 0.44578 
1530572595600 -0.080736 -0.135549 0.987476 0.432564 -0.991734 0.110051 -0.0659776 -0.495686 -0.0997298 -0.98464 -0.143314 0.445774 
1530572595616 -0.0809972 -0.135721 0.987431 0.43271 -0.991723 0.109999 -0.06623 -0.495722 -0.0996279 -0.984622 -0.143507 0.445759 
1530572595636 -0.0813414 -0.135865 0.987383 0.432873 -0.991695 0.110056 -0.0665527 -0.495776 -0.0996256 -0.984596 -0.143689 0.44574 
1530572595653 -0.0816339 -0.135853 0.98736 0.433032 -0.991662 0.110187 -0.0668286 -0.49582 -0.0997155 -0.984582 -0.143716 0.445756 
1530572595670 -0.0819038 -0.135788 0.987347 0.433281 -0.991635 0.110268 -0.0670946 -0.495873 -0.0997621 -0.984583 -0.143683 0.445794 
1530572595693 -0.0820782 -0.135737 0.987339 0.433816 -0.991624 0.110248 -0.0672779 -0.495927 -0.0997198 -0.984592 -0.143649 0.445815 
1530572595710 -0.0821012 -0.135752 0.987335 0.434168 -0.991639 0.110089 -0.0673225 -0.495941 -0.0995559 -0.984607 -0.143655 0.445806 
1530572595727 -0.0821555 -0.135828 0.98732 0.434504 -0.991653 0.109922 -0.0673938 -0.49595 -0.0993742 -0.984616 -0.143725 0.445792 
1530572595747 -0.0821408 -0.136032 0.987293 0.434846 -0.991672 0.109751 -0.0673834 -0.495929 -0.0991898 -0.984607 -0.143914 0.445749 
1530572595767 -0.0821429 -0.136196 0.987271 0.435149 -0.991692 0.109568 -0.0673957 -0.495908 -0.098994 -0.984604 -0.144064 0.445748 
1530572595785 -0.0822165 -0.136328 0.987246 0.435433 -0.991701 0.109431 -0.0674764 -0.495903 -0.0988361 -0.984601 -0.144193 0.445754 
1530572595803 -0.0823948 -0.13636 0.987227 0.435767 -0.991706 0.10927 -0.0676758 -0.495926 -0.0986459 -0.984615 -0.144232 0.445797 
1530572595820 -0.0825711 -0.136295 0.987221 0.436056 -0.991697 0.10923 -0.0678652 -0.49596 -0.0985845 -0.984628 -0.144183 0.445835 
1530572595839 -0.08284 -0.136325 0.987194 0.436371 -0.991691 0.109111 -0.0681497 -0.496025 -0.0984233 -0.984637 -0.144231 0.445855 
1530572595854 -0.083134 -0.136425 0.987156 0.436693 -0.991681 0.109008 -0.0684501 -0.496076 -0.0982698 -0.984635 -0.144353 0.445849 
1530572595870 -0.0833458 -0.136511 0.987126 0.436966 -0.991672 0.108962 -0.0686611 -0.496112 -0.0981864 -0.984628 -0.144455 0.445823 
1530572595887 -0.0834681 -0.136608 0.987102 0.437193 -0.991671 0.108891 -0.0687846 -0.496157 -0.0980899 -0.984622 -0.144559 0.445792 
1530572595904 -0.0836622 -0.136732 0.987069 0.437381 -0.991665 0.108827 -0.0689767 -0.496208 -0.0979883 -0.984612 -0.144697 0.445765 
1530572595924 -0.0839632 -0.136914 0.987018 0.437666 -0.991642 0.108853 -0.0692572 -0.496264 -0.0979573 -0.984584 -0.144909 0.445713 
