1534173239702 0.523621 0.816962 -0.241649 -0.518074 -0.830221 0.552962 0.0704635 -0.163016 0.191189 0.163726 0.967802 0.3383 
1534173243193 0.523621 0.816963 -0.241648 -0.518073 -0.830222 0.552962 0.0704653 -0.163016 0.191189 0.163724 0.967802 0.338301 
1534173244500 0.508043 0.8368 -0.204105 -0.52747 -0.842622 0.531974 0.0836204 -0.168582 0.178552 0.129501 0.975371 0.336335 
1534173245387 0.490647 0.855035 -0.167868 -0.537253 -0.855118 0.509504 0.0958059 -0.174015 0.167447 0.09654 0.981143 0.333827 
1534173246256 0.472881 0.871599 -0.129223 -0.546886 -0.867183 0.486353 0.107026 -0.179482 0.156132 0.061449 0.985823 0.331675 
1534173247116 0.454505 0.886135 -0.0905006 -0.556544 -0.878726 0.462686 0.117315 -0.184986 0.14583 0.0262049 0.988962 0.329475 
1534173247996 0.435368 0.898804 -0.0510472 -0.566148 -0.889914 0.438244 0.126472 -0.190451 0.136044 -0.00963411 0.990656 0.327341 
1534173248883 0.415707 0.909423 -0.0117443 -0.575782 -0.900566 0.413395 0.134483 -0.195917 0.127157 -0.0453289 0.990846 0.325072 
1534173249775 0.395368 0.918098 0.0279357 -0.585404 -0.910796 0.387924 0.141297 -0.201399 0.118888 -0.0813082 0.989573 0.322866 
1534173250699 0.374486 0.924753 0.0677565 -0.595013 -0.920495 0.361978 0.147177 -0.206898 0.111576 -0.117485 0.986787 0.320605 
1534173251557 0.353345 0.929324 0.107257 -0.602452 -0.929571 0.335912 0.15186 -0.21159 0.105098 -0.153362 0.982565 0.31896 
1534173251588 0.352952 0.929393 0.107951 -0.602555 -0.929715 0.335409 0.152087 -0.211538 0.105141 -0.154043 0.982454 0.319104 
1534173251928 0.351736 0.929541 0.110616 -0.603517 -0.93022 0.333856 0.152415 -0.212204 0.104746 -0.156507 0.982107 0.318735 
1534173252259 0.34932 0.929958 0.114686 -0.604712 -0.93119 0.330929 0.152878 -0.212808 0.104217 -0.160198 0.981568 0.318387 
1534173252596 0.34713 0.930252 0.118878 -0.605944 -0.932089 0.328237 0.153204 -0.213455 0.103499 -0.163987 0.981018 0.318174 
1534173252934 0.344796 0.930572 0.123092 -0.607121 -0.933018 0.325379 0.153645 -0.21404 0.102926 -0.167823 0.980429 0.317908 
1534173253281 0.34272 0.930807 0.127046 -0.608342 -0.933831 0.322792 0.15416 -0.214735 0.102484 -0.171473 0.979844 0.317647 
1534173253620 0.340583 0.931013 0.131218 -0.609538 -0.934675 0.320136 0.154582 -0.215449 0.101911 -0.175294 0.979227 0.317476 
1534173253966 0.33807 0.931331 0.135392 -0.610777 -0.935649 0.317118 0.154907 -0.215952 0.101335 -0.179049 0.978608 0.317206 
1534173254308 0.335916 0.93148 0.139661 -0.61198 -0.936481 0.314422 0.155379 -0.216584 0.10082 -0.182984 0.977933 0.317023 
1534173254658 0.33352 0.93171 0.143807 -0.613158 -0.937399 0.311529 0.155671 -0.217215 0.10024 -0.186724 0.977285 0.31674 
1534173254682 0.333276 0.93174 0.144177 -0.613215 -0.937494 0.311246 0.155666 -0.21722 0.100165 -0.187045 0.977231 0.316757 
1534173254699 0.333169 0.931763 0.14428 -0.613267 -0.93753 0.311123 0.155695 -0.217215 0.100182 -0.187139 0.977212 0.316778 
1534173254818 0.333003 0.93179 0.144487 -0.613288 -0.93764 0.311022 0.155232 -0.217166 0.0997044 -0.187169 0.977255 0.316764 
1534173254852 0.333112 0.931781 0.144292 -0.613277 -0.937692 0.311332 0.154289 -0.217222 0.0988411 -0.186697 0.977433 0.316639 
1534173254931 0.333208 0.931744 0.144311 -0.613261 -0.937774 0.311642 0.153164 -0.217308 0.0977359 -0.186367 0.977607 0.316573 
1534173254979 0.332807 0.931838 0.144631 -0.613316 -0.938013 0.311387 0.152219 -0.217264 0.0968078 -0.186325 0.977707 0.316592 
1534173255046 0.332324 0.931941 0.145076 -0.613429 -0.93829 0.311052 0.151192 -0.217172 0.0957757 -0.186368 0.977801 0.3166 
1534173255102 0.332246 0.931959 0.145137 -0.613502 -0.938423 0.311173 0.150113 -0.21719 0.0947365 -0.186074 0.977958 0.31651 
1534173255160 0.332099 0.931966 0.145427 -0.613523 -0.938592 0.311215 0.148967 -0.217287 0.093573 -0.185969 0.97809 0.316436 
1534173255217 0.332056 0.931939 0.1457 -0.613562 -0.938718 0.311353 0.147875 -0.21738 0.0924465 -0.185874 0.978215 0.316377 
1534173255241 0.331983 0.931953 0.145776 -0.613597 -0.938781 0.311344 0.147493 -0.217379 0.0920702 -0.185817 0.978261 0.316363 
1534173255256 0.331863 0.931987 0.145831 -0.613634 -0.938859 0.311291 0.14711 -0.217371 0.0917085 -0.185735 0.978311 0.316351 
1534173255273 0.331791 0.932007 0.145871 -0.613655 -0.938908 0.311263 0.146855 -0.217374 0.0914659 -0.185684 0.978343 0.316343 
1534173255359 0.331379 0.932118 0.146093 -0.613677 -0.939091 0.310906 0.146444 -0.217337 0.0910818 -0.185723 0.978372 0.316302 
1534173255414 0.331071 0.93221 0.146206 -0.613593 -0.939134 0.310454 0.147127 -0.217446 0.0917629 -0.186016 0.978252 0.316297 
1534173255465 0.330782 0.932306 0.146249 -0.613519 -0.939209 0.310113 0.147367 -0.217602 0.0920372 -0.186104 0.97821 0.316267 
1534173255527 0.330478 0.9324 0.146338 -0.613458 -0.939315 0.309804 0.147342 -0.217778 0.0920458 -0.186151 0.9782 0.316239 
1534173255570 0.329895 0.932583 0.146489 -0.613453 -0.939527 0.30923 0.147196 -0.217792 0.0919739 -0.186189 0.9782 0.316232 
1534173255639 0.32956 0.932676 0.146652 -0.613442 -0.939657 0.308907 0.14704 -0.217857 0.0918393 -0.186261 0.978199 0.316226 
1534173255684 0.329185 0.932786 0.146793 -0.613435 -0.939796 0.308536 0.14693 -0.217937 0.0917633 -0.186323 0.978194 0.316214 
1534173255707 0.329069 0.932815 0.146865 -0.613432 -0.939841 0.308423 0.146879 -0.217974 0.0917145 -0.186363 0.978191 0.316202 
1534173255724 0.328997 0.932835 0.146902 -0.613429 -0.939869 0.308353 0.146849 -0.217991 0.0916878 -0.186382 0.97819 0.316197 
1534173255850 0.328347 0.933066 0.146887 -0.613354 -0.9401 0.307733 0.146671 -0.218108 0.0916516 -0.186247 0.978219 0.316223 
1534173255899 0.328046 0.93331 0.14601 -0.613307 -0.940153 0.307474 0.146875 -0.218193 0.0921853 -0.185453 0.978319 0.31624 
1534173256032 0.326893 0.933851 0.145133 -0.613154 -0.940478 0.306343 0.147155 -0.218539 0.0929599 -0.184599 0.978408 0.316221 
1534173256092 0.326147 0.934158 0.144835 -0.613044 -0.940707 0.305608 0.147224 -0.218652 0.0932681 -0.184264 0.978442 0.316323 
1534173256229 0.325073 0.934695 0.14378 -0.612883 -0.94102 0.304618 0.147275 -0.219083 0.0938598 -0.183175 0.97859 0.31636 
1534173256284 0.324568 0.934938 0.143339 -0.612748 -0.94117 0.304151 0.147281 -0.219326 0.0941022 -0.182709 0.978653 0.316379 
1534173256304 0.324456 0.934997 0.143207 -0.612724 -0.941202 0.304051 0.147282 -0.219374 0.0941663 -0.182574 0.978672 0.316384 
1534173256320 0.32441 0.935028 0.143113 -0.612715 -0.941214 0.304014 0.14728 -0.219382 0.0942027 -0.182479 0.978686 0.316388 
1534173256350 0.324208 0.935105 0.143063 -0.612693 -0.941281 0.303822 0.147247 -0.219375 0.0942254 -0.182401 0.978699 0.316391 
1534173256463 0.323653 0.935379 0.142531 -0.612596 -0.941434 0.303293 0.147362 -0.219629 0.0946105 -0.181878 0.978759 0.316354 
1534173256504 0.323637 0.935447 0.142123 -0.612484 -0.941414 0.303293 0.14749 -0.21991 0.0948642 -0.181529 0.978799 0.316335 
1534173256596 0.323269 0.935653 0.141599 -0.612326 -0.941511 0.302963 0.147551 -0.220153 0.0951575 -0.181016 0.978866 0.316298 
1534173256654 0.322542 0.935998 0.140977 -0.61226 -0.941718 0.302277 0.147636 -0.220268 0.0955728 -0.180379 0.978943 0.316249 
1534173256741 0.322345 0.93618 0.140216 -0.61213 -0.941752 0.302142 0.147693 -0.220568 0.0959017 -0.179657 0.979044 0.316156 
1534173256782 0.322068 0.93633 0.139849 -0.612012 -0.941826 0.301894 0.147727 -0.220841 0.0961015 -0.179292 0.979091 0.316117 
1534173256871 0.321526 0.936611 0.139214 -0.611918 -0.941986 0.301422 0.147672 -0.220996 0.0963486 -0.178618 0.97919 0.316074 
1534173256897 0.321173 0.93676 0.139029 -0.611865 -0.942092 0.301083 0.147685 -0.22107 0.0964862 -0.178411 0.979214 0.316065 
1534173256914 0.321062 0.936816 0.138907 -0.611831 -0.942123 0.300979 0.147703 -0.22113 0.0965627 -0.178289 0.979229 0.31606 
1534173257045 0.321136 0.936815 0.138745 -0.611629 -0.942093 0.301068 0.147714 -0.221232 0.0966085 -0.178147 0.97925 0.315755 
1534173257099 0.320892 0.936819 0.139275 -0.611408 -0.942202 0.300796 0.147573 -0.221025 0.0963555 -0.17858 0.979196 0.315528 
1534173257164 0.321014 0.936797 0.139147 -0.611203 -0.942186 0.300983 0.147289 -0.221132 0.0960993 -0.178384 0.979257 0.315225 
1534173257221 0.321125 0.936767 0.139094 -0.611003 -0.942158 0.301117 0.147193 -0.221281 0.0960018 -0.178316 0.979279 0.31505 
1534173257277 0.321067 0.936776 0.139166 -0.610777 -0.942196 0.301084 0.147018 -0.221371 0.095822 -0.178324 0.979295 0.314857 
1534173257328 0.3211 0.936752 0.13925 -0.610544 -0.942201 0.301132 0.14689 -0.221514 0.0956673 -0.178368 0.979302 0.314686 
1534173257384 0.32095 0.936803 0.13925 -0.610335 -0.942261 0.301004 0.146768 -0.22156 0.0955782 -0.178315 0.97932 0.314481 
1534173257405 0.32081 0.936853 0.139238 -0.610289 -0.942307 0.300867 0.146751 -0.221514 0.0955915 -0.178284 0.979325 0.314408 
1534173257422 0.320684 0.936898 0.139228 -0.610243 -0.94235 0.300746 0.146723 -0.221473 0.0955924 -0.178254 0.97933 0.314333 
1534173257504 0.320643 0.936908 0.139254 -0.60999 -0.942364 0.300702 0.146726 -0.221602 0.0955948 -0.178275 0.979326 0.314081 
1534173257650 0.320247 0.936878 0.140359 -0.609825 -0.942364 0.299893 0.148375 -0.221689 0.0969167 -0.179786 0.97892 0.313944 
1534173257701 0.320239 0.936795 0.140933 -0.609616 -0.942316 0.2997 0.149068 -0.221864 0.0974084 -0.18054 0.978732 0.313813 
1534173257779 0.319865 0.936873 0.141264 -0.609365 -0.942376 0.299162 0.149767 -0.221971 0.098052 -0.181029 0.978578 0.313586 
1534173257836 0.319476 0.936936 0.141726 -0.609188 -0.94246 0.298623 0.150309 -0.221928 0.0985072 -0.181591 0.978428 0.313382 
1534173257910 0.319365 0.936906 0.142174 -0.608929 -0.942443 0.298343 0.150975 -0.222066 0.099033 -0.182207 0.97826 0.313163 
1534173257971 0.319202 0.936922 0.142433 -0.608706 -0.942437 0.298029 0.151631 -0.222219 0.0996175 -0.182635 0.978121 0.312917 
1534173257998 0.319089 0.936936 0.142595 -0.608623 -0.942452 0.297851 0.151888 -0.222243 0.099837 -0.182854 0.978058 0.312803 
1534173258023 0.318941 0.936965 0.142733 -0.608562 -0.94248 0.297647 0.152111 -0.222232 0.100039 -0.183037 0.978003 0.312716 
1534173258166 0.318549 0.937076 0.142881 -0.608291 -0.942551 0.297129 0.152684 -0.222274 0.100623 -0.18331 0.977892 0.312536 
1534173258200 0.318537 0.937111 0.142678 -0.608146 -0.9425 0.297051 0.153151 -0.22234 0.101137 -0.183259 0.977848 0.312523 
1534173258232 0.318503 0.937139 0.14257 -0.608034 -0.942471 0.296962 0.153501 -0.222386 0.101514 -0.183259 0.977809 0.312487 
1534173258307 0.318102 0.937295 0.142439 -0.607869 -0.942528 0.296455 0.154129 -0.222388 0.102238 -0.183282 0.97773 0.312351 
1534173258403 0.317537 0.937418 0.142888 -0.607485 -0.942609 0.29564 0.155194 -0.222403 0.103238 -0.183967 0.977496 0.312131 
1534173258435 0.317488 0.937435 0.14289 -0.607386 -0.942607 0.295559 0.155358 -0.222446 0.103405 -0.184013 0.977469 0.312058 
1534173258446 0.317451 0.937449 0.142876 -0.607335 -0.942607 0.295502 0.155471 -0.222463 0.103526 -0.184031 0.977453 0.312019 
1534173258464 0.317421 0.937462 0.142858 -0.607287 -0.942602 0.295451 0.155595 -0.222482 0.103657 -0.184047 0.977436 0.311983 
1534173258564 0.317112 0.937573 0.142817 -0.607145 -0.942667 0.295088 0.155893 -0.222444 0.104018 -0.184065 0.977395 0.311894 
1534173258651 0.316671 0.937843 0.14202 -0.607036 -0.942747 0.294674 0.156191 -0.222378 0.104633 -0.18335 0.977463 0.311877 
1534173258783 0.316403 0.938017 0.141466 -0.60669 -0.9427 0.294271 0.157228 -0.22255 0.105853 -0.183108 0.977377 0.311785 
1534173258915 0.315773 0.938321 0.140854 -0.606324 -0.942788 0.293552 0.158043 -0.222598 0.106947 -0.182701 0.977334 0.311552 
1534173258971 0.315393 0.938499 0.140524 -0.606163 -0.94286 0.293145 0.158369 -0.222554 0.107435 -0.182443 0.977329 0.311422 
1534173258991 0.315241 0.938563 0.140438 -0.606106 -0.942894 0.292985 0.158467 -0.222534 0.107585 -0.182374 0.977326 0.311398 
1534173259008 0.315186 0.938591 0.140374 -0.606063 -0.942903 0.292927 0.158518 -0.222546 0.107665 -0.182321 0.977327 0.311386 
1534173259024 0.315194 0.938604 0.140271 -0.606023 -0.942889 0.292932 0.158592 -0.222592 0.107766 -0.182247 0.977329 0.311375 
1534173259042 0.315249 0.938599 0.140182 -0.60598 -0.942859 0.29298 0.158683 -0.222657 0.107869 -0.182196 0.977327 0.311368 
1534173259058 0.315323 0.938582 0.140125 -0.605923 -0.942824 0.293044 0.158771 -0.222736 0.107957 -0.182177 0.977321 0.31136 
1534173259105 0.315225 0.938612 0.140145 -0.605886 -0.942862 0.292955 0.158708 -0.222719 0.107909 -0.182166 0.977329 0.311339 
1534173259157 0.314955 0.938665 0.140398 -0.605861 -0.943038 0.292797 0.157952 -0.222577 0.107156 -0.182148 0.977415 0.31126 
1534173259194 0.314834 0.938695 0.140464 -0.605807 -0.943157 0.292804 0.157228 -0.222425 0.10646 -0.18198 0.977522 0.311085 
1534173259220 0.314701 0.938737 0.140488 -0.605738 -0.943246 0.292747 0.1568 -0.222337 0.106067 -0.18186 0.977587 0.310994 
1534173259246 0.314643 0.938758 0.140475 -0.605664 -0.943293 0.29274 0.156528 -0.222304 0.105819 -0.181759 0.977633 0.310917 
1534173259269 0.314657 0.938757 0.140452 -0.605605 -0.943307 0.29279 0.156352 -0.222315 0.105654 -0.181686 0.977664 0.310863 
1534173259289 0.314661 0.938761 0.140413 -0.605569 -0.943315 0.292816 0.156253 -0.222335 0.10557 -0.18162 0.977686 0.310837 
1534173259306 0.314661 0.938765 0.140391 -0.605559 -0.943317 0.292823 0.156229 -0.22234 0.105552 -0.181593 0.977693 0.310834 
1534173259323 0.31463 0.938779 0.14036 -0.605512 -0.94334 0.292821 0.156092 -0.222346 0.105436 -0.181519 0.977719 0.310811 
1534173259349 0.314582 0.938798 0.140344 -0.605465 -0.943371 0.292802 0.15594 -0.222344 0.105303 -0.181452 0.977745 0.310774 
1534173259426 0.314468 0.938866 0.140143 -0.605371 -0.94338 0.292676 0.156123 -0.222314 0.105562 -0.181304 0.977745 0.310651 
1534173259454 0.314308 0.93893 0.140076 -0.605288 -0.943401 0.292477 0.156372 -0.222256 0.105854 -0.181297 0.977715 0.310599 
1534173259512 0.314179 0.939009 0.139836 -0.605121 -0.943412 0.292337 0.156563 -0.222242 0.106135 -0.181112 0.977719 0.310526 
1534173259532 0.314274 0.939002 0.139668 -0.605071 -0.943377 0.29245 0.156567 -0.2223 0.106171 -0.180965 0.977742 0.310464 
1534173259549 0.314319 0.939008 0.139525 -0.605033 -0.943358 0.292512 0.156563 -0.222333 0.106201 -0.180833 0.977763 0.310407 
1534173259571 0.314339 0.939024 0.13937 -0.604976 -0.943349 0.292554 0.156538 -0.222359 0.10622 -0.18068 0.977789 0.310329 
1534173259589 0.314305 0.939049 0.13928 -0.604938 -0.94336 0.292535 0.156507 -0.222354 0.106224 -0.180582 0.977807 0.310272 
1534173259604 0.314258 0.939071 0.139239 -0.604912 -0.943379 0.292501 0.156456 -0.22234 0.106196 -0.180523 0.977821 0.310232 
1534173259621 0.314206 0.939091 0.139221 -0.604896 -0.943401 0.292461 0.156403 -0.222319 0.10616 -0.180484 0.977832 0.310202 
1534173259684 0.314056 0.939131 0.139292 -0.604848 -0.943424 0.292259 0.15664 -0.222249 0.106396 -0.180605 0.977784 0.310196 
1534173259722 0.314006 0.93914 0.139344 -0.604754 -0.943388 0.292114 0.157123 -0.222243 0.106856 -0.180794 0.977699 0.310169 
1534173259745 0.314013 0.939146 0.139284 -0.604673 -0.943349 0.292068 0.157443 -0.222279 0.107181 -0.180833 0.977656 0.310117 
1534173259762 0.314013 0.93915 0.139258 -0.604623 -0.94333 0.292039 0.157613 -0.2223 0.107354 -0.180859 0.977632 0.310091 
1534173259784 0.313988 0.939164 0.139225 -0.604548 -0.94331 0.291973 0.157854 -0.22232 0.107601 -0.180897 0.977598 0.310052 
1534173259801 0.313944 0.939184 0.139188 -0.604488 -0.943309 0.291911 0.157975 -0.222333 0.107737 -0.180893 0.977584 0.31002 
1534173259818 0.313938 0.939189 0.139163 -0.60443 -0.943304 0.291897 0.15803 -0.222364 0.107799 -0.180884 0.977579 0.309994 
1534173259835 0.313978 0.939176 0.139165 -0.604373 -0.943293 0.291939 0.158021 -0.222414 0.107782 -0.180888 0.97758 0.309976 
1534173259904 0.314071 0.939146 0.139157 -0.604393 -0.94326 0.292029 0.158048 -0.222429 0.107792 -0.180899 0.977577 0.309844 
1534173259918 0.314037 0.939127 0.13936 -0.604382 -0.943277 0.29197 0.158056 -0.222421 0.107746 -0.181091 0.977546 0.309811 
1534173259936 0.313998 0.939096 0.139654 -0.604359 -0.943293 0.291888 0.158114 -0.222408 0.107721 -0.181382 0.977495 0.309765 
1534173259958 0.313927 0.939085 0.139889 -0.604336 -0.943306 0.291763 0.158265 -0.222388 0.10781 -0.181642 0.977437 0.309717 
1534173259975 0.313754 0.939141 0.139899 -0.604323 -0.94334 0.291554 0.158449 -0.222365 0.108018 -0.181687 0.977406 0.309656 
1534173259991 0.31365 0.939178 0.139885 -0.604304 -0.943357 0.291424 0.158588 -0.222357 0.108177 -0.181703 0.977385 0.309607 
1534173260008 0.313618 0.93919 0.139876 -0.604271 -0.943351 0.291367 0.158728 -0.22238 0.108321 -0.181732 0.977364 0.309561 
1534173260025 0.313634 0.939187 0.139864 -0.60424 -0.943332 0.291362 0.158848 -0.222416 0.108437 -0.181758 0.977346 0.309523 
1534173260042 0.313666 0.939178 0.13985 -0.604214 -0.943311 0.291379 0.158944 -0.222453 0.108527 -0.181777 0.977333 0.309494 
1534173260059 0.313712 0.939168 0.139816 -0.604188 -0.943287 0.291415 0.159016 -0.222495 0.108598 -0.181772 0.977326 0.30947 
1534173260075 0.313731 0.939163 0.139808 -0.604167 -0.943281 0.291435 0.159016 -0.222522 0.108597 -0.181767 0.977327 0.309466 
1534173260091 0.313756 0.939152 0.139821 -0.604145 -0.943286 0.291479 0.158908 -0.222549 0.108484 -0.181749 0.977343 0.309483 
1534173260108 0.313761 0.939146 0.139851 -0.604132 -0.943306 0.291515 0.158721 -0.222568 0.108294 -0.181723 0.977368 0.309514 
1534173260135 0.313683 0.939186 0.139761 -0.604117 -0.943355 0.291493 0.158474 -0.222565 0.108097 -0.181555 0.977422 0.309561 
1534173260151 0.313623 0.939229 0.139608 -0.604113 -0.94338 0.291469 0.158367 -0.222555 0.108052 -0.181371 0.977461 0.309582 
1534173260168 0.313543 0.939277 0.139462 -0.604101 -0.94341 0.291423 0.158271 -0.222537 0.108018 -0.181195 0.977497 0.309602 
1534173260188 0.313484 0.9393 0.139439 -0.604065 -0.943436 0.291379 0.158198 -0.222538 0.107966 -0.181144 0.977512 0.309618 
1534173260233 0.313317 0.93935 0.139476 -0.603982 -0.943479 0.291192 0.158284 -0.222558 0.10807 -0.181186 0.977493 0.309571 
1534173260296 0.313274 0.939299 0.139915 -0.603829 -0.943459 0.291019 0.158722 -0.222624 0.10837 -0.181727 0.977359 0.309329 
1534173260332 0.313274 0.93932 0.139779 -0.603711 -0.943444 0.291015 0.158821 -0.222702 0.108505 -0.181628 0.977363 0.30914 
1534173260379 0.31311 0.939391 0.139668 -0.603473 -0.943489 0.29086 0.158837 -0.222782 0.108586 -0.181508 0.977376 0.308885 
1534173260400 0.313023 0.939425 0.139636 -0.6034 -0.943514 0.290775 0.158845 -0.222793 0.10862 -0.18147 0.977379 0.3088 
1534173260416 0.312909 0.939464 0.139625 -0.603342 -0.943545 0.290657 0.158874 -0.222782 0.108673 -0.181455 0.977376 0.308735 
1534173260434 0.312811 0.939503 0.139583 -0.603298 -0.943568 0.290551 0.158935 -0.222767 0.108764 -0.181423 0.977372 0.308663 
1534173260526 0.312298 0.939675 0.139577 -0.603162 -0.943691 0.289978 0.15925 -0.222693 0.109169 -0.181451 0.977322 0.308511 
1534173260573 0.312164 0.93972 0.139571 -0.603109 -0.943626 0.289669 0.160195 -0.222851 0.110109 -0.18171 0.977168 0.308516 
1534173260620 0.312331 0.939674 0.139506 -0.603037 -0.943461 0.289662 0.161173 -0.2231 0.11104 -0.181958 0.977017 0.308511 
1534173260722 0.312004 0.939794 0.13943 -0.602717 -0.943385 0.289058 0.162697 -0.223434 0.112598 -0.182298 0.976775 0.308295 
1534173260766 0.311336 0.940019 0.139404 -0.602601 -0.9435 0.288247 0.163467 -0.22338 0.113479 -0.182421 0.97665 0.308132 
1534173260824 0.311214 0.94006 0.1394 -0.602442 -0.943454 0.287993 0.164176 -0.223451 0.114189 -0.182612 0.976531 0.307997 
1534173260850 0.311243 0.94005 0.139402 -0.602372 -0.943424 0.287986 0.164364 -0.22355 0.114365 -0.182672 0.9765 0.307964 
1534173260867 0.311214 0.940059 0.139408 -0.602321 -0.943413 0.287924 0.164538 -0.22361 0.114537 -0.182725 0.97647 0.307932 
1534173260961 0.31087 0.940176 0.139389 -0.602163 -0.943435 0.287449 0.165241 -0.223689 0.115288 -0.182873 0.976353 0.307802 
1534173261016 0.310549 0.940324 0.139106 -0.60218 -0.943547 0.2872 0.165032 -0.223499 0.115232 -0.182504 0.976429 0.307871 
1534173261108 0.310522 0.940355 0.138952 -0.601961 -0.943578 0.287236 0.164788 -0.223458 0.115047 -0.182282 0.976492 0.307806 
1534173261143 0.310472 0.94038 0.138899 -0.601831 -0.943558 0.28714 0.165071 -0.223496 0.115346 -0.18231 0.976452 0.307748 
1534173261183 0.310454 0.940392 0.138858 -0.601671 -0.943533 0.28708 0.165317 -0.223581 0.1156 -0.182341 0.976416 0.3077 
1534173261228 0.310259 0.940475 0.138732 -0.60153 -0.943563 0.28686 0.165532 -0.223631 0.115882 -0.182261 0.976398 0.307636 
1534173261251 0.310173 0.940514 0.138657 -0.601469 -0.943575 0.286766 0.165623 -0.223638 0.116009 -0.182205 0.976393 0.307597 
1534173261268 0.310118 0.940542 0.138588 -0.601423 -0.943581 0.286705 0.165694 -0.223645 0.116108 -0.182154 0.976391 0.307569 
1534173261285 0.310076 0.940571 0.138491 -0.60138 -0.943581 0.28666 0.165772 -0.223657 0.116221 -0.182079 0.976391 0.307539 
1534173261307 0.31002 0.940607 0.138369 -0.60133 -0.943583 0.286603 0.165859 -0.223667 0.116351 -0.181983 0.976394 0.307501 
1534173261433 0.309676 0.940762 0.138083 -0.601249 -0.943693 0.286315 0.165734 -0.223537 0.116381 -0.181632 0.976455 0.307407 
1534173261549 0.309446 0.940884 0.137772 -0.600969 -0.943745 0.28611 0.165794 -0.223556 0.116575 -0.181326 0.976489 0.30732 
1534173261607 0.309268 0.940962 0.137635 -0.600829 -0.943785 0.285934 0.165865 -0.223543 0.116718 -0.181195 0.976496 0.30729 
1534173261645 0.309048 0.941053 0.137507 -0.600735 -0.943843 0.285723 0.165897 -0.22349 0.116829 -0.181055 0.976509 0.307302 
1534173261715 0.309012 0.941113 0.13718 -0.600586 -0.943823 0.285696 0.166062 -0.223556 0.117091 -0.180789 0.976527 0.307253 
1534173261735 0.308987 0.941127 0.137141 -0.600551 -0.943823 0.285668 0.166107 -0.223562 0.117151 -0.180761 0.976525 0.307235 
1534173261758 0.308873 0.941171 0.137093 -0.600485 -0.943856 0.285557 0.166114 -0.223529 0.117193 -0.180704 0.97653 0.3072 
1534173261774 0.30879 0.941205 0.137048 -0.600441 -0.94388 0.28548 0.166109 -0.223501 0.117219 -0.180649 0.976538 0.307172 
1534173261882 0.308865 0.941154 0.137229 -0.600482 -0.943888 0.285572 0.165905 -0.223463 0.116954 -0.180771 0.976547 0.307037 
1534173261896 0.308885 0.941093 0.137604 -0.600487 -0.94391 0.285568 0.165787 -0.223459 0.116726 -0.181094 0.976514 0.307061 
1534173261912 0.308915 0.941022 0.138017 -0.600491 -0.943931 0.285575 0.165652 -0.223459 0.116468 -0.181451 0.976479 0.307091 
1534173261931 0.308954 0.940978 0.138232 -0.600515 -0.94394 0.285608 0.165547 -0.223456 0.116296 -0.181629 0.976466 0.30712 
1534173262015 0.308668 0.940988 0.138799 -0.600545 -0.944074 0.285294 0.165324 -0.223312 0.115969 -0.182066 0.976424 0.307134 
1534173262036 0.308619 0.940964 0.139073 -0.600523 -0.944107 0.285226 0.165248 -0.223299 0.115826 -0.182298 0.976397 0.307135 
1534173262052 0.30856 0.940948 0.139312 -0.600508 -0.944145 0.285156 0.165156 -0.223282 0.115678 -0.182491 0.976379 0.307129 
1534173262068 0.308514 0.940942 0.139451 -0.600499 -0.944174 0.285109 0.165072 -0.223265 0.115565 -0.182593 0.976373 0.307112 
1534173262089 0.308464 0.940934 0.13962 -0.600486 -0.944211 0.285065 0.164932 -0.223244 0.11539 -0.182707 0.976373 0.307079 
1534173262106 0.308453 0.940926 0.139696 -0.60048 -0.944227 0.28506 0.164854 -0.223239 0.115294 -0.182755 0.976375 0.307059 
1534173262123 0.30845 0.940929 0.139685 -0.600483 -0.944232 0.285065 0.164816 -0.223233 0.115261 -0.182732 0.976383 0.307046 
1534173262140 0.308449 0.940937 0.139633 -0.600492 -0.944232 0.285073 0.1648 -0.223227 0.115261 -0.182678 0.976393 0.307037 
1534173262159 0.308469 0.940943 0.13955 -0.600507 -0.944223 0.285104 0.164798 -0.223227 0.115279 -0.182601 0.976405 0.30702 
1534173262183 0.308534 0.940966 0.139249 -0.600556 -0.944177 0.28518 0.164931 -0.223227 0.115483 -0.182362 0.976426 0.307 
1534173262199 0.308574 0.940969 0.13914 -0.60058 -0.944142 0.285202 0.165096 -0.223219 0.115667 -0.182312 0.976414 0.306987 
1534173262216 0.308621 0.940953 0.139143 -0.600593 -0.944105 0.285214 0.165283 -0.223208 0.115838 -0.182375 0.976381 0.30698 
1534173262233 0.308749 0.940905 0.139181 -0.600602 -0.944053 0.285314 0.165409 -0.223203 0.115924 -0.182464 0.976355 0.306969 
1534173262250 0.308955 0.940815 0.139335 -0.6006 -0.943983 0.285483 0.165514 -0.223208 0.11594 -0.182666 0.976315 0.306947 
1534173262266 0.309052 0.940741 0.139616 -0.600575 -0.943963 0.285545 0.165524 -0.223217 0.115848 -0.182948 0.976273 0.306931 
1534173262376 0.308836 0.940766 0.139929 -0.600468 -0.944089 0.285369 0.165106 -0.223191 0.115394 -0.183096 0.976299 0.307008 
1534173262392 0.308787 0.940819 0.139675 -0.600486 -0.944102 0.285361 0.165048 -0.223171 0.115422 -0.182832 0.976345 0.307026 
1534173262406 0.308747 0.940867 0.139441 -0.600501 -0.944113 0.285361 0.164982 -0.223156 0.115435 -0.182586 0.97639 0.307037 
1534173262423 0.308689 0.940923 0.139197 -0.600508 -0.944136 0.285354 0.164865 -0.223138 0.115405 -0.182313 0.976444 0.307039 
1534173262440 0.308657 0.940943 0.139133 -0.600498 -0.944158 0.285351 0.164746 -0.223126 0.115315 -0.182214 0.976474 0.307025 
1534173262456 0.308682 0.940942 0.139081 -0.600485 -0.944163 0.285405 0.164621 -0.223114 0.115205 -0.182131 0.976502 0.307 
1534173262473 0.308735 0.940934 0.139018 -0.600477 -0.944155 0.285483 0.164533 -0.223104 0.115127 -0.182052 0.976526 0.306978 
1534173262490 0.308789 0.940926 0.138948 -0.60047 -0.944146 0.285562 0.164448 -0.223089 0.115055 -0.181967 0.97655 0.306958 
1534173262506 0.308834 0.940918 0.138908 -0.600464 -0.944138 0.285622 0.16439 -0.223077 0.115002 -0.181917 0.976566 0.306944 
1534173262527 0.308874 0.940908 0.138888 -0.600458 -0.94413 0.285672 0.164344 -0.223067 0.114956 -0.18189 0.976576 0.306934 
1534173262543 0.308913 0.940897 0.138874 -0.600463 -0.944115 0.285709 0.164369 -0.223079 0.114976 -0.181889 0.976574 0.306935 
1534173262561 0.308949 0.940887 0.138858 -0.600473 -0.944096 0.285735 0.164434 -0.223104 0.115037 -0.181897 0.976565 0.306941 
1534173262577 0.309042 0.940859 0.138841 -0.600492 -0.944053 0.285809 0.164551 -0.22315 0.115138 -0.181927 0.976548 0.306966 
1534173262597 0.309064 0.940851 0.138851 -0.600509 -0.944021 0.28579 0.164766 -0.223185 0.115338 -0.182001 0.976511 0.306997 
1534173262615 0.309062 0.940848 0.138872 -0.600521 -0.944004 0.285755 0.164926 -0.22321 0.115487 -0.182068 0.97648 0.307032 
1534173262630 0.309062 0.940845 0.138892 -0.600531 -0.943992 0.285732 0.165034 -0.223224 0.115585 -0.182119 0.976459 0.307063 
1534173262722 0.309218 0.940798 0.138866 -0.60052 -0.944008 0.285994 0.164489 -0.223158 0.115036 -0.181953 0.976555 0.307005 
1534173262744 0.309425 0.940734 0.138836 -0.60052 -0.944028 0.286339 0.163773 -0.223122 0.114312 -0.181741 0.97668 0.306938 
1534173262769 0.309555 0.940692 0.138829 -0.600521 -0.944074 0.286607 0.163038 -0.223067 0.11358 -0.181534 0.976804 0.306865 
1534173262807 0.309442 0.940726 0.138851 -0.600532 -0.944204 0.286642 0.162221 -0.22296 0.112805 -0.181302 0.976936 0.306782 
1534173262860 0.309544 0.940668 0.139016 -0.60055 -0.944268 0.28687 0.161442 -0.222826 0.111984 -0.181241 0.977042 0.30679 
1534173262884 0.309784 0.940584 0.139054 -0.600554 -0.944264 0.287216 0.16085 -0.222805 0.111354 -0.181133 0.977134 0.306793 
1534173262907 0.310006 0.940505 0.139091 -0.600552 -0.944264 0.287544 0.16026 -0.222786 0.110731 -0.18102 0.977226 0.306787 
1534173262928 0.310002 0.940497 0.139154 -0.600543 -0.944323 0.287623 0.159773 -0.222749 0.110242 -0.180937 0.977297 0.306785 
1534173262948 0.309911 0.940522 0.139186 -0.600539 -0.944375 0.287567 0.159563 -0.222691 0.110047 -0.180894 0.977326 0.306766 
1534173262964 0.309806 0.940554 0.139205 -0.600536 -0.944435 0.287503 0.159325 -0.222605 0.109832 -0.18083 0.977363 0.306725 
1534173263066 0.310167 0.940451 0.139102 -0.600604 -0.944429 0.288056 0.158359 -0.222617 0.108859 -0.180489 0.977534 0.306529 
1534173263098 0.310348 0.940312 0.139634 -0.600581 -0.944399 0.288191 0.158292 -0.222713 0.108602 -0.180996 0.977469 0.306539 
1534173263115 0.310412 0.940254 0.13988 -0.600578 -0.944387 0.288227 0.158298 -0.222744 0.108523 -0.181238 0.977433 0.306544 
1534173263187 0.310121 0.940267 0.140438 -0.600648 -0.944507 0.287891 0.158195 -0.222569 0.108314 -0.181704 0.97737 0.306631 
1534173263207 0.310044 0.940235 0.140821 -0.600644 -0.944571 0.287818 0.157943 -0.222524 0.107973 -0.181985 0.977355 0.306654 
1534173263221 0.310008 0.940209 0.141075 -0.600638 -0.944613 0.287791 0.157743 -0.222502 0.107712 -0.182163 0.977351 0.306655 
1534173263238 0.309957 0.940187 0.141336 -0.600638 -0.944679 0.287782 0.15736 -0.222478 0.107274 -0.182292 0.977375 0.306636 
1534173263254 0.309911 0.940181 0.141473 -0.600646 -0.944733 0.28778 0.157043 -0.222453 0.106936 -0.182324 0.977406 0.306606 
1534173263271 0.30985 0.940196 0.141506 -0.600673 -0.944789 0.287778 0.156709 -0.222408 0.106615 -0.182249 0.977455 0.306565 
1534173263287 0.309804 0.940207 0.141538 -0.600694 -0.944831 0.287773 0.156465 -0.222371 0.106378 -0.182202 0.97749 0.306536 
1534173263304 0.309832 0.940199 0.141525 -0.600703 -0.944836 0.287828 0.156332 -0.22235 0.106248 -0.182154 0.977513 0.3065 
1534173263324 0.3099 0.940185 0.141472 -0.600698 -0.94481 0.287896 0.156367 -0.222347 0.106285 -0.182122 0.977515 0.306459 
1534173263344 0.310002 0.940161 0.141409 -0.600687 -0.944757 0.287972 0.156545 -0.222362 0.106456 -0.182126 0.977495 0.306434 
1534173263361 0.310089 0.940135 0.14139 -0.600676 -0.944717 0.288039 0.156662 -0.222386 0.106558 -0.182153 0.977479 0.306437 
1534173263384 0.310219 0.940085 0.141439 -0.600658 -0.944652 0.288118 0.156912 -0.22242 0.10676 -0.182288 0.977432 0.30647 
1534173263401 0.310294 0.940055 0.141468 -0.600651 -0.944617 0.28817 0.157023 -0.222439 0.106843 -0.182357 0.97741 0.306491 
1534173263418 0.310359 0.940031 0.141486 -0.600648 -0.944591 0.288221 0.157085 -0.222451 0.106886 -0.1824 0.977397 0.306503 
1534173263434 0.310415 0.940013 0.141486 -0.600652 -0.944575 0.28828 0.157073 -0.222455 0.106863 -0.182402 0.977399 0.306501 
1534173263557 0.31013 0.940109 0.141471 -0.600658 -0.944762 0.288166 0.156158 -0.222311 0.106039 -0.182086 0.977548 0.306464 
1534173263571 0.310032 0.940178 0.141228 -0.600669 -0.944787 0.288098 0.156132 -0.222266 0.106104 -0.181836 0.977588 0.306483 
1534173263587 0.309942 0.940243 0.140995 -0.600675 -0.944807 0.288035 0.156124 -0.222229 0.106183 -0.181602 0.977623 0.306492 
1534173263604 0.309874 0.940298 0.140777 -0.60067 -0.944823 0.287993 0.156109 -0.222209 0.106247 -0.181384 0.977656 0.306502 
1534173263667 0.309951 0.940302 0.14058 -0.600574 -0.94481 0.288121 0.155951 -0.222328 0.106137 -0.181159 0.97771 0.306528 
1534173263692 0.310005 0.940326 0.140302 -0.600557 -0.944785 0.288207 0.155944 -0.222374 0.106202 -0.180898 0.977751 0.306528 
1534173263716 0.310019 0.940374 0.139946 -0.600568 -0.944772 0.288266 0.155912 -0.22238 0.106274 -0.180553 0.977807 0.306537 
1534173263732 0.310044 0.940393 0.13976 -0.600574 -0.944768 0.288329 0.155819 -0.222362 0.106235 -0.180351 0.977848 0.306552 
1534173263749 0.31 0.940417 0.139697 -0.600567 -0.944793 0.288314 0.155697 -0.222331 0.106143 -0.180251 0.977877 0.306569 
1534173263766 0.309958 0.940435 0.139672 -0.600557 -0.944817 0.288295 0.155586 -0.222303 0.106051 -0.180189 0.977898 0.306583 
1534173263782 0.309904 0.940456 0.139653 -0.600548 -0.944844 0.288262 0.155482 -0.22228 0.105967 -0.180135 0.977917 0.306598 
1534173263799 0.309872 0.940467 0.139649 -0.600542 -0.944857 0.288235 0.155451 -0.222268 0.105945 -0.180119 0.977923 0.306604 
1534173263883 0.309969 0.94047 0.139411 -0.600501 -0.944752 0.288244 0.156074 -0.22233 0.106598 -0.180087 0.977858 0.306541 
1534173263911 0.31009 0.940498 0.138951 -0.600504 -0.944655 0.288343 0.156476 -0.222398 0.1071 -0.179782 0.977859 0.306524 
1534173263932 0.310073 0.940547 0.138656 -0.600501 -0.944627 0.288318 0.156692 -0.222419 0.107399 -0.179564 0.977866 0.306543 
1534173263969 0.309909 0.940635 0.138427 -0.600454 -0.944648 0.288143 0.156885 -0.222402 0.107685 -0.179385 0.977868 0.306598 
1534173263986 0.309856 0.940666 0.138337 -0.600429 -0.944654 0.288088 0.156951 -0.222399 0.107785 -0.179313 0.97787 0.306611 
1534173264003 0.309819 0.940699 0.138197 -0.600406 -0.944652 0.288053 0.157026 -0.222403 0.107906 -0.179197 0.977878 0.30662 
1534173264019 0.309795 0.940732 0.138027 -0.600387 -0.944646 0.288033 0.157105 -0.22241 0.108037 -0.179057 0.977889 0.306631 
1534173264036 0.309775 0.940763 0.137854 -0.600374 -0.944637 0.288018 0.157181 -0.222415 0.108166 -0.178913 0.977901 0.30664 
1534173264053 0.309774 0.940785 0.137708 -0.600366 -0.944626 0.288023 0.157243 -0.222425 0.108269 -0.178792 0.977912 0.306649 
1534173264073 0.309817 0.940785 0.137615 -0.600355 -0.944604 0.288068 0.157288 -0.222457 0.108332 -0.178722 0.977917 0.306659 
1534173264086 0.309856 0.940772 0.137612 -0.600348 -0.944591 0.288105 0.157301 -0.222481 0.108338 -0.178727 0.977916 0.306662 
1534173264103 0.309937 0.940746 0.137607 -0.600349 -0.944562 0.288181 0.157334 -0.222525 0.108356 -0.178742 0.977911 0.30666 
1534173264124 0.310034 0.940724 0.137538 -0.600379 -0.944524 0.288274 0.157395 -0.222569 0.108416 -0.178706 0.977911 0.306644 
1534173264141 0.309988 0.940737 0.137555 -0.600394 -0.944534 0.28822 0.15743 -0.222598 0.108454 -0.178727 0.977903 0.306629 
1534173264157 0.309963 0.940741 0.137583 -0.600402 -0.944539 0.288184 0.15747 -0.222625 0.108489 -0.178762 0.977893 0.306617 
1534173264174 0.309922 0.940756 0.137572 -0.600409 -0.944543 0.288133 0.157535 -0.222643 0.108563 -0.178766 0.977884 0.306617 
1534173264191 0.309842 0.940784 0.13756 -0.600409 -0.944555 0.288033 0.157648 -0.222633 0.108691 -0.178779 0.977867 0.306626 
1534173264207 0.309725 0.940828 0.137523 -0.600403 -0.944573 0.287893 0.157794 -0.222612 0.108865 -0.178774 0.977849 0.306621 
1534173264224 0.309613 0.940883 0.137401 -0.600397 -0.944589 0.287772 0.157918 -0.222592 0.109043 -0.178682 0.977846 0.306621 
1534173264299 0.309502 0.94101 0.136781 -0.600371 -0.94452 0.287596 0.158651 -0.222698 0.109955 -0.178295 0.977814 0.306632 
1534173264329 0.30935 0.941059 0.13679 -0.600363 -0.944536 0.287392 0.158927 -0.222764 0.110247 -0.178367 0.977768 0.306667 
1534173264348 0.309192 0.941107 0.136811 -0.600347 -0.94452 0.287127 0.159497 -0.222865 0.110822 -0.178536 0.977672 0.306736 
1534173264382 0.309157 0.941118 0.13682 -0.600326 -0.944469 0.286991 0.160044 -0.22298 0.111354 -0.178701 0.977582 0.306812 
1534173264436 0.309142 0.941128 0.136783 -0.600293 -0.944382 0.286835 0.160838 -0.223149 0.112135 -0.178897 0.977457 0.306908 
1534173264455 0.308975 0.941196 0.136692 -0.600288 -0.944388 0.286611 0.161202 -0.223162 0.112545 -0.178898 0.977409 0.306904 
1534173264474 0.308757 0.941293 0.136519 -0.600292 -0.944406 0.286346 0.161565 -0.22316 0.112988 -0.178813 0.977374 0.306894 
1534173264488 0.30853 0.941398 0.136303 -0.600299 -0.94442 0.286068 0.161977 -0.223159 0.113493 -0.178702 0.977336 0.30688 
1534173264505 0.30839 0.941466 0.136154 -0.6003 -0.94442 0.285888 0.162292 -0.223163 0.113867 -0.178636 0.977304 0.306866 
1534173264522 0.308399 0.941475 0.136067 -0.6003 -0.9444 0.285884 0.162417 -0.223175 0.114012 -0.17859 0.977296 0.306862 
1534173264538 0.308471 0.941451 0.13607 -0.60029 -0.94438 0.285957 0.162406 -0.223213 0.113987 -0.1786 0.977297 0.306877 
1534173264555 0.308575 0.941411 0.136111 -0.600278 -0.944362 0.286077 0.1623 -0.223262 0.113853 -0.17862 0.977309 0.306906 
1534173264572 0.308649 0.941381 0.136153 -0.600271 -0.944368 0.286189 0.162067 -0.223311 0.113601 -0.1786 0.977342 0.306946 
1534173264628 0.308623 0.941381 0.136211 -0.600242 -0.944466 0.286294 0.161304 -0.223276 0.112852 -0.178428 0.97746 0.307084 
1534173264641 0.308496 0.941447 0.136044 -0.60025 -0.944497 0.286183 0.161321 -0.223227 0.112942 -0.178261 0.97748 0.307101 
1534173264668 0.308249 0.941573 0.135732 -0.600244 -0.944553 0.285959 0.161392 -0.223169 0.113149 -0.177955 0.977512 0.307119 
1534173264685 0.307908 0.941724 0.135456 -0.600236 -0.944636 0.285632 0.161482 -0.223146 0.113381 -0.177678 0.977535 0.307103 
1534173264703 0.307696 0.941812 0.135327 -0.60022 -0.944689 0.285424 0.161543 -0.223159 0.113518 -0.177548 0.977543 0.307078 
1534173264721 0.307541 0.941878 0.135219 -0.6002 -0.944723 0.285267 0.16162 -0.223201 0.113652 -0.177449 0.977545 0.307057 
1534173264738 0.307568 0.941878 0.135161 -0.600189 -0.944707 0.285291 0.161674 -0.223233 0.113717 -0.177413 0.977544 0.307054 
1534173264755 0.307629 0.941861 0.135136 -0.600181 -0.944682 0.285347 0.161718 -0.223262 0.113756 -0.17741 0.97754 0.307063 
1534173264772 0.307708 0.941832 0.135162 -0.600172 -0.944656 0.285419 0.161742 -0.223296 0.113756 -0.177451 0.977533 0.30709 
1534173264788 0.30779 0.941799 0.1352 -0.600165 -0.944632 0.285496 0.161751 -0.223324 0.113737 -0.1775 0.977526 0.307119 
1534173264805 0.30792 0.941753 0.135225 -0.600166 -0.944592 0.285621 0.161761 -0.223334 0.113716 -0.177542 0.977521 0.307138 
1534173264832 0.308132 0.941679 0.135262 -0.600167 -0.944524 0.285822 0.161801 -0.223335 0.113704 -0.177614 0.977509 0.307169 
1534173264848 0.308197 0.941655 0.135279 -0.600168 -0.944501 0.285879 0.161834 -0.223336 0.113719 -0.177648 0.977502 0.30719 
1534173264865 0.308185 0.941664 0.135242 -0.600174 -0.944499 0.285865 0.161872 -0.223335 0.113768 -0.177623 0.9775 0.307206 
1534173264882 0.308176 0.941699 0.135022 -0.600184 -0.944483 0.285864 0.16197 -0.223341 0.113929 -0.177441 0.977515 0.307238 
1534173264931 0.307916 0.941848 0.134574 -0.600164 -0.944521 0.285617 0.16218 -0.223345 0.114313 -0.177046 0.977541 0.30729 
1534173264992 0.307666 0.941973 0.134274 -0.600098 -0.94464 0.285485 0.161719 -0.223383 0.114002 -0.176596 0.977659 0.307273 
1534173265054 0.307392 0.942166 0.133542 -0.600076 -0.944758 0.28539 0.161195 -0.223314 0.113761 -0.175715 0.977846 0.30728 
1534173265119 0.306925 0.942345 0.133353 -0.600024 -0.944956 0.28504 0.160658 -0.223168 0.113384 -0.175322 0.97796 0.307351 
1534173265147 0.30685 0.942421 0.132984 -0.600037 -0.944978 0.285028 0.160547 -0.223148 0.113399 -0.174931 0.978029 0.307382 
1534173265167 0.306834 0.942458 0.132759 -0.600038 -0.944983 0.28505 0.160482 -0.223155 0.113405 -0.174696 0.97807 0.307401 
1534173265185 0.306841 0.942481 0.132583 -0.60003 -0.944982 0.28509 0.160412 -0.223177 0.113387 -0.174509 0.978105 0.307419 
1534173265332 0.306762 0.942502 0.132612 -0.600017 -0.945028 0.285039 0.160232 -0.223161 0.113219 -0.174475 0.978131 0.307416 
1534173265348 0.306765 0.942461 0.132902 -0.600022 -0.945028 0.284994 0.160315 -0.223137 0.113214 -0.174776 0.978078 0.307379 
1534173265362 0.306781 0.942424 0.133122 -0.600028 -0.945021 0.28497 0.160395 -0.223123 0.113225 -0.175009 0.978035 0.307347 
1534173265378 0.306803 0.942392 0.133303 -0.600033 -0.945012 0.284957 0.160474 -0.223114 0.113244 -0.175207 0.977997 0.30732 
1534173265417 0.306878 0.942361 0.13335 -0.600085 -0.944979 0.285008 0.160576 -0.223102 0.113315 -0.17529 0.977974 0.307287 
1534173265466 0.306809 0.94235 0.133583 -0.600129 -0.945016 0.284925 0.160505 -0.223035 0.113191 -0.175482 0.977954 0.307275 
1534173265484 0.306783 0.942321 0.133846 -0.600131 -0.945041 0.28488 0.160437 -0.223014 0.113053 -0.17571 0.977929 0.307271 
1534173265498 0.306779 0.94229 0.134077 -0.600133 -0.945057 0.284861 0.160378 -0.223005 0.112929 -0.175911 0.977907 0.307269 
1534173265523 0.306793 0.942238 0.134405 -0.600132 -0.945073 0.28485 0.160305 -0.223006 0.11276 -0.176202 0.977874 0.307265 
1534173265540 0.306795 0.942225 0.134493 -0.600145 -0.945077 0.284843 0.160291 -0.223011 0.112721 -0.176282 0.977864 0.30726 
1534173265556 0.306803 0.942217 0.13453 -0.600166 -0.945076 0.284847 0.160292 -0.223016 0.112709 -0.176319 0.977859 0.307249 
1534173265577 0.306816 0.942206 0.13458 -0.600185 -0.945074 0.284855 0.160292 -0.22302 0.112693 -0.176368 0.977852 0.307239 
1534173265638 0.306871 0.94215 0.134844 -0.60017 -0.945048 0.284852 0.160446 -0.223059 0.112754 -0.17667 0.97779 0.307207 
1534173265679 0.306828 0.942151 0.134937 -0.600156 -0.945021 0.284729 0.160823 -0.223051 0.113099 -0.176864 0.977716 0.307173 
