1531918341663 0.275657 0.633204 -0.723233 -0.604483 -0.8825 0.464965 0.0707247 -0.181741 0.381061 0.618757 0.686973 0.426588 
1531918341673 -0.186319 0.845148 -0.501008 -0.595444 -0.975422 -0.098067 0.19732 -0.251671 0.117632 0.525459 0.842648 0.409373 
1531918341676 0 0 0 0 0 0 0 0 0 0 0 0 
1531918341679 0 0 0 0 0 0 0 0 0 0 0 0 
1531918341683 0 0 0 0 0 0 0 0 0 0 0 0 
1531918341693 -0.187231 0.845419 -0.500212 -0.597087 -0.97521 -0.098835 0.197982 -0.254964 0.11794 0.52488 0.842966 0.40735 
1531918341703 -0.187247 0.845429 -0.500188 -0.597265 -0.975206 -0.0988475 0.197997 -0.255093 0.11795 0.524861 0.842976 0.40726 
1531918341713 -0.18725 0.845429 -0.500187 -0.597275 -0.975206 -0.0988521 0.197995 -0.255107 0.117946 0.52486 0.842977 0.407257 
1531918341723 -0.187251 0.845429 -0.500187 -0.597273 -0.975206 -0.0988555 0.197993 -0.255114 0.117943 0.52486 0.842978 0.407258 
1531918341733 -0.187253 0.845429 -0.500187 -0.597271 -0.975206 -0.0988578 0.197991 -0.255119 0.11794 0.524859 0.842978 0.407259 
1531918341743 -0.187253 0.845429 -0.500186 -0.597269 -0.975206 -0.0988592 0.19799 -0.255122 0.117939 0.524859 0.842979 0.40726 
1531918341753 -0.187254 0.845429 -0.500186 -0.597268 -0.975206 -0.09886 0.19799 -0.255123 0.117938 0.524859 0.842979 0.407261 
1531918341763 -0.187253 0.845429 -0.500186 -0.59726 -0.975206 -0.0988593 0.19799 -0.255118 0.117938 0.524859 0.842979 0.407261 
1531918341780 0 0 0 0 0 0 0 0 0 0 0 0 
1531918341780 0 0 0 0 0 0 0 0 0 0 0 0 
1531918341783 0 0 0 0 0 0 0 0 0 0 0 0 
1531918341793 -0.187253 0.845429 -0.500186 -0.59726 -0.975206 -0.0988593 0.19799 -0.255118 0.117938 0.524859 0.842979 0.407261 
1531918341803 -0.187254 0.845429 -0.500186 -0.597267 -0.975206 -0.0988608 0.197989 -0.255126 0.117937 0.524859 0.842979 0.407261 
1531918341813 -0.187254 0.845429 -0.500186 -0.597268 -0.975206 -0.0988609 0.197989 -0.255126 0.117937 0.524859 0.842979 0.407261 
1531918341823 -0.187254 0.845429 -0.500186 -0.597268 -0.975206 -0.0988609 0.197989 -0.255126 0.117937 0.524859 0.842979 0.407261 
1531918341833 -0.187254 0.845429 -0.500186 -0.597268 -0.975206 -0.0988609 0.197989 -0.255126 0.117937 0.524859 0.842979 0.407261 
1531918341843 -0.187254 0.845429 -0.500186 -0.597268 -0.975206 -0.0988609 0.197989 -0.255126 0.117937 0.524859 0.842979 0.407261 
1531918341853 -0.187254 0.845429 -0.500186 -0.597268 -0.975206 -0.0988609 0.197989 -0.255126 0.117937 0.524859 0.842979 0.407261 
1531918341863 -0.187254 0.845429 -0.500186 -0.597268 -0.975206 -0.0988609 0.197989 -0.255126 0.117937 0.524859 0.842979 0.407261 
1531918341873 -0.187254 0.845429 -0.500186 -0.597268 -0.975206 -0.0988609 0.197989 -0.255126 0.117937 0.524859 0.842979 0.407261 
1531918341883 -0.187254 0.845429 -0.500186 -0.597268 -0.975206 -0.0988609 0.197989 -0.255126 0.117937 0.524859 0.842979 0.407261 
1531918341900 -0.187254 0.845429 -0.500186 -0.597268 -0.975206 -0.0988609 0.197989 -0.255126 0.117937 0.524859 0.842979 0.407261 
1531918341903 0 0 0 0 0 0 0 0 0 0 0 0 
1531918341913 -0.187254 0.845429 -0.500186 -0.597268 -0.975206 -0.0988609 0.197989 -0.255126 0.117937 0.524859 0.842979 0.407261 
1531918341923 -0.187254 0.845429 -0.500186 -0.597268 -0.975206 -0.0988609 0.197989 -0.255126 0.117937 0.524859 0.842979 0.407261 
1531918341933 -0.187254 0.845429 -0.500186 -0.597268 -0.975206 -0.0988609 0.197989 -0.255126 0.117937 0.524859 0.842979 0.407261 
1531918341943 -0.187254 0.845429 -0.500186 -0.597268 -0.975206 -0.0988609 0.197989 -0.255126 0.117937 0.524859 0.842979 0.407261 
1531918341953 -0.187254 0.845429 -0.500186 -0.597268 -0.975206 -0.0988609 0.197989 -0.255126 0.117937 0.524859 0.842979 0.407261 
1531918341963 -0.187254 0.845429 -0.500186 -0.597268 -0.975206 -0.0988609 0.197989 -0.255126 0.117937 0.524859 0.842979 0.407261 
1531918341973 -0.187254 0.845429 -0.500186 -0.597268 -0.975206 -0.0988609 0.197989 -0.255126 0.117937 0.524859 0.842979 0.407261 
1531918341983 -0.187254 0.845429 -0.500186 -0.597268 -0.975206 -0.0988609 0.197989 -0.255126 0.117937 0.524859 0.842979 0.407261 
1531918341993 -0.187254 0.845429 -0.500186 -0.597268 -0.975206 -0.0988609 0.197989 -0.255126 0.117937 0.524859 0.842979 0.407261 
1531918342010 -0.187254 0.845429 -0.500186 -0.597268 -0.975206 -0.0988609 0.197989 -0.255126 0.117937 0.524859 0.842979 0.407261 
1531918342013 0 0 0 0 0 0 0 0 0 0 0 0 
1531918342023 -0.187254 0.845429 -0.500186 -0.597268 -0.975206 -0.0988609 0.197989 -0.255126 0.117937 0.524859 0.842979 0.407261 
1531918342033 -0.187254 0.845429 -0.500186 -0.597268 -0.975206 -0.0988609 0.197989 -0.255126 0.117937 0.524859 0.842979 0.407261 
1531918342043 -0.187254 0.845429 -0.500186 -0.597268 -0.975206 -0.0988609 0.197989 -0.255126 0.117937 0.524859 0.842979 0.407261 
1531918342053 -0.187254 0.845429 -0.500186 -0.597268 -0.975206 -0.0988609 0.197989 -0.255126 0.117937 0.524859 0.842979 0.407261 
1531918342063 -0.187254 0.845429 -0.500186 -0.597268 -0.975206 -0.0988609 0.197989 -0.255126 0.117937 0.524859 0.842979 0.407261 
1531918342073 -0.187254 0.845429 -0.500186 -0.597268 -0.975206 -0.0988609 0.197989 -0.255126 0.117937 0.524859 0.842979 0.407261 
1531918342083 -0.187254 0.845429 -0.500186 -0.597268 -0.975206 -0.0988609 0.197989 -0.255126 0.117937 0.524859 0.842979 0.407261 
1531918342093 -0.187254 0.845429 -0.500186 -0.597268 -0.975206 -0.0988609 0.197989 -0.255126 0.117937 0.524859 0.842979 0.407261 
1531918342103 -0.187254 0.845429 -0.500186 -0.597268 -0.975206 -0.0988609 0.197989 -0.255126 0.117937 0.524859 0.842979 0.407261 
1531918342120 -0.187254 0.845429 -0.500186 -0.597268 -0.975206 -0.0988609 0.197989 -0.255126 0.117937 0.524859 0.842979 0.407261 
1531918342123 0 0 0 0 0 0 0 0 0 0 0 0 
1531918342133 -0.187254 0.845429 -0.500186 -0.597268 -0.975206 -0.0988609 0.197989 -0.255126 0.117937 0.524859 0.842979 0.407261 
1531918342143 -0.187254 0.845429 -0.500186 -0.597268 -0.975206 -0.0988609 0.197989 -0.255126 0.117937 0.524859 0.842979 0.407261 
1531918342153 -0.187254 0.845429 -0.500186 -0.597268 -0.975206 -0.0988609 0.197989 -0.255126 0.117937 0.524859 0.842979 0.407261 
1531918342163 -0.187254 0.845429 -0.500186 -0.597268 -0.975206 -0.0988609 0.197989 -0.255126 0.117937 0.524859 0.842979 0.407261 
1531918342173 -0.187254 0.845429 -0.500186 -0.597268 -0.975206 -0.0988609 0.197989 -0.255126 0.117937 0.524859 0.842979 0.407261 
1531918342183 -0.187254 0.845429 -0.500186 -0.597268 -0.975206 -0.0988609 0.197989 -0.255126 0.117937 0.524859 0.842979 0.407261 
1531918342193 -0.187254 0.845429 -0.500186 -0.597268 -0.975206 -0.0988609 0.197989 -0.255126 0.117937 0.524859 0.842979 0.407261 
1531918342203 -0.187254 0.845429 -0.500186 -0.597268 -0.975206 -0.0988609 0.197989 -0.255126 0.117937 0.524859 0.842979 0.407261 
1531918342213 -0.187254 0.845429 -0.500186 -0.597268 -0.975206 -0.0988609 0.197989 -0.255126 0.117937 0.524859 0.842979 0.407261 
1531918342230 -0.187254 0.845429 -0.500186 -0.597268 -0.975206 -0.0988609 0.197989 -0.255126 0.117937 0.524859 0.842979 0.407261 
1531918342233 0 0 0 0 0 0 0 0 0 0 0 0 
1531918342243 -0.187254 0.845429 -0.500186 -0.597268 -0.975206 -0.0988609 0.197989 -0.255126 0.117937 0.524859 0.842979 0.407261 
1531918342253 -0.187254 0.845429 -0.500186 -0.597268 -0.975206 -0.0988609 0.197989 -0.255126 0.117937 0.524859 0.842979 0.407261 
1531918342263 -0.187254 0.845429 -0.500186 -0.597268 -0.975206 -0.0988609 0.197989 -0.255126 0.117937 0.524859 0.842979 0.407261 
1531918342273 -0.187254 0.845429 -0.500186 -0.597268 -0.975206 -0.0988609 0.197989 -0.255126 0.117937 0.524859 0.842979 0.407261 
1531918342283 -0.187254 0.845429 -0.500186 -0.597268 -0.975206 -0.0988609 0.197989 -0.255126 0.117937 0.524859 0.842979 0.407261 
1531918342286 0 0 0 0 0 0 0 0 0 0 0 0 
1531918342290 0 0 0 0 0 0 0 0 0 0 0 0 
1531918342293 0 0 0 0 0 0 0 0 0 0 0 0 
1531918342303 -0.187254 0.845429 -0.500186 -0.597268 -0.975206 -0.0988609 0.197989 -0.255126 0.117937 0.524859 0.842979 0.407261 
1531918342313 -0.187254 0.845429 -0.500186 -0.597268 -0.975206 -0.0988609 0.197989 -0.255126 0.117937 0.524859 0.842979 0.407261 
1531918342323 -0.187254 0.845429 -0.500186 -0.597268 -0.975206 -0.0988609 0.197989 -0.255126 0.117937 0.524859 0.842979 0.407261 
1531918342333 -0.187254 0.845429 -0.500186 -0.597268 -0.975206 -0.0988609 0.197989 -0.255126 0.117937 0.524859 0.842979 0.407261 
1531918342350 -0.187254 0.845429 -0.500186 -0.597268 -0.975206 -0.0988609 0.197989 -0.255126 0.117937 0.524859 0.842979 0.407261 
1531918342353 0 0 0 0 0 0 0 0 0 0 0 0 
1531918342363 -0.187254 0.845429 -0.500186 -0.597268 -0.975206 -0.0988609 0.197989 -0.255126 0.117937 0.524859 0.842979 0.407261 
1531918342373 -0.187254 0.845429 -0.500186 -0.597268 -0.975206 -0.0988609 0.197989 -0.255126 0.117937 0.524859 0.842979 0.407261 
1531918342383 -0.187254 0.845429 -0.500186 -0.597268 -0.975206 -0.0988609 0.197989 -0.255126 0.117937 0.524859 0.842979 0.407261 
1531918342393 -0.187254 0.845429 -0.500186 -0.597268 -0.975206 -0.0988609 0.197989 -0.255126 0.117937 0.524859 0.842979 0.407261 
1531918342403 -0.187254 0.845429 -0.500186 -0.597268 -0.975206 -0.0988609 0.197989 -0.255126 0.117937 0.524859 0.842979 0.407261 
1531918342413 -0.187254 0.845429 -0.500186 -0.597268 -0.975206 -0.0988609 0.197989 -0.255126 0.117937 0.524859 0.842979 0.407261 
1531918342423 -0.187254 0.845429 -0.500186 -0.597268 -0.975206 -0.0988609 0.197989 -0.255126 0.117937 0.524859 0.842979 0.407261 
1531918342433 -0.187254 0.845429 -0.500186 -0.597268 -0.975206 -0.0988609 0.197989 -0.255126 0.117937 0.524859 0.842979 0.407261 
1531918342443 -0.187254 0.845429 -0.500186 -0.597268 -0.975206 -0.0988609 0.197989 -0.255126 0.117937 0.524859 0.842979 0.407261 
1531918342460 -0.187254 0.845429 -0.500186 -0.597268 -0.975206 -0.0988609 0.197989 -0.255126 0.117937 0.524859 0.842979 0.407261 
1531918342463 0 0 0 0 0 0 0 0 0 0 0 0 
1531918342473 -0.187254 0.845429 -0.500186 -0.597268 -0.975206 -0.0988609 0.197989 -0.255126 0.117937 0.524859 0.842979 0.407261 
1531918342483 -0.187254 0.845429 -0.500186 -0.597268 -0.975206 -0.0988609 0.197989 -0.255126 0.117937 0.524859 0.842979 0.407261 
1531918342493 -0.187254 0.845429 -0.500186 -0.597268 -0.975206 -0.0988609 0.197989 -0.255126 0.117937 0.524859 0.842979 0.407261 
1531918342503 -0.187254 0.845429 -0.500186 -0.597268 -0.975206 -0.0988609 0.197989 -0.255126 0.117937 0.524859 0.842979 0.407261 
1531918342513 -0.187254 0.845429 -0.500186 -0.597268 -0.975206 -0.0988609 0.197989 -0.255126 0.117937 0.524859 0.842979 0.407261 
1531918342523 -0.187254 0.845429 -0.500186 -0.597268 -0.975206 -0.0988609 0.197989 -0.255126 0.117937 0.524859 0.842979 0.407261 
1531918342533 -0.187254 0.845429 -0.500186 -0.597268 -0.975206 -0.0988609 0.197989 -0.255126 0.117937 0.524859 0.842979 0.407261 
1531918342543 -0.187254 0.845429 -0.500186 -0.597268 -0.975206 -0.0988609 0.197989 -0.255126 0.117937 0.524859 0.842979 0.407261 
1531918342553 -0.187254 0.845429 -0.500186 -0.597268 -0.975206 -0.0988609 0.197989 -0.255126 0.117937 0.524859 0.842979 0.407261 
1531918342570 -0.187254 0.845429 -0.500186 -0.597268 -0.975206 -0.0988609 0.197989 -0.255126 0.117937 0.524859 0.842979 0.407261 
1531918342573 0 0 0 0 0 0 0 0 0 0 0 0 
1531918342583 -0.187254 0.845429 -0.500186 -0.597268 -0.975206 -0.0988609 0.197989 -0.255126 0.117937 0.524859 0.842979 0.407261 
1531918342593 -0.187254 0.845429 -0.500186 -0.597268 -0.975206 -0.0988609 0.197989 -0.255126 0.117937 0.524859 0.842979 0.407261 
1531918342603 -0.187254 0.845429 -0.500186 -0.597268 -0.975206 -0.0988609 0.197989 -0.255126 0.117937 0.524859 0.842979 0.407261 
1531918342613 -0.187254 0.845429 -0.500186 -0.597268 -0.975206 -0.0988609 0.197989 -0.255126 0.117937 0.524859 0.842979 0.407261 
1531918342623 -0.187254 0.845429 -0.500186 -0.597268 -0.975206 -0.0988609 0.197989 -0.255126 0.117937 0.524859 0.842979 0.407261 
1531918342633 -0.187254 0.845429 -0.500186 -0.597268 -0.975206 -0.0988609 0.197989 -0.255126 0.117937 0.524859 0.842979 0.407261 
1531918342643 -0.187254 0.845429 -0.500186 -0.597268 -0.975206 -0.0988609 0.197989 -0.255126 0.117937 0.524859 0.842979 0.407261 
1531918342653 -0.187254 0.845429 -0.500186 -0.597268 -0.975206 -0.0988609 0.197989 -0.255126 0.117937 0.524859 0.842979 0.407261 
1531918342663 -0.187254 0.845429 -0.500186 -0.597268 -0.975206 -0.0988609 0.197989 -0.255126 0.117937 0.524859 0.842979 0.407261 
1531918342685 0 0 0 0 0 0 0 0 0 0 0 0 
1531918342685 0 0 0 0 0 0 0 0 0 0 0 0 
1531918342696 -0.187254 0.845429 -0.500186 -0.597268 -0.975206 -0.0988609 0.197989 -0.255126 0.117937 0.524859 0.842979 0.407261 
1531918342706 -0.187254 0.845429 -0.500186 -0.597268 -0.975206 -0.0988609 0.197989 -0.255126 0.117937 0.524859 0.842979 0.407261 
1531918342716 -0.187254 0.845429 -0.500186 -0.597268 -0.975206 -0.0988609 0.197989 -0.255126 0.117937 0.524859 0.842979 0.407261 
1531918342726 -0.187254 0.845429 -0.500186 -0.597268 -0.975206 -0.0988609 0.197989 -0.255126 0.117937 0.524859 0.842979 0.407261 
1531918342736 -0.187254 0.845429 -0.500186 -0.597268 -0.975206 -0.0988609 0.197989 -0.255126 0.117937 0.524859 0.842979 0.407261 
1531918342746 -0.187254 0.845429 -0.500186 -0.597268 -0.975206 -0.0988609 0.197989 -0.255126 0.117937 0.524859 0.842979 0.407261 
1531918342756 -0.187254 0.845429 -0.500186 -0.597268 -0.975206 -0.0988609 0.197989 -0.255126 0.117937 0.524859 0.842979 0.407261 
1531918342766 -0.187254 0.845429 -0.500186 -0.597268 -0.975206 -0.0988609 0.197989 -0.255126 0.117937 0.524859 0.842979 0.407261 
1531918342776 -0.187254 0.845429 -0.500186 -0.597268 -0.975206 -0.0988609 0.197989 -0.255126 0.117937 0.524859 0.842979 0.407261 
1531918342786 -0.187254 0.845429 -0.500186 -0.597268 -0.975206 -0.0988609 0.197989 -0.255126 0.117937 0.524859 0.842979 0.407261 
1531918342831 -0.187254 0.845429 -0.500186 -0.597268 -0.975206 -0.0988609 0.197989 -0.255126 0.117937 0.524859 0.842979 0.407261 
1531918342834 0 0 0 0 0 0 0 0 0 0 0 0 
1531918342844 -0.187254 0.845429 -0.500186 -0.597268 -0.975206 -0.0988609 0.197989 -0.255126 0.117937 0.524859 0.842979 0.407261 
1531918342854 -0.187254 0.845429 -0.500186 -0.597268 -0.975206 -0.0988609 0.197989 -0.255126 0.117937 0.524859 0.842979 0.407261 
1531918342864 -0.187254 0.845429 -0.500186 -0.597268 -0.975206 -0.0988609 0.197989 -0.255126 0.117937 0.524859 0.842979 0.407261 
1531918342874 -0.187254 0.845429 -0.500186 -0.597268 -0.975206 -0.0988609 0.197989 -0.255126 0.117937 0.524859 0.842979 0.407261 
1531918342884 -0.187254 0.845429 -0.500186 -0.597268 -0.975206 -0.0988609 0.197989 -0.255126 0.117937 0.524859 0.842979 0.407261 
1531918342894 -0.187254 0.845429 -0.500186 -0.597268 -0.975206 -0.0988609 0.197989 -0.255126 0.117937 0.524859 0.842979 0.407261 
1531918342904 -0.187254 0.845429 -0.500186 -0.597268 -0.975206 -0.0988609 0.197989 -0.255126 0.117937 0.524859 0.842979 0.407261 
1531918342914 -0.187254 0.845429 -0.500186 -0.597268 -0.975206 -0.0988609 0.197989 -0.255126 0.117937 0.524859 0.842979 0.407261 
1531918342924 -0.187254 0.845429 -0.500186 -0.597268 -0.975206 -0.0988609 0.197989 -0.255126 0.117937 0.524859 0.842979 0.407261 
