1534185115433 0.320757 0.910324 -0.261581 -0.594258 -0.936812 0.345629 0.0540776 -0.186823 0.139638 0.227706 0.963665 0.345607 
1534185119378 0.320756 0.910324 -0.261584 -0.594258 -0.936812 0.345628 0.0540781 -0.186823 0.139639 0.227709 0.963665 0.345606 
1534185119640 0.317459 0.911719 -0.260746 -0.594433 -0.938231 0.341899 0.0531791 -0.187129 0.137633 0.227758 0.963942 0.345446 
1534185119908 0.313415 0.913427 -0.259659 -0.594566 -0.93995 0.337316 0.052065 -0.187529 0.135145 0.227748 0.964296 0.345355 
1534185120181 0.309537 0.915074 -0.258508 -0.594746 -0.941594 0.332884 0.0508892 -0.187911 0.132621 0.227657 0.964668 0.345176 
1534185120452 0.305545 0.916708 -0.257464 -0.594946 -0.943257 0.328333 0.0496283 -0.18829 0.130029 0.227691 0.965013 0.344974 
1534185120722 0.301547 0.918282 -0.256568 -0.595157 -0.944878 0.323818 0.0484507 -0.188672 0.127573 0.227816 0.965311 0.344801 
1534185121109 0.29321 0.921539 -0.254548 -0.59548 -0.948149 0.314446 0.0462284 -0.189327 0.122643 0.227795 0.965955 0.344496 
1534185121379 0.289149 0.923077 -0.253616 -0.595664 -0.949703 0.309886 0.0451179 -0.189703 0.120239 0.227814 0.966252 0.344334 
1534185121639 0.285305 0.92462 -0.252348 -0.595744 -0.951208 0.305439 0.0437134 -0.190066 0.117495 0.227564 0.966649 0.344202 
1534185121663 0.285032 0.924709 -0.252327 -0.595754 -0.951309 0.305136 0.0436284 -0.190099 0.117338 0.227606 0.966658 0.344188 
1534185121680 0.284891 0.924754 -0.252324 -0.595764 -0.951365 0.304973 0.0435546 -0.190127 0.117229 0.227644 0.966662 0.344173 
1534185121696 0.284814 0.924777 -0.252327 -0.59577 -0.951396 0.304882 0.0435025 -0.190144 0.11716 0.227672 0.966664 0.34416 
1534185121835 0.284561 0.924886 -0.252213 -0.595781 -0.951505 0.304566 0.0433269 -0.190172 0.116888 0.227653 0.966701 0.344154 
1534185121874 0.284099 0.925065 -0.252077 -0.595811 -0.951672 0.304055 0.0432461 -0.190227 0.116651 0.227609 0.96674 0.344152 
1534185121964 0.283737 0.925245 -0.251825 -0.595848 -0.951819 0.303617 0.0430993 -0.190311 0.116336 0.227463 0.966813 0.344155 
1534185122093 0.282672 0.925621 -0.25164 -0.59596 -0.95219 0.30247 0.0429777 -0.190352 0.115895 0.227461 0.966866 0.344143 
1534185122145 0.282107 0.925808 -0.251586 -0.596021 -0.952394 0.301847 0.0428315 -0.190338 0.115594 0.227526 0.966887 0.34409 
1534185122222 0.281623 0.926006 -0.2514 -0.596009 -0.952592 0.30126 0.0425516 -0.190401 0.11514 0.227498 0.966947 0.344036 
1534185122239 0.281511 0.926047 -0.251373 -0.59601 -0.952635 0.301132 0.0425084 -0.190416 0.115061 0.2275 0.966956 0.344028 
1534185122255 0.281349 0.926104 -0.251343 -0.596013 -0.952696 0.300947 0.0424451 -0.19044 0.11495 0.227512 0.966967 0.344013 
1534185122272 0.281206 0.926153 -0.251325 -0.596017 -0.952749 0.300786 0.0423929 -0.190461 0.114857 0.227529 0.966974 0.343999 
1534185122343 0.281078 0.926175 -0.251386 -0.59604 -0.952816 0.300606 0.0421587 -0.190524 0.114615 0.227675 0.966968 0.343998 
1534185122411 0.281031 0.925903 -0.252438 -0.596089 -0.952845 0.300578 0.0417051 -0.190468 0.114492 0.228814 0.966714 0.344015 
1534185122442 0.28097 0.925848 -0.252709 -0.596048 -0.952889 0.300479 0.0414121 -0.190518 0.114275 0.229168 0.966656 0.344031 
1534185122523 0.280535 0.925779 -0.253442 -0.596021 -0.953103 0.299917 0.0405526 -0.190673 0.113554 0.23018 0.9665 0.343951 
1534185122563 0.280234 0.925726 -0.253969 -0.596059 -0.953227 0.299577 0.0401576 -0.19069 0.113258 0.230836 0.966378 0.343897 
1534185122577 0.280137 0.925699 -0.254175 -0.596074 -0.953267 0.299468 0.040017 -0.190696 0.113161 0.231087 0.96633 0.34388 
1534185122594 0.280057 0.925671 -0.254363 -0.596087 -0.953302 0.299375 0.0398795 -0.190703 0.113065 0.231317 0.966286 0.343866 
1534185122610 0.279979 0.925635 -0.25458 -0.596102 -0.953341 0.299276 0.039693 -0.190718 0.112931 0.231588 0.966237 0.343855 
1534185122627 0.279925 0.925606 -0.254746 -0.596109 -0.95337 0.299202 0.0395334 -0.190736 0.112813 0.231801 0.9662 0.343847 
1534185122645 0.279905 0.925584 -0.254846 -0.59611 -0.953388 0.299163 0.0394063 -0.190756 0.112714 0.231937 0.966178 0.343841 
1534185122660 0.279897 0.925584 -0.254856 -0.596103 -0.953396 0.299144 0.0393587 -0.190764 0.112669 0.231962 0.966178 0.343837 
1534185122677 0.279889 0.925593 -0.254833 -0.596094 -0.953403 0.299126 0.0393305 -0.190766 0.112631 0.23195 0.966185 0.343832 
1534185122769 0.279985 0.925669 -0.254451 -0.596027 -0.953481 0.298983 0.0385086 -0.190846 0.111723 0.231832 0.966319 0.343862 
1534185122783 0.279996 0.925636 -0.25456 -0.596033 -0.95352 0.298911 0.0381088 -0.190881 0.111366 0.232057 0.966306 0.343842 
1534185122805 0.28 0.925592 -0.254715 -0.596039 -0.953574 0.298805 0.0375721 -0.190924 0.110887 0.23237 0.966286 0.343798 
1534185122819 0.279993 0.925579 -0.254769 -0.596039 -0.953596 0.298758 0.037384 -0.190936 0.110716 0.23248 0.966279 0.343779 
1534185122835 0.279949 0.925539 -0.254965 -0.596052 -0.953636 0.298667 0.0370991 -0.190952 0.110486 0.232758 0.966238 0.343743 
1534185122852 0.279898 0.925506 -0.255139 -0.596064 -0.953663 0.2986 0.0369538 -0.190954 0.110386 0.232973 0.966198 0.34371 
1534185122869 0.279861 0.925482 -0.255268 -0.596071 -0.95368 0.298556 0.0368622 -0.190955 0.110327 0.233127 0.966167 0.343684 
1534185122885 0.279839 0.925464 -0.255356 -0.596076 -0.953691 0.298529 0.0368011 -0.190958 0.110289 0.233232 0.966146 0.343675 
1534185122966 0.279841 0.925454 -0.255389 -0.596048 -0.953719 0.298471 0.0365381 -0.190982 0.110041 0.233344 0.966148 0.343778 
1534185122999 0.279814 0.925369 -0.255726 -0.596031 -0.953736 0.29844 0.036361 -0.190958 0.109966 0.233721 0.966065 0.343822 
1534185123030 0.279867 0.925263 -0.256053 -0.596014 -0.953734 0.298473 0.0361155 -0.190948 0.109841 0.234099 0.965988 0.343864 
1534185123062 0.279888 0.925199 -0.256263 -0.595995 -0.953755 0.298444 0.0358061 -0.190957 0.109608 0.23439 0.965944 0.343904 
1534185123102 0.279928 0.925141 -0.256428 -0.595973 -0.953771 0.298429 0.0354962 -0.190977 0.109365 0.234638 0.965911 0.343955 
1534185123122 0.279926 0.925118 -0.256511 -0.595967 -0.953786 0.298401 0.0353452 -0.190982 0.109242 0.234762 0.965895 0.343979 
1534185123139 0.279916 0.925082 -0.256653 -0.59597 -0.953797 0.298379 0.0352306 -0.19098 0.109171 0.234934 0.965861 0.343996 
1534185123156 0.27991 0.925034 -0.256831 -0.595974 -0.953808 0.298361 0.0350973 -0.190979 0.109094 0.235143 0.965819 0.344002 
1534185123173 0.279908 0.924979 -0.257033 -0.595975 -0.953818 0.298345 0.0349412 -0.190982 0.109004 0.235383 0.965771 0.344001 
1534185123189 0.279914 0.924952 -0.257121 -0.595976 -0.953821 0.298344 0.0348704 -0.190985 0.108964 0.235487 0.96575 0.343999 
1534185123206 0.279965 0.924915 -0.257201 -0.595975 -0.953817 0.298373 0.0347387 -0.191001 0.108872 0.235597 0.965733 0.343991 
1534185123222 0.28002 0.924899 -0.257198 -0.595974 -0.953807 0.298413 0.0346711 -0.191019 0.108818 0.235609 0.965737 0.343987 
1534185123239 0.280094 0.924884 -0.25717 -0.59597 -0.953789 0.298475 0.0346219 -0.191035 0.10878 0.235589 0.965746 0.343982 
1534185123256 0.280142 0.924876 -0.257148 -0.595964 -0.953772 0.298526 0.0346433 -0.191036 0.108806 0.235555 0.965751 0.343976 
1534185123339 0.280519 0.924756 -0.257168 -0.595933 -0.953658 0.298899 0.0345681 -0.191057 0.108834 0.235553 0.965748 0.343989 
1534185123356 0.28052 0.924687 -0.257415 -0.595938 -0.95367 0.298882 0.0343784 -0.191051 0.108726 0.235846 0.965689 0.343992 
1534185123372 0.280491 0.924611 -0.25772 -0.595952 -0.953682 0.298859 0.0342587 -0.191037 0.108698 0.236174 0.965612 0.343992 
1534185123389 0.280474 0.924521 -0.258061 -0.595965 -0.953688 0.298853 0.0341438 -0.191021 0.108689 0.236533 0.965525 0.343993 
1534185123406 0.280456 0.924468 -0.258269 -0.595973 -0.953693 0.298844 0.0340828 -0.191015 0.10869 0.23675 0.965472 0.343993 
1534185123422 0.28045 0.924461 -0.258301 -0.595963 -0.953701 0.298826 0.0340173 -0.191013 0.108635 0.236802 0.965465 0.343997 
1534185123441 0.280489 0.924459 -0.258266 -0.595956 -0.95369 0.298862 0.0340202 -0.191023 0.108636 0.236764 0.965475 0.343998 
1534185123456 0.280561 0.924452 -0.258212 -0.595958 -0.953662 0.298944 0.0340789 -0.191046 0.108695 0.236686 0.965487 0.343995 
1534185123486 0.280769 0.924539 -0.257675 -0.595912 -0.953638 0.299045 0.0338671 -0.191107 0.108368 0.23622 0.965638 0.34403 
1534185123547 0.281208 0.924523 -0.257253 -0.595931 -0.953602 0.299251 0.033055 -0.191072 0.107543 0.236022 0.965778 0.344086 
1534185123561 0.281318 0.924464 -0.257343 -0.595955 -0.953604 0.299284 0.0326859 -0.19107 0.107236 0.236208 0.965767 0.344069 
1534185123584 0.281484 0.924373 -0.25749 -0.595988 -0.95361 0.299328 0.0320999 -0.191084 0.106746 0.236509 0.965748 0.344046 
1534185123600 0.281587 0.924294 -0.25766 -0.596013 -0.953606 0.299376 0.0317786 -0.191097 0.10651 0.236757 0.965713 0.34403 
1534185123717 0.281697 0.924264 -0.25765 -0.596007 -0.953569 0.299491 0.0317894 -0.191041 0.106546 0.236732 0.965715 0.344032 
1534185123730 0.281641 0.924343 -0.257427 -0.595987 -0.953575 0.299452 0.0319709 -0.191039 0.106639 0.236472 0.965769 0.344031 
1534185123747 0.281597 0.924438 -0.257132 -0.595962 -0.953572 0.299435 0.0322243 -0.19104 0.106784 0.23612 0.965839 0.344027 
1534185123764 0.28158 0.924515 -0.256875 -0.595945 -0.953562 0.299444 0.0324537 -0.191052 0.106924 0.235808 0.9659 0.344017 
1534185123780 0.281619 0.924533 -0.256769 -0.595944 -0.953542 0.299496 0.0325537 -0.191074 0.106998 0.235672 0.965924 0.344005 
1534185123839 0.281871 0.924496 -0.256624 -0.595977 -0.953446 0.299782 0.0327273 -0.191133 0.107188 0.235453 0.965957 0.343972 
1534185123857 0.281987 0.924526 -0.256387 -0.595981 -0.953417 0.299874 0.0327273 -0.191127 0.107141 0.235216 0.96602 0.343964 
1534185123879 0.282196 0.924535 -0.256125 -0.595998 -0.953343 0.300095 0.0328714 -0.191102 0.107253 0.234898 0.966085 0.343954 
1534185123896 0.282347 0.92453 -0.255979 -0.59602 -0.953287 0.300261 0.0329811 -0.191093 0.107352 0.234709 0.96612 0.343944 
1534185123912 0.282492 0.924528 -0.255825 -0.596037 -0.953238 0.300408 0.0330443 -0.191092 0.107402 0.234528 0.966158 0.343929 
1534185123929 0.282654 0.924527 -0.25565 -0.596057 -0.953187 0.300565 0.0330837 -0.191089 0.107426 0.234331 0.966203 0.343906 
1534185123946 0.282778 0.924536 -0.25548 -0.596071 -0.953152 0.300675 0.0330904 -0.19109 0.10741 0.234154 0.966248 0.343886 
1534185123962 0.282849 0.924551 -0.255347 -0.596079 -0.953136 0.30073 0.0330775 -0.191096 0.107372 0.234025 0.966283 0.343865 
1534185124011 0.282798 0.924591 -0.255257 -0.596053 -0.953153 0.300673 0.0331022 -0.191091 0.107355 0.233938 0.966306 0.34384 
1534185124039 0.282493 0.92465 -0.255383 -0.596036 -0.953241 0.300386 0.033159 -0.191108 0.107374 0.234074 0.966271 0.343843 
1534185124052 0.282301 0.924655 -0.255576 -0.596044 -0.953281 0.300245 0.0332983 -0.19112 0.107525 0.234236 0.966215 0.343855 
1534185124069 0.282092 0.924646 -0.255842 -0.596056 -0.953311 0.30012 0.0335514 -0.191148 0.107806 0.234432 0.966136 0.343893 
1534185124089 0.281951 0.92464 -0.256018 -0.596057 -0.953319 0.300064 0.0338327 -0.191196 0.108105 0.234528 0.96608 0.343963 
1534185124106 0.281884 0.924661 -0.256014 -0.596044 -0.953321 0.300037 0.0340055 -0.191239 0.108257 0.234478 0.966075 0.344025 
1534185124126 0.281795 0.924687 -0.256019 -0.596031 -0.953322 0.300007 0.0342568 -0.191278 0.108484 0.234416 0.966064 0.344072 
1534185124143 0.281696 0.92473 -0.255972 -0.59602 -0.953313 0.299991 0.0346357 -0.191297 0.108818 0.234265 0.966063 0.344111 
1534185124159 0.281648 0.924756 -0.25593 -0.596017 -0.9533 0.300002 0.0349033 -0.1913 0.109057 0.234148 0.966065 0.344131 
1534185124176 0.281611 0.924772 -0.255913 -0.596025 -0.953292 0.300005 0.0350827 -0.191293 0.109219 0.234081 0.966063 0.344122 
1534185124192 0.281623 0.924771 -0.255903 -0.596036 -0.953284 0.300026 0.0351279 -0.191277 0.109263 0.234055 0.966064 0.344095 
1534185124209 0.281671 0.92475 -0.255929 -0.596051 -0.953279 0.300055 0.0350287 -0.191272 0.109186 0.234105 0.966061 0.344054 
1534185124226 0.281736 0.924738 -0.255899 -0.596067 -0.953287 0.300057 0.0347765 -0.191262 0.108943 0.234147 0.966078 0.343999 
1534185124246 0.281907 0.924761 -0.255626 -0.596066 -0.953291 0.300095 0.034335 -0.191245 0.108464 0.234007 0.966166 0.343933 
1534185124262 0.282089 0.924752 -0.255461 -0.596067 -0.953265 0.300205 0.034094 -0.191226 0.108219 0.233904 0.966218 0.343877 
1534185124279 0.282234 0.924748 -0.255312 -0.596073 -0.953249 0.300282 0.0338641 -0.191204 0.107981 0.233818 0.966265 0.343815 
1534185124296 0.28229 0.924744 -0.255266 -0.59609 -0.953244 0.30031 0.0337631 -0.191183 0.107881 0.2338 0.966281 0.34378 
1534185124312 0.282298 0.924747 -0.255246 -0.596113 -0.953242 0.300317 0.0337648 -0.191159 0.107878 0.233779 0.966286 0.343771 
1534185124383 0.282241 0.92473 -0.255373 -0.596127 -0.953239 0.300308 0.0339153 -0.191171 0.108053 0.233859 0.966248 0.343894 
1534185124398 0.282153 0.924707 -0.255552 -0.596136 -0.953273 0.300214 0.0338118 -0.191158 0.107986 0.234071 0.966204 0.343941 
1534185124413 0.282082 0.924692 -0.255684 -0.596142 -0.953314 0.300105 0.0336067 -0.191153 0.107808 0.234267 0.966176 0.343995 
1534185124429 0.282047 0.924689 -0.255735 -0.596137 -0.95335 0.300018 0.0333699 -0.191146 0.107582 0.234393 0.966171 0.344045 
1534185124446 0.282132 0.924672 -0.255701 -0.596119 -0.953355 0.300033 0.0330872 -0.191135 0.107314 0.234439 0.96619 0.344097 
1534185124466 0.2822 0.924662 -0.255663 -0.596102 -0.953361 0.300039 0.0328417 -0.191122 0.107076 0.234471 0.966208 0.344128 
1534185124483 0.28232 0.924633 -0.255636 -0.596095 -0.953349 0.300105 0.0326152 -0.191129 0.106875 0.234502 0.966223 0.344136 
1534185124499 0.282475 0.924586 -0.255635 -0.596095 -0.953325 0.300207 0.0323742 -0.191149 0.106676 0.234558 0.966231 0.344128 
1534185124516 0.282606 0.924542 -0.255647 -0.596099 -0.953304 0.300293 0.0321682 -0.191159 0.10651 0.234618 0.966235 0.344114 
1534185124533 0.282827 0.924487 -0.255604 -0.596102 -0.953272 0.300433 0.0318295 -0.19117 0.106218 0.234658 0.966257 0.344103 
1534185124619 0.282766 0.924502 -0.255617 -0.596146 -0.953304 0.300344 0.0317129 -0.191132 0.106092 0.234713 0.966258 0.344011 
1534185124632 0.282639 0.924552 -0.255577 -0.596154 -0.953324 0.300258 0.0319189 -0.191135 0.10625 0.234626 0.966262 0.34399 
1534185124649 0.282507 0.924639 -0.255408 -0.596153 -0.953342 0.30017 0.0321968 -0.191145 0.106436 0.234395 0.966297 0.343979 
1534185124666 0.282424 0.924709 -0.255245 -0.596153 -0.953344 0.300135 0.0324788 -0.191157 0.106641 0.234164 0.966331 0.343973 
1534185124682 0.282468 0.924729 -0.255123 -0.596155 -0.953312 0.300215 0.0326787 -0.19117 0.106811 0.233981 0.966356 0.343969 
1534185124702 0.282526 0.924748 -0.254991 -0.596156 -0.953277 0.300304 0.0328659 -0.191178 0.106967 0.233791 0.966385 0.343962 
1534185124719 0.282556 0.924768 -0.254886 -0.596152 -0.953263 0.30034 0.0329346 -0.191182 0.107009 0.233668 0.96641 0.343953 
1534185124736 0.282583 0.924779 -0.254814 -0.596152 -0.953254 0.300366 0.0329621 -0.191187 0.10702 0.233588 0.966428 0.343949 
1534185124752 0.282608 0.924802 -0.254703 -0.596157 -0.953249 0.300381 0.0329699 -0.191185 0.106999 0.233478 0.966457 0.343957 
1534185124769 0.282616 0.924823 -0.254617 -0.596165 -0.953252 0.300376 0.032952 -0.191175 0.106956 0.233402 0.96648 0.343965 
1534185124786 0.282602 0.924833 -0.254597 -0.596173 -0.953259 0.300355 0.0329356 -0.19116 0.106929 0.233389 0.966486 0.343963 
1534185124802 0.282573 0.924837 -0.254614 -0.596184 -0.953271 0.30032 0.0329078 -0.19114 0.1069 0.233418 0.966483 0.343947 
1534185124819 0.282519 0.924841 -0.25466 -0.596195 -0.953288 0.300267 0.0328928 -0.19111 0.106886 0.233471 0.966471 0.343933 
1534185124836 0.282494 0.924846 -0.254668 -0.596198 -0.953297 0.300239 0.032881 -0.191097 0.106871 0.233486 0.966469 0.343931 
1534185124852 0.282494 0.924846 -0.254668 -0.596198 -0.953297 0.300239 0.032881 -0.191097 0.106871 0.233486 0.966469 0.343931 
1534185124872 0.282494 0.924846 -0.254668 -0.596198 -0.953297 0.300239 0.032881 -0.191097 0.106871 0.233486 0.966469 0.343931 
1534185124889 0.282494 0.924846 -0.254668 -0.596198 -0.953297 0.300239 0.032881 -0.191097 0.106871 0.233486 0.966469 0.343931 
1534185124906 0.282494 0.924846 -0.254668 -0.596198 -0.953297 0.300239 0.032881 -0.191097 0.106871 0.233486 0.966469 0.343931 
1534185124926 0.282494 0.924846 -0.254668 -0.596198 -0.953297 0.300239 0.032881 -0.191097 0.106871 0.233486 0.966469 0.343931 
1534185125009 0.282823 0.924775 -0.254562 -0.596186 -0.953248 0.300449 0.0323962 -0.191131 0.106442 0.233498 0.966514 0.343899 
1534185125025 0.282926 0.924861 -0.254135 -0.596153 -0.953227 0.300512 0.0324197 -0.19115 0.106354 0.233075 0.966625 0.343902 
1534185125039 0.283011 0.924914 -0.25385 -0.596153 -0.953197 0.300595 0.0325353 -0.191152 0.106398 0.232761 0.966696 0.343898 
1534185125056 0.28306 0.924969 -0.253594 -0.596168 -0.953174 0.300651 0.032683 -0.191145 0.106474 0.232468 0.966758 0.343889 
1534185125072 0.283022 0.925017 -0.253461 -0.596192 -0.953175 0.300633 0.0328289 -0.191127 0.106566 0.232301 0.966788 0.343874 
1534185125090 0.28299 0.925054 -0.25336 -0.596219 -0.953175 0.300618 0.032955 -0.191108 0.10665 0.23217 0.966811 0.343859 
1534185125106 0.282993 0.925076 -0.253276 -0.596247 -0.953171 0.300625 0.0330093 -0.191098 0.106677 0.232074 0.966831 0.343838 
1534185125122 0.282988 0.925116 -0.253138 -0.596263 -0.953178 0.300602 0.0330039 -0.191077 0.106626 0.231946 0.966867 0.343823 
1534185125139 0.282974 0.925169 -0.25296 -0.59627 -0.95319 0.300566 0.0329921 -0.191047 0.106554 0.231783 0.966914 0.343816 
1534185125156 0.282991 0.925199 -0.252831 -0.59627 -0.953189 0.300569 0.0329941 -0.191038 0.106519 0.231658 0.966948 0.343813 
1534185125172 0.28304 0.925216 -0.252712 -0.59626 -0.953177 0.300607 0.0329971 -0.191051 0.106496 0.231539 0.966979 0.34381 
1534185125197 0.283113 0.925212 -0.252646 -0.596241 -0.95316 0.300665 0.0329598 -0.191079 0.106456 0.23148 0.966997 0.343794 
1534185125247 0.283258 0.925127 -0.252794 -0.59619 -0.953159 0.300719 0.0324895 -0.191042 0.106077 0.23175 0.966975 0.343735 
1534185125260 0.283413 0.925067 -0.252841 -0.596178 -0.953134 0.300824 0.0322419 -0.191032 0.105887 0.231854 0.96697 0.343724 
1534185125277 0.283565 0.925001 -0.252911 -0.59617 -0.953114 0.30092 0.0319554 -0.191023 0.105665 0.231991 0.966962 0.343718 
1534185125297 0.2837 0.924954 -0.252931 -0.596156 -0.953107 0.300978 0.0316039 -0.191016 0.105359 0.232104 0.966968 0.343718 
1534185125314 0.283724 0.924947 -0.252931 -0.596151 -0.953125 0.300945 0.0313686 -0.191025 0.105133 0.232175 0.966976 0.343716 
1534185125330 0.283778 0.924933 -0.252921 -0.596151 -0.953124 0.300964 0.0312212 -0.191037 0.104998 0.232206 0.966983 0.343706 
1534185125347 0.283852 0.924916 -0.252901 -0.596153 -0.953116 0.301005 0.0310778 -0.191042 0.104869 0.232223 0.966993 0.343686 
1534185125465 0.28363 0.924884 -0.253265 -0.596117 -0.953137 0.300902 0.0314338 -0.19097 0.10528 0.23248 0.966886 0.34367 
1534185125479 0.283558 0.924841 -0.253502 -0.596114 -0.953138 0.300885 0.0315605 -0.190974 0.105463 0.232673 0.96682 0.343695 
1534185125511 0.283319 0.924769 -0.254031 -0.59609 -0.95317 0.300757 0.031805 -0.191031 0.105814 0.233124 0.966673 0.343761 
1534185125581 0.282965 0.92478 -0.254389 -0.596011 -0.953267 0.300444 0.0318538 -0.191068 0.105887 0.233487 0.966577 0.343798 
1534185125601 0.282822 0.924738 -0.2547 -0.596014 -0.953297 0.300345 0.0319092 -0.191027 0.106006 0.23378 0.966494 0.343779 
1534185125618 0.282713 0.924711 -0.254916 -0.596015 -0.95332 0.300267 0.0319503 -0.190998 0.106088 0.233984 0.966435 0.343769 
1534185125635 0.282586 0.924672 -0.255201 -0.596015 -0.953353 0.300164 0.0319324 -0.190969 0.106129 0.234273 0.966361 0.343759 
1534185125651 0.282485 0.924641 -0.255424 -0.596016 -0.953381 0.300078 0.031903 -0.190949 0.106146 0.234504 0.966303 0.343747 
1534185125668 0.282394 0.924623 -0.255589 -0.596014 -0.953406 0.3 0.0318872 -0.190926 0.10616 0.234675 0.96626 0.343736 
1534185125684 0.282346 0.924624 -0.255639 -0.596009 -0.953422 0.29995 0.0318671 -0.190913 0.106144 0.234734 0.966247 0.343733 
1534185125701 0.282346 0.924624 -0.255639 -0.596009 -0.953422 0.29995 0.0318671 -0.190913 0.106144 0.234734 0.966247 0.343733 
1534185125718 0.28233 0.924598 -0.255752 -0.596002 -0.953432 0.299927 0.0317863 -0.190928 0.106097 0.234868 0.96622 0.343724 
1534185125734 0.282372 0.924575 -0.255788 -0.596007 -0.953416 0.299978 0.0318019 -0.190948 0.106134 0.234892 0.96621 0.343715 
