1535117869334 0.247409 0.926997 -0.281894 -0.576368 -0.93521 0.304538 0.18066 -0.223798 0.253319 0.218934 0.942283 0.403442 
1535117872998 0.247409 0.926997 -0.281895 -0.576368 -0.93521 0.304538 0.18066 -0.223798 0.253319 0.218935 0.942283 0.403441 
1535117873663 0.248531 0.926551 -0.282374 -0.582495 -0.935178 0.305472 0.179248 -0.226831 0.252339 0.219521 0.942409 0.400467 
1535117874295 0.248957 0.926542 -0.28203 -0.588888 -0.935301 0.305606 0.178372 -0.229615 0.251459 0.219376 0.942678 0.397514 
1535117875720 0.250987 0.926323 -0.280947 -0.620984 -0.936049 0.3062 0.173359 -0.243579 0.246612 0.21947 0.943936 0.382576 
1535117876675 0.251659 0.926341 -0.280285 -0.633771 -0.936309 0.306326 0.171725 -0.249095 0.244935 0.219218 0.944431 0.376587 
1535117877018 0.251116 0.926702 -0.279578 -0.633972 -0.936349 0.30577 0.172495 -0.248928 0.245338 0.218467 0.944501 0.37673 
1535117877379 0.252131 0.92599 -0.281022 -0.635084 -0.93664 0.306501 0.169597 -0.249565 0.243179 0.220455 0.944597 0.375901 
1535117877744 0.252919 0.925465 -0.28204 -0.636724 -0.937058 0.306861 0.166607 -0.250053 0.240736 0.222149 0.944826 0.375097 
1535117878095 0.25333 0.925094 -0.282886 -0.63831 -0.937538 0.306856 0.163896 -0.250563 0.238425 0.223696 0.945047 0.374267 
1535117878443 0.254172 0.924563 -0.283865 -0.639912 -0.937973 0.307205 0.160722 -0.251186 0.235802 0.225406 0.945299 0.373433 
1535117878703 0.254043 0.924527 -0.2841 -0.640732 -0.938349 0.306795 0.159308 -0.251294 0.234445 0.226114 0.945467 0.37306 
1535117879304 0.254102 0.924551 -0.283968 -0.640942 -0.93848 0.306686 0.158741 -0.251422 0.233853 0.226162 0.945602 0.373035 
1535117879498 0.253477 0.924643 -0.284226 -0.640681 -0.938268 0.306501 0.160344 -0.251392 0.235377 0.226037 0.945254 0.37313 
1535117879601 0.252984 0.924768 -0.284259 -0.640423 -0.937915 0.3065 0.1624 -0.25155 0.237308 0.225526 0.944893 0.373508 
1535117879716 0.252251 0.924965 -0.284271 -0.640348 -0.937861 0.30604 0.163574 -0.251546 0.238298 0.225345 0.944687 0.373602 
1535117879943 0.251047 0.925296 -0.284259 -0.640037 -0.937527 0.305504 0.166463 -0.251773 0.24087 0.224711 0.944186 0.374077 
1535117880150 0.249963 0.925551 -0.284383 -0.639754 -0.937109 0.305148 0.169444 -0.252006 0.243607 0.224143 0.943618 0.374447 
1535117880267 0.249378 0.925706 -0.284393 -0.639573 -0.936888 0.304937 0.17104 -0.252106 0.245055 0.22379 0.943327 0.374699 
1535117880672 0.248636 0.925891 -0.28444 -0.639463 -0.936791 0.304506 0.172335 -0.252142 0.246177 0.223612 0.943077 0.374856 
1535117880687 0.24864 0.925885 -0.284455 -0.639478 -0.936823 0.304482 0.1722 -0.252132 0.246049 0.223668 0.943097 0.374829 
1535117880928 0.247891 0.926204 -0.28407 -0.63956 -0.936942 0.303767 0.172813 -0.252275 0.246351 0.223318 0.943101 0.374874 
1535117881135 0.246909 0.926422 -0.284214 -0.639588 -0.936903 0.303128 0.174145 -0.252532 0.247485 0.223283 0.942813 0.374891 
1535117881349 0.246411 0.926604 -0.284054 -0.639586 -0.936773 0.302857 0.175312 -0.252724 0.248472 0.222895 0.942645 0.375071 
1535117881678 0.243667 0.927441 -0.28369 -0.639567 -0.936635 0.300933 0.179319 -0.253316 0.251679 0.22202 0.942 0.375424 
1535117881937 0.241829 0.927999 -0.283436 -0.639594 -0.936563 0.299613 0.181885 -0.253485 0.253711 0.22147 0.941585 0.375627 
1535117882585 0.241463 0.928155 -0.283238 -0.639578 -0.936448 0.299408 0.182814 -0.253673 0.254483 0.221095 0.941465 0.37576 
1535117882616 0.241553 0.928128 -0.283251 -0.63956 -0.936483 0.299445 0.18257 -0.253647 0.254267 0.22116 0.941508 0.37571 
1535117882825 0.241354 0.928285 -0.282906 -0.639647 -0.93671 0.299035 0.182076 -0.253831 0.253617 0.221056 0.941707 0.375618 
1535117882871 0.240988 0.928416 -0.282788 -0.639726 -0.936767 0.298695 0.182341 -0.253924 0.253755 0.220965 0.941692 0.375635 
1535117883006 0.240365 0.928647 -0.282559 -0.639811 -0.936911 0.298071 0.182625 -0.253919 0.253816 0.220836 0.941705 0.375587 
1535117883056 0.240236 0.928731 -0.282392 -0.639832 -0.936982 0.297882 0.182567 -0.254138 0.253675 0.220737 0.941766 0.375523 
1535117883189 0.239805 0.928957 -0.282013 -0.639875 -0.937037 0.297445 0.182997 -0.254248 0.25388 0.220373 0.941797 0.375664 
1535117883378 0.239019 0.929291 -0.281581 -0.640028 -0.937207 0.296637 0.183435 -0.254444 0.253992 0.220055 0.941841 0.375559 
1535117883868 0.238674 0.929451 -0.281346 -0.640093 -0.937239 0.296311 0.183801 -0.254635 0.2542 0.21982 0.94184 0.37555 
1535117883908 0.238757 0.9294 -0.281443 -0.640075 -0.937227 0.296401 0.183717 -0.254518 0.254166 0.219913 0.941827 0.37555 
1535117884033 0.239258 0.929255 -0.281496 -0.640036 -0.937189 0.296811 0.18325 -0.254416 0.253837 0.219971 0.941902 0.375567 
1535117884202 0.240448 0.929155 -0.280812 -0.640031 -0.93727 0.297477 0.181748 -0.254511 0.252407 0.219496 0.942397 0.375477 
1535117884230 0.240849 0.929085 -0.280701 -0.640031 -0.937219 0.297792 0.181494 -0.254535 0.252214 0.219365 0.942479 0.375496 
1535117884274 0.241251 0.929071 -0.280401 -0.640013 -0.937269 0.297984 0.180923 -0.254564 0.251645 0.219164 0.942678 0.375433 
1535117884357 0.241676 0.928998 -0.280277 -0.640049 -0.937331 0.298215 0.180217 -0.254528 0.251004 0.219158 0.94285 0.375311 
1535117884495 0.242416 0.928923 -0.279887 -0.640063 -0.937368 0.298646 0.17931 -0.254526 0.250153 0.218889 0.943139 0.375232 
1535117884643 0.242396 0.928922 -0.279907 -0.640048 -0.937368 0.298635 0.179327 -0.254534 0.250171 0.218907 0.94313 0.375236 
1535117884783 0.242475 0.928795 -0.280259 -0.639828 -0.937209 0.2989 0.179717 -0.25443 0.25069 0.219084 0.942951 0.375326 
1535117884932 0.24313 0.928665 -0.280123 -0.639617 -0.937044 0.299494 0.179587 -0.254295 0.250671 0.218824 0.943016 0.375386 
1535117885067 0.243909 0.928499 -0.279998 -0.639447 -0.936943 0.300125 0.17906 -0.254217 0.250291 0.218668 0.943154 0.375349 
1535117885221 0.24461 0.928357 -0.279854 -0.639242 -0.936805 0.300727 0.178774 -0.254137 0.250126 0.218439 0.943251 0.375419 
1535117885443 0.246036 0.92806 -0.279591 -0.638906 -0.936547 0.301937 0.178084 -0.253883 0.249691 0.218035 0.943459 0.375563 
1535117885601 0.247006 0.927821 -0.279528 -0.638645 -0.936413 0.302745 0.177417 -0.253953 0.249237 0.21793 0.943603 0.375548 
1535117885752 0.24744 0.92775 -0.27938 -0.638466 -0.936373 0.303065 0.177079 -0.253772 0.248955 0.217787 0.943711 0.375557 
1535117885883 0.24782 0.927639 -0.279414 -0.638359 -0.936285 0.303423 0.176931 -0.253568 0.248908 0.217764 0.943728 0.375582 
1535117885899 0.247872 0.927621 -0.279425 -0.638356 -0.936276 0.303471 0.176897 -0.253595 0.248891 0.217771 0.943732 0.375578 
1535117886321 0.248002 0.927659 -0.279183 -0.637688 -0.936318 0.303482 0.176655 -0.253198 0.248602 0.217593 0.943849 0.375946 
1535117886570 0.248549 0.927486 -0.279273 -0.636935 -0.93633 0.303884 0.175901 -0.253018 0.248012 0.217772 0.943963 0.376137 
1535117886832 0.248942 0.927365 -0.279326 -0.636296 -0.936338 0.30417 0.175363 -0.252523 0.247588 0.217888 0.944047 0.376371 
1535117887022 0.249523 0.927138 -0.279557 -0.635948 -0.936302 0.304665 0.174694 -0.252508 0.247137 0.21816 0.944103 0.376363 
1535117887218 0.24965 0.927101 -0.279569 -0.635632 -0.936315 0.304747 0.174483 -0.252316 0.246962 0.218205 0.944138 0.376564 
1535117887415 0.250035 0.926987 -0.279604 -0.6354 -0.936276 0.305064 0.174136 -0.252353 0.246719 0.218246 0.944192 0.376605 
1535117887692 0.249761 0.927115 -0.279422 -0.634914 -0.936145 0.304948 0.17504 -0.251997 0.247491 0.217861 0.944079 0.376798 
1535117888024 0.249997 0.927043 -0.279451 -0.633973 -0.93585 0.305383 0.175858 -0.251667 0.248367 0.21756 0.943918 0.377098 
1535117888308 0.25005 0.926917 -0.27982 -0.633092 -0.935564 0.305741 0.176753 -0.25124 0.249388 0.217593 0.943641 0.377229 
1535117888649 0.250163 0.926916 -0.279722 -0.631678 -0.935246 0.306081 0.177848 -0.250646 0.250468 0.217118 0.943465 0.377654 
1535117888676 0.250252 0.926891 -0.279728 -0.631551 -0.93519 0.306195 0.177944 -0.250609 0.250586 0.217068 0.943445 0.377677 
1535117888694 0.250383 0.92683 -0.279811 -0.631494 -0.935133 0.306355 0.177967 -0.250641 0.250667 0.2171 0.943416 0.377675 
1535117888901 0.25003 0.926921 -0.279826 -0.631217 -0.935163 0.306077 0.178291 -0.250418 0.25091 0.217105 0.94335 0.377752 
1535117889144 0.249779 0.926948 -0.279962 -0.630539 -0.935063 0.306008 0.178933 -0.250142 0.251532 0.217088 0.943188 0.378051 
1535117889319 0.249966 0.926821 -0.280215 -0.630166 -0.934929 0.306308 0.17912 -0.250079 0.251844 0.217207 0.943078 0.378003 
1535117889556 0.249925 0.926819 -0.280258 -0.629413 -0.934748 0.306442 0.179833 -0.249919 0.252555 0.217025 0.942929 0.378364 
1535117889816 0.249775 0.926758 -0.280593 -0.628708 -0.934583 0.30654 0.180521 -0.249629 0.253312 0.217148 0.942698 0.378485 
1535117890004 0.249905 0.926632 -0.280893 -0.628532 -0.934451 0.306806 0.180753 -0.249558 0.253672 0.21731 0.942564 0.378447 
1535117890269 0.249595 0.926715 -0.280895 -0.628201 -0.934538 0.306507 0.180808 -0.249306 0.253654 0.217378 0.942553 0.378648 
1535117890737 0.249701 0.926374 -0.281923 -0.625581 -0.93412 0.307143 0.18189 -0.248146 0.255088 0.217931 0.942038 0.379592 
1535117890760 0.249751 0.926332 -0.282017 -0.625476 -0.934096 0.307218 0.181884 -0.248158 0.255125 0.218005 0.942011 0.379603 
1535117890788 0.249946 0.926215 -0.282229 -0.625384 -0.93403 0.307457 0.181817 -0.24825 0.255175 0.218167 0.94196 0.379584 
1535117891017 0.249856 0.926224 -0.282279 -0.625091 -0.933979 0.307445 0.1821 -0.24795 0.25545 0.218144 0.941891 0.379709 
1535117891183 0.250127 0.926075 -0.282526 -0.624793 -0.933841 0.307808 0.182196 -0.247969 0.255691 0.218263 0.941798 0.379777 
1535117891371 0.250421 0.925919 -0.282778 -0.624515 -0.933694 0.308197 0.182292 -0.247905 0.255939 0.218378 0.941704 0.37985 
1535117891398 0.250291 0.925976 -0.282707 -0.624446 -0.933724 0.308062 0.182364 -0.247825 0.255956 0.218326 0.941711 0.37989 
1535117891421 0.250232 0.926 -0.28268 -0.624401 -0.933735 0.308006 0.182406 -0.247787 0.255975 0.218304 0.941711 0.379916 
1535117891595 0.250355 0.92587 -0.282996 -0.624253 -0.933635 0.308242 0.182518 -0.247711 0.256219 0.218521 0.941595 0.379943 
1535117891813 0.250407 0.925845 -0.283031 -0.623711 -0.933619 0.3083 0.182501 -0.247528 0.256226 0.218544 0.941587 0.380114 
1535117891963 0.2507 0.9257 -0.283248 -0.623396 -0.933522 0.308637 0.182426 -0.247591 0.256292 0.218684 0.941537 0.380151 
1535117892264 0.250284 0.92581 -0.283254 -0.622416 -0.933554 0.30831 0.182814 -0.246963 0.256581 0.218678 0.94146 0.380531 
1535117892527 0.250654 0.925581 -0.283675 -0.622165 -0.93344 0.308759 0.182643 -0.247018 0.256638 0.219014 0.941366 0.380485 
1535117892557 0.25065 0.925582 -0.283678 -0.622165 -0.93344 0.308756 0.182645 -0.247016 0.25664 0.219016 0.941365 0.380483 
1535117892736 0.250423 0.925752 -0.283322 -0.622099 -0.933516 0.308457 0.182763 -0.246852 0.256586 0.218717 0.941449 0.380567 
1535117892936 0.250943 0.925578 -0.283429 -0.621729 -0.933369 0.30898 0.182628 -0.246736 0.256611 0.218714 0.941443 0.380539 
1535117893127 0.251534 0.925368 -0.283591 -0.621341 -0.933178 0.309602 0.18255 -0.246702 0.256727 0.218724 0.941409 0.38064 
1535117893300 0.251579 0.925359 -0.283581 -0.621024 -0.933164 0.309644 0.18255 -0.246436 0.256734 0.218702 0.941412 0.380727 
1535117893377 0.251796 0.925269 -0.283682 -0.620795 -0.933107 0.30987 0.18246 -0.246378 0.256729 0.218763 0.941399 0.380701 
1535117893406 0.25186 0.925218 -0.283794 -0.620783 -0.933096 0.309947 0.182383 -0.246432 0.256706 0.218872 0.94138 0.380659 
1535117893628 0.251735 0.925444 -0.283167 -0.62042 -0.933104 0.309726 0.182718 -0.246219 0.256799 0.218228 0.941504 0.38091 
1535117893763 0.251896 0.925314 -0.283448 -0.620172 -0.932988 0.309998 0.182851 -0.246187 0.257063 0.218394 0.941394 0.380963 
1535117893958 0.251879 0.925382 -0.283242 -0.619636 -0.932955 0.309973 0.183064 -0.24596 0.257201 0.218142 0.941415 0.381116 
1535117894104 0.252049 0.925263 -0.283478 -0.619356 -0.932892 0.310196 0.183007 -0.245952 0.257263 0.218328 0.941355 0.381037 
1535117894322 0.251935 0.925375 -0.283214 -0.618817 -0.932847 0.310099 0.183399 -0.245686 0.257538 0.217991 0.941358 0.381232 
1535117894749 0.252075 0.925285 -0.283382 -0.618619 -0.932763 0.310305 0.183476 -0.245586 0.257702 0.218078 0.941292 0.381205 
1535117894987 0.252103 0.925331 -0.283207 -0.618361 -0.932747 0.310303 0.18356 -0.245532 0.257734 0.217885 0.941329 0.381305 
1535117895152 0.252236 0.92526 -0.283319 -0.618058 -0.932722 0.310444 0.183452 -0.245375 0.257696 0.217985 0.941316 0.381386 
1535117895389 0.252469 0.925223 -0.283235 -0.617355 -0.932605 0.310695 0.183621 -0.245198 0.25789 0.217788 0.941308 0.381684 
1535117895666 0.252784 0.925102 -0.28335 -0.616352 -0.932456 0.311071 0.183742 -0.244806 0.258122 0.217765 0.94125 0.38193 
1535117895834 0.252859 0.925045 -0.283468 -0.616048 -0.93243 0.311171 0.183701 -0.244664 0.258139 0.217864 0.941223 0.38197 
1535117895864 0.252906 0.925047 -0.283418 -0.615938 -0.932418 0.311205 0.183705 -0.244652 0.258137 0.217804 0.941237 0.382 
1535117895879 0.252935 0.925035 -0.283432 -0.615886 -0.932407 0.311239 0.183706 -0.244654 0.258149 0.217808 0.941233 0.382011 
1535117896161 0.252862 0.925041 -0.283479 -0.615079 -0.932226 0.311347 0.184438 -0.244196 0.258873 0.21763 0.941075 0.382359 
1535117896348 0.253189 0.924848 -0.283815 -0.614774 -0.932073 0.31178 0.184482 -0.244122 0.259105 0.217828 0.940965 0.382294 
1535117896578 0.253179 0.924884 -0.283707 -0.614174 -0.931927 0.311873 0.185058 -0.243833 0.259638 0.217542 0.940884 0.382603 
1535117896811 0.253447 0.92477 -0.283841 -0.613555 -0.931742 0.312249 0.185357 -0.243592 0.260042 0.217488 0.940785 0.382712 
1535117896962 0.253753 0.92459 -0.284152 -0.613316 -0.931573 0.312675 0.185487 -0.243621 0.260347 0.217641 0.940666 0.382734 
1535117897316 0.253241 0.924696 -0.284265 -0.612628 -0.931771 0.312161 0.185362 -0.24297 0.26014 0.217928 0.940656 0.383112 
1535117897588 0.253599 0.924426 -0.284822 -0.611852 -0.931658 0.312627 0.185143 -0.242576 0.260194 0.218404 0.940531 0.383375 
1535117898020 0.253968 0.924049 -0.285715 -0.610257 -0.931557 0.313157 0.184754 -0.241885 0.260196 0.219238 0.940337 0.383962 
1535117898057 0.254055 0.923957 -0.285938 -0.610164 -0.931525 0.313291 0.184687 -0.241849 0.260224 0.219438 0.940282 0.383983 
1535117898064 0.254065 0.923951 -0.285946 -0.610111 -0.931533 0.313294 0.184642 -0.241824 0.260185 0.219457 0.940288 0.383995 
1535117898080 0.254128 0.923922 -0.285983 -0.610072 -0.931528 0.313351 0.184572 -0.241839 0.260143 0.219496 0.940291 0.383997 
1535117898265 0.253921 0.924222 -0.285196 -0.609852 -0.931624 0.312963 0.184743 -0.241636 0.26 0.218786 0.940496 0.384075 
1535117898541 0.254063 0.924478 -0.28424 -0.609132 -0.931777 0.312747 0.184342 -0.241349 0.259315 0.218014 0.940864 0.38409 
1535117898766 0.254261 0.924729 -0.283246 -0.608413 -0.931871 0.312612 0.184093 -0.241124 0.258782 0.217141 0.941213 0.384334 
1535117898880 0.254589 0.924722 -0.282975 -0.60812 -0.931858 0.312807 0.183828 -0.241159 0.258506 0.216891 0.941346 0.384387 
1535117898900 0.254557 0.92473 -0.282977 -0.608129 -0.93187 0.312775 0.183823 -0.241138 0.258495 0.216904 0.941346 0.384379 
1535117899091 0.254444 0.924849 -0.282688 -0.608098 -0.931975 0.312547 0.183677 -0.240943 0.258226 0.216722 0.941462 0.384298 
1535117899294 0.254948 0.9253 -0.28075 -0.607591 -0.932138 0.312391 0.183113 -0.240546 0.257138 0.215014 0.942151 0.384263 
1535117899519 0.25519 0.925709 -0.279181 -0.607 -0.932406 0.312032 0.182357 -0.24014 0.255923 0.213774 0.942764 0.384157 
1535117899563 0.255175 0.925892 -0.278585 -0.606815 -0.932538 0.311795 0.18209 -0.239917 0.255457 0.213326 0.942992 0.384109 
1535117899631 0.255399 0.925932 -0.278248 -0.60672 -0.932554 0.311877 0.181865 -0.239875 0.255174 0.213033 0.943135 0.38403 
1535117899659 0.255459 0.925923 -0.278221 -0.606706 -0.932538 0.31193 0.18186 -0.239898 0.255174 0.212994 0.943144 0.384041 
1535117899748 0.255645 0.926034 -0.27768 -0.606548 -0.932514 0.311978 0.181901 -0.239766 0.255077 0.212438 0.943295 0.384146 
1535117899898 0.255255 0.926294 -0.277173 -0.606452 -0.932539 0.311574 0.182464 -0.239692 0.255376 0.2119 0.943335 0.384019 
1535117900066 0.255768 0.926545 -0.275858 -0.606128 -0.932128 0.312027 0.183782 -0.23978 0.256357 0.21013 0.943465 0.384016 
1535117900310 0.255944 0.927423 -0.272727 -0.605406 -0.931794 0.311802 0.185847 -0.2394 0.257396 0.206559 0.943971 0.3839 
1535117900450 0.255961 0.927721 -0.271694 -0.605112 -0.931702 0.311681 0.186511 -0.239276 0.257712 0.205398 0.944138 0.383819 
1535117900574 0.255927 0.927705 -0.271781 -0.605129 -0.931708 0.311669 0.186501 -0.239263 0.257724 0.20549 0.944115 0.383755 
1535117900744 0.256889 0.927875 -0.270287 -0.605362 -0.931893 0.311931 0.185136 -0.23922 0.256094 0.204319 0.944812 0.383738 
1535117900822 0.257345 0.927981 -0.269489 -0.605323 -0.93196 0.312054 0.18459 -0.239303 0.255391 0.203649 0.945147 0.383686 
1535117900943 0.257515 0.928185 -0.268625 -0.605319 -0.931975 0.311996 0.184614 -0.239097 0.255166 0.202811 0.945388 0.383565 
1535117901144 0.258422 0.928423 -0.266924 -0.605244 -0.932005 0.312303 0.183941 -0.239089 0.254136 0.20124 0.946001 0.383471 
1535117901272 0.258789 0.928555 -0.266109 -0.605286 -0.932046 0.31238 0.183602 -0.238961 0.253612 0.200511 0.946296 0.383329 
1535117901353 0.259295 0.928624 -0.265377 -0.605213 -0.932019 0.312629 0.183313 -0.239054 0.253193 0.199804 0.946558 0.383298 
1535117902400 0.252995 0.928268 -0.272604 -0.590854 -0.933466 0.308257 0.183356 -0.231235 0.254235 0.208078 0.944494 0.393274 
1535117904683 0.222961 0.922387 -0.315423 -0.50261 -0.941081 0.288063 0.177163 -0.186774 0.254275 0.257338 0.932267 0.453618 
1535117904702 0.223302 0.922311 -0.315403 -0.502447 -0.941092 0.288289 0.176738 -0.186943 0.253934 0.257357 0.932354 0.453736 
