1533662792597 -0.187255 0.845429 -0.500189 -0.597268 -0.975202 -0.0988634 0.197988 -0.255126 0.117931 0.524856 0.842977 0.407261 
1533662792608 -0.172227 0.815578 -0.552422 -0.604344 -0.976337 -0.0668784 0.205652 -0.252381 0.13078 0.57477 0.807797 0.413921 
1533662792610 0 0 0 0 0 0 0 0 0 0 0 0 
1533662792613 0 0 0 0 0 0 0 0 0 0 0 0 
1533662792620 0 0 0 0 0 0 0 0 0 0 0 0 
1533662792627 -0.15795 0.782188 -0.602689 -0.61145 -0.976819 -0.0344606 0.211276 -0.249653 0.144489 0.622089 0.769499 0.420579 
1533662792637 -0.144483 0.745407 -0.650764 -0.618556 -0.976649 -0.00174841 0.214834 -0.246924 0.159001 0.666608 0.728253 0.427236 
1533662792648 -0.131887 0.705396 -0.696435 -0.625662 -0.975828 0.0311138 0.216312 -0.244195 0.174254 0.70813 0.684242 0.433894 
1533662792657 -0.120217 0.662333 -0.739502 -0.632766 -0.974361 0.0639812 0.215701 -0.241465 0.19018 0.746473 0.63766 0.440551 
1533662792667 -0.109524 0.616407 -0.779774 -0.639869 -0.972253 0.0967087 0.213006 -0.238734 0.206709 0.781467 0.588711 0.447208 
1533662792677 -0.0998543 0.56782 -0.817074 -0.646969 -0.969514 0.129152 0.208237 -0.236002 0.223768 0.812957 0.537613 0.453865 
1533662792687 -0.0912514 0.516788 -0.851236 -0.654068 -0.966155 0.161168 0.201416 -0.233268 0.241282 0.840806 0.484591 0.46052 
1533662792697 -0.0834766 0.463609 -0.882099 -0.659633 -0.962212 0.192738 0.192356 -0.229638 0.259192 0.864823 0.430001 0.466915 
1533662792724 -0.0834766 0.463609 -0.882099 -0.659633 -0.962212 0.192738 0.192356 -0.229638 0.259192 0.864823 0.430001 0.466915 
1533662792727 0 0 0 0 0 0 0 0 0 0 0 0 
1533662792737 -0.0774034 0.408294 -0.909563 -0.668335 -0.957642 0.223353 0.181756 -0.22784 0.277364 0.885104 0.373711 0.473842 
1533662792747 -0.077401 0.408295 -0.909563 -0.668336 -0.957642 0.223356 0.181755 -0.22784 0.277365 0.885103 0.373712 0.473842 
1533662792757 -0.0773985 0.408296 -0.909563 -0.668336 -0.957641 0.223358 0.181753 -0.22784 0.277367 0.885102 0.373713 0.473842 
1533662792767 -0.0773961 0.408297 -0.909562 -0.668336 -0.957641 0.22336 0.181752 -0.22784 0.277368 0.885101 0.373714 0.473842 
1533662792777 -0.0773937 0.408297 -0.909562 -0.668336 -0.957641 0.223362 0.181751 -0.22784 0.27737 0.8851 0.373715 0.473842 
1533662792787 -0.0773913 0.408298 -0.909562 -0.668336 -0.957641 0.223364 0.181749 -0.22784 0.277371 0.885099 0.373716 0.473842 
1533662792797 -0.0773889 0.408299 -0.909562 -0.668336 -0.95764 0.223366 0.181748 -0.227841 0.277373 0.885099 0.373717 0.473842 
1533662792807 -0.0773865 0.4083 -0.909562 -0.668336 -0.95764 0.223368 0.181747 -0.227841 0.277375 0.885098 0.373719 0.473842 
1533662792817 -0.0773632 0.408307 -0.909561 -0.668227 -0.957641 0.223379 0.181729 -0.227777 0.277378 0.885092 0.37373 0.47382 
1533662792834 0 0 0 0 0 0 0 0 0 0 0 0 
1533662792834 0 0 0 0 0 0 0 0 0 0 0 0 
1533662792845 -0.0773632 0.408307 -0.909561 -0.668227 -0.957641 0.223379 0.181729 -0.227777 0.277378 0.885092 0.37373 0.47382 
1533662792855 -0.0773808 0.408302 -0.909561 -0.668336 -0.95764 0.223373 0.181743 -0.227841 0.277378 0.885096 0.373721 0.473842 
1533662792865 -0.0773798 0.408302 -0.909561 -0.668336 -0.95764 0.223374 0.181743 -0.227841 0.277378 0.885095 0.373722 0.473842 
1533662792875 -0.0773789 0.408302 -0.909561 -0.668336 -0.95764 0.223374 0.181742 -0.227841 0.277378 0.885095 0.373722 0.473842 
1533662792885 -0.077378 0.408303 -0.909561 -0.668336 -0.95764 0.223375 0.181741 -0.227841 0.277379 0.885095 0.373723 0.473842 
1533662792895 -0.0773771 0.408303 -0.909561 -0.668336 -0.95764 0.223375 0.181741 -0.227841 0.277379 0.885094 0.373723 0.473842 
1533662792905 -0.0773762 0.408303 -0.909561 -0.668336 -0.95764 0.223376 0.18174 -0.227841 0.277379 0.885094 0.373724 0.473842 
1533662792915 -0.0773753 0.408304 -0.909561 -0.668336 -0.95764 0.223377 0.18174 -0.227841 0.27738 0.885094 0.373724 0.473842 
1533662792925 -0.0773744 0.408304 -0.909561 -0.668336 -0.95764 0.223377 0.181739 -0.227841 0.27738 0.885093 0.373725 0.473842 
1533662792935 -0.0773735 0.408305 -0.909561 -0.668336 -0.95764 0.223378 0.181738 -0.227841 0.27738 0.885093 0.373725 0.473842 
1533662792953 0 0 0 0 0 0 0 0 0 0 0 0 
1533662792953 0 0 0 0 0 0 0 0 0 0 0 0 
1533662792957 0 0 0 0 0 0 0 0 0 0 0 0 
1533662792967 -0.0773735 0.408305 -0.909561 -0.668336 -0.95764 0.223378 0.181738 -0.227841 0.27738 0.885093 0.373725 0.473842 
1533662792977 -0.0776007 0.408519 -0.909445 -0.668286 -0.957626 0.223234 0.181988 -0.227888 0.277364 0.88503 0.373885 0.473862 
1533662792987 -0.0778301 0.408733 -0.909329 -0.668231 -0.957612 0.223089 0.182239 -0.227937 0.277348 0.884968 0.374045 0.473883 
1533662792997 -0.0780597 0.408948 -0.909213 -0.668176 -0.957598 0.222944 0.18249 -0.227986 0.277332 0.884906 0.374204 0.473903 
1533662793008 -0.0782886 0.409162 -0.909097 -0.668122 -0.957584 0.222799 0.18274 -0.228034 0.277316 0.884843 0.374364 0.473923 
1533662793017 -0.0785174 0.409376 -0.908981 -0.668067 -0.95757 0.222654 0.182991 -0.228082 0.2773 0.88478 0.374524 0.473943 
1533662793027 -0.0787475 0.40959 -0.908865 -0.668013 -0.957555 0.222509 0.183242 -0.228132 0.277284 0.884718 0.374683 0.473964 
1533662793037 -0.0789765 0.409804 -0.908748 -0.667958 -0.957541 0.222364 0.183493 -0.22818 0.277269 0.884655 0.374843 0.473984 
1533662793047 -0.0792055 0.410018 -0.908632 -0.667904 -0.957527 0.222218 0.183743 -0.228228 0.277253 0.884593 0.375002 0.474004 
1533662793057 -0.0794346 0.410232 -0.908515 -0.667849 -0.957512 0.222073 0.183994 -0.228277 0.277237 0.88453 0.375162 0.474024 
1533662793072 0 0 0 0 0 0 0 0 0 0 0 0 
1533662793072 0 0 0 0 0 0 0 0 0 0 0 0 
1533662793073 0 0 0 0 0 0 0 0 0 0 0 0 
1533662793077 0 0 0 0 0 0 0 0 0 0 0 0 
1533662793087 -0.0794346 0.410232 -0.908515 -0.667849 -0.957512 0.222073 0.183994 -0.228277 0.277237 0.88453 0.375162 0.474024 
1533662793097 -0.0796315 0.410473 -0.908389 -0.667792 -0.957503 0.221928 0.184219 -0.228325 0.277214 0.884455 0.375357 0.474066 
1533662793107 -0.0795991 0.410501 -0.908379 -0.667787 -0.957507 0.221928 0.184194 -0.228324 0.277206 0.884442 0.375392 0.474086 
1533662793117 -0.0795668 0.410528 -0.90837 -0.667783 -0.957512 0.221928 0.184169 -0.228323 0.277199 0.884429 0.375428 0.474107 
1533662793127 -0.0795344 0.410556 -0.90836 -0.667778 -0.957517 0.221928 0.184144 -0.228322 0.277192 0.884416 0.375463 0.474128 
1533662793137 -0.079502 0.410583 -0.908351 -0.667773 -0.957522 0.221927 0.184119 -0.22832 0.277184 0.884404 0.375499 0.474148 
1533662793147 -0.0794698 0.41061 -0.908341 -0.667766 -0.957527 0.221927 0.184094 -0.228319 0.277177 0.884391 0.375534 0.474169 
1533662793157 -0.0794374 0.410638 -0.908331 -0.667762 -0.957532 0.221927 0.184069 -0.228318 0.277169 0.884378 0.37557 0.474189 
1533662793167 -0.0794049 0.410666 -0.908322 -0.667755 -0.957537 0.221927 0.184044 -0.228316 0.277162 0.884365 0.375605 0.47421 
1533662793177 -0.0793729 0.410693 -0.908312 -0.66775 -0.957541 0.221927 0.184019 -0.228315 0.277154 0.884353 0.375641 0.47423 
1533662793192 0 0 0 0 0 0 0 0 0 0 0 0 
1533662793192 0 0 0 0 0 0 0 0 0 0 0 0 
1533662793193 0 0 0 0 0 0 0 0 0 0 0 0 
1533662793197 0 0 0 0 0 0 0 0 0 0 0 0 
1533662793207 -0.0793729 0.410693 -0.908312 -0.66775 -0.957541 0.221927 0.184019 -0.228315 0.277154 0.884353 0.375641 0.47423 
1533662793217 -0.0793178 0.410631 -0.908345 -0.66773 -0.957577 0.221862 0.183913 -0.228317 0.277047 0.884398 0.375613 0.474282 
1533662793227 -0.0792959 0.410539 -0.908388 -0.667717 -0.957608 0.221796 0.183832 -0.228321 0.276947 0.884457 0.375548 0.474315 
1533662793237 -0.0792741 0.410449 -0.908431 -0.667705 -0.957638 0.221731 0.183751 -0.228325 0.276848 0.884515 0.375484 0.474347 
1533662793247 -0.0792522 0.410358 -0.908474 -0.667693 -0.957669 0.221666 0.18367 -0.228329 0.276748 0.884574 0.375419 0.474379 
1533662793257 -0.0792306 0.410266 -0.908517 -0.667679 -0.9577 0.2216 0.183589 -0.228333 0.276648 0.884633 0.375354 0.474413 
1533662793267 -0.0792088 0.410175 -0.90856 -0.667667 -0.95773 0.221535 0.183509 -0.228337 0.276548 0.884691 0.37529 0.474445 
1533662793277 -0.0791869 0.410085 -0.908603 -0.667654 -0.957761 0.221469 0.183428 -0.228341 0.276448 0.88475 0.375225 0.474478 
1533662793287 -0.0791651 0.409994 -0.908646 -0.667642 -0.957791 0.221404 0.183347 -0.228345 0.276349 0.884808 0.375161 0.47451 
1533662793297 -0.0791433 0.409903 -0.908689 -0.667629 -0.957822 0.221338 0.183266 -0.22835 0.276249 0.884867 0.375096 0.474542 
1533662793322 -0.0791433 0.409903 -0.908689 -0.667629 -0.957822 0.221338 0.183266 -0.22835 0.276249 0.884867 0.375096 0.474542 
1533662793325 0 0 0 0 0 0 0 0 0 0 0 0 
1533662793335 -0.0794189 0.409658 -0.908775 -0.667589 -0.957871 0.221052 0.183355 -0.228478 0.276 0.885052 0.374844 0.474597 
1533662793345 -0.0797172 0.409505 -0.908818 -0.667568 -0.957889 0.220831 0.183526 -0.228605 0.27585 0.885178 0.374656 0.474617 
1533662793355 -0.0800153 0.409352 -0.908861 -0.667547 -0.957907 0.22061 0.183696 -0.228733 0.275701 0.885303 0.374469 0.474638 
1533662793365 -0.0803134 0.409198 -0.908904 -0.667526 -0.957926 0.22039 0.183867 -0.22886 0.275551 0.885429 0.374281 0.474659 
1533662793375 -0.0806113 0.409045 -0.908947 -0.667504 -0.957944 0.220169 0.184037 -0.228987 0.275402 0.885555 0.374094 0.474679 
1533662793385 -0.0809095 0.408891 -0.908989 -0.667483 -0.957961 0.219949 0.184208 -0.229115 0.275252 0.885681 0.373906 0.4747 
1533662793395 -0.0812073 0.408738 -0.909032 -0.667461 -0.957979 0.219728 0.184379 -0.229242 0.275102 0.885807 0.373719 0.47472 
1533662793405 -0.0815051 0.408584 -0.909074 -0.66744 -0.957997 0.219507 0.184549 -0.229369 0.274952 0.885932 0.373531 0.474741 
1533662793415 -0.0818033 0.40843 -0.909117 -0.667419 -0.958015 0.219287 0.18472 -0.229497 0.274802 0.886058 0.373344 0.474762 
1533662793437 0 0 0 0 0 0 0 0 0 0 0 0 
1533662793437 0 0 0 0 0 0 0 0 0 0 0 0 
1533662793447 -0.0818033 0.40843 -0.909117 -0.667419 -0.958015 0.219287 0.18472 -0.229497 0.274802 0.886058 0.373344 0.474762 
1533662793457 -0.0823811 0.408141 -0.909194 -0.667363 -0.95807 0.218788 0.185025 -0.229755 0.274437 0.886314 0.373004 0.474813 
1533662793467 -0.0826611 0.408006 -0.909229 -0.667327 -0.958107 0.218511 0.185159 -0.229885 0.274222 0.886445 0.372852 0.474844 
1533662793477 -0.0829408 0.407871 -0.909264 -0.667291 -0.958145 0.218233 0.185293 -0.230014 0.274007 0.886575 0.372699 0.474874 
1533662793487 -0.0832209 0.407736 -0.909299 -0.667256 -0.958182 0.217955 0.185427 -0.230145 0.273792 0.886706 0.372547 0.474905 
1533662793497 -0.0835007 0.407601 -0.909334 -0.66722 -0.958219 0.217677 0.185561 -0.230274 0.273576 0.886836 0.372395 0.474936 
1533662793507 -0.0837807 0.407466 -0.909369 -0.667185 -0.958256 0.217399 0.185696 -0.230405 0.273361 0.886966 0.372243 0.474967 
1533662793517 -0.0840604 0.40733 -0.909404 -0.667149 -0.958293 0.217121 0.18583 -0.230535 0.273145 0.887097 0.372091 0.474998 
1533662793527 -0.0843405 0.407195 -0.909439 -0.667115 -0.95833 0.216843 0.185965 -0.230666 0.27293 0.887227 0.371938 0.475029 
1533662793537 -0.0846201 0.407059 -0.909474 -0.667079 -0.958367 0.216566 0.186099 -0.230796 0.272714 0.887357 0.371786 0.475059 
1533662793554 0 0 0 0 0 0 0 0 0 0 0 0 
1533662793554 0 0 0 0 0 0 0 0 0 0 0 0 
1533662793564 -0.0846201 0.407059 -0.909474 -0.667079 -0.958367 0.216566 0.186099 -0.230796 0.272714 0.887357 0.371786 0.475059 
1533662793574 -0.0849615 0.406786 -0.909564 -0.666983 -0.958389 0.216321 0.186268 -0.230989 0.272529 0.887542 0.37148 0.47512 
1533662793577 0 0 0 0 0 0 0 0 0 0 0 0 
1533662793581 0 0 0 0 0 0 0 0 0 0 0 0 
1533662793584 0 0 0 0 0 0 0 0 0 0 0 0 
1533662793594 -0.0850233 0.406648 -0.90962 -0.666922 -0.958375 0.216353 0.186302 -0.231052 0.272559 0.887597 0.371326 0.475151 
1533662793597 0 0 0 0 0 0 0 0 0 0 0 0 
1533662793601 0 0 0 0 0 0 0 0 0 0 0 0 
1533662793604 0 0 0 0 0 0 0 0 0 0 0 0 
1533662793614 -0.0850852 0.40651 -0.909676 -0.666862 -0.958361 0.216386 0.186336 -0.231115 0.272589 0.887652 0.371172 0.475181 
1533662793617 0 0 0 0 0 0 0 0 0 0 0 0 
1533662793621 0 0 0 0 0 0 0 0 0 0 0 0 
1533662793624 0 0 0 0 0 0 0 0 0 0 0 0 
1533662793634 -0.085147 0.406372 -0.909732 -0.666801 -0.958347 0.216419 0.18637 -0.231179 0.272619 0.887708 0.371018 0.475212 
1533662793644 -0.0852089 0.406234 -0.909788 -0.66674 -0.958333 0.216452 0.186404 -0.231242 0.272649 0.887763 0.370864 0.475242 
1533662793647 0 0 0 0 0 0 0 0 0 0 0 0 
1533662793651 0 0 0 0 0 0 0 0 0 0 0 0 
1533662793654 0 0 0 0 0 0 0 0 0 0 0 0 
1533662793664 -0.0852708 0.406096 -0.909843 -0.66668 -0.958319 0.216484 0.186439 -0.231306 0.272679 0.887818 0.37071 0.475273 
1533662793667 0 0 0 0 0 0 0 0 0 0 0 0 
1533662793671 0 0 0 0 0 0 0 0 0 0 0 0 
1533662793674 0 0 0 0 0 0 0 0 0 0 0 0 
1533662793684 -0.0853326 0.405958 -0.909899 -0.666619 -0.958305 0.216517 0.186473 -0.231369 0.272709 0.887873 0.370556 0.475303 
1533662793694 -0.0853954 0.40582 -0.909955 -0.666559 -0.958291 0.216549 0.186508 -0.231434 0.272739 0.887928 0.370401 0.475335 
1533662793697 0 0 0 0 0 0 0 0 0 0 0 0 
1533662793701 0 0 0 0 0 0 0 0 0 0 0 0 
1533662793704 0 0 0 0 0 0 0 0 0 0 0 0 
1533662793714 -0.0854574 0.405682 -0.910011 -0.666499 -0.958277 0.216582 0.186542 -0.231497 0.272769 0.887983 0.370247 0.475365 
1533662793743 -0.0854574 0.405682 -0.910011 -0.666499 -0.958277 0.216582 0.186542 -0.231497 0.272769 0.887983 0.370247 0.475365 
1533662793746 0 0 0 0 0 0 0 0 0 0 0 0 
1533662793756 -0.0856007 0.405565 -0.910049 -0.666339 -0.958247 0.216607 0.186666 -0.231604 0.272828 0.88803 0.37009 0.475455 
1533662793766 -0.0856819 0.405587 -0.910032 -0.666232 -0.958231 0.2166 0.186755 -0.231644 0.272858 0.888023 0.370087 0.475515 
1533662793776 -0.0857626 0.405608 -0.910015 -0.666126 -0.958215 0.216593 0.186844 -0.231684 0.272888 0.888014 0.370085 0.475574 
1533662793786 -0.0858432 0.40563 -0.909997 -0.666019 -0.9582 0.216586 0.186933 -0.231723 0.272918 0.888006 0.370082 0.475632 
1533662793796 -0.0859244 0.405651 -0.90998 -0.665914 -0.958184 0.216578 0.187022 -0.231763 0.272948 0.887998 0.370079 0.475691 
1533662793806 -0.0860048 0.405673 -0.909963 -0.665807 -0.958168 0.216571 0.187111 -0.231802 0.272978 0.88799 0.370077 0.47575 
1533662793816 -0.0860855 0.405695 -0.909946 -0.665701 -0.958153 0.216564 0.1872 -0.231841 0.273007 0.887982 0.370074 0.475809 
1533662793826 -0.0861653 0.405717 -0.909928 -0.665595 -0.958137 0.216557 0.187288 -0.231881 0.273037 0.887974 0.370072 0.475867 
1533662793836 -0.0862463 0.405738 -0.909911 -0.665488 -0.958121 0.21655 0.187377 -0.23192 0.273067 0.887966 0.37007 0.475926 
1533662793855 0 0 0 0 0 0 0 0 0 0 0 0 
1533662793855 0 0 0 0 0 0 0 0 0 0 0 0 
1533662793866 -0.0862463 0.405738 -0.909911 -0.665488 -0.958121 0.21655 0.187377 -0.23192 0.273067 0.887966 0.37007 0.475926 
1533662793876 -0.0864979 0.405754 -0.90988 -0.665275 -0.958119 0.216386 0.187579 -0.231989 0.272996 0.887998 0.370044 0.476074 
1533662793886 -0.0866697 0.405749 -0.909866 -0.66517 -0.958132 0.216228 0.187693 -0.232019 0.272895 0.888039 0.37002 0.476163 
1533662793896 -0.0868419 0.405743 -0.909852 -0.665063 -0.958145 0.216071 0.187807 -0.232049 0.272794 0.88808 0.369996 0.476252 
1533662793906 -0.0870145 0.405737 -0.909838 -0.664958 -0.958158 0.215913 0.187921 -0.232079 0.272693 0.888121 0.369973 0.476341 
1533662793916 -0.0871861 0.405732 -0.909824 -0.66485 -0.958171 0.215756 0.188034 -0.232109 0.272592 0.888162 0.369949 0.476431 
1533662793926 -0.0873582 0.405726 -0.909811 -0.664745 -0.958184 0.215599 0.188148 -0.23214 0.272491 0.888203 0.369926 0.47652 
1533662793936 -0.0875303 0.40572 -0.909797 -0.664639 -0.958197 0.215441 0.188262 -0.23217 0.272389 0.888243 0.369902 0.476609 
1533662793946 -0.0877028 0.405714 -0.909783 -0.664531 -0.95821 0.215284 0.188376 -0.2322 0.272288 0.888284 0.369878 0.476698 
1533662793956 -0.0878749 0.405708 -0.909769 -0.664425 -0.958223 0.215126 0.18849 -0.23223 0.272187 0.888325 0.369855 0.476787 
1533662793974 0 0 0 0 0 0 0 0 0 0 0 0 
1533662793974 0 0 0 0 0 0 0 0 0 0 0 0 
1533662793985 -0.0878749 0.405708 -0.909769 -0.664425 -0.958223 0.215126 0.18849 -0.23223 0.272187 0.888325 0.369855 0.476787 
1533662793995 -0.0882535 0.405708 -0.909732 -0.664228 -0.958239 0.214818 0.18876 -0.232283 0.272008 0.8884 0.369807 0.476956 
1533662794005 -0.0884627 0.405713 -0.909709 -0.664139 -0.958242 0.214666 0.188919 -0.232307 0.27193 0.888434 0.369781 0.477037 
1533662794015 -0.0886712 0.405718 -0.909687 -0.664048 -0.958245 0.214514 0.189077 -0.232332 0.271853 0.888469 0.369756 0.477118 
1533662794025 -0.0888797 0.405723 -0.909664 -0.663958 -0.958248 0.214362 0.189235 -0.232357 0.271775 0.888503 0.369731 0.477198 
1533662794035 -0.0890891 0.405729 -0.909641 -0.663869 -0.958251 0.21421 0.189394 -0.232381 0.271697 0.888537 0.369706 0.477279 
1533662794045 -0.0892979 0.405734 -0.909619 -0.663777 -0.958253 0.214058 0.189552 -0.232406 0.271619 0.888572 0.369681 0.47736 
1533662794055 -0.0895065 0.405739 -0.909596 -0.663687 -0.958256 0.213906 0.189711 -0.23243 0.271541 0.888606 0.369655 0.47744 
1533662794065 -0.0897152 0.405744 -0.909573 -0.663597 -0.958258 0.213754 0.189869 -0.232455 0.271463 0.88864 0.36963 0.477521 
1533662794075 -0.0899239 0.405749 -0.90955 -0.663507 -0.958261 0.213602 0.190027 -0.232479 0.271385 0.888674 0.369605 0.477602 
1533662794096 0 0 0 0 0 0 0 0 0 0 0 0 
1533662794096 0 0 0 0 0 0 0 0 0 0 0 0 
1533662794106 -0.0899239 0.405749 -0.90955 -0.663507 -0.958261 0.213602 0.190027 -0.232479 0.271385 0.888674 0.369605 0.477602 
1533662794116 -0.0902869 0.405761 -0.909509 -0.663342 -0.958267 0.213329 0.1903 -0.23252 0.271241 0.888734 0.369567 0.477745 
1533662794126 -0.0904421 0.405768 -0.90949 -0.663267 -0.958271 0.213209 0.190416 -0.23254 0.271176 0.88876 0.369552 0.47781 
1533662794136 -0.0905967 0.405775 -0.909472 -0.663193 -0.958275 0.213088 0.190531 -0.232559 0.27111 0.888786 0.369539 0.477874 
1533662794146 -0.0907513 0.405781 -0.909453 -0.663118 -0.958279 0.212968 0.190646 -0.232578 0.271045 0.888812 0.369525 0.477939 
1533662794156 -0.0909059 0.405788 -0.909435 -0.663044 -0.958283 0.212847 0.190761 -0.232597 0.270979 0.888837 0.369511 0.478003 
1533662794166 -0.0910607 0.405795 -0.909416 -0.662968 -0.958287 0.212727 0.190876 -0.232615 0.270914 0.888863 0.369497 0.478067 
1533662794176 -0.0912153 0.405802 -0.909398 -0.662894 -0.958291 0.212606 0.190991 -0.232634 0.270848 0.888889 0.369483 0.478132 
1533662794186 -0.0913708 0.405809 -0.909379 -0.66282 -0.958294 0.212485 0.191107 -0.232653 0.270782 0.888915 0.369469 0.478196 
1533662794196 -0.0915255 0.405815 -0.909361 -0.662745 -0.958298 0.212365 0.191222 -0.232672 0.270717 0.88894 0.369455 0.47826 
1533662794214 0 0 0 0 0 0 0 0 0 0 0 0 
1533662794214 0 0 0 0 0 0 0 0 0 0 0 0 
1533662794217 0 0 0 0 0 0 0 0 0 0 0 0 
1533662794227 -0.0915255 0.405815 -0.909361 -0.662745 -0.958298 0.212365 0.191222 -0.232672 0.270717 0.88894 0.369455 0.47826 
1533662794238 -0.0918041 0.405833 -0.909325 -0.662608 -0.958307 0.212141 0.191428 -0.232705 0.270592 0.888986 0.369437 0.478375 
1533662794247 -0.0919282 0.405843 -0.909308 -0.662545 -0.958311 0.212037 0.191519 -0.232721 0.270534 0.889006 0.369432 0.478428 
1533662794258 -0.0920533 0.405853 -0.909291 -0.662484 -0.958316 0.211933 0.191611 -0.232737 0.270474 0.889026 0.369426 0.47848 
1533662794268 -0.0921778 0.405863 -0.909274 -0.66242 -0.958321 0.211829 0.191702 -0.232753 0.270416 0.889046 0.369421 0.478532 
1533662794278 -0.0923022 0.405873 -0.909256 -0.662359 -0.958325 0.211726 0.191793 -0.232769 0.270357 0.889066 0.369416 0.478584 
1533662794287 -0.0924266 0.405883 -0.909239 -0.662297 -0.95833 0.211622 0.191885 -0.232785 0.270298 0.889087 0.369411 0.478636 
1533662794297 -0.0925512 0.405893 -0.909222 -0.662233 -0.958335 0.211518 0.191976 -0.232801 0.270239 0.889107 0.369406 0.478688 
1533662794307 -0.0926756 0.405904 -0.909205 -0.662172 -0.958339 0.211414 0.192067 -0.232817 0.27018 0.889127 0.3694 0.47874 
1533662794318 -0.0928 0.405914 -0.909188 -0.66211 -0.958344 0.211311 0.192159 -0.232833 0.270121 0.889147 0.369395 0.478792 
1533662794334 0 0 0 0 0 0 0 0 0 0 0 0 
1533662794334 0 0 0 0 0 0 0 0 0 0 0 0 
1533662794334 0 0 0 0 0 0 0 0 0 0 0 0 
1533662794337 0 0 0 0 0 0 0 0 0 0 0 0 
1533662794348 -0.0928 0.405914 -0.909188 -0.66211 -0.958344 0.211311 0.192159 -0.232833 0.270121 0.889147 0.369395 0.478792 
1533662794357 -0.0930346 0.405928 -0.909157 -0.661995 -0.958349 0.211126 0.192334 -0.23286 0.270021 0.889184 0.369379 0.478889 
1533662794368 -0.0931446 0.405932 -0.909144 -0.661945 -0.95835 0.211046 0.192418 -0.232872 0.26998 0.889201 0.369367 0.478933 
1533662794378 -0.0932553 0.405936 -0.909131 -0.661893 -0.958351 0.210965 0.192502 -0.232886 0.269938 0.889219 0.369355 0.478979 
1533662794387 -0.0933654 0.40594 -0.909118 -0.661842 -0.958352 0.210885 0.192586 -0.232898 0.269897 0.889236 0.369344 0.479024 
1533662794398 -0.0934755 0.405944 -0.909105 -0.661792 -0.958353 0.210804 0.19267 -0.232911 0.269856 0.889253 0.369332 0.479069 
1533662794408 -0.0935856 0.405947 -0.909092 -0.661739 -0.958354 0.210724 0.192754 -0.232924 0.269815 0.889271 0.36932 0.479115 
1533662794417 -0.0936957 0.405951 -0.909079 -0.661688 -0.958354 0.210643 0.192838 -0.232937 0.269774 0.889288 0.369309 0.47916 
1533662794428 -0.0938059 0.405955 -0.909066 -0.661637 -0.958355 0.210563 0.192922 -0.23295 0.269733 0.889305 0.369297 0.479205 
1533662794438 -0.093916 0.405959 -0.909053 -0.661586 -0.958356 0.210482 0.193005 -0.232963 0.269692 0.889323 0.369285 0.47925 
1533662794453 0 0 0 0 0 0 0 0 0 0 0 0 
1533662794453 0 0 0 0 0 0 0 0 0 0 0 0 
1533662794454 0 0 0 0 0 0 0 0 0 0 0 0 
1533662794457 0 0 0 0 0 0 0 0 0 0 0 0 
1533662794468 -0.093916 0.405959 -0.909053 -0.661586 -0.958356 0.210482 0.193005 -0.232963 0.269692 0.889323 0.369285 0.47925 
1533662794477 -0.0941145 0.40597 -0.909028 -0.661491 -0.958361 0.210324 0.193152 -0.232985 0.269604 0.889355 0.369271 0.479331 
1533662794488 -0.0942036 0.405976 -0.909015 -0.661445 -0.958366 0.210245 0.193216 -0.232998 0.269557 0.889371 0.369268 0.479368 
1533662794498 -0.094292 0.405983 -0.909003 -0.661402 -0.95837 0.210167 0.193279 -0.23301 0.269511 0.889386 0.369265 0.479405 
1533662794507 -0.0943811 0.405989 -0.908991 -0.661356 -0.958374 0.210089 0.193342 -0.233022 0.269464 0.889402 0.369261 0.479443 
1533662794518 -0.0944697 0.405996 -0.908979 -0.661312 -0.958379 0.210011 0.193405 -0.233034 0.269417 0.889417 0.369258 0.47948 
1533662794528 -0.0945582 0.406003 -0.908967 -0.661266 -0.958383 0.209933 0.193468 -0.233046 0.26937 0.889432 0.369255 0.479517 
1533662794537 -0.0946467 0.406009 -0.908955 -0.661222 -0.958388 0.209854 0.193531 -0.233058 0.269324 0.889448 0.369252 0.479554 
1533662794548 -0.0947353 0.406016 -0.908942 -0.661178 -0.958392 0.209776 0.193594 -0.23307 0.269277 0.889463 0.369249 0.479591 
1533662794558 -0.0948238 0.406023 -0.90893 -0.661134 -0.958396 0.209698 0.193657 -0.233082 0.26923 0.889479 0.369246 0.479628 
1533662794574 0 0 0 0 0 0 0 0 0 0 0 0 
1533662794574 0 0 0 0 0 0 0 0 0 0 0 0 
1533662794584 -0.0948238 0.406023 -0.90893 -0.661134 -0.958396 0.209698 0.193657 -0.233082 0.26923 0.889479 0.369246 0.479628 
1533662794595 -0.0949983 0.406034 -0.908907 -0.661052 -0.9584 0.20956 0.193787 -0.233102 0.269154 0.889506 0.369235 0.479697 
1533662794605 -0.0950841 0.406038 -0.908896 -0.661016 -0.9584 0.2095 0.193854 -0.233111 0.269126 0.889518 0.369227 0.47973 
1533662794615 -0.0951712 0.406042 -0.908885 -0.660977 -0.958399 0.209439 0.193922 -0.233122 0.269097 0.889531 0.369218 0.479763 
1533662794624 -0.0952574 0.406046 -0.908874 -0.66094 -0.958399 0.209379 0.193989 -0.233132 0.269068 0.889543 0.36921 0.479796 
1533662794634 -0.0953444 0.40605 -0.908863 -0.660901 -0.958399 0.209318 0.194057 -0.233142 0.269039 0.889555 0.369201 0.47983 
1533662794645 -0.0954306 0.406055 -0.908852 -0.660864 -0.958398 0.209258 0.194125 -0.233152 0.26901 0.889568 0.369192 0.479863 
1533662794655 -0.0955169 0.406059 -0.908841 -0.660827 -0.958398 0.209198 0.194192 -0.233162 0.268981 0.88958 0.369184 0.479896 
1533662794664 -0.0956032 0.406063 -0.90883 -0.66079 -0.958397 0.209137 0.194259 -0.233171 0.268952 0.889592 0.369175 0.479929 
1533662794674 -0.0956895 0.406067 -0.90882 -0.660753 -0.958397 0.209077 0.194327 -0.233181 0.268923 0.889605 0.369167 0.479962 
1533662794693 0 0 0 0 0 0 0 0 0 0 0 0 
1533662794693 0 0 0 0 0 0 0 0 0 0 0 0 
1533662794697 0 0 0 0 0 0 0 0 0 0 0 0 
1533662794707 -0.0956895 0.406067 -0.90882 -0.660753 -0.958397 0.209077 0.194327 -0.233181 0.268923 0.889605 0.369167 0.479962 
1533662794717 -0.0958409 0.406078 -0.908799 -0.66068 -0.958399 0.208958 0.19444 -0.233199 0.268859 0.889628 0.369158 0.480023 
1533662794727 -0.0959056 0.406084 -0.908789 -0.660648 -0.958403 0.2089 0.194486 -0.233208 0.268823 0.889638 0.369158 0.48005 
1533662794737 -0.0959713 0.406091 -0.908779 -0.660613 -0.958406 0.208841 0.194533 -0.233217 0.268788 0.889649 0.369157 0.480078 
1533662794747 -0.0960363 0.406097 -0.90877 -0.660581 -0.95841 0.208782 0.194579 -0.233226 0.268753 0.88966 0.369157 0.480106 
1533662794757 -0.0961011 0.406103 -0.90876 -0.660546 -0.958413 0.208724 0.194625 -0.233236 0.268718 0.889671 0.369156 0.480134 
1533662794767 -0.0961669 0.40611 -0.90875 -0.660513 -0.958416 0.208664 0.194672 -0.233244 0.268682 0.889682 0.369155 0.480161 
1533662794777 -0.096232 0.406116 -0.908741 -0.66048 -0.95842 0.208606 0.194719 -0.233253 0.268647 0.889693 0.369155 0.480189 
1533662794787 -0.096297 0.406122 -0.908731 -0.660447 -0.958423 0.208547 0.194765 -0.233262 0.268612 0.889704 0.369154 0.480217 
1533662794797 -0.0963621 0.406129 -0.908721 -0.660411 -0.958426 0.208489 0.194811 -0.233271 0.268576 0.889715 0.369154 0.480244 
1533662794814 0 0 0 0 0 0 0 0 0 0 0 0 
1533662794814 0 0 0 0 0 0 0 0 0 0 0 0 
1533662794824 -0.0963621 0.406129 -0.908721 -0.660411 -0.958426 0.208489 0.194811 -0.233271 0.268576 0.889715 0.369154 0.480244 
1533662794834 -0.0964832 0.40614 -0.908703 -0.660348 -0.958431 0.208385 0.1949 -0.233286 0.268517 0.889734 0.369151 0.480296 
1533662794844 -0.0965392 0.406145 -0.908695 -0.66032 -0.958432 0.208341 0.194942 -0.233292 0.268493 0.889742 0.369149 0.480321 
1533662794847 0 0 0 0 0 0 0 0 0 0 0 0 
1533662794851 0 0 0 0 0 0 0 0 0 0 0 0 
1533662794854 0 0 0 0 0 0 0 0 0 0 0 0 
1533662794864 -0.096596 0.40615 -0.908687 -0.660289 -0.958433 0.208296 0.194985 -0.2333 0.268469 0.88975 0.369147 0.480346 
1533662794874 -0.0966522 0.406155 -0.908679 -0.66026 -0.958434 0.208251 0.195027 -0.233307 0.268445 0.889758 0.369144 0.480371 
1533662794884 -0.0967083 0.406159 -0.90867 -0.660229 -0.958435 0.208207 0.195069 -0.233314 0.268421 0.889766 0.369142 0.480396 
1533662794894 -0.0967645 0.406164 -0.908662 -0.6602 -0.958436 0.208162 0.195112 -0.233321 0.268397 0.889775 0.36914 0.480421 
1533662794897 0 0 0 0 0 0 0 0 0 0 0 0 
1533662794901 0 0 0 0 0 0 0 0 0 0 0 0 
1533662794904 0 0 0 0 0 0 0 0 0 0 0 0 
1533662794914 -0.0968207 0.406169 -0.908654 -0.660171 -0.958437 0.208118 0.195154 -0.233328 0.268373 0.889783 0.369138 0.480446 
1533662794917 0 0 0 0 0 0 0 0 0 0 0 0 
1533662794921 0 0 0 0 0 0 0 0 0 0 0 0 
1533662794924 0 0 0 0 0 0 0 0 0 0 0 0 
1533662794934 -0.0968768 0.406174 -0.908646 -0.660141 -0.958438 0.208073 0.195196 -0.233335 0.268349 0.889791 0.369135 0.48047 
1533662794944 -0.096934 0.406179 -0.908638 -0.66011 -0.958439 0.208028 0.19524 -0.233341 0.268324 0.889799 0.369133 0.480495 
1533662794962 0 0 0 0 0 0 0 0 0 0 0 0 
1533662794962 0 0 0 0 0 0 0 0 0 0 0 0 
1533662794966 0 0 0 0 0 0 0 0 0 0 0 0 
1533662794976 -0.096934 0.406179 -0.908638 -0.66011 -0.958439 0.208028 0.19524 -0.233341 0.268324 0.889799 0.369133 0.480495 
1533662794986 -0.0970359 0.406186 -0.908624 -0.660056 -0.958444 0.20794 0.195313 -0.233352 0.268272 0.889817 0.369128 0.48054 
1533662794996 -0.0970833 0.406187 -0.908618 -0.660029 -0.958447 0.207895 0.195345 -0.233359 0.268244 0.889827 0.369125 0.480563 
1533662795006 -0.0971306 0.406188 -0.908613 -0.660002 -0.95845 0.207851 0.195377 -0.233366 0.268216 0.889836 0.369122 0.480585 
1533662795016 -0.0971774 0.40619 -0.908607 -0.659977 -0.958453 0.207807 0.195408 -0.233373 0.268188 0.889846 0.36912 0.480607 
1533662795026 -0.0972241 0.406191 -0.908601 -0.659951 -0.958456 0.207763 0.19544 -0.233379 0.26816 0.889856 0.369117 0.480628 
1533662795036 -0.0972708 0.406193 -0.908596 -0.659923 -0.958459 0.207719 0.195471 -0.233386 0.268132 0.889865 0.369114 0.480651 
1533662795046 -0.0973175 0.406194 -0.90859 -0.659898 -0.958462 0.207675 0.195502 -0.233392 0.268103 0.889875 0.369111 0.480673 
1533662795056 -0.0973643 0.406196 -0.908584 -0.659872 -0.958465 0.207631 0.195534 -0.233398 0.268075 0.889885 0.369109 0.480694 
1533662795066 -0.097411 0.406197 -0.908579 -0.659846 -0.958468 0.207587 0.195565 -0.233405 0.268047 0.889894 0.369106 0.480716 
1533662795082 0 0 0 0 0 0 0 0 0 0 0 0 
1533662795082 0 0 0 0 0 0 0 0 0 0 0 0 
1533662795082 0 0 0 0 0 0 0 0 0 0 0 0 
1533662795086 0 0 0 0 0 0 0 0 0 0 0 0 
1533662795096 -0.097411 0.406197 -0.908579 -0.659846 -0.958468 0.207587 0.195565 -0.233405 0.268047 0.889894 0.369106 0.480716 
1533662795106 -0.0975077 0.406202 -0.908566 -0.659797 -0.958472 0.207506 0.195635 -0.233415 0.268001 0.889911 0.369099 0.480756 
1533662795116 -0.0975585 0.406205 -0.908559 -0.659773 -0.958472 0.207469 0.195675 -0.233421 0.267982 0.889918 0.369095 0.480777 
1533662795126 -0.0976084 0.406208 -0.908553 -0.659752 -0.958472 0.207433 0.195713 -0.233427 0.267964 0.889925 0.369091 0.480796 
1533662795136 -0.0976593 0.406211 -0.908546 -0.659727 -0.958472 0.207396 0.195752 -0.233433 0.267945 0.889933 0.369087 0.480817 
1533662795146 -0.0977094 0.406214 -0.908539 -0.659705 -0.958472 0.207359 0.195791 -0.233439 0.267927 0.88994 0.369083 0.480836 
1533662795156 -0.0977595 0.406217 -0.908532 -0.659683 -0.958472 0.207322 0.19583 -0.233445 0.267908 0.889947 0.369079 0.480856 
1533662795166 -0.0978096 0.40622 -0.908526 -0.659661 -0.958472 0.207286 0.195868 -0.23345 0.26789 0.889954 0.369076 0.480876 
1533662795176 -0.0978598 0.406223 -0.908519 -0.659638 -0.958472 0.207249 0.195907 -0.233456 0.267871 0.889961 0.369072 0.480895 
1533662795186 -0.0979107 0.406226 -0.908512 -0.659614 -0.958472 0.207212 0.195946 -0.233463 0.267853 0.889969 0.369067 0.480916 
1533662795203 0 0 0 0 0 0 0 0 0 0 0 0 
1533662795203 0 0 0 0 0 0 0 0 0 0 0 0 
1533662795206 0 0 0 0 0 0 0 0 0 0 0 0 
1533662795216 -0.0979107 0.406226 -0.908512 -0.659614 -0.958472 0.207212 0.195946 -0.233463 0.267853 0.889969 0.369067 0.480916 
1533662795226 -0.0980033 0.40623 -0.9085 -0.659571 -0.958472 0.207145 0.196017 -0.233472 0.267819 0.889982 0.369059 0.480953 
1533662795236 -0.0980471 0.406231 -0.908495 -0.659549 -0.958472 0.207114 0.196051 -0.233477 0.267804 0.889989 0.369054 0.480972 
1533662795246 -0.0980902 0.406232 -0.90849 -0.65953 -0.958471 0.207083 0.196084 -0.233482 0.267789 0.889996 0.369049 0.480989 
1533662795256 -0.0981332 0.406233 -0.908485 -0.65951 -0.958471 0.207053 0.196117 -0.233487 0.267774 0.890002 0.369044 0.481007 
1533662795266 -0.0981772 0.406234 -0.90848 -0.659488 -0.958471 0.207022 0.196151 -0.233492 0.267758 0.890009 0.369039 0.481026 
1533662795276 -0.0982204 0.406235 -0.908475 -0.659469 -0.958471 0.206991 0.196184 -0.233497 0.267743 0.890016 0.369034 0.481044 
1533662795286 -0.0982636 0.406236 -0.908469 -0.659449 -0.958471 0.206961 0.196218 -0.233502 0.267728 0.890022 0.369029 0.481063 
1533662795296 -0.0983068 0.406237 -0.908464 -0.659429 -0.95847 0.20693 0.196251 -0.233507 0.267713 0.890029 0.369024 0.481081 
1533662795306 -0.09835 0.406238 -0.908459 -0.659409 -0.95847 0.206899 0.196284 -0.233512 0.267698 0.890036 0.369019 0.481099 
1533662795322 0 0 0 0 0 0 0 0 0 0 0 0 
1533662795322 0 0 0 0 0 0 0 0 0 0 0 0 
1533662795323 0 0 0 0 0 0 0 0 0 0 0 0 
1533662795326 0 0 0 0 0 0 0 0 0 0 0 0 
1533662795336 -0.09835 0.406238 -0.908459 -0.659409 -0.95847 0.206899 0.196284 -0.233512 0.267698 0.890036 0.369019 0.481099 
1533662795346 -0.098431 0.40624 -0.908449 -0.659368 -0.958472 0.206836 0.196344 -0.233521 0.267662 0.890049 0.369011 0.481133 
1533662795356 -0.0984683 0.406241 -0.908445 -0.659351 -0.958474 0.206803 0.19637 -0.233525 0.267642 0.890057 0.369008 0.481148 
1533662795366 -0.0985069 0.406242 -0.90844 -0.659331 -0.958475 0.20677 0.196397 -0.233531 0.267622 0.890064 0.369005 0.481164 
1533662795376 -0.0985445 0.406243 -0.908436 -0.659313 -0.958477 0.206737 0.196423 -0.233536 0.267602 0.890071 0.369002 0.48118 
1533662795386 -0.098582 0.406244 -0.908431 -0.659296 -0.958479 0.206704 0.196449 -0.233541 0.267582 0.890078 0.368999 0.481196 
1533662795396 -0.0986207 0.406245 -0.908427 -0.659275 -0.95848 0.20667 0.196477 -0.233546 0.267562 0.890086 0.368995 0.481212 
1533662795406 -0.0986584 0.406246 -0.908422 -0.659257 -0.958482 0.206637 0.196503 -0.233551 0.267542 0.890093 0.368993 0.481228 
1533662795416 -0.0986961 0.406246 -0.908418 -0.659239 -0.958484 0.206604 0.196529 -0.233556 0.267522 0.8901 0.36899 0.481244 
1533662795426 -0.0987339 0.406247 -0.908413 -0.659221 -0.958485 0.206571 0.196556 -0.233561 0.267502 0.890107 0.368987 0.481259 
1533662795443 0 0 0 0 0 0 0 0 0 0 0 0 
1533662795443 0 0 0 0 0 0 0 0 0 0 0 0 
1533662795446 0 0 0 0 0 0 0 0 0 0 0 0 
1533662795456 -0.0987339 0.406247 -0.908413 -0.659221 -0.958485 0.206571 0.196556 -0.233561 0.267502 0.890107 0.368987 0.481259 
1533662795466 -0.0988 0.406252 -0.908404 -0.659183 -0.958491 0.206504 0.196599 -0.23357 0.267458 0.890121 0.368986 0.481288 
1533662795476 -0.0988279 0.406255 -0.9084 -0.659167 -0.958495 0.20647 0.196615 -0.233575 0.267433 0.890127 0.368989 0.481301 
1533662795486 -0.0988569 0.406259 -0.908395 -0.659148 -0.958499 0.206435 0.196633 -0.23358 0.267408 0.890134 0.368991 0.481315 
1533662795496 -0.098885 0.406262 -0.90839 -0.659132 -0.958503 0.206401 0.196649 -0.233585 0.267383 0.89014 0.368993 0.481328 
1533662795506 -0.098913 0.406265 -0.908386 -0.659113 -0.958507 0.206366 0.196666 -0.233591 0.267359 0.890147 0.368996 0.481342 
1533662795516 -0.0989421 0.406269 -0.908381 -0.659096 -0.958511 0.206332 0.196683 -0.233595 0.267334 0.890153 0.368998 0.481355 
1533662795526 -0.0989704 0.406272 -0.908377 -0.659079 -0.958515 0.206297 0.1967 -0.2336 0.267309 0.89016 0.369 0.481369 
1533662795536 -0.0989986 0.406275 -0.908372 -0.659062 -0.958519 0.206263 0.196716 -0.233605 0.267284 0.890166 0.369003 0.481382 
1533662795546 -0.0990269 0.406279 -0.908367 -0.659042 -0.958523 0.206229 0.196733 -0.23361 0.26726 0.890173 0.369005 0.481396 
1533662795562 0 0 0 0 0 0 0 0 0 0 0 0 
1533662795562 0 0 0 0 0 0 0 0 0 0 0 0 
1533662795563 0 0 0 0 0 0 0 0 0 0 0 0 
1533662795566 0 0 0 0 0 0 0 0 0 0 0 0 
1533662795576 -0.0990269 0.406279 -0.908367 -0.659042 -0.958523 0.206229 0.196733 -0.23361 0.26726 0.890173 0.369005 0.481396 
1533662795586 -0.099072 0.406281 -0.908361 -0.659009 -0.958533 0.20616 0.196753 -0.233618 0.267205 0.890188 0.369009 0.48142 
1533662795596 -0.0990885 0.40628 -0.90836 -0.658992 -0.95854 0.206126 0.196756 -0.233623 0.267175 0.890196 0.369011 0.481433 
1533662795606 -0.099106 0.406278 -0.908359 -0.658976 -0.958547 0.206091 0.19676 -0.233627 0.267144 0.890205 0.369012 0.481445 
1533662795616 -0.0991229 0.406277 -0.908358 -0.658959 -0.958553 0.206057 0.196763 -0.233631 0.267114 0.890213 0.369013 0.481457 
1533662795626 -0.0991397 0.406276 -0.908356 -0.658943 -0.95856 0.206023 0.196766 -0.233635 0.267084 0.890222 0.369015 0.481469 
1533662795636 -0.0991566 0.406274 -0.908355 -0.658927 -0.958567 0.205989 0.196769 -0.233639 0.267053 0.89023 0.369016 0.481481 
1533662795646 -0.0991734 0.406273 -0.908354 -0.658911 -0.958574 0.205955 0.196772 -0.233644 0.267023 0.890239 0.369017 0.481493 
1533662795656 -0.0991904 0.406272 -0.908353 -0.658894 -0.95858 0.205921 0.196776 -0.233647 0.266993 0.890247 0.369019 0.481505 
1533662795666 -0.0992073 0.40627 -0.908351 -0.658878 -0.958587 0.205886 0.196779 -0.233652 0.266963 0.890256 0.36902 0.481517 
1533662795681 0 0 0 0 0 0 0 0 0 0 0 0 
1533662795681 0 0 0 0 0 0 0 0 0 0 0 0 
1533662795683 0 0 0 0 0 0 0 0 0 0 0 0 
1533662795686 0 0 0 0 0 0 0 0 0 0 0 0 
1533662795696 -0.0992073 0.40627 -0.908351 -0.658878 -0.958587 0.205886 0.196779 -0.233652 0.266963 0.890256 0.36902 0.481517 
1533662795706 -0.0992509 0.406271 -0.908347 -0.658846 -0.958596 0.205826 0.1968 -0.233658 0.266915 0.89027 0.369021 0.48154 
1533662795716 -0.0992775 0.406272 -0.908343 -0.658833 -0.958598 0.2058 0.196818 -0.233661 0.266898 0.890275 0.36902 0.481551 
1533662795726 -0.0993048 0.406274 -0.908339 -0.658818 -0.9586 0.205773 0.196836 -0.233666 0.266881 0.89028 0.36902 0.481563 
1533662795736 -0.0993316 0.406275 -0.908336 -0.658804 -0.958601 0.205747 0.196854 -0.233669 0.266864 0.890286 0.369019 0.481575 
1533662795746 -0.0993584 0.406277 -0.908332 -0.658791 -0.958603 0.205721 0.196872 -0.233673 0.266847 0.890291 0.369019 0.481586 
1533662795756 -0.0993851 0.406279 -0.908328 -0.658777 -0.958605 0.205694 0.19689 -0.233677 0.26683 0.890296 0.369018 0.481598 
1533662795766 -0.0994126 0.40628 -0.908325 -0.658761 -0.958607 0.205668 0.196908 -0.233681 0.266813 0.890302 0.369017 0.48161 
1533662795776 -0.0994395 0.406282 -0.908321 -0.658748 -0.958609 0.205642 0.196926 -0.233685 0.266796 0.890307 0.369017 0.481621 
1533662795786 -0.0994664 0.406283 -0.908317 -0.658734 -0.958611 0.205615 0.196944 -0.233689 0.266779 0.890312 0.369016 0.481633 
1533662795802 0 0 0 0 0 0 0 0 0 0 0 0 
1533662795802 0 0 0 0 0 0 0 0 0 0 0 0 
1533662795803 0 0 0 0 0 0 0 0 0 0 0 0 
1533662795806 0 0 0 0 0 0 0 0 0 0 0 0 
1533662795816 -0.0994664 0.406283 -0.908317 -0.658734 -0.958611 0.205615 0.196944 -0.233689 0.266779 0.890312 0.369016 0.481633 
1533662795826 -0.0995365 0.406263 -0.908319 -0.658708 -0.958618 0.205548 0.196983 -0.233697 0.26673 0.890337 0.368991 0.481658 
1533662795836 -0.0995805 0.40624 -0.908324 -0.658698 -0.958622 0.205506 0.197005 -0.233703 0.266698 0.890357 0.368966 0.481672 
1533662795846 -0.099624 0.406218 -0.908329 -0.658689 -0.958626 0.205465 0.197027 -0.233708 0.266665 0.890377 0.368942 0.481685 
1533662795856 -0.0996684 0.406195 -0.908335 -0.65868 -0.958631 0.205423 0.197049 -0.233715 0.266633 0.890397 0.368917 0.4817 
1533662795866 -0.099712 0.406172 -0.90834 -0.658671 -0.958635 0.205381 0.197071 -0.233721 0.266601 0.890417 0.368892 0.481714 
1533662795876 -0.0997557 0.40615 -0.908345 -0.658662 -0.95864 0.20534 0.197093 -0.233727 0.266569 0.890437 0.368867 0.481728 
1533662795886 -0.0997993 0.406127 -0.908351 -0.658653 -0.958644 0.205299 0.197115 -0.233733 0.266537 0.890457 0.368843 0.481741 
1533662795896 -0.0998439 0.406105 -0.908356 -0.658644 -0.958648 0.205257 0.197137 -0.233741 0.266504 0.890477 0.368818 0.481756 
1533662795906 -0.0998877 0.406082 -0.908361 -0.658635 -0.958653 0.205215 0.197159 -0.233747 0.266472 0.890497 0.368793 0.48177 
1533662795922 0 0 0 0 0 0 0 0 0 0 0 0 
1533662795922 0 0 0 0 0 0 0 0 0 0 0 0 
1533662795923 0 0 0 0 0 0 0 0 0 0 0 0 
1533662795926 0 0 0 0 0 0 0 0 0 0 0 0 
1533662795936 -0.0998877 0.406082 -0.908361 -0.658635 -0.958653 0.205215 0.197159 -0.233747 0.266472 0.890497 0.368793 0.48177 
1533662795946 -0.0999534 0.406065 -0.908361 -0.658616 -0.958657 0.205156 0.197199 -0.233756 0.266432 0.890518 0.368771 0.481794 
1533662795956 -0.099975 0.406071 -0.908357 -0.658605 -0.958657 0.205139 0.197216 -0.233759 0.266423 0.890519 0.368774 0.481803 
1533662795966 -0.0999977 0.406076 -0.908352 -0.658592 -0.958657 0.205122 0.197235 -0.233763 0.266415 0.890521 0.368776 0.481814 
1533662795976 -0.100019 0.406082 -0.908347 -0.65858 -0.958657 0.205105 0.197252 -0.233766 0.266407 0.890522 0.368779 0.481824 
1533662795986 -0.100041 0.406088 -0.908342 -0.658569 -0.958657 0.205087 0.19727 -0.233768 0.266398 0.890523 0.368782 0.481833 
1533662795996 -0.100063 0.406093 -0.908337 -0.658557 -0.958657 0.20507 0.197288 -0.233771 0.26639 0.890525 0.368784 0.481843 
1533662796006 -0.100085 0.406099 -0.908332 -0.658545 -0.958657 0.205053 0.197305 -0.233774 0.266382 0.890526 0.368787 0.481853 
1533662796016 -0.100106 0.406105 -0.908327 -0.658533 -0.958657 0.205036 0.197323 -0.233776 0.266373 0.890528 0.36879 0.481862 
1533662796026 -0.100128 0.40611 -0.908322 -0.658521 -0.958657 0.205019 0.197341 -0.233779 0.266365 0.890529 0.368792 0.481872 
1533662796042 0 0 0 0 0 0 0 0 0 0 0 0 
1533662796042 0 0 0 0 0 0 0 0 0 0 0 0 
