1534185339678 0.341366 0.902976 -0.260965 -0.554947 -0.929623 0.365354 0.0481452 -0.183933 0.138819 0.226164 0.964147 0.345437 
1534185343283 0.341366 0.902976 -0.260966 -0.554947 -0.929623 0.365353 0.0481429 -0.183933 0.138817 0.226166 0.964147 0.345436 
1534185344128 0.350969 0.912281 -0.211101 -0.560976 -0.928141 0.368776 0.0505875 -0.184854 0.123999 0.178177 0.976154 0.338492 
1534185344973 0.359422 0.919389 -0.159814 -0.567184 -0.926892 0.371568 0.0529982 -0.185639 0.108108 0.129082 0.985723 0.331359 
1534185345823 0.367076 0.923887 -0.108112 -0.573335 -0.925654 0.374276 0.0555246 -0.186421 0.091762 0.0796921 0.992587 0.324115 
1534185346678 0.373665 0.925866 -0.0561001 -0.579484 -0.924522 0.376652 0.0582484 -0.187222 0.0750604 0.0301003 0.996725 0.316989 
1534185347535 0.379517 0.925177 -0.0039041 -0.585641 -0.923369 0.379033 0.061019 -0.188033 0.0579331 -0.0195528 0.998129 0.309777 
1534185348397 0.384416 0.921899 0.0482222 -0.591854 -0.922262 0.381216 0.0640827 -0.18882 0.0406948 -0.069108 0.996779 0.302608 
1534185349277 0.388222 0.916087 0.10034 -0.598053 -0.921273 0.383048 0.0673035 -0.189536 0.023221 -0.118569 0.992674 0.295501 
1534185350176 0.391411 0.907561 0.152087 -0.604109 -0.920202 0.385115 0.0701053 -0.190385 0.00505403 -0.16739 0.985878 0.288306 
1534185351058 0.393716 0.896543 0.202973 -0.607769 -0.919144 0.387014 0.0734451 -0.190426 -0.0127066 -0.215478 0.976426 0.281867 
1534185351088 0.393404 0.896544 0.203571 -0.607851 -0.919278 0.386655 0.0736574 -0.190288 -0.0126746 -0.216115 0.976286 0.281853 
