1535116807438 0.165179 0.899607 -0.404256 -0.511832 -0.952036 0.252482 0.172857 -0.198505 0.257571 0.356315 0.898163 0.45137 
1535116814402 0.165179 0.899607 -0.404256 -0.511832 -0.952036 0.252482 0.172857 -0.198505 0.257571 0.356315 0.898163 0.45137 
1535116815051 0.165177 0.899607 -0.404256 -0.511832 -0.952037 0.252481 0.172857 -0.198504 0.257571 0.356315 0.898163 0.45137 
1535116815910 0.17418 0.903388 -0.391856 -0.524415 -0.950984 0.257581 0.171119 -0.204152 0.255521 0.342843 0.903973 0.443771 
1535116816799 0.17418 0.903388 -0.391856 -0.524415 -0.950984 0.257581 0.171119 -0.204152 0.255521 0.342843 0.903973 0.443771 
1535116817454 0.198792 0.913978 -0.35373 -0.563376 -0.947546 0.271418 0.168788 -0.220255 0.250277 0.301622 0.919992 0.420165 
1535116818361 0.198792 0.913978 -0.35373 -0.563376 -0.947546 0.271418 0.168788 -0.220255 0.250277 0.301622 0.919992 0.420165 
1535116819040 0.223151 0.922467 -0.315052 -0.602332 -0.943735 0.285371 0.167113 -0.236321 0.244063 0.260034 0.934246 0.396439 
1535116820126 0.238698 0.927241 -0.288527 -0.628471 -0.940976 0.294272 0.167236 -0.246833 0.239973 0.231578 0.942754 0.38069 
1535116820453 0.239917 0.927075 -0.288047 -0.629443 -0.940778 0.29524 0.166646 -0.247587 0.239536 0.231007 0.943005 0.37991 
1535116820776 0.239917 0.927075 -0.288047 -0.629443 -0.940778 0.29524 0.166646 -0.247587 0.239536 0.231007 0.943005 0.37991 
1535116821002 0.241833 0.927359 -0.285521 -0.63207 -0.940446 0.296461 0.166347 -0.248715 0.238909 0.228289 0.943826 0.378291 
1535116821333 0.241833 0.927359 -0.285521 -0.63207 -0.940446 0.296461 0.166347 -0.248715 0.238909 0.228289 0.943826 0.378291 
1535116821578 0.244134 0.92806 -0.281253 -0.635989 -0.939977 0.297775 0.166655 -0.25033 0.238416 0.223685 0.945052 0.376009 
1535116821835 0.244134 0.92806 -0.281253 -0.635989 -0.939977 0.297775 0.166655 -0.25033 0.238416 0.223685 0.945052 0.376009 
1535116822292 0.245803 0.928989 -0.276696 -0.640172 -0.939712 0.298393 0.167043 -0.251624 0.237746 0.218955 0.946328 0.373524 
1535116823029 0.2437 0.928236 -0.281049 -0.641054 -0.939512 0.297861 0.169104 -0.25277 0.240682 0.222838 0.944677 0.373892 
1535116824048 0.240446 0.929109 -0.280968 -0.641377 -0.939692 0.295344 0.172483 -0.253509 0.243238 0.22255 0.94409 0.374343 
1535116824555 0.238449 0.92962 -0.280977 -0.641506 -0.939879 0.293735 0.174207 -0.253944 0.244479 0.222544 0.943771 0.374485 
1535116824909 0.237711 0.930015 -0.280296 -0.641513 -0.940065 0.292903 0.174602 -0.254066 0.244482 0.221991 0.943901 0.374515 
1535116825743 0.235872 0.931331 -0.277464 -0.64153 -0.94082 0.290351 0.174797 -0.254762 0.243356 0.219814 0.944701 0.374415 
1535116826376 0.237212 0.931332 -0.276319 -0.641324 -0.940736 0.291188 0.173853 -0.254871 0.242376 0.218703 0.94521 0.374304 
1535116827142 0.239617 0.931043 -0.275212 -0.640652 -0.940702 0.292762 0.171379 -0.254494 0.240133 0.217827 0.945985 0.374358 
1535116827930 0.243323 0.930599 -0.273459 -0.639605 -0.940626 0.29519 0.167585 -0.253878 0.236677 0.216446 0.947172 0.374481 
1535116828633 0.24358 0.930585 -0.273278 -0.638771 -0.940378 0.295569 0.168309 -0.253459 0.237398 0.215988 0.947096 0.374785 
1535116829726 0.244652 0.930281 -0.273353 -0.636647 -0.939801 0.29688 0.169224 -0.252797 0.238579 0.215496 0.946911 0.375292 
1535116830356 0.244573 0.930279 -0.273433 -0.635498 -0.939668 0.296957 0.169822 -0.25216 0.23918 0.215402 0.946781 0.375728 
1535116830994 0.245063 0.929903 -0.274271 -0.633662 -0.939275 0.297818 0.17049 -0.251442 0.240222 0.215835 0.946419 0.376282 
1535116831210 0.245244 0.929843 -0.274313 -0.633208 -0.939163 0.298057 0.170689 -0.251221 0.240475 0.215764 0.946371 0.376475 
1535116831484 0.245719 0.929601 -0.274706 -0.632586 -0.938967 0.298648 0.170735 -0.251123 0.240756 0.215987 0.946248 0.376613 
1535116831845 0.245706 0.929536 -0.274939 -0.632483 -0.938944 0.298702 0.170765 -0.251106 0.240857 0.216194 0.946175 0.376598 
1535116832290 0.245109 0.928995 -0.27729 -0.630302 -0.938002 0.299548 0.174424 -0.250435 0.2451 0.217346 0.944821 0.377391 
1535116832755 0.244643 0.928675 -0.278769 -0.629034 -0.937468 0.299961 0.176568 -0.249924 0.247594 0.218141 0.943987 0.377818 
1535116833051 0.24491 0.928541 -0.278982 -0.628797 -0.937293 0.30035 0.176837 -0.24999 0.247993 0.218179 0.943874 0.377868 
1535116833482 0.244079 0.928508 -0.279819 -0.627735 -0.937071 0.300102 0.17843 -0.249409 0.249648 0.21866 0.943326 0.378359 
1535116833935 0.243881 0.928218 -0.28095 -0.626434 -0.936554 0.300629 0.180249 -0.24907 0.251772 0.219165 0.942644 0.378751 
1535116834307 0.243959 0.928172 -0.281034 -0.626131 -0.936584 0.300675 0.180015 -0.248889 0.251585 0.219296 0.942663 0.378807 
1535116834354 0.243959 0.928172 -0.281034 -0.626131 -0.936584 0.300675 0.180015 -0.248889 0.251585 0.219296 0.942663 0.378807 
1535116834571 0.24411 0.928154 -0.280965 -0.625823 -0.936601 0.300756 0.179789 -0.248831 0.251374 0.219264 0.942727 0.378913 
1535116834922 0.243887 0.928281 -0.280738 -0.624865 -0.936828 0.300352 0.17928 -0.248062 0.250742 0.21928 0.942892 0.379274 
1535116835139 0.244391 0.928131 -0.280797 -0.624281 -0.936837 0.300721 0.178614 -0.247963 0.250218 0.219409 0.943001 0.37943 
1535116835163 0.244391 0.928131 -0.280797 -0.624281 -0.936837 0.300721 0.178614 -0.247963 0.250218 0.219409 0.943001 0.37943 
1535116835191 0.244619 0.928008 -0.281002 -0.624072 -0.936845 0.300919 0.178239 -0.24795 0.249966 0.219655 0.94301 0.379387 
1535116835402 0.244627 0.928003 -0.281014 -0.624069 -0.936851 0.300922 0.178204 -0.247959 0.249937 0.219675 0.943013 0.379376 
1535116835609 0.244428 0.928332 -0.280097 -0.623602 -0.936742 0.300696 0.179155 -0.247572 0.250539 0.218588 0.943106 0.37965 
1535116835863 0.24458 0.928437 -0.279617 -0.622807 -0.936628 0.300813 0.179551 -0.247317 0.250815 0.217982 0.943173 0.379688 
1535116835916 0.244481 0.928567 -0.279269 -0.622592 -0.93665 0.300656 0.179704 -0.247156 0.250832 0.217643 0.943247 0.379766 
1535116836246 0.244408 0.928446 -0.279736 -0.622388 -0.936462 0.300856 0.180348 -0.247044 0.251604 0.217883 0.942986 0.379842 
1535116836563 0.244416 0.928148 -0.280718 -0.621458 -0.935847 0.301583 0.182311 -0.246888 0.253871 0.21815 0.942316 0.380108 
1535116836952 0.244615 0.927941 -0.281228 -0.620994 -0.935494 0.302132 0.183215 -0.246807 0.254981 0.21827 0.941989 0.380239 
1535116836987 0.244615 0.927941 -0.281228 -0.620994 -0.935494 0.302132 0.183215 -0.246807 0.254981 0.21827 0.941989 0.380239 
1535116837165 0.244447 0.92789 -0.28154 -0.620788 -0.935352 0.302193 0.183838 -0.246679 0.255661 0.218401 0.941774 0.380253 
1535116837289 0.244447 0.92789 -0.28154 -0.620788 -0.935352 0.302193 0.183838 -0.246679 0.255661 0.218401 0.941774 0.380253 
1535116837351 0.244523 0.927967 -0.281224 -0.620797 -0.935544 0.302021 0.183142 -0.24665 0.254886 0.218314 0.942004 0.380386 
1535116837531 0.244523 0.927967 -0.281224 -0.620797 -0.935544 0.302021 0.183142 -0.24665 0.254886 0.218314 0.942004 0.380386 
1535116837571 0.244523 0.927967 -0.281224 -0.620797 -0.935544 0.302021 0.183142 -0.24665 0.254886 0.218314 0.942004 0.380386 
1535116837609 0.244523 0.927967 -0.281224 -0.620797 -0.935544 0.302021 0.183142 -0.24665 0.254886 0.218314 0.942004 0.380386 
1535116837659 0.245165 0.927794 -0.281235 -0.619938 -0.935347 0.30266 0.18309 -0.246179 0.254988 0.218165 0.942011 0.380649 
1535116837750 0.245165 0.927794 -0.281235 -0.619938 -0.935347 0.30266 0.18309 -0.246179 0.254988 0.218165 0.942011 0.380649 
1535116838047 0.245713 0.927579 -0.281463 -0.619286 -0.935256 0.303183 0.182694 -0.24588 0.254798 0.21835 0.94202 0.380753 
1535116838438 0.246244 0.927516 -0.281208 -0.618813 -0.93539 0.303404 0.181636 -0.245768 0.25379 0.218313 0.942301 0.380935 
1535116838706 0.247011 0.927588 -0.280295 -0.617764 -0.935874 0.303365 0.179193 -0.24525 0.251249 0.218059 0.94304 0.381226 
1535116838736 0.247011 0.927588 -0.280295 -0.617764 -0.935874 0.303365 0.179193 -0.24525 0.251249 0.218059 0.94304 0.381226 
1535116838922 0.247011 0.927588 -0.280295 -0.617764 -0.935874 0.303365 0.179193 -0.24525 0.251249 0.218059 0.94304 0.381226 
1535116839017 0.247137 0.927539 -0.280349 -0.617555 -0.935938 0.303411 0.178778 -0.245162 0.250885 0.218206 0.943103 0.381227 
1535116839279 0.247293 0.927629 -0.279911 -0.617263 -0.935823 0.303539 0.179162 -0.244979 0.251159 0.217642 0.94316 0.381401 
1535116839482 0.247293 0.927629 -0.279911 -0.617263 -0.935823 0.303539 0.179162 -0.244979 0.251159 0.217642 0.94316 0.381401 
1535116839691 0.247976 0.927855 -0.278554 -0.615577 -0.935854 0.303746 0.178648 -0.244263 0.250369 0.216385 0.943659 0.381642 
1535116839986 0.248525 0.927926 -0.277829 -0.614462 -0.935803 0.304049 0.178398 -0.243738 0.250014 0.215657 0.94392 0.381864 
1535116840281 0.248442 0.927897 -0.277999 -0.614022 -0.93556 0.304231 0.179362 -0.243446 0.251006 0.215524 0.943687 0.381966 
1535116840799 0.248835 0.927724 -0.278226 -0.613255 -0.935021 0.305022 0.180826 -0.243228 0.252621 0.215152 0.943341 0.382238 
1535116841286 0.249215 0.927499 -0.278635 -0.612519 -0.934546 0.305782 0.181994 -0.243077 0.254 0.215041 0.942996 0.382431 
1535116841321 0.249215 0.927499 -0.278635 -0.612519 -0.934546 0.305782 0.181994 -0.243077 0.254 0.215041 0.942996 0.382431 
1535116841607 0.249273 0.927466 -0.278694 -0.612286 -0.934361 0.305992 0.18259 -0.242938 0.254624 0.214886 0.942863 0.38249 
1535116842072 0.249154 0.927482 -0.278746 -0.610932 -0.934392 0.30589 0.182601 -0.242503 0.254625 0.214962 0.942846 0.382917 
1535116842533 0.249381 0.927347 -0.278993 -0.60983 -0.934176 0.306286 0.183041 -0.242161 0.255194 0.214982 0.942687 0.383172 
1535116842923 0.249372 0.927286 -0.279201 -0.609499 -0.934152 0.30634 0.183071 -0.242033 0.255289 0.215164 0.94262 0.3832 
1535116842950 0.249343 0.92723 -0.279415 -0.609304 -0.934112 0.306396 0.183186 -0.241902 0.255467 0.215328 0.942534 0.383199 
1535116843106 0.249318 0.927238 -0.279411 -0.609311 -0.934118 0.306371 0.183194 -0.241885 0.255468 0.215329 0.942534 0.383198 
1535116843399 0.249506 0.927445 -0.278553 -0.609005 -0.934219 0.306254 0.182877 -0.241754 0.254916 0.214601 0.942849 0.383247 
1535116843654 0.249722 0.927863 -0.276963 -0.608053 -0.934587 0.305789 0.18177 -0.241187 0.25335 0.213454 0.943531 0.383335 
1535116843932 0.249807 0.928074 -0.276178 -0.607535 -0.934675 0.305623 0.181594 -0.24095 0.252939 0.212774 0.943795 0.38349 
1535116843959 0.250019 0.928091 -0.275931 -0.607296 -0.93474 0.305675 0.181175 -0.240835 0.252492 0.212627 0.943948 0.383404 
1535116844245 0.249976 0.928276 -0.275346 -0.607322 -0.934715 0.30555 0.181512 -0.240762 0.252625 0.211996 0.944054 0.383469 
1535116844655 0.250763 0.929049 -0.272003 -0.606741 -0.935064 0.305182 0.18033 -0.240331 0.250546 0.20912 0.945249 0.38323 
1535116845038 0.251218 0.929397 -0.270389 -0.606659 -0.935216 0.305077 0.179721 -0.240189 0.249521 0.207723 0.945828 0.38309 
1535116845468 0.252072 0.929582 -0.268956 -0.606653 -0.935373 0.305296 0.178528 -0.240177 0.248067 0.206572 0.946462 0.382846 
1535116845773 0.252072 0.929582 -0.268956 -0.606653 -0.935373 0.305296 0.178528 -0.240177 0.248067 0.206572 0.946462 0.382846 
