1533836743983 0.058358 0.532919 -0.844151 -0.582323 -0.962057 0.255787 0.0949715 -0.219996 0.266535 0.806579 0.527626 0.444154 
1533836748158 0.0583589 0.53292 -0.844151 -0.582323 -0.962057 0.255787 0.0949705 -0.219996 0.266535 0.806579 0.527627 0.444154 
1533836749427 0.0796243 0.57845 -0.811823 -0.583298 -0.960992 0.260941 0.091674 -0.21895 0.264867 0.772856 0.576663 0.43636 
1533836750676 0.101185 0.623028 -0.775627 -0.584334 -0.96018 0.265231 0.0877882 -0.218092 0.260415 0.735859 0.625057 0.428854 
1533836751852 0.122431 0.665574 -0.736222 -0.585504 -0.95929 0.269582 0.0841871 -0.217615 0.254505 0.695943 0.671484 0.421348 
1533836752921 0.14326 0.705089 -0.694497 -0.586845 -0.958183 0.274457 0.0809901 -0.217338 0.247715 0.653852 0.714923 0.413323 
1533836753904 0.163588 0.741981 -0.650156 -0.588178 -0.957056 0.279247 0.0778782 -0.217042 0.239338 0.609496 0.755799 0.405359 
1533836755209 0.202397 0.807142 -0.554578 -0.590782 -0.954335 0.289623 0.0732313 -0.21601 0.219726 0.514432 0.828903 0.389542 
1533836756129 0.220428 0.835099 -0.504005 -0.592131 -0.952943 0.294622 0.0713929 -0.215343 0.208111 0.464552 0.860745 0.381364 
1533836757021 0.238349 0.859772 -0.451643 -0.591909 -0.951329 0.300238 0.0694958 -0.213755 0.195351 0.413097 0.889488 0.374032 
1533836757045 0.238098 0.859941 -0.451454 -0.591997 -0.951465 0.299842 0.0693405 -0.213674 0.194994 0.413033 0.889596 0.373824 
1533836757360 0.239691 0.861917 -0.446819 -0.592131 -0.951257 0.300496 0.0693679 -0.213718 0.194057 0.408413 0.891931 0.373316 
1533836757674 0.241669 0.864228 -0.441255 -0.592389 -0.951016 0.301289 0.0692364 -0.213859 0.192781 0.402908 0.894707 0.372508 
1533836758127 0.244984 0.868866 -0.43018 -0.592973 -0.950707 0.302287 0.0691315 -0.213867 0.190104 0.392039 0.900092 0.370735 
1533836758445 0.246473 0.87108 -0.424819 -0.593302 -0.950641 0.302559 0.0688429 -0.213925 0.1885 0.386883 0.902657 0.369802 
1533836758755 0.24805 0.87331 -0.419286 -0.593581 -0.950499 0.303011 0.0688112 -0.21394 0.187142 0.381463 0.905243 0.368893 
1533836759069 0.249548 0.875518 -0.413755 -0.593879 -0.950412 0.303327 0.0686266 -0.21398 0.185587 0.376112 0.907798 0.367981 
1533836759668 0.252873 0.88005 -0.401954 -0.59455 -0.950103 0.304311 0.0685494 -0.213979 0.182646 0.364563 0.913091 0.366014 
1533836759689 0.252871 0.880052 -0.401951 -0.594548 -0.950103 0.304309 0.0685527 -0.213979 0.182647 0.36456 0.913091 0.366016 
1533836759830 0.252923 0.880126 -0.401757 -0.594534 -0.950114 0.304293 0.0684772 -0.213976 0.182521 0.364396 0.913182 0.366004 
1533836759958 0.253672 0.880309 -0.400883 -0.594645 -0.95004 0.304664 0.0678485 -0.213918 0.181862 0.363643 0.913614 0.365731 
1533836760071 0.254238 0.880609 -0.399863 -0.594607 -0.950022 0.304841 0.067306 -0.213947 0.181165 0.362767 0.9141 0.365685 
1533836760199 0.254967 0.880853 -0.398861 -0.594665 -0.949942 0.305205 0.0667829 -0.213966 0.18056 0.361867 0.914577 0.365557 
1533836760331 0.255793 0.881 -0.398005 -0.594737 -0.949843 0.305656 0.0661301 -0.213973 0.179913 0.361127 0.914996 0.365305 
1533836760528 0.25706 0.881598 -0.39586 -0.594756 -0.949727 0.30621 0.0652186 -0.213934 0.178713 0.359194 0.915992 0.365145 
1533836760657 0.257914 0.881678 -0.395126 -0.594842 -0.949637 0.30666 0.064411 -0.214017 0.177959 0.358614 0.916366 0.364849 
1533836760778 0.258558 0.881955 -0.394086 -0.594859 -0.949569 0.306964 0.0639692 -0.214019 0.177388 0.357672 0.916845 0.36481 
1533836760794 0.258593 0.881977 -0.394012 -0.594861 -0.949569 0.306971 0.0639315 -0.214014 0.177336 0.35761 0.916879 0.364801 
1533836760808 0.258672 0.882039 -0.393822 -0.594863 -0.949577 0.30697 0.0638126 -0.214005 0.177177 0.357458 0.916969 0.364776 
1533836760825 0.258736 0.882087 -0.393672 -0.594863 -0.949584 0.306971 0.063716 -0.214001 0.177049 0.357339 0.91704 0.364752 
1533836760842 0.258811 0.882129 -0.393529 -0.594862 -0.949584 0.306987 0.0636273 -0.214 0.176936 0.357221 0.917108 0.364724 
1533836760916 0.25906 0.882095 -0.393441 -0.594872 -0.949566 0.30711 0.0633014 -0.214026 0.176667 0.3572 0.917168 0.364627 
1533836760949 0.259317 0.882009 -0.393466 -0.594873 -0.949529 0.307283 0.0630224 -0.214043 0.176492 0.357265 0.917177 0.364622 
1533836760964 0.259512 0.881938 -0.393496 -0.594884 -0.949533 0.307349 0.062637 -0.214073 0.176182 0.357382 0.91719 0.364631 
1533836761004 0.259809 0.88188 -0.39343 -0.59491 -0.94955 0.307419 0.0620301 -0.214083 0.175651 0.357465 0.91726 0.364676 
1533836761042 0.260027 0.881937 -0.393158 -0.59491 -0.949581 0.307418 0.0615708 -0.214049 0.175165 0.357325 0.917407 0.364675 
1533836761063 0.260211 0.882033 -0.392821 -0.594891 -0.949615 0.307391 0.0611689 -0.214018 0.174703 0.357112 0.917578 0.364645 
1533836761080 0.260293 0.882068 -0.392688 -0.594892 -0.949641 0.307359 0.0609283 -0.213987 0.174439 0.357054 0.917651 0.364609 
1533836761097 0.260382 0.882101 -0.392556 -0.594894 -0.949671 0.30732 0.0606557 -0.21395 0.174145 0.357005 0.917726 0.36457 
1533836761113 0.260461 0.882122 -0.392455 -0.594901 -0.949692 0.307299 0.0604317 -0.213915 0.173909 0.356972 0.917784 0.364538 
1533836761130 0.260552 0.882139 -0.392356 -0.594913 -0.949717 0.307273 0.0601672 -0.213877 0.173636 0.356951 0.917843 0.364504 
1533836761220 0.260978 0.88208 -0.392205 -0.594907 -0.949623 0.30761 0.0599335 -0.213968 0.173512 0.356805 0.917923 0.36448 
1533836761233 0.261075 0.882087 -0.392126 -0.594908 -0.949554 0.307782 0.0601489 -0.213985 0.173746 0.356641 0.917943 0.364484 
1533836761250 0.261052 0.882148 -0.392003 -0.594904 -0.949519 0.307838 0.0604194 -0.214 0.173972 0.356441 0.917978 0.364503 
1533836761321 0.260965 0.882315 -0.391685 -0.594905 -0.94947 0.307884 0.060946 -0.214117 0.174367 0.355988 0.918079 0.364566 
1533836761354 0.261133 0.882383 -0.391421 -0.594907 -0.949434 0.307999 0.0609177 -0.21415 0.17431 0.355721 0.918193 0.36458 
1533836761376 0.26124 0.882474 -0.391143 -0.594904 -0.949429 0.308031 0.0608479 -0.21415 0.174181 0.355466 0.918316 0.364571 
1533836761392 0.261292 0.882533 -0.390976 -0.594909 -0.94942 0.308055 0.0608551 -0.214131 0.174149 0.3553 0.918387 0.364556 
1533836761409 0.261313 0.882561 -0.390899 -0.594925 -0.949413 0.308072 0.0608812 -0.214106 0.174157 0.355215 0.918418 0.364532 
1533836761426 0.261337 0.882578 -0.390844 -0.594953 -0.949404 0.308095 0.060904 -0.214077 0.17417 0.355152 0.91844 0.364495 
1533836761443 0.261372 0.882598 -0.390776 -0.594971 -0.949395 0.308122 0.0609124 -0.214064 0.174168 0.35508 0.918468 0.364475 
1533836761459 0.261399 0.882613 -0.390723 -0.59498 -0.949388 0.308143 0.0609165 -0.214058 0.174164 0.355024 0.918491 0.364465 
1533836761479 0.261478 0.882653 -0.39058 -0.594994 -0.949371 0.308196 0.0609106 -0.214055 0.174138 0.354879 0.918552 0.364449 
1533836761496 0.261574 0.882675 -0.390466 -0.594987 -0.949352 0.308262 0.060874 -0.214083 0.174098 0.354766 0.918603 0.364445 
1533836761599 0.261675 0.882683 -0.390381 -0.594941 -0.949302 0.308395 0.0609807 -0.214147 0.174218 0.354632 0.918632 0.364436 
1533836761616 0.261779 0.882758 -0.390141 -0.594921 -0.949275 0.30847 0.0610146 -0.21417 0.174208 0.354379 0.918731 0.364434 
1533836761635 0.261908 0.882814 -0.389928 -0.594909 -0.949245 0.308563 0.0610101 -0.214207 0.174178 0.354158 0.918822 0.364427 
1533836761650 0.262017 0.882843 -0.389789 -0.594911 -0.949217 0.308651 0.0610055 -0.214239 0.174167 0.35401 0.918881 0.364414 
1533836761666 0.262116 0.882863 -0.389677 -0.59492 -0.949189 0.308736 0.061009 -0.214265 0.17417 0.353885 0.918929 0.364397 
1533836761683 0.262182 0.882877 -0.389601 -0.594931 -0.94917 0.308794 0.0610175 -0.21428 0.174177 0.353799 0.91896 0.364384 
1533836761700 0.262213 0.882885 -0.389561 -0.594937 -0.94916 0.308822 0.0610251 -0.214284 0.174183 0.353754 0.918977 0.364379 
1533836761821 0.261972 0.883176 -0.389063 -0.594917 -0.949267 0.308482 0.0610772 -0.214208 0.173961 0.353324 0.919184 0.364371 
1533836761850 0.261927 0.883386 -0.388616 -0.594917 -0.949288 0.308393 0.061206 -0.214175 0.173915 0.352877 0.919365 0.364356 
1533836761869 0.261934 0.88349 -0.388377 -0.594926 -0.949293 0.308369 0.0612503 -0.21417 0.173877 0.35264 0.919463 0.364324 
1533836761950 0.261969 0.883544 -0.38823 -0.595025 -0.949305 0.308347 0.0611724 -0.214206 0.173758 0.352524 0.91953 0.364172 
1533836761970 0.262064 0.88361 -0.388014 -0.59502 -0.949291 0.308396 0.0611483 -0.214224 0.173693 0.352314 0.919623 0.364152 
1533836761987 0.262151 0.883671 -0.387818 -0.595014 -0.949269 0.308459 0.061174 -0.214236 0.173684 0.352107 0.919704 0.364138 
1533836762103 0.261882 0.8837 -0.387933 -0.595027 -0.949368 0.308167 0.0611058 -0.214181 0.173547 0.352289 0.91966 0.364111 
1533836762117 0.261732 0.883608 -0.388244 -0.595051 -0.949405 0.308058 0.0610778 -0.214147 0.173571 0.352615 0.91953 0.364111 
1533836762134 0.26156 0.883528 -0.388543 -0.595073 -0.949453 0.307918 0.0610374 -0.214112 0.173568 0.352938 0.919407 0.364116 
1533836762150 0.261538 0.883493 -0.388635 -0.595071 -0.949461 0.3079 0.0610022 -0.214088 0.173556 0.35304 0.91937 0.364138 
1533836762175 0.261663 0.883475 -0.388593 -0.595039 -0.949426 0.308014 0.0609692 -0.214063 0.173557 0.352987 0.91939 0.36419 
1533836762238 0.261792 0.883369 -0.388747 -0.595014 -0.94939 0.308145 0.0608686 -0.214047 0.17356 0.353137 0.919332 0.364249 
1533836762255 0.261793 0.883257 -0.389001 -0.595028 -0.949397 0.308148 0.0607406 -0.21406 0.173519 0.353415 0.919233 0.364271 
1533836762270 0.261806 0.883171 -0.389188 -0.595037 -0.949407 0.308146 0.0605992 -0.214078 0.173446 0.353632 0.919163 0.364301 
1533836762292 0.261795 0.883099 -0.389357 -0.595031 -0.949437 0.308093 0.0604034 -0.21408 0.1733 0.353856 0.919104 0.364356 
1533836762309 0.261767 0.883111 -0.389349 -0.59501 -0.949462 0.308031 0.0603262 -0.214062 0.173206 0.35388 0.919113 0.364396 
1533836762473 0.26173 0.883127 -0.389338 -0.595016 -0.949492 0.307956 0.0602398 -0.214125 0.173098 0.353907 0.919123 0.364355 
1533836762490 0.26177 0.883241 -0.389051 -0.594998 -0.94948 0.307976 0.060329 -0.214147 0.173103 0.353604 0.919239 0.364336 
1533836762510 0.261786 0.883384 -0.388717 -0.594983 -0.94947 0.307977 0.0604661 -0.214159 0.17313 0.353246 0.919371 0.364311 
1533836762616 0.26192 0.883529 -0.388298 -0.595046 -0.949426 0.308088 0.0606016 -0.214185 0.173173 0.352787 0.919539 0.364196 
1533836762642 0.26184 0.883717 -0.387923 -0.595037 -0.949465 0.307954 0.0606741 -0.214171 0.173081 0.352433 0.919692 0.364183 
1533836762662 0.261839 0.883862 -0.387594 -0.595028 -0.949471 0.307918 0.0607556 -0.21416 0.173047 0.352101 0.919826 0.364169 
1533836762728 0.261775 0.883981 -0.387365 -0.595081 -0.949487 0.307847 0.0608718 -0.214148 0.173059 0.351863 0.919915 0.364094 
1533836762745 0.261728 0.884032 -0.387279 -0.595086 -0.949512 0.307773 0.060854 -0.214141 0.172991 0.351799 0.919952 0.364078 
1533836762761 0.261652 0.884115 -0.387142 -0.595089 -0.949551 0.307656 0.0608326 -0.214126 0.172889 0.351694 0.920011 0.364054 
1533836762778 0.261593 0.884182 -0.387028 -0.595093 -0.949581 0.307566 0.0608251 -0.214114 0.172817 0.351603 0.920059 0.364033 
1533836762795 0.261536 0.884267 -0.386873 -0.595097 -0.949601 0.307493 0.060875 -0.214093 0.172791 0.351454 0.920121 0.364011 
1533836762811 0.261499 0.884312 -0.386796 -0.595102 -0.949611 0.307454 0.0609179 -0.214076 0.172792 0.351376 0.920151 0.363996 
1533836762828 0.261451 0.88434 -0.386763 -0.595111 -0.949621 0.307414 0.0609643 -0.214057 0.172809 0.351339 0.920162 0.363977 
1533836762845 0.261457 0.884335 -0.386771 -0.595115 -0.949613 0.307432 0.0609915 -0.214063 0.172843 0.351336 0.920157 0.363963 
1533836762920 0.26156 0.884128 -0.387174 -0.595118 -0.949478 0.307772 0.0613771 -0.214137 0.173427 0.35156 0.919961 0.363968 
1533836762941 0.261579 0.884125 -0.387168 -0.59511 -0.949413 0.307912 0.0616933 -0.214121 0.173758 0.351445 0.919943 0.363973 
1533836762954 0.261555 0.884151 -0.387125 -0.595105 -0.949366 0.307994 0.0620012 -0.214119 0.174051 0.351307 0.91994 0.363969 
1533836762974 0.261476 0.884171 -0.387133 -0.595113 -0.94934 0.308017 0.0622764 -0.214144 0.174307 0.351238 0.919918 0.363947 
1533836762994 0.26148 0.884215 -0.38703 -0.595107 -0.949313 0.308066 0.062451 -0.214188 0.174451 0.351083 0.91995 0.363921 
1533836763011 0.261496 0.884249 -0.386941 -0.5951 -0.949296 0.3081 0.0625441 -0.214216 0.174521 0.350966 0.919981 0.363902 
1533836763150 0.261484 0.884186 -0.387093 -0.595086 -0.949232 0.308234 0.0628468 -0.214156 0.174884 0.351008 0.919896 0.363923 
1533836763163 0.261514 0.884064 -0.387351 -0.595097 -0.949209 0.30831 0.0628233 -0.214109 0.174964 0.351248 0.919789 0.363923 
1533836763180 0.261518 0.883957 -0.387594 -0.595105 -0.949194 0.308359 0.0628103 -0.214056 0.17504 0.351476 0.919688 0.363926 
1533836763200 0.261505 0.883849 -0.387847 -0.595108 -0.949184 0.308393 0.062801 -0.214003 0.175116 0.351716 0.919582 0.363931 
1533836763217 0.261501 0.883832 -0.387889 -0.595098 -0.94919 0.308383 0.0627618 -0.214005 0.175089 0.351768 0.919567 0.363932 
1533836763237 0.26154 0.883815 -0.387902 -0.595093 -0.94918 0.308418 0.0627386 -0.21403 0.175085 0.35178 0.919563 0.363925 
1533836763253 0.261563 0.8838 -0.38792 -0.59509 -0.949172 0.308444 0.0627313 -0.214045 0.175094 0.351794 0.919556 0.363921 
1533836763274 0.261598 0.883759 -0.38799 -0.595084 -0.949154 0.308499 0.0627394 -0.214074 0.175141 0.351849 0.919526 0.363917 
1533836763381 0.261859 0.883353 -0.388738 -0.595052 -0.948977 0.309003 0.062925 -0.214125 0.175706 0.352426 0.919197 0.363889 
1533836763401 0.26178 0.883355 -0.388786 -0.595051 -0.949049 0.308834 0.0626765 -0.214111 0.175436 0.352569 0.919194 0.363919 
1533836763422 0.261719 0.883376 -0.388781 -0.595051 -0.949111 0.308685 0.0624619 -0.214086 0.175188 0.352649 0.919211 0.36397 
1533836763472 0.261584 0.883424 -0.388762 -0.59505 -0.949236 0.308381 0.0620596 -0.21402 0.174712 0.352793 0.919246 0.364098 
1533836763508 0.261483 0.883395 -0.388895 -0.595052 -0.949295 0.308235 0.06189 -0.213975 0.174544 0.352993 0.919201 0.364129 
1533836763534 0.261386 0.883299 -0.389178 -0.595071 -0.949323 0.308163 0.0618229 -0.213936 0.174538 0.353296 0.919085 0.36413 
1533836763551 0.261369 0.883234 -0.389337 -0.59508 -0.949328 0.308158 0.0617724 -0.213918 0.174537 0.353463 0.919022 0.364132 
1533836763567 0.261357 0.883175 -0.389479 -0.595087 -0.949336 0.308147 0.0617044 -0.213902 0.174513 0.353619 0.918966 0.364134 
1533836763584 0.261361 0.883119 -0.389605 -0.595091 -0.949341 0.308146 0.061623 -0.213891 0.174476 0.353762 0.918918 0.364137 
1533836763601 0.261391 0.883051 -0.389737 -0.595092 -0.94934 0.308169 0.0615291 -0.213889 0.174438 0.35391 0.918868 0.364144 
1533836763617 0.261423 0.882979 -0.38988 -0.595094 -0.949337 0.308195 0.0614327 -0.213891 0.174403 0.354068 0.918814 0.364154 
1533836763634 0.261452 0.88295 -0.389925 -0.595087 -0.949344 0.308195 0.0613264 -0.213895 0.174321 0.354139 0.918802 0.364166 
1533836763651 0.261441 0.882951 -0.389931 -0.595081 -0.94936 0.308159 0.0612628 -0.213895 0.174253 0.354168 0.918804 0.364176 
1533836763669 0.261437 0.882977 -0.389875 -0.595071 -0.949366 0.308142 0.0612572 -0.213892 0.174226 0.35412 0.918828 0.364193 
1533836763684 0.261459 0.882998 -0.389813 -0.595063 -0.949368 0.308143 0.0612298 -0.213897 0.174184 0.354066 0.918856 0.364204 
1533836763701 0.261508 0.883017 -0.389737 -0.595055 -0.949354 0.308183 0.0612377 -0.213904 0.174184 0.353984 0.918888 0.364213 
1533836763721 0.261682 0.883123 -0.389379 -0.595028 -0.94934 0.30825 0.0611185 -0.213934 0.174001 0.353659 0.919048 0.364231 
1533836763737 0.261785 0.883213 -0.389107 -0.595013 -0.949353 0.308242 0.0609521 -0.213943 0.173773 0.353444 0.919174 0.364234 
1533836763754 0.261828 0.883256 -0.38898 -0.595012 -0.949372 0.308212 0.0608208 -0.21393 0.173608 0.353362 0.919236 0.364229 
1533836763879 0.261922 0.883081 -0.389313 -0.595099 -0.949428 0.308153 0.0602294 -0.213911 0.173155 0.35385 0.919134 0.364224 
1533836763895 0.261609 0.883075 -0.389537 -0.595098 -0.949442 0.308027 0.0606589 -0.213926 0.173554 0.353974 0.919011 0.3642 
1533836763912 0.261401 0.883069 -0.389691 -0.595093 -0.949424 0.307999 0.061086 -0.213934 0.173968 0.354014 0.918918 0.364192 
1533836763929 0.261264 0.883053 -0.389819 -0.595087 -0.949391 0.308024 0.0614635 -0.213933 0.174349 0.354032 0.918838 0.364188 
1533836763946 0.261239 0.883023 -0.389903 -0.595082 -0.949339 0.308127 0.0617572 -0.213933 0.174673 0.354017 0.918783 0.36419 
1533836763976 0.261243 0.883015 -0.389918 -0.595052 -0.94931 0.308189 0.0618965 -0.213977 0.174824 0.353983 0.918767 0.364223 
1533836763996 0.261204 0.883029 -0.389913 -0.595035 -0.949319 0.308154 0.0619207 -0.214008 0.174831 0.353978 0.918768 0.364242 
1533836764013 0.26116 0.883039 -0.389921 -0.595024 -0.949328 0.30812 0.0619487 -0.214034 0.174845 0.353985 0.918762 0.364252 
1533836764029 0.260987 0.883082 -0.389937 -0.595012 -0.949377 0.30796 0.0620067 -0.214064 0.174842 0.354014 0.918751 0.364263 
1533836764161 0.260864 0.882819 -0.390616 -0.595019 -0.94934 0.308037 0.0621881 -0.214073 0.175225 0.354604 0.918451 0.364307 
1533836764264 0.261207 0.882535 -0.391027 -0.594967 -0.949319 0.308233 0.0615244 -0.214031 0.174825 0.355139 0.91832 0.364418 
1533836764310 0.2611 0.882332 -0.391557 -0.594999 -0.949334 0.3082 0.061458 -0.214021 0.174904 0.355672 0.918099 0.364385 
1533836764356 0.261075 0.882142 -0.392002 -0.595011 -0.949337 0.308218 0.0613347 -0.214029 0.174928 0.356129 0.917917 0.364409 
1533836764423 0.261147 0.881912 -0.39247 -0.594979 -0.949312 0.308326 0.0611663 -0.214075 0.174952 0.356603 0.917729 0.364448 
1533836764462 0.261043 0.881743 -0.392921 -0.595 -0.949317 0.30831 0.0611761 -0.21405 0.175083 0.357037 0.917535 0.364463 
1533836764479 0.26096 0.881698 -0.393075 -0.595 -0.949338 0.308247 0.0611636 -0.214024 0.175092 0.3572 0.91747 0.364474 
1533836764495 0.260907 0.881685 -0.393141 -0.594987 -0.949354 0.3082 0.0611548 -0.213998 0.175085 0.357274 0.917442 0.364496 
1533836764512 0.260882 0.881675 -0.39318 -0.594977 -0.949361 0.308179 0.0611476 -0.213984 0.175082 0.357317 0.917426 0.364516 
1533836764528 0.26085 0.881646 -0.393266 -0.59497 -0.94937 0.308156 0.0611324 -0.213973 0.175084 0.357408 0.91739 0.364537 
1533836764645 0.261126 0.881574 -0.393243 -0.594973 -0.949253 0.308494 0.0612473 -0.214057 0.175307 0.357293 0.917393 0.36455 
1533836764659 0.261252 0.881651 -0.392986 -0.594956 -0.949227 0.308573 0.061238 -0.214079 0.175255 0.357035 0.917503 0.36455 
1533836764675 0.261401 0.881736 -0.392696 -0.594942 -0.949191 0.30868 0.0612558 -0.214102 0.175229 0.356731 0.917626 0.364549 
1533836764692 0.261482 0.881782 -0.392539 -0.59494 -0.949171 0.30874 0.061268 -0.214121 0.175218 0.356566 0.917692 0.364535 
1533836764709 0.261459 0.881819 -0.392471 -0.594943 -0.949188 0.308693 0.0612473 -0.214137 0.175162 0.356515 0.917723 0.364523 
1533836764725 0.261411 0.881846 -0.392443 -0.594953 -0.949212 0.308625 0.0612213 -0.214162 0.175105 0.356507 0.917737 0.364508 
1533836764742 0.261412 0.881858 -0.392416 -0.59496 -0.949216 0.308615 0.0612045 -0.214182 0.175079 0.356488 0.917749 0.364501 
1533836764759 0.261431 0.881873 -0.39237 -0.594963 -0.949215 0.30862 0.061191 -0.214199 0.175056 0.356446 0.91777 0.364495 
1533836764775 0.261443 0.88188 -0.392346 -0.594964 -0.949213 0.308627 0.0611876 -0.214206 0.175049 0.356423 0.91778 0.364493 
1533836764792 0.261497 0.881904 -0.392256 -0.594965 -0.949202 0.308664 0.0611814 -0.214228 0.175031 0.356331 0.917819 0.364485 
1533836764809 0.261555 0.881929 -0.392162 -0.594963 -0.949189 0.308704 0.0611728 -0.214247 0.175012 0.356236 0.91786 0.36448 
1533836764825 0.261586 0.881946 -0.392103 -0.59496 -0.949182 0.308725 0.0611712 -0.214256 0.175001 0.356175 0.917885 0.364479 
1533836764842 0.261575 0.881967 -0.392063 -0.594953 -0.949188 0.308707 0.0611764 -0.214248 0.174988 0.356139 0.917902 0.364484 
1533836764859 0.261552 0.881982 -0.392044 -0.594946 -0.949195 0.308682 0.0611875 -0.214229 0.174984 0.356123 0.917909 0.364493 
1533836764876 0.26156 0.881987 -0.392028 -0.59494 -0.949194 0.308685 0.061182 -0.214212 0.174975 0.356108 0.917916 0.364499 
1533836764892 0.261546 0.881995 -0.392018 -0.594939 -0.949205 0.308659 0.0611581 -0.214194 0.174941 0.35611 0.917922 0.364497 
1533836764912 0.261545 0.881994 -0.392023 -0.594954 -0.94925 0.308567 0.0609216 -0.214168 0.174698 0.356194 0.917936 0.36448 
1533836764929 0.261638 0.882011 -0.39192 -0.594955 -0.94928 0.308533 0.0606289 -0.214159 0.174396 0.356179 0.917999 0.36447 
1533836764945 0.261719 0.882059 -0.391759 -0.594952 -0.949319 0.30847 0.0603285 -0.214144 0.174059 0.356115 0.918088 0.364461 
1533836764962 0.26175 0.882117 -0.391607 -0.594953 -0.949366 0.308376 0.0600764 -0.214115 0.173757 0.356054 0.918169 0.364453 
1533836765073 0.261913 0.882084 -0.391572 -0.594911 -0.949346 0.308471 0.0598909 -0.214151 0.173618 0.356051 0.918196 0.364457 
1533836765090 0.26189 0.881992 -0.391796 -0.594916 -0.949304 0.308565 0.0600765 -0.21417 0.173881 0.3562 0.918089 0.364499 
1533836765109 0.261863 0.881908 -0.392002 -0.594898 -0.94927 0.308638 0.0602338 -0.214203 0.174107 0.356343 0.91799 0.364557 
1533836765142 0.261815 0.881806 -0.392264 -0.594879 -0.949258 0.308663 0.0602934 -0.214246 0.174245 0.356574 0.917875 0.364611 
1533836765178 0.261716 0.881789 -0.392369 -0.594879 -0.949294 0.308562 0.0602512 -0.214208 0.174199 0.356704 0.917833 0.364642 
1533836765197 0.261681 0.881762 -0.392453 -0.594881 -0.949317 0.308509 0.0601669 -0.214178 0.174128 0.356817 0.917802 0.364644 
1533836765213 0.261692 0.881721 -0.392538 -0.594884 -0.949329 0.308493 0.0600511 -0.214159 0.174043 0.356933 0.917773 0.364638 
1533836765230 0.261723 0.88168 -0.392609 -0.594885 -0.94934 0.308487 0.0599141 -0.21415 0.17394 0.357038 0.917752 0.364629 
1533836765354 0.261855 0.881777 -0.392302 -0.594846 -0.949361 0.30847 0.0596651 -0.214172 0.173625 0.356812 0.917899 0.364656 
1533836765367 0.261872 0.881878 -0.392064 -0.594836 -0.949351 0.30848 0.0597703 -0.214185 0.173654 0.356554 0.917994 0.364626 
1533836765384 0.261853 0.881998 -0.391807 -0.59484 -0.949352 0.308454 0.0598893 -0.214187 0.173677 0.356281 0.918096 0.36459 
1533836765400 0.261842 0.882065 -0.391664 -0.59486 -0.949358 0.308429 0.0599303 -0.214184 0.173663 0.356137 0.918155 0.364564 
1533836765482 0.26178 0.882126 -0.391567 -0.594962 -0.94937 0.308375 0.0600156 -0.21408 0.173691 0.356031 0.91819 0.3645 
1533836765495 0.26184 0.882202 -0.391357 -0.594946 -0.949374 0.308373 0.0599545 -0.214083 0.173576 0.355846 0.918284 0.364518 
1533836765512 0.261933 0.882303 -0.391065 -0.594924 -0.949365 0.308407 0.0599347 -0.214082 0.173488 0.355564 0.91841 0.364539 
1533836765535 0.262024 0.882389 -0.390811 -0.594907 -0.949348 0.308456 0.0599424 -0.214081 0.173441 0.355309 0.918517 0.364554 
1533836765552 0.262051 0.882416 -0.390731 -0.59491 -0.949338 0.308481 0.0599764 -0.214073 0.173457 0.355219 0.918549 0.364549 
1533836765719 0.261859 0.882424 -0.390842 -0.594925 -0.949435 0.30822 0.0597741 -0.214082 0.173211 0.355426 0.918515 0.364509 
1533836765733 0.261761 0.882352 -0.391071 -0.594935 -0.949433 0.308206 0.0598903 -0.214073 0.173375 0.355619 0.91841 0.364538 
1533836765754 0.261662 0.882255 -0.391356 -0.594936 -0.949428 0.308199 0.06 -0.21408 0.173551 0.355865 0.918281 0.364565 
1533836765815 0.261553 0.882143 -0.391681 -0.594884 -0.949423 0.308193 0.0601147 -0.214121 0.173743 0.356147 0.918135 0.364568 
1533836765865 0.26147 0.882032 -0.391985 -0.594858 -0.949391 0.308248 0.0603285 -0.214144 0.174041 0.356373 0.917991 0.364583 
1533836765891 0.261324 0.881947 -0.392275 -0.594874 -0.949385 0.308228 0.0605276 -0.214113 0.174292 0.356602 0.917855 0.364597 
1533836765917 0.2612 0.881857 -0.39256 -0.594887 -0.949374 0.308225 0.0607138 -0.214096 0.174538 0.356828 0.91772 0.364616 
1533836765963 0.261102 0.881776 -0.392805 -0.594881 -0.949358 0.30824 0.0608928 -0.214103 0.174772 0.357014 0.917603 0.364654 
1533836765980 0.261088 0.881758 -0.392855 -0.594873 -0.949351 0.308253 0.0609397 -0.214114 0.174833 0.357046 0.917579 0.364671 
