1531903834968 0 0 0 0 0 0 0 0 0 0 0 0 
1531903834968 0 0 0 0 0 0 0 0 0 0 0 0 
1531903834978 -0.148927 -0.980986 0.124446 -0.59749 0.846377 -0.0613795 0.529035 -0.25182 -0.511338 0.184116 0.839425 0.412457 
1531903834989 -0.112289 -0.984909 0.131704 -0.601182 0.846531 -0.0254084 0.531733 -0.25525 -0.520362 0.1712 0.836609 0.413526 
1531903835000 -0.0746476 -0.987498 0.138836 -0.603408 0.844952 0.0113066 0.534722 -0.25552 -0.529607 0.157226 0.833545 0.416527 
1531903835008 -0.0369476 -0.988579 0.146101 -0.605466 0.841933 0.0479617 0.537446 -0.255677 -0.538315 0.142865 0.830546 0.419613 
1531903835019 0.000740163 -0.988148 0.1535 -0.607511 0.83749 0.084493 0.53988 -0.255827 -0.546452 0.128155 0.827627 0.422704 
1531903835029 0.0383566 -0.986205 0.161023 -0.609556 0.831631 0.120843 0.542022 -0.255975 -0.554003 0.113122 0.824793 0.425794 
1531903835039 0.0758426 -0.982753 0.168657 -0.611601 0.824363 0.156956 0.543866 -0.256121 -0.560957 0.0977866 0.822049 0.428884 
1531903835049 0.113139 -0.977796 0.176391 -0.613646 0.8157 0.192773 0.54541 -0.256268 -0.567304 0.082175 0.819398 0.431972 
1531903835059 0.15013 -0.971349 0.184234 -0.615634 0.805679 0.228203 0.54663 -0.256512 -0.573011 0.0663674 0.816856 0.434972 
1531903835137 0 0 0 0 0 0 0 0 0 0 0 0 
1531903835138 0 0 0 0 0 0 0 0 0 0 0 0 
1531903835149 0.15013 -0.971349 0.184234 -0.615634 0.805679 0.228203 0.54663 -0.256512 -0.573011 0.0663674 0.816856 0.434972 
1531903835160 0.186876 -0.963412 0.192134 -0.617686 0.794265 0.263268 0.547569 -0.256648 -0.578118 0.0502776 0.814403 0.438062 
1531903835168 0 0 0 0 0 0 0 0 0 0 0 0 
1531903835168 0 0 0 0 0 0 0 0 0 0 0 0 
1531903835173 0 0 0 0 0 0 0 0 0 0 0 0 
1531903835174 0 0 0 0 0 0 0 0 0 0 0 0 
1531903835176 0 0 0 0 0 0 0 0 0 0 0 0 
1531903835178 0 0 0 0 0 0 0 0 0 0 0 0 
1531903835189 0.186933 -0.963405 0.192111 -0.617735 0.794237 0.263303 0.547594 -0.256551 -0.578138 0.0502182 0.814392 0.438153 
1531903835206 0.186933 -0.963405 0.19211 -0.617736 0.794237 0.263303 0.547594 -0.256549 -0.578138 0.0502175 0.814392 0.438155 
1531903835209 0.186934 -0.963405 0.192111 -0.617736 0.794236 0.263304 0.547594 -0.256549 -0.578139 0.050218 0.814392 0.438155 
1531903835228 0 0 0 0 0 0 0 0 0 0 0 0 
1531903835228 0 0 0 0 0 0 0 0 0 0 0 0 
1531903835228 0 0 0 0 0 0 0 0 0 0 0 0 
1531903835228 0 0 0 0 0 0 0 0 0 0 0 0 
1531903835235 0 0 0 0 0 0 0 0 0 0 0 0 
1531903835235 0 0 0 0 0 0 0 0 0 0 0 0 
1531903835239 0 0 0 0 0 0 0 0 0 0 0 0 
1531903835259 0.186934 -0.963405 0.192112 -0.617736 0.794236 0.263305 0.547594 -0.256548 -0.578139 0.0502188 0.814391 0.438155 
1531903835259 0.186934 -0.963405 0.192112 -0.617736 0.794236 0.263305 0.547594 -0.256548 -0.578139 0.0502188 0.814391 0.438155 
1531903835269 0.186933 -0.963405 0.192113 -0.617736 0.794236 0.263304 0.547594 -0.256548 -0.578139 0.0502194 0.814391 0.438155 
1531903835287 0.186933 -0.963405 0.192113 -0.617736 0.794236 0.263305 0.547594 -0.256548 -0.578139 0.0502197 0.814391 0.438155 
1531903906535 0.186933 -0.963405 0.192113 -0.617736 0.794236 0.263305 0.547594 -0.256548 -0.578139 0.0502197 0.814391 0.438155 
1531903906547 0.186933 -0.963405 0.192113 -0.617736 0.794236 0.263305 0.547594 -0.256548 -0.578139 0.0502197 0.814391 0.438155 
1531903906550 0 0 0 0 0 0 0 0 0 0 0 0 
1531903906554 0 0 0 0 0 0 0 0 0 0 0 0 
1531903906564 0.186933 -0.963405 0.192113 -0.617736 0.794236 0.263305 0.547594 -0.256548 -0.578139 0.0502197 0.814391 0.438155 
1531903906574 0.186933 -0.963405 0.192113 -0.617736 0.794236 0.263305 0.547594 -0.256548 -0.578139 0.0502197 0.814391 0.438155 
1531903906584 0.186934 -0.963405 0.192112 -0.617736 0.794236 0.263305 0.547594 -0.256548 -0.578139 0.0502186 0.814391 0.438155 
1531903906594 0.186934 -0.963405 0.192112 -0.617736 0.794236 0.263305 0.547594 -0.256548 -0.578139 0.0502184 0.814391 0.438155 
1531903906604 0.186934 -0.963405 0.192112 -0.617736 0.794236 0.263304 0.547594 -0.256548 -0.578139 0.0502182 0.814392 0.438155 
1531903906614 0.186934 -0.963405 0.192111 -0.617736 0.794236 0.263304 0.547594 -0.256548 -0.578139 0.050218 0.814392 0.438155 
1531903906624 0.186934 -0.963405 0.192111 -0.617736 0.794236 0.263304 0.547594 -0.256548 -0.578139 0.0502177 0.814392 0.438155 
1531903906635 0.186934 -0.963405 0.192111 -0.617736 0.794236 0.263304 0.547594 -0.256548 -0.578139 0.0502175 0.814392 0.438155 
1531903906713 0.186934 -0.963405 0.192111 -0.617736 0.794236 0.263304 0.547594 -0.256548 -0.578139 0.0502175 0.814392 0.438155 
1531903906713 0 0 0 0 0 0 0 0 0 0 0 0 
1531903906723 0.186934 -0.963405 0.192111 -0.617736 0.794236 0.263304 0.547594 -0.256548 -0.578139 0.0502175 0.814392 0.438155 
1531903906726 0 0 0 0 0 0 0 0 0 0 0 0 
1531903906729 0 0 0 0 0 0 0 0 0 0 0 0 
1531903906733 0 0 0 0 0 0 0 0 0 0 0 0 
1531903906743 0.186934 -0.963405 0.192111 -0.617736 0.794236 0.263304 0.547594 -0.256548 -0.578139 0.0502175 0.814392 0.438155 
1531903906753 0.186934 -0.963405 0.192111 -0.617736 0.794236 0.263304 0.547594 -0.256548 -0.578139 0.0502175 0.814392 0.438155 
1531903906763 0.186934 -0.963405 0.192111 -0.617736 0.794236 0.263304 0.547594 -0.256548 -0.578139 0.0502175 0.814392 0.438155 
1531903906773 0.186934 -0.963405 0.192112 -0.617736 0.794236 0.263305 0.547594 -0.256548 -0.578139 0.0502184 0.814391 0.438155 
1531903906776 0 0 0 0 0 0 0 0 0 0 0 0 
1531903906779 0 0 0 0 0 0 0 0 0 0 0 0 
1531903906783 0 0 0 0 0 0 0 0 0 0 0 0 
1531903906793 0.186934 -0.963405 0.192112 -0.617736 0.794236 0.263305 0.547594 -0.256548 -0.578139 0.0502186 0.814391 0.438155 
1531903906803 0.186934 -0.963405 0.192113 -0.617736 0.794236 0.263305 0.547594 -0.256548 -0.578139 0.0502188 0.814391 0.438155 
1531903906810 0 0 0 0 0 0 0 0 0 0 0 0 
1531903906810 0 0 0 0 0 0 0 0 0 0 0 0 
1531903906813 0 0 0 0 0 0 0 0 0 0 0 0 
1531903906823 0.186934 -0.963405 0.192113 -0.617736 0.794236 0.263305 0.547594 -0.256548 -0.578139 0.050219 0.814391 0.438155 
1531903906833 0.186934 -0.963404 0.192113 -0.617736 0.794236 0.263306 0.547594 -0.256548 -0.578139 0.0502192 0.814391 0.438155 
594 -0.256548 -0.578139 0.050219 0.814391 0.438155 
1531903906833 0.186934 -0.963404 0.192113 -0.617736 0.794236 0.263306 0.547594 -0.256548 -0.578139 0.0502192 0.814391 0.438155 
