1533291963829 0.16779 0.935059 -0.312268 -0.604001 -0.953845 0.234011 0.188196 -0.21905 0.249049 0.266278 0.931166 0.380413 
1533291967240 0.167792 0.935059 -0.312268 -0.604001 -0.953845 0.234012 0.188196 -0.219051 0.249048 0.266278 0.931167 0.380413 
1533291967254 0.167792 0.935059 -0.312268 -0.604001 -0.953845 0.234012 0.188196 -0.219051 0.249048 0.266278 0.931166 0.380413 
1533291967274 0.167792 0.935059 -0.312268 -0.604001 -0.953845 0.234012 0.188196 -0.219051 0.249048 0.266278 0.931166 0.380413 
1533291967287 0.167792 0.935059 -0.312268 -0.604001 -0.953845 0.234012 0.188195 -0.219051 0.249048 0.266278 0.931167 0.380413 
1533291967304 0.167793 0.935059 -0.312266 -0.604001 -0.953845 0.234012 0.188195 -0.219051 0.249047 0.266276 0.931167 0.380414 
1533291967323 0.167795 0.93506 -0.312262 -0.604001 -0.953845 0.234013 0.188195 -0.219052 0.249047 0.266272 0.931169 0.380415 
1533291967349 0.1678 0.935063 -0.31225 -0.604006 -0.953844 0.234016 0.188198 -0.219049 0.249048 0.266258 0.931172 0.38042 
1533291967372 0.167941 0.935184 -0.311812 -0.604066 -0.953784 0.234098 0.188401 -0.219004 0.249184 0.265761 0.931278 0.380458 
1533291967389 0.168065 0.935327 -0.311317 -0.604135 -0.953703 0.234178 0.188711 -0.218929 0.24941 0.265188 0.931381 0.380517 
1533291967409 0.168181 0.935512 -0.310696 -0.604235 -0.953629 0.234219 0.189034 -0.218811 0.249614 0.264496 0.931523 0.380616 
1533291967425 0.168253 0.935697 -0.3101 -0.604366 -0.953552 0.234233 0.189401 -0.218658 0.249858 0.263829 0.931646 0.380722 
1533291967444 0.168344 0.935881 -0.309494 -0.604516 -0.95348 0.234255 0.189738 -0.218508 0.250073 0.263155 0.931779 0.380819 
1533291967464 0.168424 0.936016 -0.309042 -0.604671 -0.953419 0.234288 0.190004 -0.218379 0.250252 0.262645 0.931875 0.380878 
1533291967476 0.168563 0.936186 -0.308451 -0.604928 -0.953322 0.234375 0.190382 -0.218195 0.250526 0.261961 0.931994 0.380939 
1533291967493 0.168717 0.936342 -0.307893 -0.605116 -0.953241 0.234463 0.190682 -0.218056 0.250733 0.261325 0.932117 0.380981 
1533291967512 0.168846 0.936486 -0.307384 -0.605317 -0.953157 0.234544 0.190999 -0.217907 0.250963 0.260736 0.93222 0.381003 
1533291967532 0.16904 0.936627 -0.306849 -0.605612 -0.953034 0.234709 0.19141 -0.217728 0.2513 0.260082 0.932312 0.38101 
1533291967549 0.169208 0.936692 -0.306556 -0.60581 -0.952939 0.234874 0.191679 -0.217635 0.251546 0.259695 0.932353 0.380998 
1533291967579 0.169603 0.936812 -0.30597 -0.60624 -0.952776 0.235223 0.192064 -0.217477 0.251899 0.258947 0.932466 0.380984 
1533291967599 0.169983 0.936845 -0.305658 -0.60654 -0.952638 0.235589 0.1923 -0.217426 0.252165 0.258494 0.93252 0.380966 
1533291967616 0.170324 0.936883 -0.305353 -0.606817 -0.952521 0.235905 0.192491 -0.217371 0.252376 0.25807 0.932581 0.380954 
1533291967636 0.170864 0.936935 -0.304891 -0.607252 -0.952323 0.236421 0.192836 -0.21729 0.252758 0.257406 0.93266 0.380921 
1533291967660 0.171273 0.937058 -0.304282 -0.607659 -0.952153 0.23678 0.193237 -0.217139 0.253122 0.256627 0.932776 0.380881 
1533291967677 0.171617 0.93714 -0.303837 -0.608067 -0.951997 0.237107 0.193601 -0.216967 0.253473 0.256026 0.932846 0.380837 
1533291967693 0.171851 0.937146 -0.303684 -0.608339 -0.951912 0.237339 0.193736 -0.216844 0.253635 0.255787 0.932868 0.380804 
1533291967710 0.172098 0.937124 -0.303612 -0.608654 -0.951844 0.23758 0.193774 -0.216723 0.253722 0.255643 0.932883 0.380752 
1533291967743 0.172773 0.936987 -0.303651 -0.609146 -0.951708 0.238239 0.193634 -0.216639 0.253774 0.255533 0.9329 0.380645 
1533291967767 0.173815 0.936725 -0.303866 -0.60952 -0.951538 0.239245 0.193228 -0.216704 0.2537 0.255554 0.932914 0.38053 
1533291967787 0.174405 0.936546 -0.304079 -0.609708 -0.951517 0.239757 0.192694 -0.216775 0.253372 0.255729 0.932955 0.380479 
1533291967804 0.175143 0.93635 -0.304258 -0.609883 -0.951529 0.240341 0.191909 -0.216896 0.25282 0.255899 0.933058 0.380467 
1533291967821 0.175931 0.936137 -0.304459 -0.610028 -0.951478 0.24103 0.191298 -0.216971 0.252464 0.256031 0.933118 0.380478 
1533291967839 0.176624 0.93594 -0.304666 -0.610159 -0.951424 0.241649 0.190784 -0.216994 0.252185 0.256169 0.933156 0.380502 
1533291967864 0.1773 0.935761 -0.304822 -0.610354 -0.951406 0.242209 0.190162 -0.216912 0.251777 0.256294 0.933232 0.380532 
1533291967880 0.177547 0.935684 -0.304914 -0.610449 -0.95138 0.24244 0.189996 -0.216798 0.2517 0.256356 0.933236 0.38053 
1533291967897 0.177745 0.93561 -0.305027 -0.610533 -0.951356 0.242637 0.189868 -0.216686 0.251653 0.256441 0.933225 0.380519 
1533291967914 0.17788 0.935543 -0.305151 -0.610619 -0.951347 0.242772 0.189738 -0.216576 0.25159 0.256554 0.933211 0.380512 
1533291967949 0.178371 0.935351 -0.305453 -0.6108 -0.951299 0.243252 0.189365 -0.216424 0.251425 0.2568 0.933188 0.380497 
1533291967964 0.178671 0.935262 -0.30555 -0.610897 -0.951255 0.243542 0.189212 -0.216326 0.251377 0.256849 0.933187 0.380497 
1533291967984 0.179133 0.935149 -0.305626 -0.611125 -0.951224 0.243936 0.188861 -0.216037 0.251167 0.256887 0.933233 0.380535 
1533291968002 0.179326 0.9351 -0.305664 -0.611307 -0.951235 0.244077 0.188622 -0.215771 0.250986 0.256934 0.933269 0.380561 
1533291968017 0.179554 0.935042 -0.305707 -0.611507 -0.951239 0.244253 0.188375 -0.215475 0.250808 0.256977 0.933305 0.380581 
1533291968034 0.17968 0.934998 -0.305768 -0.6117 -0.951252 0.244346 0.188188 -0.215189 0.250669 0.257049 0.933323 0.380578 
1533291968051 0.179811 0.934942 -0.305863 -0.611902 -0.951256 0.244459 0.188022 -0.214875 0.25056 0.257145 0.933325 0.380539 
1533291968068 0.179933 0.934888 -0.305956 -0.612084 -0.951254 0.244572 0.187886 -0.214585 0.250481 0.257235 0.933322 0.380482 
1533291968084 0.180007 0.934871 -0.305963 -0.612219 -0.951252 0.24463 0.187817 -0.214373 0.250432 0.25724 0.933334 0.380432 
1533291968107 0.180255 0.934826 -0.305955 -0.612369 -0.951234 0.244832 0.187645 -0.214198 0.250323 0.257211 0.933371 0.380358 
1533291968124 0.180727 0.934801 -0.305752 -0.612433 -0.951229 0.245151 0.187258 -0.214181 0.250004 0.256998 0.933515 0.380292 
1533291968143 0.181389 0.934767 -0.305465 -0.612489 -0.951248 0.245568 0.186611 -0.214238 0.24945 0.256723 0.933739 0.380218 
1533291968160 0.181881 0.934706 -0.305359 -0.612542 -0.951281 0.24588 0.186031 -0.214296 0.248966 0.256647 0.933889 0.380148 
1533291968177 0.182502 0.934611 -0.305278 -0.612615 -0.951326 0.246282 0.185268 -0.214371 0.248338 0.256607 0.934067 0.380036 
1533291968206 0.183639 0.934364 -0.305353 -0.612797 -0.951279 0.247192 0.184293 -0.214452 0.247678 0.256633 0.934235 0.379846 
1533291968221 0.18408 0.934231 -0.305493 -0.612908 -0.951206 0.247622 0.184091 -0.214456 0.247631 0.2567 0.934229 0.379754 
1533291968238 0.184377 0.934129 -0.305627 -0.613033 -0.951142 0.247936 0.184003 -0.214413 0.247658 0.256769 0.934203 0.37968 
1533291968254 0.184507 0.934087 -0.305677 -0.613092 -0.95111 0.248076 0.18398 -0.214353 0.247685 0.256787 0.934191 0.379666 
1533291968277 0.184573 0.934059 -0.305723 -0.613128 -0.951099 0.248145 0.183941 -0.214243 0.247676 0.256823 0.934184 0.379697 
1533291968294 0.184647 0.933996 -0.305871 -0.613174 -0.951119 0.248209 0.183754 -0.214181 0.247545 0.25699 0.934172 0.379766 
1533291968316 0.184773 0.933931 -0.305992 -0.613223 -0.951171 0.248273 0.183399 -0.214126 0.247252 0.257164 0.934202 0.379856 
1533291968332 0.184899 0.933909 -0.305983 -0.613269 -0.951299 0.24823 0.18279 -0.21402 0.246663 0.257284 0.934324 0.379983 
1533291968357 0.18498 0.933914 -0.305919 -0.613321 -0.951449 0.248122 0.182157 -0.213898 0.246024 0.25737 0.934469 0.380063 
1533291968380 0.18517 0.933876 -0.305922 -0.613404 -0.951584 0.24812 0.181448 -0.213722 0.245356 0.257512 0.934606 0.380081 
1533291968397 0.185271 0.933829 -0.306003 -0.613455 -0.951639 0.248153 0.181117 -0.213634 0.245068 0.257649 0.934644 0.38005 
1533291968413 0.185246 0.933789 -0.306142 -0.613526 -0.951735 0.24806 0.180737 -0.213569 0.244712 0.257885 0.934672 0.379987 
1533291968440 0.185336 0.933723 -0.306287 -0.613568 -0.951776 0.248112 0.180451 -0.213609 0.244485 0.258072 0.934679 0.379871 
1533291968457 0.185547 0.933696 -0.306241 -0.613576 -0.951772 0.248263 0.180264 -0.213707 0.24434 0.258024 0.934731 0.379802 
1533291968473 0.18583 0.933664 -0.306169 -0.613581 -0.951762 0.248469 0.180033 -0.213846 0.244164 0.257945 0.934799 0.379729 
1533291968490 0.186108 0.933618 -0.30614 -0.613586 -0.951755 0.248676 0.179784 -0.213996 0.243979 0.257911 0.934856 0.379631 
1533291968507 0.186362 0.933535 -0.306236 -0.613603 -0.95176 0.248877 0.179479 -0.214155 0.243765 0.258016 0.934883 0.37947 
1533291968527 0.186373 0.933465 -0.306444 -0.613626 -0.951811 0.24887 0.179216 -0.214301 0.243557 0.258276 0.934865 0.379248 
1533291968543 0.186364 0.933395 -0.306662 -0.61365 -0.951859 0.248855 0.178986 -0.214409 0.243379 0.258542 0.934838 0.379062 
1533291968560 0.186348 0.933338 -0.306847 -0.613672 -0.9519 0.248835 0.178797 -0.214495 0.243232 0.258769 0.934814 0.378926 
1533291968585 0.186267 0.933275 -0.307088 -0.613692 -0.951975 0.248742 0.178525 -0.2146 0.242998 0.259087 0.934787 0.37878 
1533291968601 0.186123 0.933257 -0.307228 -0.613683 -0.952012 0.248623 0.178492 -0.214627 0.242963 0.259264 0.934747 0.378754 
1533291968617 0.185856 0.933212 -0.307526 -0.613684 -0.952077 0.248414 0.178437 -0.214655 0.242913 0.259625 0.934659 0.378767 
1533291968634 0.185433 0.93322 -0.307759 -0.613662 -0.95217 0.248048 0.178449 -0.21467 0.242871 0.259949 0.93458 0.378845 
1533291968652 0.184868 0.93328 -0.307915 -0.613625 -0.95229 0.247533 0.178522 -0.214695 0.242831 0.260221 0.934515 0.378957 
1533291968674 0.184287 0.93338 -0.30796 -0.613575 -0.952423 0.246971 0.178591 -0.214738 0.242751 0.260396 0.934487 0.37908 
1533291968696 0.183585 0.933522 -0.30795 -0.61352 -0.952565 0.2463 0.178762 -0.214793 0.242727 0.260524 0.934458 0.37923 
1533291968713 0.183326 0.933573 -0.30795 -0.613503 -0.952603 0.246068 0.178878 -0.214833 0.242773 0.260561 0.934435 0.379305 
1533291968731 0.183071 0.933606 -0.308002 -0.613488 -0.952662 0.245827 0.178898 -0.214886 0.242735 0.26067 0.934415 0.379332 
1533291968746 0.182859 0.933619 -0.308086 -0.613473 -0.952723 0.245622 0.178856 -0.214931 0.242656 0.260815 0.934395 0.379327 
1533291968763 0.182621 0.933619 -0.30823 -0.613454 -0.952802 0.245389 0.178755 -0.214986 0.242525 0.261038 0.934367 0.379301 
1533291968780 0.182518 0.933571 -0.308436 -0.613431 -0.952864 0.245284 0.178564 -0.215041 0.242357 0.261306 0.934335 0.379269 
1533291968796 0.182392 0.9335 -0.308723 -0.613387 -0.952958 0.245146 0.178256 -0.215105 0.242084 0.261688 0.934299 0.379238 
1533291968813 0.182253 0.933381 -0.309167 -0.613293 -0.953058 0.24502 0.177895 -0.215218 0.241795 0.262232 0.934221 0.379211 
1533291968829 0.182201 0.933238 -0.309628 -0.613192 -0.953117 0.245005 0.177599 -0.215365 0.241603 0.262753 0.934125 0.379194 
1533291968851 0.182212 0.933151 -0.309883 -0.61313 -0.95314 0.245036 0.177431 -0.215467 0.241502 0.263032 0.934072 0.379186 
1533291968874 0.182458 0.9328 -0.310794 -0.612968 -0.953155 0.245374 0.176881 -0.215904 0.241255 0.263962 0.933874 0.379168 
1533291968890 0.182591 0.93268 -0.311077 -0.612914 -0.953136 0.245546 0.176745 -0.216107 0.24123 0.264227 0.933805 0.379173 
1533291968907 0.182676 0.932608 -0.311242 -0.612858 -0.953103 0.245675 0.176743 -0.216281 0.241296 0.264359 0.933751 0.379188 
1533291968924 0.182531 0.932596 -0.311364 -0.612819 -0.953098 0.245598 0.176876 -0.216376 0.241424 0.264475 0.933685 0.379188 
1533291968940 0.182299 0.932608 -0.311463 -0.612779 -0.953098 0.245447 0.177088 -0.216453 0.241602 0.264572 0.933611 0.379198 
1533291968961 0.181912 0.93267 -0.311505 -0.612715 -0.95309 0.245179 0.177501 -0.216507 0.241924 0.264603 0.933519 0.379213 
1533291968977 0.181443 0.932766 -0.31149 -0.612656 -0.953108 0.244812 0.177911 -0.216498 0.242206 0.264603 0.933446 0.379223 
1533291968994 0.181053 0.932846 -0.311478 -0.612612 -0.95313 0.244499 0.178224 -0.216469 0.242411 0.264611 0.93339 0.379228 
1533291969012 0.180619 0.93292 -0.311509 -0.612573 -0.953193 0.244116 0.17841 -0.216453 0.242486 0.264704 0.933345 0.379226 
1533291969029 0.180325 0.93297 -0.311527 -0.612543 -0.953267 0.243823 0.178416 -0.216458 0.242415 0.264796 0.933337 0.379226 
1533291969047 0.179934 0.933042 -0.311539 -0.612491 -0.953376 0.243417 0.178386 -0.216464 0.242275 0.264917 0.933339 0.379229 
1533291969073 0.179547 0.933095 -0.311602 -0.612384 -0.953524 0.242984 0.17819 -0.216521 0.241983 0.265127 0.933355 0.379246 
1533291969087 0.179446 0.933109 -0.311618 -0.612278 -0.953577 0.242854 0.178081 -0.216577 0.241846 0.265196 0.933371 0.379274 
1533291969104 0.17936 0.933118 -0.311641 -0.612129 -0.953625 0.242742 0.177975 -0.216667 0.24172 0.265267 0.933384 0.379312 
1533291969129 0.179163 0.93309 -0.311839 -0.611898 -0.953685 0.242568 0.17789 -0.21683 0.24163 0.265524 0.933334 0.379364 
1533291969145 0.178877 0.933097 -0.311982 -0.61173 -0.953743 0.242322 0.177917 -0.216911 0.241614 0.265726 0.933281 0.379389 
1533291969162 0.178634 0.933141 -0.311989 -0.611577 -0.953795 0.242087 0.177958 -0.216949 0.241588 0.265784 0.93327 0.379402 
1533291969180 0.178351 0.933218 -0.311921 -0.61136 -0.953857 0.241797 0.178021 -0.216997 0.241554 0.265777 0.933281 0.379419 
1533291969195 0.178188 0.933262 -0.311884 -0.611194 -0.953889 0.241635 0.178069 -0.217066 0.241547 0.265773 0.933284 0.379429 
1533291969212 0.178086 0.933296 -0.31184 -0.611051 -0.953881 0.24156 0.178213 -0.217137 0.241653 0.265721 0.933272 0.379435 
1533291969229 0.178043 0.933313 -0.311814 -0.610931 -0.953826 0.241584 0.178475 -0.217222 0.241903 0.26564 0.93323 0.379443 
1533291969249 0.177958 0.933337 -0.31179 -0.610827 -0.953762 0.241587 0.178814 -0.217295 0.242218 0.265552 0.933174 0.379468 
1533291969265 0.177759 0.93337 -0.311804 -0.610744 -0.953712 0.241497 0.1792 -0.217327 0.24256 0.265517 0.933095 0.379477 
1533291969284 0.177514 0.933396 -0.311867 -0.610648 -0.953666 0.241379 0.179606 -0.21737 0.242921 0.265534 0.932996 0.379476 
1533291969302 0.177258 0.933402 -0.311996 -0.610559 -0.953635 0.241248 0.179945 -0.217433 0.243229 0.265633 0.932887 0.379469 
1533291969316 0.176963 0.93342 -0.312109 -0.610476 -0.95363 0.241057 0.180225 -0.217505 0.243461 0.265743 0.932795 0.379465 
1533291969340 0.176287 0.933509 -0.312223 -0.610304 -0.953685 0.240519 0.180654 -0.217599 0.243738 0.265916 0.932674 0.379465 
1533291969359 0.175921 0.933561 -0.312274 -0.610168 -0.953733 0.240204 0.180816 -0.217657 0.243812 0.266017 0.932626 0.379448 
1533291969373 0.175794 0.933578 -0.312294 -0.610082 -0.95375 0.240097 0.180873 -0.2177 0.24384 0.266054 0.932608 0.379435 
1533291969390 0.175739 0.933589 -0.312293 -0.609933 -0.953782 0.240021 0.180805 -0.217849 0.243755 0.266085 0.932621 0.379421 
1533291969408 0.175732 0.933596 -0.312278 -0.609833 -0.953806 0.239986 0.180722 -0.217947 0.243664 0.266094 0.932642 0.379416 
1533291969430 0.175668 0.933621 -0.312237 -0.60969 -0.953842 0.239891 0.180658 -0.218053 0.243569 0.266089 0.932669 0.379429 
1533291969447 0.175566 0.933662 -0.312174 -0.609588 -0.953876 0.239766 0.180646 -0.21809 0.243511 0.26606 0.932692 0.379437 
1533291969464 0.17531 0.933748 -0.312059 -0.609431 -0.953939 0.239486 0.180685 -0.218088 0.243449 0.26601 0.932723 0.379454 
1533291969481 0.174962 0.933847 -0.311957 -0.609265 -0.954005 0.239136 0.180801 -0.218049 0.243441 0.265975 0.932734 0.379465 
1533291969497 0.174542 0.93397 -0.311825 -0.609069 -0.954065 0.238733 0.181014 -0.217986 0.243504 0.265907 0.932737 0.379478 
1533291969523 0.174083 0.934104 -0.31168 -0.608832 -0.954139 0.238283 0.181217 -0.217938 0.243544 0.265839 0.932746 0.379498 
1533291969530 0.173807 0.934185 -0.31159 -0.60868 -0.954186 0.23801 0.18133 -0.217923 0.243557 0.265799 0.932754 0.379514 
1533291969551 0.173471 0.934285 -0.31148 -0.60849 -0.954238 0.237682 0.181488 -0.217916 0.243595 0.265743 0.932761 0.379534 
1533291969568 0.173299 0.93434 -0.311411 -0.608339 -0.954241 0.237536 0.181658 -0.217941 0.243702 0.26568 0.93275 0.379549 
1533291969591 0.17314 0.934396 -0.311331 -0.608172 -0.954202 0.237446 0.181986 -0.21799 0.243971 0.265563 0.932713 0.37955 
1533291969608 0.172932 0.934453 -0.311276 -0.608092 -0.954177 0.237307 0.182296 -0.218007 0.244215 0.265487 0.932671 0.379529 
1533291969629 0.172485 0.934558 -0.311209 -0.607986 -0.954127 0.237014 0.182935 -0.217999 0.244724 0.265379 0.932568 0.379484 
1533291969651 0.171871 0.93469 -0.311152 -0.60782 -0.954027 0.236654 0.183925 -0.218037 0.245548 0.265236 0.932393 0.379416 
1533291969681 0.171126 0.934833 -0.311132 -0.607605 -0.953923 0.236205 0.185038 -0.218156 0.246471 0.265131 0.932179 0.37933 
1533291969698 0.170832 0.934883 -0.311143 -0.607478 -0.953858 0.236057 0.185559 -0.218261 0.246923 0.265087 0.932072 0.379284 
1533291969718 0.170573 0.934912 -0.311199 -0.607329 -0.953798 0.235938 0.186017 -0.218434 0.247333 0.265092 0.931962 0.379208 
1533291969737 0.170381 0.934923 -0.31127 -0.607166 -0.953782 0.235825 0.186243 -0.218649 0.247528 0.265151 0.931893 0.379141 
1533291969791 0.169907 0.935037 -0.311187 -0.606842 -0.953913 0.235312 0.18622 -0.218803 0.247349 0.265206 0.931925 0.379137 
1533291969808 0.169574 0.9351 -0.311179 -0.606755 -0.953986 0.234982 0.186263 -0.218725 0.247296 0.265275 0.931919 0.379153 
1533291969836 0.169107 0.935186 -0.311174 -0.606568 -0.954091 0.234518 0.186308 -0.218593 0.247209 0.265382 0.931912 0.379197 
1533291969852 0.168782 0.935279 -0.311071 -0.606398 -0.954171 0.234168 0.186341 -0.218501 0.247124 0.265364 0.93194 0.379248 
1533291969873 0.16847 0.935382 -0.310932 -0.606214 -0.954264 0.233805 0.186318 -0.218427 0.246976 0.265322 0.931991 0.379299 
1533291969890 0.168125 0.935496 -0.310775 -0.606032 -0.954358 0.233414 0.18633 -0.21833 0.24685 0.265264 0.932041 0.379344 
1533291969906 0.167824 0.935592 -0.310649 -0.605899 -0.954432 0.233083 0.186365 -0.218236 0.246768 0.265217 0.932076 0.379373 
1533291969924 0.167576 0.935668 -0.310554 -0.605799 -0.954487 0.232818 0.186413 -0.218155 0.246724 0.265181 0.932098 0.379395 
1533291969940 0.167345 0.935741 -0.31046 -0.60573 -0.954527 0.232583 0.186502 -0.218063 0.246725 0.265132 0.932112 0.379411 
1533291969963 0.167112 0.935858 -0.310231 -0.60565 -0.954548 0.23234 0.1867 -0.217949 0.246804 0.264931 0.932148 0.379426 
1533291969993 0.166831 0.935985 -0.31 -0.605568 -0.954464 0.23217 0.187336 -0.217821 0.247316 0.26463 0.932097 0.379412 
1533291970013 0.16654 0.936052 -0.309952 -0.605507 -0.954402 0.232008 0.187853 -0.217824 0.247751 0.264534 0.932009 0.379361 
1533291970029 0.166435 0.936065 -0.309971 -0.605451 -0.954337 0.232002 0.18819 -0.217896 0.248072 0.264495 0.931935 0.379311 
1533291970050 0.166461 0.936031 -0.310061 -0.605364 -0.95424 0.232143 0.188511 -0.218074 0.24843 0.264493 0.93184 0.379242 
1533291970066 0.166604 0.935963 -0.310187 -0.605291 -0.954142 0.232381 0.188711 -0.218264 0.248708 0.264522 0.931758 0.379189 
1533291970083 0.16683 0.935895 -0.310271 -0.605234 -0.954065 0.23265 0.188769 -0.218414 0.248852 0.264526 0.931718 0.379169 
1533291970112 0.16704 0.935842 -0.310319 -0.605179 -0.95402 0.232866 0.188729 -0.218552 0.248883 0.264525 0.93171 0.379171 
1533291970120 0.167098 0.93582 -0.310352 -0.605127 -0.954006 0.232931 0.18872 -0.218612 0.248899 0.264544 0.931701 0.379177 
1533291970137 0.166974 0.935798 -0.310486 -0.60507 -0.954006 0.232865 0.188804 -0.218594 0.248984 0.26468 0.931639 0.37919 
1533291970156 0.166675 0.935806 -0.310622 -0.604978 -0.954028 0.232643 0.188965 -0.218509 0.249099 0.264846 0.931561 0.379216 
1533291970177 0.166326 0.935841 -0.310703 -0.604864 -0.954056 0.232367 0.189165 -0.218407 0.249226 0.264965 0.931493 0.379223 
1533291970193 0.166093 0.935885 -0.310695 -0.604737 -0.954071 0.232174 0.189327 -0.218358 0.249324 0.264979 0.931463 0.379228 
1533291970210 0.165852 0.935949 -0.310634 -0.604552 -0.95409 0.231958 0.189493 -0.218326 0.24941 0.264945 0.93145 0.379242 
1533291970227 0.165728 0.935989 -0.310579 -0.604409 -0.954099 0.231843 0.189589 -0.218329 0.249458 0.264903 0.931449 0.379262 
1533291970243 0.165663 0.936008 -0.310556 -0.604297 -0.954096 0.231793 0.189664 -0.218348 0.249512 0.26488 0.931441 0.379273 
1533291970270 0.165654 0.936012 -0.310547 -0.604194 -0.954087 0.231794 0.189711 -0.218392 0.249555 0.264862 0.931435 0.37929 
1533291970285 0.16562 0.936002 -0.310596 -0.604141 -0.954087 0.231777 0.189727 -0.218409 0.249574 0.264914 0.931415 0.379305 
1533291970304 0.16556 0.935972 -0.31072 -0.604103 -0.954091 0.231754 0.189739 -0.218418 0.2496 0.265042 0.931371 0.379317 
1533291970319 0.165478 0.935945 -0.310845 -0.604045 -0.954096 0.231712 0.189766 -0.218424 0.249637 0.265174 0.931324 0.379335 
1533291970336 0.165401 0.935921 -0.310958 -0.603997 -0.954106 0.231666 0.189769 -0.218428 0.249647 0.265299 0.931286 0.379344 
1533291970352 0.165315 0.935899 -0.311068 -0.603938 -0.95412 0.231608 0.189771 -0.218434 0.249652 0.265424 0.931249 0.379352 
1533291970376 0.165255 0.935881 -0.311156 -0.603868 -0.954125 0.231575 0.189783 -0.218453 0.24967 0.265519 0.931217 0.379361 
1533291970391 0.165253 0.935863 -0.311212 -0.603808 -0.954117 0.231594 0.189805 -0.218489 0.249706 0.265566 0.931193 0.379366 
1533291970409 0.165233 0.935854 -0.311248 -0.603747 -0.954102 0.231602 0.189869 -0.218513 0.249775 0.265589 0.931168 0.379361 
