1531950117824 -0.187255 0.845429 -0.500189 -0.597268 -0.975202 -0.0988634 0.197988 -0.255126 0.117931 0.524856 0.842977 0.407261 
1531950117826 0 0 0 0 0 0 0 0 0 0 0 0 
1531950117830 0 0 0 0 0 0 0 0 0 0 0 0 
1531950117833 0 0 0 0 0 0 0 0 0 0 0 0 
1531950117836 0 0 0 0 0 0 0 0 0 0 0 0 
1531950117840 0 0 0 0 0 0 0 0 0 0 0 0 
1531950117843 0 0 0 0 0 0 0 0 0 0 0 0 
1531950117846 0 0 0 0 0 0 0 0 0 0 0 0 
1531950117850 0 0 0 0 0 0 0 0 0 0 0 0 
1531950117853 0 0 0 0 0 0 0 0 0 0 0 0 
1531950117856 0 0 0 0 0 0 0 0 0 0 0 0 
1531950117860 0 0 0 0 0 0 0 0 0 0 0 0 
1531950117863 0 0 0 0 0 0 0 0 0 0 0 0 
1531950117866 0 0 0 0 0 0 0 0 0 0 0 0 
1531950117870 0 0 0 0 0 0 0 0 0 0 0 0 
1531950117873 0 0 0 0 0 0 0 0 0 0 0 0 
1531950117876 0 0 0 0 0 0 0 0 0 0 0 0 
1531950117887 0 0 0 0 0 0 0 0 0 0 0 0 
1531950117887 0 0 0 0 0 0 0 0 0 0 0 0 
1531950117890 0 0 0 0 0 0 0 0 0 0 0 0 
1531950117895 0 0 0 0 0 0 0 0 0 0 0 0 
1531950117897 0 0 0 0 0 0 0 0 0 0 0 0 
1531950117900 0 0 0 0 0 0 0 0 0 0 0 0 
1531950117903 0 0 0 0 0 0 0 0 0 0 0 0 
1531950117907 0 0 0 0 0 0 0 0 0 0 0 0 
1531950117910 0 0 0 0 0 0 0 0 0 0 0 0 
1531950117913 0 0 0 0 0 0 0 0 0 0 0 0 
1531950117917 0 0 0 0 0 0 0 0 0 0 0 0 
1531950117920 0 0 0 0 0 0 0 0 0 0 0 0 
1531950117923 0 0 0 0 0 0 0 0 0 0 0 0 
1531950117927 0 0 0 0 0 0 0 0 0 0 0 0 
1531950117930 0 0 0 0 0 0 0 0 0 0 0 0 
1531950117933 0 0 0 0 0 0 0 0 0 0 0 0 
1531950117937 0 0 0 0 0 0 0 0 0 0 0 0 
1531950117940 0 0 0 0 0 0 0 0 0 0 0 0 
1531950117943 0 0 0 0 0 0 0 0 0 0 0 0 
1531950117947 0 0 0 0 0 0 0 0 0 0 0 0 
1531950117950 0 0 0 0 0 0 0 0 0 0 0 0 
1531950117953 0 0 0 0 0 0 0 0 0 0 0 0 
1531950117957 0 0 0 0 0 0 0 0 0 0 0 0 
1531950117960 0 0 0 0 0 0 0 0 0 0 0 0 
1531950117963 0 0 0 0 0 0 0 0 0 0 0 0 
1531950117967 0 0 0 0 0 0 0 0 0 0 0 0 
1531950117970 0 0 0 0 0 0 0 0 0 0 0 0 
1531950117973 0 0 0 0 0 0 0 0 0 0 0 0 
1531950117977 0 0 0 0 0 0 0 0 0 0 0 0 
1531950117980 0 0 0 0 0 0 0 0 0 0 0 0 
1531950117983 0 0 0 0 0 0 0 0 0 0 0 0 
1531950117987 0 0 0 0 0 0 0 0 0 0 0 0 
1531950117990 0 0 0 0 0 0 0 0 0 0 0 0 
1531950117993 0 0 0 0 0 0 0 0 0 0 0 0 
1531950117997 0 0 0 0 0 0 0 0 0 0 0 0 
1531950118000 0 0 0 0 0 0 0 0 0 0 0 0 
1531950118003 0 0 0 0 0 0 0 0 0 0 0 0 
1531950118007 0 0 0 0 0 0 0 0 0 0 0 0 
1531950118010 0 0 0 0 0 0 0 0 0 0 0 0 
1531950118013 0 0 0 0 0 0 0 0 0 0 0 0 
1531950118017 0 0 0 0 0 0 0 0 0 0 0 0 
1531950118020 0 0 0 0 0 0 0 0 0 0 0 0 
1531950118023 0 0 0 0 0 0 0 0 0 0 0 0 
1531950118027 0 0 0 0 0 0 0 0 0 0 0 0 
1531950118030 0 0 0 0 0 0 0 0 0 0 0 0 
1531950118033 0 0 0 0 0 0 0 0 0 0 0 0 
1531950118037 0 0 0 0 0 0 0 0 0 0 0 0 
1531950118040 0 0 0 0 0 0 0 0 0 0 0 0 
1531950118043 0 0 0 0 0 0 0 0 0 0 0 0 
1531950118047 0 0 0 0 0 0 0 0 0 0 0 0 
1531950118050 0 0 0 0 0 0 0 0 0 0 0 0 
1531950118053 0 0 0 0 0 0 0 0 0 0 0 0 
1531950118057 0 0 0 0 0 0 0 0 0 0 0 0 
1531950118060 0 0 0 0 0 0 0 0 0 0 0 0 
1531950118063 0 0 0 0 0 0 0 0 0 0 0 0 
1531950118067 0 0 0 0 0 0 0 0 0 0 0 0 
1531950118070 0 0 0 0 0 0 0 0 0 0 0 0 
1531950118073 0 0 0 0 0 0 0 0 0 0 0 0 
1531950118077 0 0 0 0 0 0 0 0 0 0 0 0 
1531950118080 0 0 0 0 0 0 0 0 0 0 0 0 
1531950118083 0 0 0 0 0 0 0 0 0 0 0 0 
1531950118087 0 0 0 0 0 0 0 0 0 0 0 0 
1531950118090 0 0 0 0 0 0 0 0 0 0 0 0 
1531950118093 0 0 0 0 0 0 0 0 0 0 0 0 
1531950118097 0 0 0 0 0 0 0 0 0 0 0 0 
1531950118100 0 0 0 0 0 0 0 0 0 0 0 0 
1531950118103 0 0 0 0 0 0 0 0 0 0 0 0 
1531950118107 0 0 0 0 0 0 0 0 0 0 0 0 
1531950118110 0 0 0 0 0 0 0 0 0 0 0 0 
1531950118113 0 0 0 0 0 0 0 0 0 0 0 0 
1531950118117 0 0 0 0 0 0 0 0 0 0 0 0 
1531950118120 0 0 0 0 0 0 0 0 0 0 0 0 
1531950118123 0 0 0 0 0 0 0 0 0 0 0 0 
1531950118127 0 0 0 0 0 0 0 0 0 0 0 0 
1531950118130 0 0 0 0 0 0 0 0 0 0 0 0 
1531950118133 0 0 0 0 0 0 0 0 0 0 0 0 
1531950118137 0 0 0 0 0 0 0 0 0 0 0 0 
1531950118140 0 0 0 0 0 0 0 0 0 0 0 0 
1531950118143 0 0 0 0 0 0 0 0 0 0 0 0 
1531950118147 0 0 0 0 0 0 0 0 0 0 0 0 
1531950118150 0 0 0 0 0 0 0 0 0 0 0 0 
1531950118153 0 0 0 0 0 0 0 0 0 0 0 0 
1531950118157 0 0 0 0 0 0 0 0 0 0 0 0 
1531950118160 0 0 0 0 0 0 0 0 0 0 0 0 
1531950118163 0 0 0 0 0 0 0 0 0 0 0 0 
1531950118167 0 0 0 0 0 0 0 0 0 0 0 0 
1531950118170 0 0 0 0 0 0 0 0 0 0 0 0 
1531950118173 0 0 0 0 0 0 0 0 0 0 0 0 
1531950118177 0 0 0 0 0 0 0 0 0 0 0 0 
1531950118180 0 0 0 0 0 0 0 0 0 0 0 0 
1531950118183 0 0 0 0 0 0 0 0 0 0 0 0 
1531950118187 0 0 0 0 0 0 0 0 0 0 0 0 
1531950118190 0 0 0 0 0 0 0 0 0 0 0 0 
1531950118193 0 0 0 0 0 0 0 0 0 0 0 0 
1531950118197 0 0 0 0 0 0 0 0 0 0 0 0 
1531950118200 0 0 0 0 0 0 0 0 0 0 0 0 
1531950118203 0 0 0 0 0 0 0 0 0 0 0 0 
1531950118207 0 0 0 0 0 0 0 0 0 0 0 0 
1531950118210 0 0 0 0 0 0 0 0 0 0 0 0 
1531950118213 0 0 0 0 0 0 0 0 0 0 0 0 
1531950118217 0 0 0 0 0 0 0 0 0 0 0 0 
1531950118220 0 0 0 0 0 0 0 0 0 0 0 0 
1531950118223 0 0 0 0 0 0 0 0 0 0 0 0 
1531950118227 0 0 0 0 0 0 0 0 0 0 0 0 
1531950118230 0 0 0 0 0 0 0 0 0 0 0 0 
1531950118233 0 0 0 0 0 0 0 0 0 0 0 0 
1531950118237 0 0 0 0 0 0 0 0 0 0 0 0 
1531950118240 0 0 0 0 0 0 0 0 0 0 0 0 
1531950118243 0 0 0 0 0 0 0 0 0 0 0 0 
1531950118247 0 0 0 0 0 0 0 0 0 0 0 0 
1531950118250 0 0 0 0 0 0 0 0 0 0 0 0 
1531950118253 0 0 0 0 0 0 0 0 0 0 0 0 
1531950118257 0 0 0 0 0 0 0 0 0 0 0 0 
1531950118260 0 0 0 0 0 0 0 0 0 0 0 0 
1531950118263 0 0 0 0 0 0 0 0 0 0 0 0 
1531950118267 0 0 0 0 0 0 0 0 0 0 0 0 
1531950118270 0 0 0 0 0 0 0 0 0 0 0 0 
1531950118273 0 0 0 0 0 0 0 0 0 0 0 0 
1531950118277 0 0 0 0 0 0 0 0 0 0 0 0 
1531950118280 0 0 0 0 0 0 0 0 0 0 0 0 
1531950118283 0 0 0 0 0 0 0 0 0 0 0 0 
1531950118287 0 0 0 0 0 0 0 0 0 0 0 0 
1531950118290 0 0 0 0 0 0 0 0 0 0 0 0 
1531950118293 0 0 0 0 0 0 0 0 0 0 0 0 
1531950118297 0 0 0 0 0 0 0 0 0 0 0 0 
1531950118300 0 0 0 0 0 0 0 0 0 0 0 0 
1531950118303 0 0 0 0 0 0 0 0 0 0 0 0 
1531950118307 0 0 0 0 0 0 0 0 0 0 0 0 
1531950118310 0 0 0 0 0 0 0 0 0 0 0 0 
1531950118313 0 0 0 0 0 0 0 0 0 0 0 0 
1531950118317 0 0 0 0 0 0 0 0 0 0 0 0 
1531950118320 0 0 0 0 0 0 0 0 0 0 0 0 
1531950118323 0 0 0 0 0 0 0 0 0 0 0 0 
1531950118327 0 0 0 0 0 0 0 0 0 0 0 0 
1531950118330 0 0 0 0 0 0 0 0 0 0 0 0 
1531950118333 0 0 0 0 0 0 0 0 0 0 0 0 
1531950118337 0 0 0 0 0 0 0 0 0 0 0 0 
1531950118340 0 0 0 0 0 0 0 0 0 0 0 0 
1531950118343 0 0 0 0 0 0 0 0 0 0 0 0 
1531950118347 0 0 0 0 0 0 0 0 0 0 0 0 
1531950118350 0 0 0 0 0 0 0 0 0 0 0 0 
1531950118353 0 0 0 0 0 0 0 0 0 0 0 0 
1531950118357 0 0 0 0 0 0 0 0 0 0 0 0 
1531950118360 0 0 0 0 0 0 0 0 0 0 0 0 
1531950118363 0 0 0 0 0 0 0 0 0 0 0 0 
1531950118367 0 0 0 0 0 0 0 0 0 0 0 0 
1531950118370 0 0 0 0 0 0 0 0 0 0 0 0 
1531950118373 0 0 0 0 0 0 0 0 0 0 0 0 
1531950118377 0 0 0 0 0 0 0 0 0 0 0 0 
1531950118380 0 0 0 0 0 0 0 0 0 0 0 0 
1531950118383 0 0 0 0 0 0 0 0 0 0 0 0 
1531950118387 0 0 0 0 0 0 0 0 0 0 0 0 
1531950118390 0 0 0 0 0 0 0 0 0 0 0 0 
1531950118393 0 0 0 0 0 0 0 0 0 0 0 0 
1531950118397 0 0 0 0 0 0 0 0 0 0 0 0 
1531950118400 0 0 0 0 0 0 0 0 0 0 0 0 
1531950118403 0 0 0 0 0 0 0 0 0 0 0 0 
1531950118407 0 0 0 0 0 0 0 0 0 0 0 0 
1531950118410 0 0 0 0 0 0 0 0 0 0 0 0 
1531950118413 0 0 0 0 0 0 0 0 0 0 0 0 
1531950118417 0 0 0 0 0 0 0 0 0 0 0 0 
1531950118420 0 0 0 0 0 0 0 0 0 0 0 0 
1531950118423 0 0 0 0 0 0 0 0 0 0 0 0 
1531950118427 0 0 0 0 0 0 0 0 0 0 0 0 
1531950118430 0 0 0 0 0 0 0 0 0 0 0 0 
1531950118433 0 0 0 0 0 0 0 0 0 0 0 0 
1531950118437 0 0 0 0 0 0 0 0 0 0 0 0 
1531950118440 0 0 0 0 0 0 0 0 0 0 0 0 
1531950118443 0 0 0 0 0 0 0 0 0 0 0 0 
1531950118447 0 0 0 0 0 0 0 0 0 0 0 0 
1531950118450 0 0 0 0 0 0 0 0 0 0 0 0 
1531950118453 0 0 0 0 0 0 0 0 0 0 0 0 
1531950118457 0 0 0 0 0 0 0 0 0 0 0 0 
1531950118460 0 0 0 0 0 0 0 0 0 0 0 0 
1531950118463 0 0 0 0 0 0 0 0 0 0 0 0 
1531950118467 0 0 0 0 0 0 0 0 0 0 0 0 
1531950118470 0 0 0 0 0 0 0 0 0 0 0 0 
1531950118473 0 0 0 0 0 0 0 0 0 0 0 0 
1531950118477 0 0 0 0 0 0 0 0 0 0 0 0 
1531950118480 0 0 0 0 0 0 0 0 0 0 0 0 
1531950118483 0 0 0 0 0 0 0 0 0 0 0 0 
1531950118487 0 0 0 0 0 0 0 0 0 0 0 0 
1531950118490 0 0 0 0 0 0 0 0 0 0 0 0 
1531950118493 0 0 0 0 0 0 0 0 0 0 0 0 
1531950118497 0 0 0 0 0 0 0 0 0 0 0 0 
1531950118500 0 0 0 0 0 0 0 0 0 0 0 0 
1531950118504 0 0 0 0 0 0 0 0 0 0 0 0 
1531950118507 0 0 0 0 0 0 0 0 0 0 0 0 
1531950118510 0 0 0 0 0 0 0 0 0 0 0 0 
1531950118514 0 0 0 0 0 0 0 0 0 0 0 0 
1531950118517 0 0 0 0 0 0 0 0 0 0 0 0 
1531950118520 0 0 0 0 0 0 0 0 0 0 0 0 
1531950118523 0 0 0 0 0 0 0 0 0 0 0 0 
1531950118527 0 0 0 0 0 0 0 0 0 0 0 0 
1531950118530 0 0 0 0 0 0 0 0 0 0 0 0 
1531950118533 0 0 0 0 0 0 0 0 0 0 0 0 
1531950118537 0 0 0 0 0 0 0 0 0 0 0 0 
1531950118540 0 0 0 0 0 0 0 0 0 0 0 0 
1531950118543 0 0 0 0 0 0 0 0 0 0 0 0 
1531950118547 0 0 0 0 0 0 0 0 0 0 0 0 
1531950118550 0 0 0 0 0 0 0 0 0 0 0 0 
1531950118553 0 0 0 0 0 0 0 0 0 0 0 0 
1531950118557 0 0 0 0 0 0 0 0 0 0 0 0 
1531950118560 0 0 0 0 0 0 0 0 0 0 0 0 
1531950118563 0 0 0 0 0 0 0 0 0 0 0 0 
1531950118567 0 0 0 0 0 0 0 0 0 0 0 0 
1531950118570 0 0 0 0 0 0 0 0 0 0 0 0 
1531950118573 0 0 0 0 0 0 0 0 0 0 0 0 
1531950118577 0 0 0 0 0 0 0 0 0 0 0 0 
1531950118580 0 0 0 0 0 0 0 0 0 0 0 0 
1531950118583 0 0 0 0 0 0 0 0 0 0 0 0 
1531950118587 0 0 0 0 0 0 0 0 0 0 0 0 
1531950118590 0 0 0 0 0 0 0 0 0 0 0 0 
1531950118593 0 0 0 0 0 0 0 0 0 0 0 0 
1531950118597 0 0 0 0 0 0 0 0 0 0 0 0 
1531950118600 0 0 0 0 0 0 0 0 0 0 0 0 
1531950118603 0 0 0 0 0 0 0 0 0 0 0 0 
1531950118607 0 0 0 0 0 0 0 0 0 0 0 0 
1531950118610 0 0 0 0 0 0 0 0 0 0 0 0 
1531950118613 0 0 0 0 0 0 0 0 0 0 0 0 
1531950118617 0 0 0 0 0 0 0 0 0 0 0 0 
1531950118620 0 0 0 0 0 0 0 0 0 0 0 0 
1531950118623 0 0 0 0 0 0 0 0 0 0 0 0 
1531950118627 0 0 0 0 0 0 0 0 0 0 0 0 
1531950118630 0 0 0 0 0 0 0 0 0 0 0 0 
1531950118633 0 0 0 0 0 0 0 0 0 0 0 0 
1531950118637 0 0 0 0 0 0 0 0 0 0 0 0 
1531950118640 0 0 0 0 0 0 0 0 0 0 0 0 
1531950118643 0 0 0 0 0 0 0 0 0 0 0 0 
1531950118647 0 0 0 0 0 0 0 0 0 0 0 0 
1531950118650 0 0 0 0 0 0 0 0 0 0 0 0 
1531950118653 0 0 0 0 0 0 0 0 0 0 0 0 
1531950118657 0 0 0 0 0 0 0 0 0 0 0 0 
1531950118660 0 0 0 0 0 0 0 0 0 0 0 0 
1531950118663 0 0 0 0 0 0 0 0 0 0 0 0 
1531950118667 0 0 0 0 0 0 0 0 0 0 0 0 
1531950118670 0 0 0 0 0 0 0 0 0 0 0 0 
1531950118673 0 0 0 0 0 0 0 0 0 0 0 0 
1531950118677 0 0 0 0 0 0 0 0 0 0 0 0 
1531950118680 0 0 0 0 0 0 0 0 0 0 0 0 
1531950118683 0 0 0 0 0 0 0 0 0 0 0 0 
1531950118687 0 0 0 0 0 0 0 0 0 0 0 0 
1531950118690 0 0 0 0 0 0 0 0 0 0 0 0 
1531950118693 0 0 0 0 0 0 0 0 0 0 0 0 
1531950118697 0 0 0 0 0 0 0 0 0 0 0 0 
1531950118700 0 0 0 0 0 0 0 0 0 0 0 0 
1531950118703 0 0 0 0 0 0 0 0 0 0 0 0 
1531950118707 0 0 0 0 0 0 0 0 0 0 0 0 
1531950118710 0 0 0 0 0 0 0 0 0 0 0 0 
1531950118720 -0.137212 0.82638 -0.54614 -0.595723 -0.985888 -0.0605486 0.156076 -0.248932 0.0959098 0.559848 0.823026 0.415877 
1531950118730 -0.087704 0.804564 -0.587354 -0.597546 -0.99321 -0.0253843 0.113535 -0.249442 0.0764364 0.593323 0.801327 0.420328 
1531950118740 -0.0361493 0.779062 -0.625904 -0.59793 -0.997616 0.00870385 0.0684514 -0.246789 0.0587756 0.626887 0.77689 0.426728 
1531950118750 0.0162815 0.750321 -0.660873 -0.598152 -0.998931 0.0408113 0.021725 -0.244028 0.0432718 0.659812 0.750184 0.433213 
1531950118760 0.0693121 0.718499 -0.692066 -0.59836 -0.997143 0.0707709 -0.0263924 -0.241262 0.0300152 0.691918 0.721352 0.439702 
1531950118770 0.122676 0.683756 -0.719325 -0.598568 -0.992263 0.0984328 -0.0756582 -0.238496 0.0190734 0.723041 0.690542 0.44619 
1531950118780 0.176102 0.646268 -0.742513 -0.59878 -0.984316 0.123658 -0.12582 -0.235739 0.010504 0.753025 0.657908 0.45267 
1531950118790 0.228991 0.606268 -0.761579 -0.59895 -0.973418 0.146323 -0.176204 -0.23339 0.00460935 0.781684 0.623658 0.458949 
1531950118800 0.280992 0.564168 -0.776375 -0.599127 -0.959709 0.16631 -0.226494 -0.231808 0.00133809 0.808737 0.588169 0.464657 
