1535373937231 0.242383 0.928102 -0.282625 -0.637949 -0.941827 0.295006 0.161038 -0.242393 0.232836 0.227151 0.945616 0.373233 
1535373942489 0.242382 0.928103 -0.282624 -0.637949 -0.941827 0.295006 0.161041 -0.242393 0.232838 0.227149 0.945616 0.373235 
1535373942504 0.242382 0.928103 -0.282624 -0.637949 -0.941827 0.295005 0.161041 -0.242393 0.232838 0.227149 0.945616 0.373235 
1535373942627 0.242468 0.92817 -0.282329 -0.637918 -0.941719 0.29512 0.161459 -0.242363 0.233183 0.226726 0.945633 0.373252 
1535373942739 0.243186 0.928064 -0.282059 -0.637922 -0.941392 0.295897 0.161947 -0.242438 0.233757 0.226145 0.94563 0.373259 
1535373942796 0.243478 0.92816 -0.28149 -0.637912 -0.941153 0.296234 0.162714 -0.242374 0.234412 0.225308 0.945668 0.373361 
1535373942870 0.243878 0.928181 -0.281076 -0.637927 -0.940844 0.29674 0.163575 -0.242338 0.235234 0.224557 0.945642 0.373361 
1535373942918 0.244104 0.928191 -0.280846 -0.637931 -0.940615 0.297078 0.164281 -0.242312 0.235918 0.224066 0.945588 0.373353 
1535373943004 0.244843 0.928142 -0.280366 -0.637923 -0.940218 0.297894 0.165075 -0.242336 0.236732 0.223187 0.945593 0.373406 
1535373943049 0.245205 0.928223 -0.27978 -0.637887 -0.939956 0.298292 0.165845 -0.24232 0.237397 0.222314 0.945631 0.373506 
1535373943138 0.245671 0.928221 -0.279379 -0.637895 -0.939672 0.298818 0.166508 -0.242287 0.23804 0.221618 0.945633 0.373482 
1535373943171 0.245863 0.928227 -0.279189 -0.637886 -0.939537 0.299046 0.166858 -0.242278 0.238372 0.221284 0.945628 0.37344 
1535373943186 0.24593 0.928242 -0.279078 -0.637887 -0.939469 0.299137 0.167077 -0.242256 0.23857 0.221096 0.945622 0.373418 
1535373943470 0.245039 0.928299 -0.279673 -0.637814 -0.93945 0.298625 0.168096 -0.242332 0.239561 0.221549 0.945265 0.373562 
1535373943737 0.244489 0.928368 -0.279925 -0.637755 -0.939238 0.298474 0.169544 -0.242395 0.240949 0.221465 0.944932 0.373618 
1535373943989 0.244215 0.92837 -0.280157 -0.637647 -0.938951 0.298583 0.170939 -0.242588 0.242345 0.221308 0.944612 0.373721 
1535373944236 0.243523 0.928453 -0.280483 -0.637608 -0.938775 0.298307 0.172382 -0.242606 0.243718 0.221332 0.944253 0.373734 
1535373944499 0.243053 0.928501 -0.280733 -0.63752 -0.938528 0.298238 0.173837 -0.242692 0.245132 0.221224 0.943912 0.373843 
1535373944746 0.242321 0.928616 -0.280984 -0.637481 -0.938374 0.297896 0.175252 -0.242662 0.246446 0.221201 0.943576 0.373859 
1535373945016 0.241993 0.928648 -0.281164 -0.637354 -0.938098 0.297939 0.176649 -0.242858 0.247815 0.221011 0.943261 0.373973 
1535373945281 0.241369 0.928705 -0.281509 -0.637316 -0.937873 0.297753 0.178151 -0.24287 0.24927 0.221019 0.942876 0.374034 
1535373945569 0.240902 0.928723 -0.28185 -0.63723 -0.937616 0.297707 0.179575 -0.243003 0.250684 0.221007 0.942504 0.374084 
1535373945584 0.24089 0.928727 -0.281849 -0.637233 -0.937616 0.297697 0.179589 -0.242995 0.250695 0.221005 0.942501 0.37409 
1535373945767 0.241052 0.928655 -0.281948 -0.637317 -0.937878 0.297603 0.178376 -0.242946 0.249558 0.221435 0.942702 0.374133 
1535373945981 0.240652 0.928551 -0.282631 -0.637292 -0.937952 0.297378 0.178361 -0.243076 0.249665 0.222171 0.942501 0.374215 
1535373946238 0.240058 0.928543 -0.283162 -0.637331 -0.938044 0.296967 0.178561 -0.243004 0.249891 0.222754 0.942303 0.374325 
1535373946440 0.239839 0.928436 -0.283696 -0.637294 -0.938015 0.296937 0.178762 -0.243118 0.250209 0.223237 0.942104 0.374363 
1535373946650 0.239377 0.928421 -0.284137 -0.637325 -0.938099 0.296612 0.17886 -0.243078 0.250336 0.223733 0.941953 0.374505 
1535373946849 0.238843 0.928369 -0.284756 -0.637336 -0.938167 0.296284 0.179052 -0.243092 0.250595 0.224383 0.941729 0.37459 
1535373947059 0.238497 0.928288 -0.285309 -0.637329 -0.938171 0.296135 0.179272 -0.243209 0.250906 0.224913 0.94152 0.374593 
1535373947272 0.238082 0.928202 -0.285935 -0.637337 -0.938228 0.295905 0.179355 -0.243245 0.251087 0.225571 0.941314 0.374697 
1535373947502 0.237761 0.928118 -0.286473 -0.63732 -0.938241 0.295764 0.179518 -0.24334 0.251342 0.226099 0.94112 0.374824 
1535373947520 0.237749 0.928123 -0.286465 -0.637316 -0.938244 0.295751 0.179524 -0.243342 0.251343 0.226093 0.941121 0.374833 
1535373947653 0.237865 0.928225 -0.286041 -0.637303 -0.938298 0.295705 0.17932 -0.243362 0.251033 0.225738 0.941289 0.374826 
1535373947774 0.237663 0.928342 -0.285828 -0.637405 -0.938486 0.295349 0.178925 -0.243293 0.250522 0.225722 0.941429 0.374688 
1535373947831 0.23728 0.928463 -0.285753 -0.637412 -0.938635 0.294922 0.178845 -0.243341 0.250325 0.225781 0.941467 0.374735 
1535373947934 0.237253 0.928469 -0.285756 -0.637455 -0.93878 0.294772 0.17833 -0.243561 0.249806 0.225953 0.941564 0.374788 
1535373948023 0.236745 0.928653 -0.28558 -0.637469 -0.93897 0.294198 0.178276 -0.243528 0.249574 0.225945 0.941627 0.374832 
1535373948146 0.236693 0.92874 -0.285338 -0.637533 -0.939134 0.293966 0.177797 -0.243725 0.249007 0.225887 0.941791 0.37497 
1535373948204 0.236396 0.928847 -0.285236 -0.637565 -0.939281 0.293599 0.177628 -0.243772 0.248734 0.225926 0.941854 0.375026 
1535373948308 0.236038 0.928977 -0.285111 -0.637607 -0.939457 0.293155 0.177428 -0.243817 0.248408 0.22597 0.941929 0.375069 
1535373948393 0.235675 0.929109 -0.284981 -0.637646 -0.939688 0.292657 0.177027 -0.243901 0.247879 0.226072 0.942044 0.375097 
1535373948415 0.235621 0.92913 -0.284958 -0.637657 -0.939729 0.292576 0.176945 -0.24392 0.247777 0.226091 0.942067 0.375105 
1535373948432 0.235596 0.92914 -0.284946 -0.637664 -0.939749 0.292538 0.176902 -0.243929 0.247724 0.2261 0.942078 0.37511 
1535373948598 0.235424 0.929364 -0.284357 -0.637682 -0.939883 0.292178 0.176782 -0.24396 0.247378 0.225643 0.942279 0.375083 
1535373948757 0.235359 0.929464 -0.284081 -0.637736 -0.939948 0.292019 0.176697 -0.244065 0.24719 0.225434 0.942378 0.374999 
1535373948900 0.235169 0.929649 -0.283632 -0.637776 -0.9401 0.291658 0.176485 -0.244203 0.246793 0.225139 0.942553 0.375045 
1535373949013 0.234755 0.929916 -0.283102 -0.637832 -0.940357 0.291022 0.176164 -0.244248 0.246207 0.224862 0.942772 0.375014 
1535373949165 0.234786 0.929992 -0.282825 -0.637877 -0.940459 0.290899 0.175825 -0.244486 0.24579 0.224704 0.942919 0.374981 
1535373949241 0.234525 0.930216 -0.282305 -0.637874 -0.940657 0.290431 0.175538 -0.244619 0.245279 0.224384 0.943128 0.375011 
1535373949377 0.234219 0.930415 -0.281903 -0.637981 -0.940887 0.289922 0.175147 -0.244637 0.244689 0.224216 0.943321 0.374995 
1535373949481 0.233761 0.930643 -0.281529 -0.638037 -0.941142 0.289286 0.174829 -0.244701 0.244146 0.224091 0.943491 0.374958 
1535373949633 0.234046 0.93066 -0.281238 -0.637999 -0.941127 0.289452 0.174637 -0.244671 0.243933 0.223807 0.943614 0.374971 
1535373949654 0.234305 0.930564 -0.281339 -0.637991 -0.941029 0.289748 0.17467 -0.244632 0.244059 0.223822 0.943578 0.374969 
1535373949690 0.234466 0.930405 -0.281729 -0.63799 -0.940928 0.290032 0.174747 -0.244577 0.244296 0.224114 0.943447 0.374958 
1535373949808 0.234954 0.930335 -0.281556 -0.637926 -0.940888 0.290389 0.174366 -0.244633 0.243979 0.223945 0.943569 0.374948 
1535373949840 0.235401 0.930286 -0.281344 -0.637892 -0.940836 0.290721 0.174092 -0.244659 0.243748 0.223717 0.943683 0.374936 
1535373949882 0.235893 0.930228 -0.281122 -0.637858 -0.940823 0.291048 0.173619 -0.244696 0.243325 0.223531 0.943836 0.374915 
1535373949971 0.236231 0.930145 -0.281113 -0.637837 -0.940864 0.291254 0.173052 -0.244685 0.242839 0.223609 0.943943 0.374778 
1535373950003 0.236617 0.930065 -0.281056 -0.637827 -0.940799 0.291581 0.172849 -0.244674 0.242712 0.223518 0.943997 0.37476 
1535373950050 0.237015 0.929997 -0.280944 -0.637808 -0.940809 0.291839 0.172361 -0.244683 0.242286 0.223463 0.94412 0.374739 
1535373950080 0.237126 0.93 -0.280839 -0.637796 -0.940849 0.291863 0.172102 -0.244677 0.242021 0.223417 0.944198 0.374741 
1535373950135 0.237317 0.930002 -0.280673 -0.637772 -0.940904 0.29192 0.171707 -0.244672 0.241622 0.223337 0.94432 0.374726 
1535373950451 0.238183 0.929748 -0.28078 -0.637537 -0.940648 0.2928 0.171608 -0.244575 0.241765 0.223241 0.944306 0.374819 
1535373950663 0.238894 0.929606 -0.280645 -0.637345 -0.940632 0.293302 0.170838 -0.244482 0.241126 0.223171 0.944485 0.374806 
1535373950872 0.239628 0.929482 -0.280431 -0.637154 -0.940571 0.293848 0.170235 -0.244324 0.240635 0.222972 0.944658 0.374815 
1535373951084 0.24037 0.929348 -0.280241 -0.636941 -0.940492 0.294419 0.169682 -0.244171 0.240202 0.222778 0.944814 0.374861 
1535373951299 0.241019 0.929261 -0.279972 -0.636763 -0.940431 0.294893 0.169198 -0.243969 0.239791 0.222515 0.94498 0.374944 
1535373951521 0.241761 0.929098 -0.279873 -0.636554 -0.940362 0.29547 0.168571 -0.243849 0.239313 0.222429 0.945122 0.374888 
1535373951708 0.242719 0.928918 -0.279641 -0.636312 -0.940257 0.296213 0.167855 -0.243817 0.238756 0.222193 0.945318 0.37498 
1535373951915 0.243278 0.928851 -0.279378 -0.63613 -0.940205 0.296613 0.167435 -0.243588 0.23839 0.221939 0.94547 0.375048 
1535373952015 0.243562 0.928802 -0.279292 -0.635987 -0.940256 0.296753 0.166902 -0.243405 0.2379 0.221955 0.945589 0.375028 
1535373952031 0.243637 0.928777 -0.279311 -0.635978 -0.940249 0.296817 0.166829 -0.243445 0.237851 0.221976 0.945597 0.375019 
1535373952219 0.243294 0.928913 -0.279159 -0.635742 -0.940231 0.296561 0.167384 -0.243319 0.238273 0.22175 0.945544 0.37516 
1535373952389 0.243681 0.928794 -0.279214 -0.63531 -0.940007 0.297056 0.167761 -0.24344 0.238758 0.221583 0.945461 0.375241 
1535373952557 0.243702 0.928826 -0.279092 -0.634992 -0.939936 0.297114 0.168058 -0.243277 0.239018 0.221373 0.945444 0.375368 
1535373952736 0.243814 0.928833 -0.27897 -0.634658 -0.939848 0.297254 0.168304 -0.243168 0.239251 0.221155 0.945436 0.375519 
1535373952922 0.243958 0.928832 -0.278848 -0.634294 -0.939748 0.297427 0.168552 -0.243077 0.239494 0.220927 0.945428 0.375615 
1535373953105 0.24413 0.928802 -0.278796 -0.633938 -0.939668 0.297615 0.168669 -0.243013 0.239635 0.220799 0.945422 0.375699 
1535373953269 0.244164 0.928824 -0.278693 -0.633629 -0.939627 0.297659 0.168822 -0.242843 0.239762 0.220647 0.945426 0.375779 
1535373953440 0.2444 0.928753 -0.278722 -0.633272 -0.939515 0.297936 0.168956 -0.242801 0.23996 0.220571 0.945393 0.375852 
1535373953480 0.244249 0.928812 -0.278661 -0.633183 -0.939544 0.297789 0.169051 -0.242683 0.239999 0.220523 0.945394 0.37589 
1535373953678 0.244321 0.928742 -0.27883 -0.633017 -0.939428 0.297979 0.169363 -0.242653 0.24038 0.220562 0.945288 0.376013 
1535373953910 0.244253 0.928695 -0.279044 -0.632529 -0.939365 0.298027 0.169627 -0.242472 0.240694 0.220692 0.945178 0.376068 
1535373954136 0.244203 0.928651 -0.279236 -0.632034 -0.939223 0.298156 0.170185 -0.242321 0.241298 0.220705 0.945021 0.376267 
1535373954352 0.244115 0.928649 -0.27932 -0.631552 -0.939081 0.298238 0.170824 -0.242067 0.241939 0.220603 0.944881 0.376454 
1535373954573 0.2438 0.928679 -0.279494 -0.631076 -0.93906 0.298063 0.171244 -0.241735 0.242338 0.220712 0.944753 0.376574 
1535373954782 0.243937 0.92858 -0.279702 -0.630573 -0.93891 0.298336 0.17159 -0.241674 0.242781 0.220758 0.944629 0.37672 
1535373954977 0.2437 0.928541 -0.28004 -0.630135 -0.938806 0.298323 0.172182 -0.241383 0.24342 0.220942 0.944421 0.376793 
1535373955248 0.243859 0.928457 -0.280179 -0.629601 -0.938641 0.298613 0.172578 -0.241319 0.243896 0.220903 0.944307 0.376979 
1535373955439 0.243632 0.928484 -0.280288 -0.629146 -0.938572 0.298532 0.173094 -0.241014 0.24439 0.220899 0.944181 0.377174 
1535373955513 0.243554 0.928458 -0.280441 -0.629023 -0.938566 0.29851 0.173165 -0.240971 0.244491 0.221037 0.944122 0.377181 
1535373955524 0.243812 0.928354 -0.280563 -0.628918 -0.938447 0.298825 0.173264 -0.241076 0.244689 0.22105 0.944068 0.377228 
1535373955802 0.243686 0.928349 -0.280685 -0.628643 -0.938427 0.298777 0.173459 -0.240785 0.244893 0.221133 0.943996 0.377279 
1535373955986 0.243485 0.928356 -0.280837 -0.628306 -0.938495 0.298598 0.173397 -0.240622 0.244831 0.221345 0.943962 0.377403 
1535373956187 0.243882 0.928176 -0.281088 -0.627892 -0.938295 0.299111 0.173593 -0.24064 0.245202 0.221407 0.943851 0.377562 
1535373956367 0.243611 0.928218 -0.281186 -0.627566 -0.938311 0.298921 0.173837 -0.240403 0.245411 0.221492 0.943777 0.377689 
1535373956556 0.243716 0.928122 -0.281411 -0.627185 -0.93825 0.299093 0.173867 -0.240305 0.245538 0.22166 0.943704 0.377747 
1535373956745 0.243753 0.928067 -0.281558 -0.62682 -0.938164 0.299226 0.174106 -0.240174 0.245831 0.221709 0.943617 0.377951 
1535373956940 0.243734 0.927946 -0.281974 -0.626465 -0.938125 0.299324 0.174144 -0.240088 0.245998 0.222082 0.943485 0.377983 
1535373957127 0.243879 0.927884 -0.282054 -0.626098 -0.938042 0.299518 0.174257 -0.239974 0.24617 0.222081 0.943441 0.378137 
1535373957170 0.2437 0.927936 -0.282038 -0.626008 -0.938088 0.299346 0.174309 -0.23987 0.246174 0.222097 0.943436 0.378162 
1535373957292 0.243913 0.927809 -0.282271 -0.625908 -0.937992 0.299629 0.174335 -0.239943 0.246327 0.222246 0.943361 0.378183 
1535373957709 0.243784 0.927811 -0.282376 -0.625625 -0.938057 0.299498 0.174214 -0.239656 0.246209 0.222414 0.943352 0.378268 
1535373957984 0.243954 0.927663 -0.282714 -0.625304 -0.937942 0.299787 0.174333 -0.239552 0.246476 0.22264 0.943229 0.378384 
1535373958234 0.243964 0.92756 -0.283045 -0.624976 -0.937869 0.299923 0.174496 -0.239412 0.246747 0.222888 0.9431 0.378582 
1535373958463 0.244102 0.927471 -0.283216 -0.624607 -0.937817 0.300101 0.174467 -0.239289 0.246806 0.223018 0.943053 0.378647 
1535373958727 0.244221 0.927343 -0.283533 -0.624243 -0.937758 0.3003 0.174442 -0.239209 0.246913 0.223283 0.942963 0.378735 
1535373958997 0.244159 0.927291 -0.283758 -0.623892 -0.937699 0.300351 0.174673 -0.238934 0.2472 0.223432 0.942852 0.378931 
1535373959224 0.244238 0.927189 -0.284021 -0.62358 -0.93765 0.300502 0.174677 -0.238853 0.247307 0.22365 0.942772 0.378985 
1535373959481 0.244391 0.927048 -0.28435 -0.623244 -0.937567 0.300748 0.174696 -0.238689 0.247469 0.223903 0.94267 0.379113 
1535373959581 0.244534 0.926933 -0.2846 -0.62304 -0.937466 0.300989 0.174823 -0.238703 0.247711 0.224053 0.942571 0.37919 
1535373959596 0.244611 0.926901 -0.28464 -0.623029 -0.93744 0.301076 0.174815 -0.23874 0.247734 0.224071 0.94256 0.379197 
1535373959759 0.24445 0.926961 -0.284581 -0.622973 -0.937464 0.300927 0.174938 -0.238635 0.247799 0.224021 0.942555 0.379256 
1535373959902 0.244283 0.926905 -0.284907 -0.622747 -0.937328 0.300991 0.175556 -0.238478 0.248478 0.224167 0.942342 0.37925 
1535373960018 0.24415 0.926906 -0.285018 -0.622511 -0.937273 0.300967 0.175894 -0.238337 0.248818 0.224195 0.942245 0.379327 
1535373960162 0.244328 0.926783 -0.285266 -0.622223 -0.937119 0.30128 0.176178 -0.238356 0.249224 0.224283 0.942117 0.379409 
1535373960278 0.243948 0.926806 -0.285516 -0.622048 -0.937111 0.301062 0.176592 -0.238124 0.249624 0.224481 0.941964 0.3795 
1535373960410 0.244184 0.926681 -0.285722 -0.621764 -0.93694 0.301425 0.176881 -0.238134 0.250036 0.224513 0.941847 0.379584 
1535373960545 0.244392 0.926563 -0.285925 -0.621478 -0.936748 0.301785 0.17728 -0.238153 0.250549 0.224514 0.94171 0.379738 
1535373960674 0.244147 0.926539 -0.286213 -0.621291 -0.936701 0.301706 0.177663 -0.237958 0.250964 0.22472 0.941551 0.379807 
1535373960700 0.244135 0.926521 -0.286282 -0.621273 -0.936685 0.301726 0.177717 -0.237948 0.251037 0.224769 0.94152 0.379811 
1535373960721 0.244043 0.926536 -0.28631 -0.621238 -0.936697 0.301654 0.177773 -0.237901 0.25108 0.224802 0.9415 0.379819 
1535373960893 0.244223 0.926422 -0.286525 -0.620976 -0.936584 0.301926 0.177909 -0.237935 0.251328 0.224905 0.94141 0.379862 
1535373961030 0.244204 0.926373 -0.286702 -0.620779 -0.936605 0.301926 0.177794 -0.237812 0.251266 0.225108 0.941377 0.379942 
1535373961242 0.244189 0.926387 -0.286669 -0.620492 -0.936567 0.301944 0.177965 -0.237767 0.251422 0.225028 0.941355 0.380074 
1535373961387 0.243839 0.926448 -0.286768 -0.620309 -0.936672 0.301618 0.177969 -0.237509 0.251373 0.225211 0.941324 0.380111 
1535373961516 0.244035 0.926301 -0.287076 -0.620005 -0.93662 0.301863 0.177823 -0.237622 0.251376 0.225487 0.941258 0.380147 
1535373961640 0.243882 0.926319 -0.287149 -0.619784 -0.936623 0.301765 0.177975 -0.237463 0.251513 0.225546 0.941207 0.38025 
1535373961778 0.244085 0.926239 -0.287236 -0.619516 -0.936526 0.302015 0.178063 -0.2374 0.251679 0.225541 0.941164 0.38036 
1535373961899 0.243886 0.926285 -0.287256 -0.619283 -0.936558 0.301847 0.178177 -0.237275 0.25175 0.225577 0.941136 0.380462 
1535373961936 0.244032 0.926224 -0.287327 -0.619229 -0.936515 0.302004 0.178138 -0.237351 0.25177 0.225614 0.941122 0.380478 
1535373961943 0.244091 0.926202 -0.28735 -0.619199 -0.936498 0.302066 0.178124 -0.237376 0.251778 0.225624 0.941117 0.380487 
1535373961966 0.244105 0.926193 -0.287366 -0.619147 -0.936494 0.302083 0.178116 -0.237378 0.251778 0.225638 0.941114 0.380502 
1535373962169 0.244042 0.92626 -0.287203 -0.619031 -0.936522 0.301981 0.178141 -0.237154 0.251735 0.225498 0.941159 0.380543 
1535373962276 0.243946 0.926332 -0.287053 -0.618892 -0.936571 0.301839 0.178125 -0.236994 0.251647 0.225392 0.941208 0.380568 
1535373962346 0.244387 0.926248 -0.286947 -0.61867 -0.936467 0.302229 0.178007 -0.237046 0.251603 0.225214 0.941262 0.380624 
1535373962456 0.244106 0.926298 -0.287026 -0.618565 -0.936601 0.301922 0.177824 -0.236883 0.251378 0.225421 0.941273 0.38064 
1535373962516 0.244254 0.926303 -0.286885 -0.618413 -0.936594 0.302008 0.177717 -0.236778 0.251262 0.225286 0.941336 0.380716 
1535373962628 0.244524 0.926258 -0.2868 -0.618236 -0.936561 0.302215 0.177537 -0.236769 0.25112 0.225194 0.941396 0.380779 
1535373962680 0.244535 0.926278 -0.286726 -0.618085 -0.936575 0.302196 0.177494 -0.236646 0.251056 0.225137 0.941427 0.380806 
1535373962708 0.244475 0.926301 -0.286702 -0.618024 -0.936602 0.302124 0.177474 -0.236607 0.251014 0.225138 0.941438 0.380817 
1535373962724 0.244474 0.926299 -0.28671 -0.618003 -0.936607 0.302121 0.177453 -0.236614 0.250995 0.225152 0.941439 0.380819 
1535373962881 0.244603 0.926223 -0.286845 -0.617774 -0.936577 0.302266 0.177365 -0.236499 0.250983 0.225268 0.941415 0.380872 
1535373963037 0.245089 0.926022 -0.287078 -0.617494 -0.936408 0.302811 0.177327 -0.236493 0.25114 0.225361 0.941351 0.380971 
1535373963180 0.244876 0.926083 -0.287065 -0.617265 -0.936476 0.302595 0.177337 -0.236258 0.251094 0.225404 0.941353 0.381053 
1535373963315 0.244911 0.926027 -0.287216 -0.61701 -0.936462 0.302661 0.177298 -0.236119 0.251112 0.225545 0.941314 0.381109 
1535373963458 0.245176 0.925946 -0.287252 -0.61673 -0.936381 0.302931 0.177264 -0.236042 0.251154 0.225516 0.94131 0.381218 
1535373963598 0.245233 0.925921 -0.287282 -0.616458 -0.936387 0.302973 0.177164 -0.23593 0.251079 0.225561 0.941319 0.381298 
1535373963740 0.245469 0.925839 -0.287346 -0.616208 -0.936314 0.30322 0.177126 -0.235767 0.251119 0.225568 0.941307 0.381367 
1535373963878 0.245539 0.925738 -0.28761 -0.615965 -0.936247 0.303381 0.177206 -0.235642 0.251302 0.225763 0.941211 0.381422 
1535373963908 0.24555 0.925735 -0.287609 -0.615935 -0.936242 0.303393 0.177211 -0.235608 0.251309 0.225758 0.941211 0.381431 
1535373963922 0.245578 0.925729 -0.287607 -0.615901 -0.936234 0.30342 0.177207 -0.235585 0.251311 0.22575 0.941212 0.38144 
1535373964096 0.245578 0.925751 -0.287534 -0.615629 -0.936225 0.303414 0.177265 -0.235479 0.251345 0.225665 0.941223 0.381538 
1535373964252 0.245739 0.9258 -0.287239 -0.615258 -0.93609 0.303594 0.177669 -0.235384 0.25169 0.225221 0.941237 0.381592 
1535373964419 0.2458 0.925838 -0.287064 -0.614918 -0.93605 0.303639 0.1778 -0.235338 0.251778 0.225004 0.941266 0.381701 
1535373964564 0.246095 0.925837 -0.286815 -0.614556 -0.935873 0.303962 0.178183 -0.235305 0.252149 0.224572 0.941269 0.381825 
1535373964715 0.246045 0.925912 -0.286617 -0.61425 -0.935842 0.303915 0.178426 -0.235118 0.252314 0.224327 0.941284 0.381871 
1535373964851 0.245953 0.925989 -0.286446 -0.613952 -0.935848 0.30381 0.17857 -0.234955 0.252379 0.224151 0.941308 0.381903 
1535373965009 0.24615 0.925982 -0.286301 -0.613578 -0.935772 0.303992 0.178662 -0.234976 0.252471 0.223934 0.941335 0.381961 
1535373965165 0.246305 0.926021 -0.286039 -0.613267 -0.935661 0.304151 0.17897 -0.234827 0.252729 0.223554 0.941356 0.3821 
1535373965198 0.246243 0.926055 -0.285983 -0.613187 -0.935663 0.304094 0.179056 -0.234732 0.252781 0.223492 0.941357 0.382114 
1535373965208 0.24621 0.926072 -0.285955 -0.61315 -0.935667 0.304062 0.179092 -0.234689 0.2528 0.223465 0.941359 0.382121 
1535373965559 0.246581 0.925913 -0.28615 -0.612833 -0.935549 0.30447 0.179012 -0.23463 0.252874 0.223567 0.941314 0.382194 
1535373965731 0.2469 0.925844 -0.286102 -0.612468 -0.935464 0.304766 0.178956 -0.234541 0.252879 0.223454 0.94134 0.382258 
1535373965907 0.246959 0.925877 -0.285943 -0.612141 -0.935462 0.304779 0.178943 -0.234313 0.252829 0.223297 0.941391 0.382352 
1535373966080 0.247302 0.925808 -0.285869 -0.611754 -0.935381 0.305083 0.178848 -0.234256 0.252793 0.223167 0.941431 0.382415 
1535373966260 0.247456 0.925752 -0.285916 -0.611427 -0.935329 0.30525 0.178838 -0.234093 0.252836 0.223171 0.941418 0.382471 
1535373966432 0.247563 0.925748 -0.285839 -0.611108 -0.935304 0.305334 0.178824 -0.233881 0.252823 0.223076 0.941445 0.382532 
1535373966600 0.247866 0.925683 -0.285787 -0.610722 -0.935229 0.305607 0.178746 -0.233817 0.252801 0.222971 0.941475 0.382594 
1535373966780 0.24832 0.925557 -0.285799 -0.610375 -0.935094 0.306054 0.178687 -0.23371 0.252855 0.222877 0.941483 0.382653 
1535373966803 0.248279 0.925565 -0.285809 -0.610297 -0.935104 0.306018 0.178698 -0.233644 0.252859 0.222894 0.941478 0.382676 
1535373966826 0.248253 0.925574 -0.285802 -0.610243 -0.935114 0.305989 0.178694 -0.233605 0.252847 0.222896 0.941481 0.382694 
1535373967013 0.248183 0.92558 -0.285845 -0.610002 -0.935127 0.305936 0.178718 -0.233444 0.252868 0.222947 0.941463 0.382748 
1535373967200 0.248379 0.925561 -0.285735 -0.60965 -0.934976 0.306189 0.179078 -0.233323 0.253237 0.222676 0.941428 0.382938 
1535373967380 0.248625 0.925466 -0.285828 -0.609255 -0.934879 0.306469 0.179103 -0.233303 0.253351 0.222685 0.941395 0.382969 
1535373967555 0.248681 0.925454 -0.285818 -0.608967 -0.93482 0.306559 0.179255 -0.233105 0.253512 0.222611 0.941369 0.383037 
1535373967713 0.248724 0.925463 -0.285752 -0.608617 -0.934768 0.306623 0.179418 -0.232986 0.253663 0.222486 0.941358 0.383121 
1535373967885 0.248785 0.925464 -0.285697 -0.608281 -0.934713 0.306705 0.179567 -0.232846 0.253808 0.222371 0.941346 0.383213 
1535373968064 0.24881 0.925493 -0.285582 -0.60795 -0.93462 0.306781 0.179917 -0.232638 0.254123 0.222146 0.941314 0.383402 
1535373968236 0.24895 0.925443 -0.285622 -0.607615 -0.93454 0.30696 0.180029 -0.232555 0.254281 0.222107 0.941281 0.383465 
1535373968280 0.248813 0.925484 -0.285606 -0.607494 -0.934559 0.306842 0.180134 -0.232372 0.254347 0.222096 0.941266 0.383477 
1535373968298 0.24877 0.925498 -0.285598 -0.607457 -0.934567 0.306802 0.180158 -0.232329 0.254359 0.222093 0.941263 0.383481 
1535373968477 0.249056 0.925419 -0.285605 -0.607239 -0.934474 0.307091 0.180148 -0.232415 0.25442 0.222024 0.941263 0.383511 
1535373968645 0.248971 0.925511 -0.285381 -0.60696 -0.934502 0.306962 0.180224 -0.232202 0.254401 0.221819 0.941316 0.383594 
1535373968793 0.24925 0.92548 -0.285238 -0.606612 -0.934426 0.307201 0.180212 -0.232169 0.254408 0.221616 0.941362 0.383666 
1535373968926 0.249 0.925597 -0.285078 -0.606353 -0.934497 0.306927 0.180306 -0.231923 0.254389 0.221509 0.941393 0.383727 
1535373969107 0.249147 0.925613 -0.284898 -0.605975 -0.934443 0.307045 0.180385 -0.231799 0.254444 0.221278 0.941432 0.383837 
1535373969281 0.24914 0.925672 -0.284712 -0.605715 -0.934441 0.307006 0.180464 -0.231608 0.254459 0.221086 0.941473 0.383925 
1535373969425 0.249338 0.92564 -0.284642 -0.605437 -0.934364 0.307203 0.18053 -0.231496 0.254548 0.220946 0.941482 0.383983 
1535373969581 0.249355 0.925667 -0.284538 -0.605108 -0.93434 0.307215 0.18063 -0.231426 0.254618 0.220814 0.941494 0.384079 
