1535386104746 0.21284 0.919196 -0.331326 -0.471717 -0.943805 0.281159 0.173728 -0.171273 0.252846 0.275731 0.927384 0.474207 
1535386108164 0.21284 0.919197 -0.331326 -0.471717 -0.943805 0.281159 0.173729 -0.171273 0.252846 0.275731 0.927384 0.474207 
1535386109146 0.218416 0.919535 -0.326725 -0.48703 -0.942846 0.285193 0.172354 -0.178325 0.251666 0.270407 0.929271 0.464533 
1535386110094 0.222946 0.920155 -0.321886 -0.502751 -0.942118 0.288201 0.171328 -0.1851 0.250417 0.265057 0.931148 0.454444 
1535386111059 0.227818 0.9206 -0.317166 -0.518406 -0.941324 0.291533 0.170051 -0.191964 0.249013 0.259815 0.933 0.444347 
1535386112023 0.232599 0.921072 -0.312288 -0.534061 -0.940477 0.294821 0.169067 -0.198825 0.247792 0.254375 0.934822 0.434341 
1535386113039 0.237206 0.921528 -0.30744 -0.549746 -0.939666 0.297951 0.168085 -0.205637 0.246497 0.24902 0.936605 0.424243 
1535386114029 0.241907 0.921879 -0.302688 -0.565428 -0.938847 0.301168 0.166927 -0.212494 0.245046 0.243797 0.938358 0.414168 
1535386114978 0.24672 0.922177 -0.297856 -0.581076 -0.937949 0.30452 0.165889 -0.219406 0.243682 0.238446 0.940086 0.404071 
1535386116016 0.251361 0.922552 -0.292773 -0.596762 -0.937112 0.307644 0.164852 -0.226198 0.242155 0.232923 0.941864 0.39401 
1535386117095 0.256169 0.922702 -0.288093 -0.612475 -0.936182 0.311041 0.163756 -0.233098 0.240707 0.227758 0.943497 0.383852 
1535386117136 0.255555 0.922997 -0.287695 -0.61261 -0.936308 0.310424 0.164211 -0.2329 0.240873 0.227406 0.943539 0.38371 
1535386117622 0.257002 0.922573 -0.287764 -0.61379 -0.936021 0.311715 0.163399 -0.233921 0.240448 0.22736 0.943659 0.382967 
1535386117990 0.257322 0.922676 -0.287148 -0.615424 -0.935914 0.311929 0.1636 -0.234433 0.240519 0.226648 0.943812 0.381983 
1535386118388 0.257671 0.922674 -0.286843 -0.617012 -0.935801 0.312224 0.163684 -0.235115 0.240586 0.226251 0.94389 0.380909 
1535386118759 0.258002 0.922768 -0.286242 -0.618594 -0.935765 0.312381 0.163592 -0.235792 0.240374 0.225648 0.944089 0.379917 
1535386119154 0.258499 0.922816 -0.285636 -0.620191 -0.935662 0.312717 0.163537 -0.236444 0.240238 0.224985 0.944282 0.378916 
1535386119590 0.259043 0.922845 -0.285052 -0.621749 -0.93557 0.313078 0.163374 -0.237187 0.240012 0.224366 0.944486 0.377915 
1535386119963 0.259307 0.922876 -0.284708 -0.623356 -0.935514 0.313254 0.163357 -0.23784 0.239944 0.223989 0.944593 0.376818 
1535386120353 0.259679 0.922953 -0.284121 -0.624966 -0.935413 0.313503 0.163455 -0.238437 0.239934 0.223325 0.944753 0.375807 
1535386120750 0.260115 0.923046 -0.283419 -0.626519 -0.935351 0.31374 0.163357 -0.239173 0.239706 0.222605 0.944981 0.374785 
1535386120787 0.259909 0.923145 -0.283287 -0.626678 -0.935403 0.313525 0.163474 -0.239066 0.239727 0.222499 0.945 0.374709 
1535386120988 0.259768 0.923211 -0.283199 -0.626525 -0.935485 0.313335 0.16337 -0.239152 0.239561 0.22249 0.945044 0.37473 
1535386121204 0.259548 0.922921 -0.284342 -0.626775 -0.935384 0.313478 0.16367 -0.239313 0.24019 0.223489 0.944649 0.374776 
1535386121465 0.259194 0.92271 -0.285349 -0.626987 -0.935433 0.313364 0.163609 -0.239581 0.240382 0.224519 0.944356 0.374714 
1535386121739 0.258511 0.922631 -0.286224 -0.627252 -0.935547 0.312937 0.163774 -0.239674 0.240673 0.225438 0.944062 0.374712 
1535386122000 0.258209 0.922398 -0.287247 -0.627441 -0.935519 0.312935 0.16394 -0.239949 0.241107 0.226394 0.943723 0.374634 
1535386122260 0.25756 0.922356 -0.287961 -0.627702 -0.935634 0.312503 0.164107 -0.240033 0.241354 0.227158 0.943476 0.374684 
1535386122749 0.256573 0.922073 -0.289743 -0.628086 -0.935728 0.312045 0.164442 -0.240348 0.242041 0.228929 0.942872 0.374547 
1535386122933 0.256055 0.921906 -0.290732 -0.628394 -0.93573 0.31186 0.164781 -0.240539 0.24258 0.229854 0.942508 0.374621 
1535386123210 0.255567 0.92172 -0.29175 -0.628634 -0.935772 0.311664 0.164915 -0.240732 0.242934 0.230865 0.94217 0.374546 
1535386123226 0.255559 0.921725 -0.29174 -0.628636 -0.935769 0.311659 0.16494 -0.240727 0.242953 0.23085 0.942169 0.374561 
1535386123243 0.255552 0.921729 -0.291734 -0.628637 -0.935767 0.311655 0.16496 -0.240724 0.242968 0.230839 0.942168 0.374571 
1535386123417 0.254879 0.922105 -0.291136 -0.628432 -0.935935 0.31092 0.165391 -0.240622 0.243028 0.23033 0.942277 0.374665 
1535386123489 0.254465 0.922255 -0.291022 -0.628349 -0.935917 0.310629 0.166039 -0.240758 0.24353 0.230122 0.942198 0.374857 
1535386123627 0.2541 0.922225 -0.291436 -0.628284 -0.935854 0.310509 0.166619 -0.241015 0.244154 0.230404 0.941968 0.374982 
1535386123679 0.253393 0.922403 -0.291486 -0.628276 -0.935998 0.309889 0.166962 -0.241034 0.244334 0.230523 0.941892 0.375051 
1535386123814 0.252727 0.922542 -0.291626 -0.628269 -0.936021 0.309427 0.167687 -0.241058 0.244935 0.230589 0.941719 0.375174 
1535386123888 0.252265 0.922628 -0.291752 -0.628206 -0.936043 0.309107 0.168158 -0.241226 0.24533 0.230672 0.941596 0.375272 
1535386124009 0.25163 0.922762 -0.291878 -0.628182 -0.936158 0.308577 0.168486 -0.241301 0.245539 0.230848 0.941499 0.375301 
1535386124036 0.251401 0.922817 -0.2919 -0.628189 -0.936201 0.30838 0.168608 -0.241316 0.245611 0.230889 0.94147 0.375323 
1535386124051 0.251321 0.922837 -0.291907 -0.628189 -0.936208 0.308319 0.168682 -0.241328 0.245667 0.230892 0.941455 0.375343 
1535386124182 0.251248 0.922826 -0.292006 -0.628132 -0.936129 0.30836 0.169046 -0.241567 0.246043 0.230883 0.941359 0.375454 
1535386124388 0.250825 0.923155 -0.291328 -0.628111 -0.936428 0.307659 0.168668 -0.241447 0.245336 0.230502 0.941637 0.375329 
1535386124466 0.250342 0.923326 -0.291202 -0.62808 -0.936595 0.30714 0.168684 -0.241559 0.24519 0.23051 0.941673 0.375375 
1535386124602 0.250108 0.92347 -0.290947 -0.628034 -0.93666 0.306868 0.168818 -0.241775 0.245181 0.230296 0.941727 0.375424 
1535386124674 0.249634 0.923747 -0.290473 -0.627975 -0.936844 0.306275 0.168872 -0.24185 0.24496 0.229972 0.941864 0.375478 
1535386124810 0.249161 0.923945 -0.290249 -0.627954 -0.936972 0.305782 0.169058 -0.241931 0.244953 0.229832 0.9419 0.375542 
1535386124872 0.248706 0.92417 -0.289924 -0.62793 -0.93712 0.305263 0.169174 -0.242015 0.244848 0.229619 0.941979 0.375622 
1535386125007 0.248298 0.924377 -0.289612 -0.627914 -0.937227 0.304819 0.169385 -0.242149 0.244855 0.229374 0.942037 0.375729 
1535386125054 0.247926 0.924545 -0.289393 -0.627891 -0.937362 0.30439 0.16941 -0.242193 0.244715 0.229265 0.9421 0.375738 
1535386125067 0.247862 0.924583 -0.289327 -0.627885 -0.937385 0.304311 0.169424 -0.242207 0.244692 0.229217 0.942117 0.375745 
1535386125251 0.248265 0.924521 -0.28918 -0.627867 -0.937268 0.304678 0.169412 -0.242248 0.244732 0.22898 0.942165 0.375712 
1535386125268 0.248591 0.924429 -0.289194 -0.627862 -0.9372 0.304974 0.169254 -0.242258 0.24466 0.228958 0.942189 0.375672 
1535386125294 0.248952 0.924329 -0.289202 -0.627854 -0.93717 0.305258 0.168907 -0.242279 0.244407 0.228982 0.942249 0.375626 
1535386125431 0.249339 0.924445 -0.288499 -0.627809 -0.937266 0.305312 0.168274 -0.242231 0.243643 0.228443 0.942577 0.375685 
1535386125491 0.249691 0.924502 -0.28801 -0.627751 -0.937277 0.305462 0.167946 -0.242242 0.243242 0.228011 0.942785 0.375651 
1535386125614 0.249957 0.92452 -0.287724 -0.627729 -0.937322 0.305554 0.167524 -0.242217 0.242794 0.227817 0.942948 0.375553 
1535386125667 0.250108 0.924572 -0.287425 -0.627715 -0.937356 0.305574 0.167296 -0.242168 0.242507 0.227578 0.943079 0.375508 
1535386125781 0.250323 0.924665 -0.286936 -0.627689 -0.937419 0.305578 0.166934 -0.242097 0.24204 0.227192 0.943292 0.375436 
1535386125862 0.250881 0.924671 -0.286432 -0.627636 -0.937406 0.305892 0.166435 -0.24212 0.241515 0.226748 0.943534 0.375426 
1535386125881 0.250885 0.924676 -0.286412 -0.627635 -0.937426 0.305873 0.166359 -0.242121 0.241434 0.226753 0.943553 0.375416 
1535386126066 0.251409 0.924643 -0.286057 -0.62747 -0.937305 0.306291 0.166269 -0.241997 0.241357 0.226321 0.943677 0.375456 
1535386126221 0.252036 0.924378 -0.286361 -0.627303 -0.937139 0.306942 0.166005 -0.241925 0.241348 0.226521 0.943631 0.375512 
1535386126406 0.252483 0.924373 -0.285983 -0.627109 -0.937092 0.307232 0.165734 -0.241631 0.241063 0.226147 0.943793 0.375501 
1535386126573 0.253341 0.924239 -0.28566 -0.626935 -0.936948 0.307911 0.165288 -0.241581 0.240723 0.225774 0.943969 0.375572 
1535386126729 0.254301 0.924025 -0.285497 -0.62674 -0.936799 0.308694 0.164668 -0.241619 0.240289 0.225578 0.944127 0.375505 
1535386126911 0.254845 0.924013 -0.285049 -0.626541 -0.936738 0.309053 0.164341 -0.241397 0.239948 0.225135 0.944319 0.375614 
1535386127097 0.255563 0.923855 -0.284919 -0.626411 -0.936618 0.309644 0.163911 -0.241272 0.239654 0.224971 0.944433 0.375524 
1535386127251 0.256389 0.923737 -0.28456 -0.626186 -0.936471 0.310296 0.163521 -0.241209 0.239348 0.224557 0.944609 0.375597 
1535386127284 0.256735 0.923652 -0.284525 -0.626141 -0.936387 0.31061 0.163404 -0.241231 0.239305 0.224474 0.94464 0.375592 
1535386127384 0.257014 0.923625 -0.284359 -0.626047 -0.936372 0.31079 0.163149 -0.241138 0.239065 0.224334 0.944734 0.375588 
1535386127570 0.256359 0.92373 -0.28461 -0.62574 -0.936481 0.310274 0.163501 -0.240942 0.239338 0.224617 0.944597 0.375772 
1535386127761 0.25687 0.923428 -0.285128 -0.625394 -0.93623 0.310958 0.163641 -0.240904 0.239773 0.224911 0.944417 0.375874 
1535386127973 0.256959 0.923385 -0.285189 -0.625026 -0.936163 0.311095 0.163765 -0.240777 0.239939 0.224903 0.944377 0.376049 
1535386128176 0.257029 0.923315 -0.285351 -0.624721 -0.936112 0.311219 0.163819 -0.240599 0.240064 0.225014 0.944319 0.376154 
1535386128377 0.257308 0.923124 -0.285718 -0.624371 -0.935981 0.311602 0.163839 -0.24053 0.240274 0.22527 0.944204 0.376246 
1535386128586 0.257312 0.923108 -0.285767 -0.624056 -0.935959 0.311634 0.163904 -0.240283 0.240355 0.225292 0.944178 0.376392 
1535386128786 0.257627 0.922958 -0.285966 -0.623682 -0.935834 0.312006 0.163909 -0.240229 0.240504 0.22539 0.944117 0.376521 
1535386128998 0.257824 0.92282 -0.286234 -0.623317 -0.935739 0.312281 0.163933 -0.240127 0.240666 0.225574 0.944032 0.376605 
1535386129038 0.257809 0.922821 -0.286243 -0.623231 -0.935727 0.312283 0.163996 -0.240045 0.240728 0.225566 0.944018 0.376649 
1535386129226 0.257758 0.922805 -0.286344 -0.623116 -0.935747 0.312247 0.163951 -0.239965 0.240704 0.225685 0.943996 0.376652 
1535386129461 0.257788 0.922804 -0.286319 -0.622634 -0.93569 0.312317 0.164145 -0.239732 0.240896 0.225592 0.943969 0.376813 
1535386129696 0.25791 0.922788 -0.286259 -0.622209 -0.935659 0.31242 0.164121 -0.239491 0.240882 0.225513 0.943992 0.376968 
1535386129928 0.25793 0.922749 -0.286368 -0.621719 -0.935586 0.312521 0.164345 -0.239333 0.241145 0.225532 0.943919 0.377111 
1535386130157 0.257949 0.922724 -0.286431 -0.621289 -0.935529 0.3126 0.164522 -0.23905 0.241346 0.225527 0.94387 0.377216 
1535386130378 0.258247 0.922625 -0.28648 -0.620786 -0.935436 0.312902 0.164473 -0.239012 0.241387 0.225509 0.943863 0.377406 
1535386130596 0.258189 0.922624 -0.286538 -0.620371 -0.935388 0.312918 0.164719 -0.238706 0.241637 0.225496 0.943803 0.377579 
1535386130825 0.258463 0.92254 -0.28656 -0.619854 -0.935246 0.313244 0.164902 -0.238591 0.241892 0.225383 0.943764 0.377747 
1535386131056 0.258462 0.922531 -0.28659 -0.61942 -0.935228 0.313267 0.164964 -0.238346 0.241963 0.22539 0.943744 0.377897 
1535386131096 0.258478 0.92252 -0.286611 -0.619285 -0.935209 0.313299 0.16501 -0.23831 0.24202 0.22539 0.94373 0.377925 
1535386131120 0.258478 0.922519 -0.286616 -0.619216 -0.935205 0.313303 0.165024 -0.238291 0.242036 0.225389 0.943726 0.377935 
1535386131463 0.258587 0.922404 -0.286885 -0.618879 -0.935089 0.313536 0.165239 -0.238166 0.242366 0.225535 0.943606 0.37802 
1535386131685 0.258436 0.922425 -0.286953 -0.61853 -0.935085 0.313446 0.16543 -0.237945 0.242541 0.225573 0.943552 0.378151 
1535386131896 0.258399 0.922421 -0.287 -0.618137 -0.935015 0.313494 0.165738 -0.237741 0.242853 0.225523 0.943484 0.378278 
1535386132107 0.258469 0.922324 -0.28725 -0.617771 -0.934966 0.313633 0.165751 -0.237616 0.242967 0.225728 0.943405 0.378319 
1535386132322 0.258475 0.922293 -0.287343 -0.61738 -0.934908 0.313708 0.165936 -0.23748 0.243184 0.225749 0.943345 0.378453 
1535386132531 0.258683 0.922238 -0.287332 -0.616971 -0.93478 0.31397 0.166161 -0.237387 0.243454 0.225609 0.943308 0.378612 
1535386132744 0.25875 0.922178 -0.287466 -0.616583 -0.934682 0.314131 0.166405 -0.237269 0.243757 0.225632 0.943225 0.378747 
1535386132948 0.258559 0.922167 -0.287672 -0.616257 -0.934682 0.314035 0.166589 -0.237005 0.243962 0.225808 0.94313 0.378859 
1535386132989 0.258516 0.922203 -0.287594 -0.616098 -0.934683 0.31399 0.166667 -0.236944 0.244002 0.225723 0.943139 0.378924 
1535386133009 0.258552 0.922199 -0.287574 -0.616035 -0.934667 0.314027 0.166687 -0.236936 0.244024 0.225689 0.943142 0.378945 
1535386133240 0.258532 0.922091 -0.287941 -0.615874 -0.934637 0.314106 0.166705 -0.236724 0.244161 0.226022 0.943027 0.378993 
1535386133436 0.258768 0.921955 -0.288164 -0.615537 -0.93459 0.314355 0.166499 -0.236646 0.244091 0.226231 0.942995 0.379068 
1535386133634 0.25901 0.921832 -0.288338 -0.615199 -0.934523 0.314618 0.166382 -0.236556 0.244093 0.226364 0.942962 0.379188 
1535386133824 0.259148 0.921695 -0.288654 -0.614899 -0.934507 0.314785 0.166152 -0.236451 0.244005 0.226691 0.942906 0.379243 
1535386134018 0.259269 0.921606 -0.288828 -0.61458 -0.934459 0.314946 0.16612 -0.236311 0.244062 0.226828 0.942859 0.379355 
1535386134213 0.259431 0.921538 -0.288902 -0.61425 -0.934393 0.315133 0.166137 -0.236184 0.244144 0.226846 0.942833 0.37954 
1535386134388 0.259608 0.921396 -0.289195 -0.613896 -0.93438 0.315321 0.165851 -0.236086 0.244004 0.227162 0.942793 0.379608 
1535386134556 0.259639 0.921315 -0.289424 -0.613643 -0.934366 0.315398 0.165787 -0.235885 0.244026 0.227383 0.942735 0.379654 
1535386134589 0.259459 0.921398 -0.289322 -0.613527 -0.934423 0.315201 0.165839 -0.235777 0.243998 0.22732 0.942757 0.379704 
1535386134608 0.259463 0.921402 -0.289305 -0.613468 -0.934419 0.315204 0.165853 -0.235742 0.244007 0.227299 0.94276 0.379729 
1535386134922 0.25985 0.921241 -0.289469 -0.613323 -0.934301 0.315613 0.165743 -0.235728 0.244049 0.227383 0.942729 0.37977 
1535386135128 0.259954 0.921193 -0.28953 -0.613008 -0.934274 0.315721 0.165689 -0.235656 0.244042 0.227429 0.942719 0.379791 
1535386135306 0.260047 0.921095 -0.289759 -0.61276 -0.934257 0.315843 0.165552 -0.23553 0.244007 0.227658 0.942673 0.379823 
1535386135484 0.260245 0.921074 -0.289647 -0.612464 -0.934198 0.316015 0.165554 -0.235402 0.24402 0.227503 0.942707 0.379924 
1535386135665 0.260389 0.921016 -0.289703 -0.612162 -0.934164 0.316156 0.165477 -0.23534 0.243998 0.227542 0.942703 0.379993 
1535386135833 0.260386 0.921025 -0.289677 -0.611901 -0.93415 0.316163 0.165545 -0.235169 0.244056 0.227496 0.942699 0.380091 
1535386136028 0.260496 0.920971 -0.289749 -0.611622 -0.934101 0.316297 0.165561 -0.235074 0.244124 0.227527 0.942674 0.380192 
1535386136198 0.260586 0.920947 -0.289744 -0.611361 -0.934071 0.316388 0.165562 -0.234876 0.244145 0.227499 0.942676 0.380259 
1535386136231 0.260495 0.920974 -0.289739 -0.61128 -0.934096 0.3163 0.165588 -0.234813 0.244147 0.227509 0.942673 0.380289 
1535386136247 0.260466 0.920984 -0.289735 -0.611231 -0.934103 0.316273 0.1656 -0.234776 0.24415 0.227509 0.942672 0.380306 
1535386136459 0.260516 0.921018 -0.28958 -0.610996 -0.934126 0.316258 0.165499 -0.234566 0.244009 0.227389 0.942737 0.380351 
1535386136615 0.26055 0.921057 -0.289426 -0.610873 -0.934131 0.316249 0.165485 -0.234477 0.243952 0.227244 0.942787 0.380394 
1535386136762 0.260786 0.921004 -0.289382 -0.61055 -0.93413 0.316406 0.165193 -0.234401 0.243705 0.227241 0.942852 0.380441 
1535386136831 0.260961 0.920954 -0.289385 -0.610347 -0.934058 0.316595 0.165237 -0.234325 0.243793 0.227182 0.942843 0.380519 
1535386136980 0.260956 0.921013 -0.2892 -0.610133 -0.934102 0.316518 0.165138 -0.234175 0.243632 0.227048 0.942917 0.380583 
1535386137029 0.260976 0.921027 -0.289137 -0.609941 -0.934109 0.316514 0.165105 -0.234052 0.243583 0.226997 0.942942 0.380617 
1535386137183 0.261042 0.921025 -0.289085 -0.609734 -0.934152 0.31651 0.164869 -0.233946 0.243347 0.227011 0.943 0.380613 
1535386137217 0.260967 0.921088 -0.288952 -0.609609 -0.934178 0.31641 0.164912 -0.233832 0.243325 0.226896 0.943033 0.380671 
1535386137233 0.261004 0.921077 -0.288955 -0.609552 -0.934163 0.31645 0.164919 -0.233809 0.243343 0.226886 0.943031 0.380692 
1535386137251 0.261132 0.921025 -0.289004 -0.609518 -0.93412 0.316588 0.164901 -0.233831 0.243373 0.226903 0.943019 0.3807 
1535386137267 0.261332 0.920943 -0.289083 -0.60949 -0.934056 0.3168 0.164852 -0.233896 0.243401 0.226939 0.943003 0.380698 
1535386137463 0.260946 0.921198 -0.288619 -0.609312 -0.934069 0.316437 0.165475 -0.233765 0.243765 0.22641 0.943036 0.380659 
1535386137497 0.260822 0.921299 -0.28841 -0.609148 -0.934044 0.316336 0.165812 -0.233692 0.243997 0.22614 0.943041 0.380696 
1535386137647 0.261238 0.921196 -0.288361 -0.608929 -0.933814 0.31683 0.166162 -0.233719 0.244429 0.225868 0.942994 0.380711 
1535386137698 0.260981 0.921343 -0.288124 -0.608779 -0.933852 0.316573 0.166437 -0.23354 0.244557 0.225628 0.943018 0.380767 
1535386137832 0.261001 0.921383 -0.287979 -0.608622 -0.933753 0.316652 0.166843 -0.233486 0.244915 0.225355 0.942991 0.380778 
1535386137882 0.260918 0.921463 -0.287797 -0.608451 -0.933748 0.316566 0.167033 -0.233419 0.245021 0.225148 0.943013 0.380826 
1535386137907 0.260906 0.921492 -0.287716 -0.608366 -0.933737 0.316553 0.16712 -0.233391 0.245077 0.225049 0.943022 0.380848 
1535386137940 0.261002 0.921476 -0.287681 -0.608299 -0.93368 0.316666 0.167225 -0.233416 0.245193 0.224956 0.943014 0.380851 
1535386138103 0.260929 0.921545 -0.287525 -0.608167 -0.933682 0.316585 0.167368 -0.233313 0.245263 0.224786 0.943036 0.380894 
1535386138342 0.261242 0.921448 -0.287551 -0.607997 -0.933654 0.316834 0.167054 -0.233141 0.245037 0.224832 0.943084 0.380931 
1535386138441 0.261189 0.921534 -0.287324 -0.607769 -0.933722 0.316694 0.16694 -0.232984 0.244834 0.224678 0.943173 0.38096 
1535386138582 0.261539 0.921497 -0.287126 -0.6075 -0.933639 0.316978 0.166863 -0.232897 0.244776 0.22443 0.943247 0.38101 
1535386138691 0.261725 0.921454 -0.287092 -0.607273 -0.93356 0.317174 0.166933 -0.232795 0.24488 0.224327 0.943245 0.381081 
1535386138835 0.261968 0.921416 -0.286993 -0.607011 -0.933485 0.317394 0.166934 -0.232725 0.244906 0.224172 0.943275 0.381139 
1535386138936 0.262034 0.921442 -0.28685 -0.606785 -0.933491 0.317409 0.166873 -0.232594 0.244812 0.224045 0.94333 0.381199 
1535386139076 0.262184 0.921439 -0.286721 -0.606585 -0.933469 0.31751 0.166803 -0.232392 0.244735 0.223912 0.943381 0.381241 
1535386139119 0.262237 0.92145 -0.286639 -0.606472 -0.933462 0.317539 0.166788 -0.23234 0.244706 0.223828 0.943409 0.381267 
1535386139140 0.26225 0.921458 -0.286602 -0.606421 -0.933463 0.31754 0.16678 -0.232324 0.244688 0.223795 0.943421 0.381279 
1535386139427 0.26234 0.921458 -0.286517 -0.606169 -0.933434 0.317614 0.166799 -0.232221 0.2447 0.223686 0.943444 0.381346 
1535386139596 0.262606 0.921467 -0.286245 -0.605792 -0.933344 0.317832 0.166887 -0.232165 0.244758 0.22334 0.943511 0.381486 
1535386139785 0.262771 0.921415 -0.286263 -0.605476 -0.933281 0.318009 0.166906 -0.232037 0.244824 0.223305 0.943502 0.381525 
1535386139956 0.26291 0.921468 -0.285963 -0.605123 -0.933262 0.318068 0.166894 -0.231893 0.244744 0.223001 0.943595 0.381595 
1535386140134 0.263056 0.921481 -0.285787 -0.604772 -0.933199 0.318196 0.167006 -0.231768 0.244829 0.222764 0.943629 0.381717 
1535386140306 0.263347 0.921442 -0.285644 -0.604445 -0.933092 0.318471 0.16708 -0.231656 0.244923 0.222533 0.943659 0.381812 
1535386140483 0.263527 0.921445 -0.28547 -0.604083 -0.933037 0.318615 0.167113 -0.231576 0.24494 0.222315 0.943706 0.381907 
1535386140665 0.263655 0.921451 -0.285333 -0.603749 -0.933002 0.318711 0.167124 -0.231461 0.244935 0.222153 0.943745 0.381971 
1535386140691 0.26357 0.921513 -0.28521 -0.603672 -0.933031 0.318603 0.167167 -0.231352 0.244915 0.22205 0.943775 0.382001 
1535386140711 0.263505 0.921554 -0.285138 -0.603612 -0.933054 0.318523 0.167189 -0.231299 0.244897 0.221994 0.943792 0.382022 
1535386140993 0.264106 0.921511 -0.28472 -0.603387 -0.932899 0.319009 0.167131 -0.231354 0.244841 0.221475 0.943929 0.38202 
1535386141109 0.264177 0.9216 -0.284365 -0.603136 -0.932875 0.319016 0.167254 -0.231118 0.244858 0.221092 0.944014 0.382066 
1535386141240 0.264413 0.921634 -0.284037 -0.602858 -0.932821 0.31917 0.167261 -0.23094 0.244809 0.220729 0.944112 0.382084 
1535386141405 0.264868 0.921612 -0.283683 -0.6025 -0.932707 0.319526 0.167212 -0.23094 0.244749 0.220304 0.944227 0.382096 
1535386141549 0.265206 0.92168 -0.283146 -0.602221 -0.932632 0.319734 0.167238 -0.230721 0.244671 0.219718 0.944383 0.382151 
1535386141667 0.265327 0.921768 -0.282745 -0.601941 -0.932628 0.319749 0.167231 -0.230556 0.244556 0.219325 0.944505 0.38223 
1535386141830 0.265856 0.921757 -0.282283 -0.601584 -0.93248 0.320168 0.16725 -0.230517 0.244542 0.218759 0.944639 0.382239 
1535386141963 0.265918 0.921876 -0.281836 -0.601329 -0.932484 0.320127 0.167306 -0.230252 0.244459 0.218318 0.944763 0.382258 
1535386142053 0.266321 0.921794 -0.281726 -0.601145 -0.932382 0.320481 0.1672 -0.230336 0.244412 0.218148 0.944814 0.382243 
1535386142070 0.266342 0.921805 -0.281669 -0.601089 -0.932381 0.320486 0.167194 -0.230326 0.244391 0.218092 0.944833 0.382251 
1535386142212 0.266382 0.9219 -0.281319 -0.60099 -0.932398 0.320436 0.167199 -0.230226 0.244286 0.217763 0.944936 0.382279 
1535386142311 0.266618 0.922164 -0.280228 -0.600735 -0.932456 0.320351 0.167033 -0.229881 0.243804 0.216766 0.945289 0.382341 
1535386142444 0.267256 0.922229 -0.279406 -0.600405 -0.932365 0.320732 0.166811 -0.229772 0.243453 0.215927 0.945572 0.382413 
1535386142542 0.26747 0.922393 -0.27866 -0.600116 -0.93238 0.320734 0.166724 -0.229526 0.243161 0.215224 0.945807 0.382352 
1535386142672 0.267902 0.922458 -0.27803 -0.599808 -0.93233 0.320968 0.166553 -0.229386 0.242877 0.214596 0.946023 0.382286 
1535386142752 0.268222 0.922588 -0.27729 -0.599505 -0.932311 0.321077 0.166453 -0.229229 0.242598 0.213874 0.946258 0.382374 
1535386142900 0.268894 0.922626 -0.276509 -0.599167 -0.932194 0.321512 0.166267 -0.22915 0.242303 0.213052 0.946519 0.382413 
1535386142965 0.269107 0.922803 -0.275711 -0.598868 -0.932214 0.321501 0.166174 -0.228957 0.241987 0.212303 0.946768 0.382468 
1535386142993 0.269257 0.922793 -0.275596 -0.598844 -0.932187 0.321609 0.166115 -0.228955 0.241924 0.21218 0.946812 0.382448 
1535386143017 0.269327 0.922775 -0.275588 -0.598842 -0.932172 0.321671 0.166082 -0.228959 0.241905 0.212165 0.94682 0.382428 
1535386143129 0.269477 0.922901 -0.275019 -0.59863 -0.932168 0.321677 0.166093 -0.228699 0.241754 0.211605 0.946984 0.382469 
1535386143256 0.269683 0.92318 -0.273878 -0.598276 -0.932314 0.32149 0.165635 -0.228569 0.24096 0.210671 0.947394 0.382446 
1535386143356 0.27005 0.92337 -0.272874 -0.597959 -0.932364 0.321525 0.165285 -0.228393 0.240355 0.209783 0.947745 0.382461 
1535386143485 0.270531 0.923486 -0.272006 -0.597614 -0.932348 0.321723 0.164989 -0.228322 0.239876 0.20897 0.948046 0.382475 
1535386143564 0.270569 0.92375 -0.271071 -0.597325 -0.93246 0.321485 0.164818 -0.228108 0.239396 0.208168 0.948344 0.382528 
1535386143705 0.271044 0.923895 -0.270098 -0.597014 -0.932439 0.321666 0.164584 -0.227898 0.238939 0.20724 0.948662 0.382537 
1535386143769 0.271228 0.924091 -0.269243 -0.596723 -0.932514 0.321579 0.164329 -0.227697 0.238438 0.206502 0.948949 0.382496 
1535386143920 0.271635 0.924269 -0.26822 -0.596407 -0.932532 0.32167 0.164049 -0.227511 0.237903 0.205562 0.949287 0.382525 
1535386143955 0.27173 0.924447 -0.267507 -0.596189 -0.932604 0.321549 0.163876 -0.227303 0.237511 0.204948 0.949518 0.382535 
1535386144159 0.271388 0.924137 -0.268923 -0.596242 -0.932424 0.321714 0.164579 -0.227374 0.23861 0.206085 0.948997 0.382586 
1535386144357 0.2706 0.923859 -0.270668 -0.596 -0.932219 0.321645 0.165871 -0.227542 0.2403 0.207437 0.948275 0.382766 
1535386144578 0.269845 0.923637 -0.272172 -0.595777 -0.932023 0.321549 0.167147 -0.227477 0.2419 0.208567 0.94762 0.382994 
1535386144797 0.269047 0.923345 -0.273947 -0.595462 -0.931792 0.321506 0.168517 -0.227507 0.243675 0.209922 0.946866 0.383199 
1535386145024 0.268287 0.923139 -0.275384 -0.595189 -0.931624 0.321374 0.169693 -0.227503 0.245152 0.211028 0.946239 0.383408 
1535386145231 0.267552 0.922893 -0.276919 -0.594914 -0.931353 0.321368 0.171181 -0.227497 0.246975 0.21211 0.945522 0.383712 
1535386145483 0.266804 0.922619 -0.278549 -0.594628 -0.93119 0.321281 0.172231 -0.22751 0.248396 0.21343 0.944853 0.383798 
1535386145710 0.265855 0.922385 -0.280226 -0.594357 -0.930983 0.321099 0.173683 -0.227479 0.250183 0.214711 0.944091 0.383956 
1535386145894 0.265317 0.922053 -0.281823 -0.594058 -0.930718 0.321247 0.174829 -0.227632 0.251737 0.215912 0.943404 0.384211 
1535386145921 0.265044 0.922007 -0.282232 -0.594014 -0.930707 0.321139 0.175082 -0.227579 0.252063 0.216271 0.943235 0.384241 
1535386145938 0.264907 0.922004 -0.282369 -0.593989 -0.93071 0.321065 0.175205 -0.22755 0.252198 0.216391 0.943171 0.384256 
1535386146178 0.265131 0.92202 -0.282106 -0.59376 -0.930527 0.321331 0.175686 -0.227524 0.252635 0.215928 0.94316 0.384302 
1535386146375 0.264868 0.921947 -0.282591 -0.593707 -0.930546 0.32122 0.175788 -0.227485 0.252841 0.216404 0.942996 0.384315 
1535386146575 0.264859 0.92195 -0.282592 -0.593558 -0.930456 0.321291 0.176135 -0.227517 0.253182 0.216289 0.942931 0.384309 
1535386146769 0.264526 0.92197 -0.282837 -0.593473 -0.930413 0.321137 0.176643 -0.227336 0.253689 0.216429 0.942762 0.384353 
1535386146959 0.2645 0.921884 -0.283141 -0.593327 -0.9303 0.321274 0.176989 -0.227365 0.254129 0.216593 0.942606 0.384434 
1535386147158 0.264466 0.921852 -0.28328 -0.593163 -0.930209 0.321354 0.177323 -0.227369 0.254499 0.216613 0.942502 0.384528 
1535386147372 0.264243 0.92186 -0.28346 -0.593026 -0.930105 0.321318 0.177933 -0.227263 0.25511 0.21663 0.942332 0.384556 
1535386147591 0.264241 0.921751 -0.283818 -0.592837 -0.929995 0.321479 0.178215 -0.227304 0.255512 0.216858 0.942171 0.384557 
1535386147613 0.264225 0.921754 -0.283822 -0.592829 -0.929996 0.321468 0.178232 -0.227294 0.255525 0.216859 0.942167 0.384561 
1535386147778 0.264225 0.921787 -0.283715 -0.593005 -0.930024 0.321423 0.178166 -0.227239 0.255423 0.216785 0.942212 0.384561 
1535386147966 0.264091 0.921867 -0.283578 -0.592981 -0.93009 0.321245 0.178142 -0.227226 0.255321 0.216708 0.942257 0.384585 
1535386148155 0.263978 0.921894 -0.283598 -0.592942 -0.930113 0.321149 0.178194 -0.227189 0.255353 0.216738 0.942242 0.384606 
1535386148365 0.264018 0.921865 -0.283654 -0.592931 -0.930093 0.321205 0.178199 -0.227215 0.255387 0.216777 0.942224 0.384607 
1535386148552 0.264162 0.921803 -0.283721 -0.592889 -0.930042 0.321364 0.178176 -0.227304 0.255421 0.216806 0.942208 0.384611 
1535386148753 0.26405 0.92185 -0.283673 -0.592836 -0.93006 0.32126 0.178271 -0.227223 0.255472 0.216761 0.942204 0.384646 
1535386148939 0.263947 0.921878 -0.283677 -0.592815 -0.930071 0.321178 0.178362 -0.22717 0.255539 0.216761 0.942186 0.384647 
1535386149119 0.264086 0.921806 -0.283783 -0.592741 -0.930006 0.321352 0.178385 -0.227279 0.25563 0.216811 0.94215 0.38464 
1535386149369 0.264032 0.921805 -0.283835 -0.592742 -0.930001 0.321328 0.178455 -0.227251 0.255705 0.216849 0.942121 0.384641 
1535386150368 0.257772 0.922059 -0.288723 -0.579539 -0.931774 0.31629 0.178209 -0.22084 0.25564 0.223087 0.940681 0.39425 
1535386151339 0.252455 0.921807 -0.294173 -0.566118 -0.933256 0.312256 0.177566 -0.214602 0.255539 0.229711 0.939113 0.404199 
1535386152279 0.246682 0.921684 -0.299411 -0.552658 -0.934837 0.307743 0.177129 -0.208289 0.255398 0.236206 0.937538 0.414051 
1535386153219 0.241136 0.921448 -0.30461 -0.539169 -0.936376 0.303391 0.176505 -0.20205 0.255056 0.242668 0.93598 0.42406 
1535386154174 0.23577 0.921033 -0.310019 -0.525752 -0.937799 0.299288 0.175955 -0.19586 0.254845 0.24925 0.934306 0.433933 
1535386155068 0.230022 0.920673 -0.315359 -0.512313 -0.939276 0.294823 0.175614 -0.189565 0.254658 0.255814 0.932582 0.44389 
1535386155979 0.22444 0.920257 -0.320553 -0.498835 -0.940738 0.29043 0.175108 -0.18327 0.254243 0.262255 0.930904 0.453868 
1535386156880 0.218958 0.91973 -0.325813 -0.485406 -0.942137 0.286153 0.174624 -0.177087 0.25384 0.268725 0.929167 0.463809 
1535386157772 0.21354 0.919132 -0.331055 -0.471924 -0.943558 0.281862 0.173929 -0.170934 0.253176 0.275229 0.927443 0.473748 
1535386161517 0.214265 0.918939 -0.331121 -0.471499 -0.943331 0.282624 0.173928 -0.171064 0.253412 0.27509 0.92742 0.474258 
1535386161708 0.214147 0.918926 -0.331235 -0.471626 -0.943339 0.282555 0.173996 -0.171025 0.253482 0.275206 0.927366 0.474172 
1535386162082 0.21347 0.919095 -0.331204 -0.471942 -0.943601 0.281795 0.173808 -0.170994 0.253077 0.275421 0.927413 0.47374 
1535386162571 0.213305 0.919016 -0.331529 -0.471978 -0.943617 0.281724 0.173833 -0.171001 0.253155 0.275757 0.927292 0.473758 
1535386163103 0.213351 0.919043 -0.331422 -0.471958 -0.943578 0.281778 0.173957 -0.171001 0.253261 0.275609 0.927307 0.473844 
1535386163592 0.212944 0.919016 -0.331759 -0.471997 -0.943686 0.281443 0.173917 -0.171014 0.253204 0.276042 0.927194 0.473856 
1535386164126 0.212863 0.919016 -0.331811 -0.472 -0.943719 0.281361 0.173872 -0.171029 0.253149 0.276126 0.927184 0.473901 
1535386164645 0.212808 0.919004 -0.331881 -0.471997 -0.943716 0.281339 0.173922 -0.171052 0.253205 0.27619 0.927149 0.47397 
1535386165179 0.212652 0.919 -0.33199 -0.472006 -0.943812 0.281146 0.17371 -0.17109 0.252978 0.276397 0.92715 0.473985 
1535386165679 0.212593 0.918949 -0.332169 -0.472023 -0.943784 0.28117 0.173824 -0.171087 0.253131 0.276542 0.927065 0.473992 
1535386166188 0.212464 0.918958 -0.332228 -0.472026 -0.943828 0.281044 0.173789 -0.171105 0.253075 0.276643 0.92705 0.474083 
1535386166206 0.212461 0.918958 -0.332228 -0.472025 -0.943829 0.281041 0.173788 -0.171106 0.253074 0.276643 0.92705 0.474084 
1535386166387 0.212586 0.918977 -0.332097 -0.472008 -0.943776 0.28116 0.173883 -0.171094 0.253167 0.276461 0.927079 0.47403 
1535386166593 0.212515 0.918966 -0.332172 -0.472017 -0.943839 0.281056 0.173709 -0.171116 0.252991 0.276602 0.927085 0.474008 
1535386166794 0.212491 0.918966 -0.332188 -0.472019 -0.943856 0.281025 0.17367 -0.171122 0.25295 0.276634 0.927087 0.474007 
1535386167017 0.212479 0.918968 -0.332192 -0.472019 -0.943862 0.28101 0.173661 -0.171124 0.252938 0.276644 0.927087 0.47401 
1535386167224 0.212451 0.91895 -0.332258 -0.472027 -0.943851 0.281015 0.173711 -0.171119 0.253001 0.276697 0.927054 0.474013 
1535386167448 0.212432 0.918937 -0.332305 -0.472032 -0.943837 0.281027 0.17377 -0.171113 0.25307 0.276728 0.927026 0.474023 
1535386167675 0.21242 0.91893 -0.332332 -0.472035 -0.943833 0.281027 0.173787 -0.171112 0.253093 0.27675 0.927013 0.474026 
1535386167904 0.212325 0.918911 -0.332448 -0.472049 -0.943892 0.280919 0.173644 -0.171132 0.252954 0.276926 0.926998 0.474029 
1535386168170 0.212334 0.918914 -0.332432 -0.472046 -0.943874 0.280941 0.173703 -0.171127 0.253012 0.276891 0.926993 0.474048 
1535386168187 0.212334 0.918914 -0.332432 -0.472046 -0.943874 0.280942 0.173705 -0.171127 0.253014 0.27689 0.926993 0.474049 
1535386168400 0.212333 0.918916 -0.332429 -0.472045 -0.943873 0.280941 0.17371 -0.171127 0.253018 0.276886 0.926993 0.474053 
1535386168608 0.212334 0.918916 -0.332427 -0.472045 -0.943873 0.280942 0.17371 -0.171127 0.253017 0.276884 0.926994 0.474055 
1535386168841 0.212335 0.918917 -0.332424 -0.472044 -0.943873 0.280942 0.17371 -0.171128 0.253017 0.276882 0.926995 0.474057 
1535386169048 0.212336 0.918918 -0.332421 -0.472043 -0.943873 0.280942 0.173709 -0.171129 0.253015 0.276879 0.926996 0.474059 
1535386169275 0.212337 0.918918 -0.332419 -0.472043 -0.943873 0.280943 0.173709 -0.17113 0.253015 0.276876 0.926997 0.474062 
1535386169501 0.212338 0.918919 -0.332417 -0.472042 -0.943873 0.280943 0.173709 -0.171131 0.253014 0.276874 0.926998 0.474064 
1535386169715 0.21234 0.918919 -0.332414 -0.472042 -0.943873 0.280944 0.173709 -0.171131 0.253014 0.276871 0.926998 0.474066 
1535386169960 0.212341 0.91892 -0.332412 -0.472041 -0.943872 0.280945 0.173709 -0.171132 0.253015 0.276869 0.926999 0.474068 
1535386170178 0.212342 0.91892 -0.332411 -0.472041 -0.943872 0.280946 0.17371 -0.171133 0.253015 0.276868 0.926999 0.474069 
1535386170196 0.212342 0.91892 -0.332411 -0.472041 -0.943872 0.280946 0.17371 -0.171133 0.253015 0.276867 0.926999 0.474069 
1535386170381 0.212343 0.918922 -0.332405 -0.472039 -0.943872 0.280945 0.17371 -0.171133 0.253013 0.276862 0.927001 0.474072 
1535386170585 0.212346 0.918923 -0.332401 -0.472039 -0.943872 0.280946 0.173709 -0.171134 0.253012 0.276858 0.927003 0.474075 
1535386170786 0.212346 0.918923 -0.332399 -0.472038 -0.943872 0.280947 0.173708 -0.171134 0.253011 0.276856 0.927004 0.474076 
1535386170984 0.212347 0.918923 -0.332399 -0.472038 -0.943872 0.280947 0.173709 -0.171135 0.253012 0.276856 0.927004 0.474077 
1535386171198 0.212347 0.918923 -0.332399 -0.472038 -0.943872 0.280947 0.173709 -0.171135 0.253012 0.276855 0.927004 0.474077 
1535386171398 0.212346 0.918923 -0.332399 -0.472038 -0.943872 0.280947 0.17371 -0.171135 0.253012 0.276855 0.927004 0.474078 
1535386171593 0.212346 0.918923 -0.332399 -0.472038 -0.943871 0.280947 0.17371 -0.171135 0.253013 0.276856 0.927003 0.474078 
1535386171788 0.212346 0.918923 -0.3324 -0.472038 -0.943871 0.280948 0.173711 -0.171135 0.253014 0.276856 0.927003 0.474078 
1535386172021 0.212346 0.918923 -0.332401 -0.472038 -0.943871 0.280948 0.173712 -0.171136 0.253015 0.276857 0.927003 0.474079 
1535386172030 0.212346 0.918923 -0.332401 -0.472038 -0.943871 0.280948 0.173712 -0.171136 0.253015 0.276856 0.927003 0.474079 
1535386172266 0.212347 0.918924 -0.332396 -0.472037 -0.943872 0.280947 0.173711 -0.171136 0.253013 0.276852 0.927005 0.474081 
1535386172520 0.21235 0.918926 -0.33239 -0.472036 -0.943872 0.280948 0.173709 -0.171137 0.25301 0.276847 0.927007 0.474084 
1535386172774 0.212351 0.918926 -0.332387 -0.472035 -0.943872 0.280948 0.173708 -0.171138 0.253009 0.276843 0.927008 0.474086 
1535386173025 0.212353 0.918927 -0.332386 -0.472035 -0.943871 0.280949 0.173708 -0.171138 0.253008 0.276842 0.927009 0.474087 
1535386173285 0.212353 0.918927 -0.332385 -0.472035 -0.943871 0.280949 0.173708 -0.171138 0.253008 0.276841 0.927009 0.474088 
1535386173537 0.212353 0.918927 -0.332385 -0.472035 -0.943871 0.28095 0.173708 -0.171139 0.253008 0.276841 0.927009 0.474088 
1535386173794 0.212353 0.918927 -0.332385 -0.472035 -0.943871 0.280949 0.173708 -0.171139 0.253009 0.276841 0.927009 0.474089 
1535386174051 0.212352 0.918927 -0.332385 -0.472035 -0.943871 0.280949 0.173709 -0.171139 0.253009 0.276842 0.927009 0.474089 
1535386174339 0.212352 0.918927 -0.332386 -0.472035 -0.943871 0.280949 0.173709 -0.171139 0.25301 0.276842 0.927008 0.474089 
1535386174358 0.212353 0.918926 -0.332386 -0.472035 -0.943871 0.280949 0.173709 -0.171139 0.253009 0.276842 0.927008 0.474089 
1535386174607 0.212354 0.918929 -0.332379 -0.472033 -0.943872 0.280948 0.173707 -0.17114 0.253006 0.276836 0.927011 0.474092 
1535386174870 0.212356 0.91893 -0.332375 -0.472033 -0.943872 0.280949 0.173706 -0.17114 0.253004 0.276832 0.927013 0.474094 
1535386175124 0.212357 0.91893 -0.332374 -0.472032 -0.943872 0.280949 0.173706 -0.171141 0.253004 0.276831 0.927013 0.474095 
1535386175374 0.212357 0.91893 -0.332374 -0.472032 -0.943872 0.280949 0.173706 -0.171141 0.253004 0.276831 0.927013 0.474095 
1535386175631 0.212356 0.91893 -0.332374 -0.472032 -0.943872 0.280949 0.173706 -0.171141 0.253004 0.276831 0.927013 0.474095 
1535386175884 0.212356 0.91893 -0.332375 -0.472032 -0.943872 0.280949 0.173706 -0.171141 0.253004 0.276832 0.927013 0.474095 
1535386176114 0.212356 0.91893 -0.332375 -0.472033 -0.943872 0.280949 0.173706 -0.171141 0.253004 0.276832 0.927013 0.474095 
1535386176367 0.212355 0.91893 -0.332376 -0.472033 -0.943872 0.280949 0.173707 -0.171141 0.253005 0.276832 0.927013 0.474095 
1535386176647 0.212355 0.918929 -0.332376 -0.472033 -0.943872 0.280949 0.173707 -0.171142 0.253005 0.276833 0.927012 0.474095 
1535386176664 0.212355 0.918929 -0.332376 -0.472033 -0.943872 0.280949 0.173707 -0.171142 0.253005 0.276833 0.927012 0.474095 
1535386176880 0.212354 0.918931 -0.332374 -0.472032 -0.943872 0.280947 0.173706 -0.171141 0.253004 0.276831 0.927013 0.474097 
1535386177060 0.212355 0.918931 -0.332372 -0.472032 -0.943872 0.280947 0.173706 -0.171142 0.253003 0.276829 0.927014 0.474098 
1535386177250 0.212356 0.918931 -0.332371 -0.472031 -0.943872 0.280947 0.173706 -0.171142 0.253002 0.276828 0.927015 0.474098 
1535386177450 0.212356 0.918931 -0.332371 -0.472031 -0.943872 0.280947 0.173706 -0.171142 0.253002 0.276828 0.927015 0.474098 
1535386177727 0.212355 0.918931 -0.332371 -0.472032 -0.943872 0.280947 0.173706 -0.171142 0.253002 0.276828 0.927015 0.474098 
1535386177930 0.212355 0.918931 -0.332371 -0.472032 -0.943872 0.280947 0.173706 -0.171142 0.253003 0.276829 0.927014 0.474098 
1535386178117 0.212355 0.918931 -0.332372 -0.472032 -0.943872 0.280947 0.173706 -0.171142 0.253003 0.276829 0.927014 0.474098 
1535386178300 0.212355 0.918931 -0.332372 -0.472032 -0.943872 0.280947 0.173706 -0.171143 0.253003 0.276829 0.927014 0.474098 
1535386178525 0.212355 0.918931 -0.332372 -0.472032 -0.943872 0.280947 0.173706 -0.171143 0.253003 0.27683 0.927014 0.474098 
1535386178543 0.212355 0.918931 -0.332372 -0.472032 -0.943872 0.280947 0.173706 -0.171143 0.253003 0.27683 0.927014 0.474098 
1535386178805 0.212353 0.918932 -0.332371 -0.472031 -0.943873 0.280945 0.173706 -0.171142 0.253002 0.276828 0.927015 0.474099 
1535386179016 0.212354 0.918932 -0.33237 -0.472031 -0.943873 0.280945 0.173706 -0.171143 0.253002 0.276828 0.927015 0.474099 
1535386179229 0.212354 0.918932 -0.33237 -0.472031 -0.943873 0.280945 0.173706 -0.171143 0.253001 0.276828 0.927015 0.4741 
1535386179438 0.212353 0.918932 -0.33237 -0.472031 -0.943873 0.280945 0.173706 -0.171143 0.253002 0.276828 0.927015 0.4741 
1535386179652 0.212353 0.918932 -0.33237 -0.472031 -0.943873 0.280945 0.173706 -0.171143 0.253002 0.276828 0.927015 0.4741 
1535386179859 0.212353 0.918932 -0.332371 -0.472031 -0.943873 0.280945 0.173706 -0.171143 0.253002 0.276829 0.927015 0.4741 
1535386180057 0.212353 0.918932 -0.332371 -0.472031 -0.943873 0.280944 0.173706 -0.171143 0.253002 0.276829 0.927014 0.474099 
1535386180290 0.212352 0.918932 -0.332372 -0.472031 -0.943873 0.280944 0.173706 -0.171143 0.253002 0.27683 0.927014 0.474099 
1535386180309 0.212352 0.918932 -0.332371 -0.472031 -0.943873 0.280944 0.173706 -0.171143 0.253002 0.276829 0.927014 0.474099 
1535386180525 0.212351 0.918933 -0.332369 -0.472031 -0.943874 0.280942 0.173706 -0.171143 0.253001 0.276828 0.927015 0.4741 
1535386180759 0.21235 0.918933 -0.332368 -0.472031 -0.943874 0.280941 0.173706 -0.171143 0.253 0.276827 0.927015 0.474101 
1535386180991 0.212351 0.918934 -0.332368 -0.47203 -0.943874 0.280941 0.173706 -0.171143 0.253 0.276827 0.927016 0.474101 
1535386181217 0.21235 0.918934 -0.332368 -0.472031 -0.943874 0.280941 0.173706 -0.171143 0.253 0.276827 0.927016 0.474101 
1535386181477 0.212349 0.918934 -0.332368 -0.472031 -0.943874 0.28094 0.173706 -0.171143 0.253 0.276827 0.927016 0.474101 
1535386181708 0.212349 0.918934 -0.332368 -0.472031 -0.943875 0.280939 0.173706 -0.171143 0.253 0.276828 0.927015 0.474101 
1535386181953 0.212348 0.918934 -0.332369 -0.472031 -0.943875 0.280939 0.173706 -0.171144 0.253 0.276828 0.927015 0.474101 
1535386182177 0.212348 0.918934 -0.332369 -0.472031 -0.943875 0.280939 0.173706 -0.171144 0.253 0.276829 0.927015 0.474101 
1535386182435 0.212347 0.918934 -0.332369 -0.472031 -0.943875 0.280939 0.173706 -0.171144 0.253 0.276829 0.927015 0.474101 
