%YAML:1.0
calibration_time: "Tue Nov 15 20:50:01 2016"
nr_of_frames: 25
image_width: 640
image_height: 480
board_width: 9
board_height: 6
square_size: 1.0800000190734863e+01
fix_aspect_ratio: 1.
# flags: +fix_aspectRatio +fix_principal_point +zero_tangent_dist
flags: 6158
fisheye_model: 0
camera_matrix: !!opencv-matrix
   rows: 3
   cols: 3
   dt: d
   data: [ 5.3166254842263766e+02, 0., 3.1950000000000000e+02, 0.,
       5.3166254842263766e+02, 2.3950000000000000e+02, 0., 0., 1. ]
distortion_coefficients: !!opencv-matrix
   rows: 5
   cols: 1
   dt: d
   data: [ -2.5102093621094126e-02, 1.8224015833319421e-01, 0., 0.,
       -4.7713788073492830e-01 ]
avg_reprojection_error: 4.9871287991105473e-01
per_view_reprojection_errors: !!opencv-matrix
   rows: 25
   cols: 1
   dt: f
   data: [ 6.06690884e-01, 2.76452780e-01, 4.59416956e-01,
       4.61092055e-01, 4.09621507e-01, 1.88409448e-01, 2.22866803e-01,
       6.16512477e-01, 3.30366492e-01, 6.97796524e-01, 5.24839163e-01,
       7.92441249e-01, 4.20809567e-01, 5.48991978e-01, 3.40575904e-01,
       3.21026117e-01, 4.98538911e-01, 3.91561061e-01, 6.04618430e-01,
       5.15564084e-01, 6.14975870e-01, 6.17488921e-01, 6.44695938e-01,
       4.26418543e-01, 3.59805763e-01 ]
extrinsic_parameters: !!opencv-matrix
   rows: 25
   cols: 6
   dt: d
   data: [ -5.5456741886185004e-02, 3.7242780558834526e-01,
       -1.7493127032480332e-01, -4.7345952085739178e+01,
       -3.3089884926971493e+01, 1.8718624640790182e+02,
       -3.0180279075744113e-02, 2.8540609857579685e-01,
       -1.9676805319263624e-01, -7.1347690891462733e+01,
       2.0021851133252504e+00, 1.7740572696568077e+02,
       -8.8680793716397668e-03, 3.4482507697101522e-01,
       -1.5082862821196746e-01, -8.5191862070930682e+01,
       -1.4760105609636989e+01, 1.5165391950083807e+02,
       1.7385699468035386e-02, 2.7230321123486390e-01,
       -7.5888619310948158e-01, -6.1875733765402977e+01,
       2.2095681035327079e+01, 1.5465902038034915e+02,
       -3.8010566911096930e-02, 3.8843707889928969e-01,
       -3.9571910110815850e-01, -8.2253142780643302e+01,
       6.2964904376434001e+00, 1.6257105324517286e+02,
       -4.4326815018040318e-02, 7.7481787847618208e-02,
       -3.0350625648412310e-01, -8.3540665948039930e+01,
       -2.7252764117004205e+00, 1.6702304388003489e+02,
       -4.2273731283704145e-02, 1.2629856778873663e-01,
       -6.2296612938560547e-01, -8.8250576194543711e+01,
       1.9785244455551634e+01, 1.5697036792869622e+02,
       2.6967260138757237e-01, 1.3242019593957058e-01,
       -5.3468522737936419e-01, -9.2286814491217115e+01,
       -3.2533586817116422e+00, 1.6476151701241827e+02,
       2.2880172018944253e-01, 1.1971397591976238e-01,
       -6.3622770109263549e-01, -8.6072408678017823e+01,
       2.3843306678146625e+01, 1.6865954582921910e+02,
       2.2553432190469125e-01, 1.2811926003649918e-01,
       -5.9824471766259557e-01, -8.1351686155623455e+01,
       6.0431173141514245e+00, 1.4033397496465665e+02,
       -4.3724870357255496e-01, 3.2100476398988903e-01,
       -2.8009389384016420e-01, -7.7336267679651357e+01,
       -3.8569181269201396e+00, 1.5925812420658684e+02,
       -4.0805743228513625e-01, -1.9268363069770753e-01,
       -1.0625723491635053e+00, -5.9855492701117278e+01,
       2.0602393050957911e+01, 1.2592571955579565e+02,
       1.3202121476391809e-01, 1.0248347400738342e-01,
       1.7008765085877270e-01, -6.3849787638461756e+01,
       -3.0464494284419704e+01, 1.6378763343383869e+02,
       1.8064653967250038e-01, 3.4878281498780467e-01,
       1.5467847838546039e-01, -7.5358673994767628e+01,
       -4.4155127428561158e+01, 1.6360701775114796e+02,
       1.7599350580080361e-01, 3.1511544522586743e-01,
       1.1560895202586287e-01, -8.1645479858385585e+01,
       -3.5481003192758145e+00, 1.7320480114937607e+02,
       -2.6495301345355970e-01, 7.1183715310811066e-02,
       1.2343895977778749e-01, -7.0658458766712343e+01,
       -2.2137671520863268e+01, 1.6237229796230514e+02,
       -2.2604383235181652e-01, 9.1110259083115971e-02,
       -2.9186862305970934e-02, -2.7653006462091202e+01,
       -5.3651823704361101e+00, 1.5827114938160295e+02,
       -1.2516880394048704e-01, -9.8666844373396359e-02,
       -2.8959205620861170e-02, -3.0363838522661673e+01,
       -6.6438600764845432e+00, 1.4314629932393635e+02,
       -4.5956363191391437e-02, -3.2881983851990154e-01,
       -1.6040710430354283e-02, -3.0694858367038069e+01,
       -1.1084880934316102e+01, 1.2599493393582385e+02,
       -3.8096056974162928e-01, 1.7766238625881371e-02,
       7.8397224959555117e-02, -4.2124027367867797e+01,
       -1.7123045415629580e+01, 1.5651990685565954e+02,
       -1.5207072889428160e-02, 7.2332014344853013e-01,
       1.4431613198416557e-02, -4.8139778717587618e+01,
       -2.4465753122301322e+01, 1.8090561955411445e+02,
       -6.3402533227283980e-02, 7.9768328682971812e-01,
       3.2870104494560792e-02, -4.3974856486406047e+01,
       -2.4671577157929566e+01, 1.8659358095865230e+02,
       3.0218756105822739e-02, 7.3702693050033286e-01,
       -2.7727205063176630e-01, -4.3794280475750469e+01,
       3.0843165843600988e+00, 1.8341860824449327e+02,
       5.8678201823676437e-03, 5.2355679534140709e-01,
       6.9057591124760154e-01, -4.4673320629766657e+01,
       -4.3080340485223374e+01, 1.8355409089072128e+02,
       -9.7936721532387361e-02, 3.3299061059261326e-01,
       -3.3152850004691253e-01, -5.4221995470740424e+01,
       7.0138740974156804e+00, 2.1478438798511522e+02 ]
