%YAML:1.0
calibration_time: "Tue Nov 15 21:00:58 2016"
nr_of_frames: 25
image_width: 640
image_height: 480
board_width: 9
board_height: 6
square_size: 1.0800000190734863e+01
fix_aspect_ratio: 1.
# flags: +fix_aspectRatio +fix_principal_point +zero_tangent_dist
flags: 6158
fisheye_model: 0
camera_matrix: !!opencv-matrix
   rows: 3
   cols: 3
   dt: d
   data: [ 5.4563414350464768e+02, 0., 3.1950000000000000e+02, 0.,
       5.4563414350464768e+02, 2.3950000000000000e+02, 0., 0., 1. ]
distortion_coefficients: !!opencv-matrix
   rows: 5
   cols: 1
   dt: d
   data: [ 6.6382516761535434e-02, 4.4561854656751686e-02, 0., 0.,
       -5.4959389024381977e-01 ]
avg_reprojection_error: 6.1803929726034423e-01
per_view_reprojection_errors: !!opencv-matrix
   rows: 25
   cols: 1
   dt: f
   data: [ 2.53186792e-01, 3.34769368e-01, 3.79775584e-01,
       3.74031901e-01, 2.33471975e-01, 4.71724957e-01, 5.61926067e-01,
       7.97269762e-01, 5.13352573e-01, 7.61647761e-01, 7.98428476e-01,
       2.66100943e-01, 4.72449362e-01, 5.58808625e-01, 3.69328767e-01,
       4.85105187e-01, 2.86729932e-01, 3.13122779e-01, 3.55691820e-01,
       3.26981157e-01, 6.83918059e-01, 7.96068013e-01, 6.93906724e-01,
       1.82932043e+00, 2.41566032e-01 ]
extrinsic_parameters: !!opencv-matrix
   rows: 25
   cols: 6
   dt: d
   data: [ -8.9545567251142402e-03, -4.8271270535444687e-02,
       -1.1007977212733820e-01, -2.3309872263529069e+01,
       -4.2070586528163048e+01, 1.7307590074004906e+02,
       1.0899349486049892e-02, -1.0983016409112593e-01,
       -1.2477549868682557e-01, -4.2650048691821922e+01,
       -8.2431686077572213e+00, 1.5412841892263916e+02,
       2.7563849626035232e-02, -4.8760102490081655e-02,
       -7.4849299279035053e-02, -4.3816692143208009e+01,
       -2.4667466535583880e+01, 1.2440180699174634e+02,
       1.7591611587582956e-01, -1.1929562496557210e-01,
       -6.6410388640059037e-01, -2.6724755592858561e+01,
       1.3282987046363299e+01, 1.3588121962424290e+02,
       4.5695155664777096e-02, 7.3220787766760725e-03,
       -3.1742528048513724e-01, -4.7036997215258964e+01,
       -4.0666775526273264e+00, 1.3600766163489632e+02,
       6.2160959623796504e-03, -3.3311282031480349e-01,
       -2.4147853222382909e-01, -4.9309526710857781e+01,
       -1.3329129786180859e+01, 1.3955521692904088e+02,
       7.3907128232092639e-02, -2.6661017573802726e-01,
       -5.5229024774895608e-01, -5.1248887975752211e+01,
       9.2738020044471483e+00, 1.2848633828154027e+02,
       3.7387603048414142e-01, -2.8827390021377669e-01,
       -3.9877532702260887e-01, -5.6997655924298037e+01,
       -1.4641287301816444e+01, 1.3370477725035727e+02,
       3.5713758706675469e-01, -2.7264524328377221e-01,
       -5.0512297470204159e-01, -5.4368305131186226e+01,
       1.2704983035397891e+01, 1.3995351347093032e+02,
       3.4715648333212240e-01, -2.8423075383068569e-01,
       -4.6797142651767898e-01, -3.7454361173521391e+01,
       -3.6365363533200918e+00, 1.1426646622397392e+02,
       -3.7183185861009788e-01, -9.2258631225394586e-02,
       -2.8932095442932554e-01, -4.0060539250922083e+01,
       -1.3538751375562097e+01, 1.3335906390732978e+02,
       -1.6874270894295332e-01, -5.7032282234542142e-01,
       -1.0719059992922941e+00, -1.2583234360570517e+01,
       1.2995755126126591e+01, 1.0869660081499099e+02,
       1.0067442106173857e-01, -3.1197646564093995e-01,
       2.6381381646222724e-01, -2.8024858082607789e+01,
       -3.9507758169936309e+01, 1.4432651815057622e+02,
       1.5315498325658025e-01, -4.4689920757784579e-02,
       2.6261962376061260e-01, -3.8224156989495079e+01,
       -5.4137210507668662e+01, 1.4038953201061838e+02,
       1.5193802785668969e-01, -7.3526469242328821e-02,
       2.2502519000713933e-01, -4.9669374448223856e+01,
       -1.4429199429577791e+01, 1.4619515962742668e+02,
       -2.8532187543850096e-01, -3.4330225046641460e-01,
       1.3554898982700406e-01, -3.4019923455731011e+01,
       -3.1496224264761878e+01, 1.3967451665559517e+02,
       -2.1394208994667049e-01, -3.6131184751450751e-01,
       -8.0400206566952123e-03, 5.6076308216891384e+00,
       -1.1907501031963466e+01, 1.5148639709927807e+02,
       -1.0974419975926475e-01, -5.4669790252539374e-01,
       1.1327653183184978e-02, 9.5296737537801004e+00,
       -1.2930650297611718e+01, 1.3626097017484739e+02,
       -1.1210713369172086e-02, -7.6659149366275325e-01,
       3.9676125998120759e-02, 1.6593302333926101e+01,
       -1.6551035011676447e+01, 1.2042073674064936e+02,
       -3.7793930839637979e-01, -4.1933935311588361e-01,
       6.5232014047297671e-02, -6.0921923002518827e+00,
       -2.4506475347615037e+01, 1.4398754062776032e+02,
       -2.6118547820964236e-02, 3.1999200557201501e-01,
       8.9919831200239095e-02, -2.1051928095260330e+01,
       -3.3270896472750906e+01, 1.6461309714030696e+02,
       -8.1519627225112107e-02, 3.8763338824006149e-01,
       9.8572102713459175e-02, -1.9542322415749865e+01,
       -3.3392430179792932e+01, 1.7127122160785092e+02,
       1.0382143939654534e-01, 3.3575561485955024e-01,
       -1.8391692784438043e-01, -2.0262701972169985e+01,
       -5.7806971575890174e+00, 1.6731124028848876e+02,
       -1.1746696944169994e-01, 1.6791254944624032e-01,
       7.4322412748767663e-01, -1.7067471379715219e+01,
       -5.1534610927883449e+01, 1.6985975803246862e+02,
       -2.6408465926060085e-02, -5.8408803036544707e-02,
       -2.6953033552512962e-01, -4.2502112493617339e+01,
       -3.5229479203893108e+00, 1.9604003530596088e+02 ]
