<?xml version="1.0"?>
<opencv_storage>
<M1 type_id="opencv-matrix">
  <rows>3</rows>
  <cols>3</cols>
  <dt>d</dt>
  <data>
    5.2355459662463772e+02 0. 3.0388162456140043e+02 0.
    5.2355459662463772e+02 2.5266811586549258e+02 0. 0. 1.</data></M1>
</opencv_storage>
