<?xml version="1.0"?>
<opencv_storage>
<M2 type_id="opencv-matrix">
  <rows>3</rows>
  <cols>3</cols>
  <dt>d</dt>
  <data>
    5.2355459662463772e+02 0. 3.1262934046837762e+02 0.
    5.2355459662463772e+02 2.6605944665417013e+02 0. 0. 1.</data></M2>
</opencv_storage>
