<?xml version="1.0"?>
<opencv_storage>
<P2 type_id="opencv-matrix">
  <rows>3</rows>
  <cols>4</cols>
  <dt>d</dt>
  <data>
    5.2355459662463772e+02 0. 4.8351071929931641e+02
    -4.8213043284996822e+01 0. 5.2355459662463772e+02
    2.6816400909423828e+02 0. 0. 0. 1. 0.</data></P2>
</opencv_storage>
