<?xml version="1.0"?>
<opencv_storage>
<Q type_id="opencv-matrix">
  <rows>4</rows>
  <cols>4</cols>
  <dt>d</dt>
  <data>
    1. 0. 0. -1.4639477920532227e+02 0. 1. 0. -2.6816400909423828e+02 0.
    0. 0. 5.2355459662463772e+02 0. 0. 1.0859189981636362e+01
    3.6608060393186252e+03</data></Q>
</opencv_storage>
