<?xml version="1.0"?>
<opencv_storage>
<R1 type_id="opencv-matrix">
  <rows>3</rows>
  <cols>3</cols>
  <dt>d</dt>
  <data>
    9.7939626463452034e-01 3.3603902816300067e-02 1.9913245475175892e-01
    -2.9415794232103623e-02 9.9928020218066194e-01
    -2.3953884433845985e-02 -1.9979406364965699e-01
    1.7602705624084322e-02 9.7967978282960833e-01</data></R1>
</opencv_storage>
