%YAML:1.0
calibration_time: "Wed Nov 25 22:33:23 2015"
nr_of_frames: 22
image_width: 640
image_height: 480
board_width: 9
board_height: 6
square_size: 1.0800000190734863e+01
fix_aspect_ratio: 1.
# flags: +fix_aspectRatio +fix_principal_point +zero_tangent_dist
flags: 6158
fisheye_model: 0
camera_matrix: !!opencv-matrix
   rows: 3
   cols: 3
   dt: d
   data: [ 5.1108582185468077e+02, 0., 3.1950000000000000e+02, 0.,
       5.1108582185468077e+02, 2.3950000000000000e+02, 0., 0., 1. ]
distortion_coefficients: !!opencv-matrix
   rows: 5
   cols: 1
   dt: d
   data: [ 7.6717845184677419e-02, -1.0049148663692886e-01, 0., 0.,
       -1.5505462450810414e-01 ]
avg_reprojection_error: 4.9318517350833835e-01
per_view_reprojection_errors: !!opencv-matrix
   rows: 22
   cols: 1
   dt: f
   data: [ 5.60521066e-01, 2.63925284e-01, 1.73738584e-01,
       2.37127781e-01, 2.28130162e-01, 1.86490014e-01, 1.22158818e-01,
       9.15604174e-01, 8.19234490e-01, 4.69272077e-01, 4.94893581e-01,
       2.67451257e-01, 2.14857295e-01, 1.94228947e-01, 3.84616196e-01,
       5.74832559e-01, 3.50315720e-01, 2.98046231e-01, 2.46910080e-01,
       8.40928257e-01, 9.12141085e-01, 5.99186122e-01 ]
extrinsic_parameters: !!opencv-matrix
   rows: 22
   cols: 6
   dt: d
   data: [ -1.9895138711117699e-01, -2.2325814239228411e-01,
       1.0685501055761102e+00, -1.7936858023458630e+01,
       -4.1537565978487919e+01, 1.6237134776956793e+02,
       -1.8097836901164263e-01, -1.3806179807388863e-01,
       1.1080605087012365e+00, 2.4562625359445445e+01,
       -4.3618915961027348e+01, 1.7121798088868707e+02,
       -1.9306874135529345e-01, -8.8493834871362101e-02,
       1.1065642923203016e+00, 5.3181726666125222e+01,
       -4.2933104454788307e+01, 1.7807538192229808e+02,
       -9.0160063213810225e-03, 7.3874339725504293e-02,
       -1.0100186498635087e-02, -4.5314540751643307e+01,
       -2.7744183614428483e+01, 1.0746483690023177e+02,
       -1.9970894278529976e-02, 1.1492498346702507e-01,
       -2.1647763991700215e-02, -5.0510286838597317e+01,
       -2.6962378248969554e+01, 1.3116516665637579e+02,
       -2.0518127343689616e-02, 1.1933157583812301e-01,
       -4.9465103219592951e-02, -5.9577834171975724e+01,
       -2.0012316421793770e+01, 1.6551688709656239e+02,
       -3.0835311447102987e-02, 9.0870568742544275e-02,
       -9.0410502376080601e-02, -6.5395952960223923e+01,
       -8.8380607582736381e+00, 2.0329121357322879e+02,
       1.0328349830352395e+00, 8.2563759046634558e-02,
       2.2133458293758932e-02, -4.5615274630936746e+01,
       -2.7684128761878906e+01, 1.1318060826769836e+02,
       9.8265101627432760e-01, 7.5877334290415113e-02,
       1.0052584307530685e-02, -3.7155815174284314e+01,
       9.0894160552075576e-01, 1.1083028803385953e+02,
       8.3959640321005469e-01, 1.2566206705407496e-01,
       -8.8791535239106614e-02, -4.3386893227858593e+01,
       1.5479213823530682e+01, 1.5207506990593811e+02,
       8.7696958845661255e-01, 1.6015386528539180e-01,
       9.7127423583933583e-03, -4.5163522403375786e+01,
       -3.5077041239990699e+01, 1.6161743257069881e+02,
       6.6998919230241394e-01, 3.4130683088725056e-01,
       -4.8175402898558228e-01, -1.8575025321214629e+00,
       -3.7503633449302832e+01, 2.0373531399498901e+02,
       6.1580196882075167e-01, 3.1386657552281949e-01,
       -5.1803479693867338e-01, 2.3196275342042569e+00,
       -4.8497440264242071e+00, 2.0470767006400555e+02,
       5.7207970915776396e-01, 2.8494225513430893e-01,
       -5.3562586937833068e-01, 9.9931596841309744e-01,
       3.4201762757676207e+01, 2.0018248351864796e+02,
       6.1039207561825370e-01, 2.0807019622960288e-01,
       -5.2866164144729155e-01, -6.4419038539354432e+01,
       3.7313041569442795e+01, 1.6447100477830077e+02,
       7.3576794688689207e-01, 2.6804448741903941e-01,
       -3.7149528898722461e-01, -6.5282962709775859e+01,
       -2.3257106242136679e+01, 1.5940743162430385e+02,
       6.9057595878759259e-01, 2.9176236644148063e-01,
       -3.8322293748513159e-01, -9.4902184352144971e+01,
       -2.8023943649383277e+01, 1.8440659767453744e+02,
       6.6971796464998523e-01, 2.8608781065995820e-01,
       -4.5712845254481377e-01, -9.6525818137363657e+01,
       2.5573034951469196e+00, 1.8727810251203846e+02,
       6.6895522285547415e-01, 3.0118410385800076e-01,
       -5.5892637195134209e-01, -9.9111852552777847e+01,
       3.1137858790302978e+01, 1.9013305903708604e+02,
       -9.0225958463368960e-01, 4.8062312753256758e-01,
       -5.3044477892064279e-01, -2.7707917830996053e+01,
       -3.9981845556854916e+00, 1.6912692707707200e+02,
       -9.4264962905391692e-01, 4.9337133196041255e-01,
       -5.7242270786058558e-01, -3.0645518568581775e+01,
       1.1077911396252833e+01, 1.6464317235200414e+02,
       -3.2261733452605951e-01, 2.1921393631139552e-01,
       -8.3549084687038877e-01, -4.7228290040390362e+01,
       1.3355423771101146e+01, 1.6407060398786109e+02 ]
