%YAML:1.0
calibration_time: "Fri Aug 19 17:39:17 2016"
nr_of_frames: 25
image_width: 640
image_height: 480
board_width: 9
board_height: 6
square_size: 1.0800000190734863e+01
fix_aspect_ratio: 1.
# flags: +fix_aspectRatio +fix_principal_point +zero_tangent_dist
flags: 6158
fisheye_model: 0
camera_matrix: !!opencv-matrix
   rows: 3
   cols: 3
   dt: d
   data: [ 5.0848757890259026e+02, 0., 3.1950000000000000e+02, 0.,
       5.0848757890259026e+02, 2.3950000000000000e+02, 0., 0., 1. ]
distortion_coefficients: !!opencv-matrix
   rows: 5
   cols: 1
   dt: d
   data: [ 7.9014549219104710e-02, -2.0731296371641750e-01, 0., 0.,
       1.5447245223541664e-01 ]
avg_reprojection_error: 3.6826588497690793e-01
per_view_reprojection_errors: !!opencv-matrix
   rows: 25
   cols: 1
   dt: f
   data: [ 2.94667035e-01, 4.16502088e-01, 5.78444541e-01,
       3.74161661e-01, 3.03076416e-01, 3.03953469e-01, 2.28578284e-01,
       2.45539308e-01, 3.22118938e-01, 5.26805997e-01, 3.15423578e-01,
       3.13113570e-01, 2.92845637e-01, 3.59455824e-01, 2.36145914e-01,
       5.58394074e-01, 2.74699539e-01, 6.22455895e-01, 4.18654263e-01,
       3.71442527e-01, 4.71993059e-01, 2.82924294e-01, 2.06990317e-01,
       2.20694721e-01, 1.64121047e-01 ]
extrinsic_parameters: !!opencv-matrix
   rows: 25
   cols: 6
   dt: d
   data: [ 1.3021214760607581e-03, 2.3107937997454620e-01,
       -2.0511384053530816e-02, -6.1864238541000461e+01,
       -3.8458349109324629e+01, 1.9937838113959157e+02,
       3.8388829073290953e-01, 3.1287066695980975e-01,
       -9.4586188114914472e-03, -6.1336004286185386e+01,
       -5.1524227883312712e+01, 1.8388711798865978e+02,
       3.5881768336581821e-01, 2.7966521936416489e-01,
       -2.8701966467891121e-04, -3.7486248305659345e+01,
       -4.7843178029565159e+01, 1.7693412433046251e+02,
       3.6853554099453922e-01, 1.4939548894609994e-01,
       -1.5975847673494418e-02, -5.0250149741722659e+01,
       3.5452976226554478e+00, 1.7244339661434992e+02,
       3.3779058564261705e-01, 1.9902371388110654e-01,
       -8.1333171583806395e-03, -1.0165284525986861e+02,
       -6.7615660159630240e+00, 1.8185681660959941e+02,
       4.0377885662782415e-01, 2.0908332215382988e-01,
       7.6083369727783942e-02, -9.9281315579054251e+01,
       -6.3094005525664613e+01, 1.8497748174076662e+02,
       -2.9810940748793668e-01, 1.9544421159347913e-02,
       2.6703976321728751e-01, -5.1866904657805534e+01,
       -7.8240748271241642e+01, 2.1098978541606294e+02,
       -2.4280218686304791e-01, -4.4834962113523134e-02,
       3.2911740782934013e-01, 6.4305862239574347e+00,
       -6.2952962458734568e+01, 2.0504118644240134e+02,
       -1.2960065564411813e-01, -1.9289525739346722e-01,
       2.1376749552833277e-01, -8.8222359845024041e+00,
       -1.4205691542463052e+01, 1.9531524956617025e+02,
       -6.8073910462460074e-01, -1.4120736676476395e-01,
       1.1468720186571725e-01, -1.1198153355962084e+01,
       -1.2936378654039311e+01, 1.8783299463695067e+02,
       -1.4025805887828716e-01, 3.3921115728928086e-02,
       -5.2190407558260343e-01, -5.7418671257808306e+01,
       1.3468216820835540e+01, 1.9505178938536795e+02,
       -1.2585432564842344e-01, 1.1296583932837233e-01,
       8.2539088018868190e-01, -7.5958689744926078e+00,
       -5.6663241680717405e+01, 2.0275047129655087e+02,
       -9.6951490320679179e-03, -1.7576565022527030e-01,
       7.6806221333327163e-01, -1.2780884956662360e+01,
       -6.9152411466997293e+01, 1.8191522891898950e+02,
       1.0941405749455285e-01, 2.5856143397822007e-01,
       -5.7988149847198878e-01, -6.4072180616753613e+01,
       -2.4088824889935683e+01, 1.8675159576370996e+02,
       -1.7778581714218084e-01, 5.7554647290353989e-01,
       -4.3097284245119721e-01, -9.5642507327192263e+01,
       -3.2493470542914707e+01, 2.4963936881779168e+02,
       -9.0011728325281967e-02, 5.8477589619922377e-01,
       4.0408868350967581e-01, -8.4489669527667672e+01,
       -7.1162592560934556e+01, 2.4779583498365093e+02,
       -2.1149281444161452e-01, 4.4072627044308776e-01,
       -1.0489807179503434e+00, -1.1633476757849529e+02,
       3.8159725456376307e+01, 2.4062847403629314e+02,
       -3.9088265314136583e-01, 1.7224041732223355e-01,
       6.2961039222523357e-02, -3.6838804313784898e+01,
       -1.8396422406897819e+00, 1.9732350020767424e+02,
       5.3053448857749208e-01, 1.3123774561160495e-01,
       -4.1067592449418489e-02, -6.3480992082133774e+01,
       -3.2797553936403752e+01, 1.6857612548280551e+02,
       2.2578587027285904e-01, 2.2392996274137733e-01,
       -3.9317057191275856e-01, -7.6729786380069285e+01,
       -3.2264105447627948e+01, 1.9442479813967606e+02,
       -1.7590445411199188e-01, 5.0711418623994531e-01,
       1.9434598619938687e-01, -4.0897232651071825e+01,
       -1.1843074292874453e+01, 2.0967215866036244e+02,
       -3.4554387772993245e-02, 4.6945798696183061e-01,
       2.6224406560945057e-01, -7.4936150208647106e+01,
       -2.3275754375332845e+01, 2.2281298848369528e+02,
       -1.0953158035164441e-01, 3.6676392159879007e-01,
       -4.7163149526476594e-01, -1.1220066472434104e+02,
       -1.3696946811331998e+01, 2.3645972959012698e+02,
       4.0193401122530356e-03, 1.3363937484270583e-01,
       2.9581656982770779e-02, -5.8122490694100350e+01,
       -4.8338375807141183e+01, 2.0447629599347391e+02,
       -6.5798289109209485e-02, 1.4652646172142753e-01,
       -4.5734739873842684e-01, -6.1679694414426152e+01,
       -4.4818967810994224e+01, 2.0640318504392201e+02 ]
