%YAML:1.0
calibration_time: "Fri Aug 19 17:37:08 2016"
nr_of_frames: 25
image_width: 640
image_height: 480
board_width: 9
board_height: 6
square_size: 1.0800000190734863e+01
fix_aspect_ratio: 1.
# flags: +fix_aspectRatio +fix_principal_point +zero_tangent_dist
flags: 6158
fisheye_model: 0
camera_matrix: !!opencv-matrix
   rows: 3
   cols: 3
   dt: d
   data: [ 5.3412874612231724e+02, 0., 3.1950000000000000e+02, 0.,
       5.3412874612231724e+02, 2.3950000000000000e+02, 0., 0., 1. ]
distortion_coefficients: !!opencv-matrix
   rows: 5
   cols: 1
   dt: d
   data: [ 1.6565636677361006e-01, -5.3877740997671941e-01, 0., 0.,
       5.3640893476206797e-01 ]
avg_reprojection_error: 3.8719412386949809e-01
per_view_reprojection_errors: !!opencv-matrix
   rows: 25
   cols: 1
   dt: f
   data: [ 2.85455614e-01, 5.51946640e-01, 4.11739767e-01,
       3.74162555e-01, 5.34288943e-01, 7.86932349e-01, 3.51565421e-01,
       2.82910556e-01, 1.88959196e-01, 2.14260206e-01, 7.34343529e-01,
       3.24515611e-01, 1.74914330e-01, 1.73816279e-01, 2.07599565e-01,
       2.54216522e-01, 3.07353109e-01, 2.80182123e-01, 1.60956934e-01,
       3.14692318e-01, 5.01440406e-01, 4.67824042e-01, 3.99819136e-01,
       3.19206566e-01, 1.38889313e-01 ]
extrinsic_parameters: !!opencv-matrix
   rows: 25
   cols: 6
   dt: d
   data: [ -1.3756000258992923e-02, -1.2814001949077553e-01,
       2.7610695351607442e-02, -3.2428733930340165e+01,
       -4.2072323806487312e+01, 1.8943167891041094e+02,
       3.7906895473831620e-01, -4.6901288611570738e-02,
       1.0719871188311399e-01, -2.6040377507188218e+01,
       -5.4772383181048021e+01, 1.7384957622779876e+02,
       3.7175684394099029e-01, -7.9278861930496408e-02,
       1.1282861695462922e-01, -1.2375778744153452e+00,
       -4.9474292272429658e+01, 1.7326059762861337e+02,
       3.6592371154505021e-01, -1.9504935017499589e-01,
       1.0336804058216079e-01, -1.2932980799343431e+01,
       5.9565023579130261e-01, 1.6403529610993536e+02,
       3.1195778921796413e-01, -1.3951755528043838e-01,
       1.0439064431905209e-01, -6.4500656991954941e+01,
       -1.2435501041079034e+01, 1.5898092572436377e+02,
       3.5951009359503838e-01, -1.4128895881308443e-01,
       1.9512095593331982e-01, -6.2059220801567342e+01,
       -6.9143315993350797e+01, 1.6557143873707182e+02,
       -4.5111345038228251e-01, -3.7469805729687125e-02,
       1.7892752711663046e-01, -6.3468152781866344e+01,
       -7.2773122899586269e+01, 2.1760456929823343e+02,
       -3.6991559366909516e-01, -3.3806598337545390e-01,
       2.5464813878848036e-01, -2.5587124828220201e+01,
       -8.1113563762681991e+01, 2.0574713451501941e+02,
       -3.2954177988665539e-01, -4.1177351088960007e-01,
       3.2299541145035565e-01, 3.0120539720070798e+01,
       -6.2800265798469020e+01, 2.1823139600538835e+02,
       -1.8393419565401081e-01, -5.6793209045529924e-01,
       2.3423554858829043e-01, 1.8169836798343709e+01,
       -1.5213878936438231e+01, 2.0100337613700870e+02,
       -6.9615975879700620e-01, -5.1621189001787571e-01,
       3.5431896796240460e-02, 1.8769832842922781e+01,
       -1.3926940284182068e+01, 1.9090178778336249e+02,
       -9.9659910768905832e-02, -3.2949320703852891e-01,
       -4.9876756180538756e-01, -2.8349247078750039e+01,
       1.0030461038113012e+01, 1.8429622083011171e+02,
       -3.0734681849490131e-01, -2.2060010753759701e-01,
       8.3467164428531082e-01, 1.8057815416919674e+01,
       -5.7287558146729786e+01, 2.1143632469332891e+02,
       -2.9682873168143897e-01, 2.4650202122807705e-02,
       6.6345349678470322e-01, 5.9312254743972721e+00,
       -5.4886094341238042e+01, 2.0991230690170443e+02,
       -1.7568504128149195e-01, -5.0846087801774231e-01,
       8.0452324739988312e-01, 2.0451584626245779e+01,
       -7.0206428045620640e+01, 1.9104355097441984e+02,
       2.0002001668658323e-01, -1.0134084696596275e-01,
       -5.0375781778702489e-01, -3.0949253822393501e+01,
       -2.7692869017298062e+01, 1.7568954702903474e+02,
       -1.2823387525421859e-01, 2.3473174731554342e-01,
       -4.0225233652714315e-01, -8.2495109264032237e+01,
       -3.8316695401053984e+01, 2.2801897093459360e+02,
       -1.8688520766267464e-01, 2.5510828871096974e-01,
       4.2644485070833643e-01, -6.9025444347623491e+01,
       -7.6163765004147649e+01, 2.3101741593387939e+02,
       -5.1696576905103445e-02, 1.3249766368514404e-01,
       -1.0080040005987894e+00, -1.0091685317917067e+02,
       3.1105898082206732e+01, 2.1014028324082389e+02,
       -4.1180245483927153e-01, -1.8891918853877235e-01,
       4.3760203142107740e-02, -8.8071039052961773e+00,
       -4.2479626498096374e+00, 1.9220385401600748e+02,
       5.3896830058640721e-01, -2.2152055068647297e-01,
       1.0809069321088303e-01, -2.2359533045427213e+01,
       -3.5875053654389845e+01, 1.5661521576844115e+02,
       2.9237512475244204e-01, -1.4438102024209076e-01,
       -2.9850003962479510e-01, -4.5106014991365818e+01,
       -3.6485935296386685e+01, 1.7905675315900919e+02,
       -2.1832649785626848e-01, 1.7104007101187904e-01,
       2.0963755584765725e-01, -1.6092024117377033e+01,
       -1.4603097786351364e+01, 2.0280800351412140e+02,
       -8.7274507424911787e-02, 1.4944143137774854e-01,
       3.0161463943578509e-01, -5.2115509299582833e+01,
       -2.7841341800067504e+01, 2.0609440451879971e+02,
       -4.4415660048215282e-02, 4.0528570735223340e-02,
       -4.2963815686784262e-01, -9.3843759024432700e+01,
       -2.0368583305349791e+01, 2.0967243936367294e+02 ]
