<?xml version="1.0"?>
<opencv_storage>
<D2 type_id="opencv-matrix">
  <rows>1</rows>
  <cols>5</cols>
  <dt>d</dt>
  <data>
    4.7296922596471176e-02 1.1760792920317850e-04 0. 0.
    -2.8964990354479875e-01</data></D2>
</opencv_storage>
