<?xml version="1.0"?>
<opencv_storage>
<M1 type_id="opencv-matrix">
  <rows>3</rows>
  <cols>3</cols>
  <dt>d</dt>
  <data>
    5.2163526002410197e+02 0. 3.0031841258676786e+02 0.
    5.2163526002410197e+02 2.4782756811427350e+02 0. 0. 1.</data></M1>
</opencv_storage>
