<?xml version="1.0"?>
<opencv_storage>
<P1 type_id="opencv-matrix">
  <rows>3</rows>
  <cols>4</cols>
  <dt>d</dt>
  <data>
    5.2163526002410197e+02 0. 2.1900738143920898e+02 0. 0.
    5.2163526002410197e+02 2.6419239997863770e+02 0. 0. 0. 1. 0.</data></P1>
</opencv_storage>
