<?xml version="1.0"?>
<opencv_storage>
<P2 type_id="opencv-matrix">
  <rows>3</rows>
  <cols>4</cols>
  <dt>d</dt>
  <data>
    5.2163526002410197e+02 0. 4.8556660842895508e+02
    -5.0730241820754145e+01 0. 5.2163526002410197e+02
    2.6419239997863770e+02 0. 0. 0. 1. 0.</data></P2>
</opencv_storage>
