<?xml version="1.0"?>
<opencv_storage>
<Q type_id="opencv-matrix">
  <rows>4</rows>
  <cols>4</cols>
  <dt>d</dt>
  <data>
    1. 0. 0. -2.1900738143920898e+02 0. 1. 0. -2.6419239997863770e+02 0.
    0. 0. 5.2163526002410197e+02 0. 0. 1.0282530524242382e+01
    2.7409033880405182e+03</data></Q>
</opencv_storage>
