<?xml version="1.0"?>
<opencv_storage>
<R1 type_id="opencv-matrix">
  <rows>3</rows>
  <cols>3</cols>
  <dt>d</dt>
  <data>
    9.9404301785133953e-01 1.8633156406196304e-02 1.0738381695275850e-01
    -1.6722504925352006e-02 9.9968592180445703e-01
    -1.8665893361808832e-02 -1.0769789454777143e-01
    1.6758974560368144e-02 9.9404240366377838e-01</data></R1>
</opencv_storage>
