<?xml version="1.0"?>
<opencv_storage>
<R2 type_id="opencv-matrix">
  <rows>3</rows>
  <cols>3</cols>
  <dt>d</dt>
  <data>
    9.7350436161864173e-01 -1.7106665761937895e-02
    -2.2802767353106532e-01 2.1175952409191869e-02
    9.9965698463285702e-01 1.5410779159650400e-02 2.2768582948669513e-01
    -1.9831163890533909e-02 9.7353268460268061e-01</data></R2>
</opencv_storage>
