<?xml version="1.0"?>
<opencv_storage>
<T type_id="opencv-matrix">
  <rows>3</rows>
  <cols>1</cols>
  <dt>d</dt>
  <data>
    -9.4675562530398577e-02 1.6636630177373881e-03
    2.2176221407119674e-02</data></T>
</opencv_storage>
