%YAML:1.0
calibration_time: "Wed Nov 25 22:57:02 2015"
nr_of_frames: 25
image_width: 640
image_height: 480
board_width: 9
board_height: 6
square_size: 1.0800000190734863e+01
fix_aspect_ratio: 1.
# flags: +fix_aspectRatio +fix_principal_point +zero_tangent_dist
flags: 6158
fisheye_model: 0
camera_matrix: !!opencv-matrix
   rows: 3
   cols: 3
   dt: d
   data: [ 4.8995600442695644e+02, 0., 3.1950000000000000e+02, 0.,
       4.8995600442695644e+02, 2.3950000000000000e+02, 0., 0., 1. ]
distortion_coefficients: !!opencv-matrix
   rows: 5
   cols: 1
   dt: d
   data: [ 2.1869025804913383e-02, 1.4798265993859772e-01, 0., 0.,
       -5.2396020619906924e-01 ]
avg_reprojection_error: 4.0564826769082507e-01
per_view_reprojection_errors: !!opencv-matrix
   rows: 25
   cols: 1
   dt: f
   data: [ 4.25778180e-01, 3.02345514e-01, 3.50677937e-01,
       2.74693638e-01, 2.37542957e-01, 1.92033052e-01, 2.21691683e-01,
       2.52804548e-01, 2.60689020e-01, 5.64972878e-01, 4.52723920e-01,
       2.38683939e-01, 4.16084796e-01, 3.31157207e-01, 2.68502295e-01,
       1.09480655e+00, 3.25045317e-01, 3.81730109e-01, 5.36919773e-01,
       4.37654704e-01, 1.91346005e-01, 4.65551347e-01, 3.09063882e-01,
       2.97290593e-01, 2.55444407e-01 ]
extrinsic_parameters: !!opencv-matrix
   rows: 25
   cols: 6
   dt: d
   data: [ -1.1623131534290025e-01, -5.8626614544024999e-02,
       5.3092096685542482e-02, -4.6277235473915034e+01,
       -2.8283117316833689e+01, 1.3764276387308416e+02,
       5.6718952755347396e-01, 3.2303159716376164e-03,
       1.5816773082875679e-01, -4.4119614562015059e+01,
       -2.7973516029635100e+01, 1.2774028409472866e+02,
       -4.5170257067217612e-02, 1.4375090834076784e-01,
       -5.8148515012665632e-03, -4.0640053029175888e+01,
       -1.9323998338957871e+01, 1.6704881666434983e+02,
       7.6483018293310512e-01, 1.5658306320156354e-01,
       1.9705659318988378e-01, -4.2980782787797317e+01,
       -3.8130993821899736e+01, 1.1122445728485958e+02,
       7.8024538215655248e-01, 1.4839672370849907e-01,
       1.4218537356976724e-01, -4.1691428119329935e+01,
       -1.8170195689397211e+01, 1.1023591328309054e+02,
       7.5754997486341014e-01, 1.1990128287092947e-01,
       9.3068735700937044e-02, -4.0429868183554362e+01,
       1.9027574409633619e+00, 1.0680893046997586e+02,
       7.1424904288484414e-01, 2.6007821698951433e-01,
       -2.8757662205861994e-02, -6.6821713258993100e+01,
       6.2991064175154046e+00, 1.5750191619128830e+02,
       7.0502281017326374e-01, 2.6503481094246750e-01,
       6.7787057475983126e-02, -6.7563814244202234e+01,
       -2.9107771964146270e+01, 1.6126520641412552e+02,
       7.6599389419432773e-01, 1.5978111545598694e-01,
       1.3265771717254451e-01, -4.4445886199559141e+01,
       -2.7404260073618158e+01, 9.7354150322595942e+01,
       2.1085314891353215e-03, 2.7108547607384625e-01,
       -5.6814475870313685e-01, -1.2073779513334042e+01,
       -8.8204258735021046e+00, 1.8083163971847645e+02,
       -4.3051342563133648e-04, 2.6254760576962333e-01,
       -6.4351436947383445e-01, -1.1920016743518957e+01,
       2.3431773134817323e+01, 1.8303938681164428e+02,
       1.9567742193434506e-03, 2.2087352877625735e-01,
       -7.2821969780710727e-01, -8.5219664466618639e+01,
       2.4037520054190733e+01, 1.7532086373140208e+02,
       2.8738636779759269e-01, 2.3520970612606565e-01,
       -2.9052862235657612e-01, -7.7048577004967953e+01,
       -1.6323969173016227e+01, 1.4619337172080054e+02,
       2.8410319520825378e-01, 2.7398407969847305e-01,
       -3.0483991247620501e-01, -7.3994234197673379e+01,
       -1.3353973307206427e+01, 1.7235979483855928e+02,
       2.6456933388015663e-01, 2.4175666608406590e-01,
       -3.8466902908157341e-01, -7.6159010055203765e+01,
       1.8370056726267254e+01, 1.7126764190892550e+02,
       -6.0325255583844739e-01, 2.9035297829773360e-01,
       8.3290815145573974e-02, -4.1826933974388048e+01,
       -4.2037146361537047e+01, 1.4779313752568703e+02,
       4.9100967902773651e-01, 6.5646648400318128e-02,
       2.6115997562037202e-01, -3.2564514644752585e+01,
       -2.7367352187578071e+01, 1.4595852285730811e+02,
       3.3932407027706324e-01, 1.0650655904666421e-01,
       2.6486911187259637e-01, -2.0722785412475574e+01,
       -1.5067975253395229e+01, 1.5161467205215618e+02,
       3.2064621522064418e-01, 7.4354160834574759e-02,
       3.1019355725648090e-01, -1.8007482502803168e+01,
       -2.7751436792838128e+01, 1.3053011123891835e+02,
       3.1745706854646671e-01, 9.0978752167959212e-02,
       2.9095888203786319e-01, -1.8508603227242716e+01,
       -1.6511150250732463e+01, 1.3295299339133271e+02,
       6.5186439645735095e-01, 4.1495056555764415e-01,
       -6.9567176984213053e-01, -3.9776244906036084e+01,
       2.7280402054668311e+00, 1.4564879444535910e+02,
       2.6973615329769390e-01, 2.7525885337687439e-01,
       -4.8094397533611533e-01, -4.6185093157041798e+01,
       9.3419198314256686e+00, 1.4307437352633372e+02,
       2.5267832259947692e-01, 3.4913805582238955e-01,
       -5.2105901760349738e-01, -5.3579856902338669e+01,
       1.2898897951769554e+01, 1.7926099456765132e+02,
       2.6685327676370107e-01, 3.4452057974697642e-01,
       -4.9210569065545512e-01, -9.2478846026877264e+01,
       4.5934310967622469e+00, 1.7529954285409497e+02,
       2.7124532447086763e-01, 3.1140693570915440e-01,
       -5.0941544634005453e-01, -6.8806700859433022e+01,
       2.2042508409660670e+01, 1.6332236029485412e+02 ]
