<?xml version="1.0"?>
<opencv_storage>
<D1 type_id="opencv-matrix">
  <rows>1</rows>
  <cols>5</cols>
  <dt>d</dt>
  <data>
    8.1005124255863661e-02 -1.5826536929402804e-01 0. 0.
    -1.1154560074948259e-02</data></D1>
</opencv_storage>
