<?xml version="1.0"?>
<opencv_storage>
<M2 type_id="opencv-matrix">
  <rows>3</rows>
  <cols>3</cols>
  <dt>d</dt>
  <data>
    5.2163526002410197e+02 0. 3.1397283450078146e+02 0.
    5.2163526002410197e+02 2.6565591700326462e+02 0. 0. 1.</data></M2>
</opencv_storage>
