<?xml version="1.0"?>
<opencv_storage>
<R type_id="opencv-matrix">
  <rows>3</rows>
  <cols>3</cols>
  <dt>d</dt>
  <data>
    9.4282981409229483e-01 4.3124541560548596e-02 3.3047271532439920e-01
    -3.1585755911114122e-02 9.9869191302108706e-01
    -4.0209487559592916e-02 -3.3177444398598938e-01
    2.7472473159037850e-02 9.4295863193265994e-01</data></R>
</opencv_storage>
