<?xml version="1.0"?>
<opencv_storage>
<D1 type_id="opencv-matrix">
  <rows>1</rows>
  <cols>5</cols>
  <dt>d</dt>
  <data>
    7.1373425387125600e-02 -1.0913976730099952e-01 0. 0.
    -1.3119063145627324e-01</data></D1>
</opencv_storage>
