<?xml version="1.0"?>
<opencv_storage>
<D2 type_id="opencv-matrix">
  <rows>1</rows>
  <cols>5</cols>
  <dt>d</dt>
  <data>
    4.8862779839974932e-02 6.6972438530799603e-03 0. 0.
    -2.8806877461218405e-01</data></D2>
</opencv_storage>
