<?xml version="1.0"?>
<opencv_storage>
<P1 type_id="opencv-matrix">
  <rows>3</rows>
  <cols>4</cols>
  <dt>d</dt>
  <data>
    5.2355459662463772e+02 0. 1.4639477920532227e+02 0. 0.
    5.2355459662463772e+02 2.6816400909423828e+02 0. 0. 0. 1. 0.</data></P1>
</opencv_storage>
