<?xml version="1.0"?>
<opencv_storage>
<R type_id="opencv-matrix">
  <rows>3</rows>
  <cols>3</cols>
  <dt>d</dt>
  <data>
    9.0749295100546801e-01 5.3769271974973804e-02 4.1661182084365828e-01
    -3.6933400159120860e-02 9.9814626628211045e-01
    -4.8373081975088120e-02 -4.1844051886507522e-01
    2.8511339820563322e-02 9.0779658276155839e-01</data></R>
</opencv_storage>
