<?xml version="1.0"?>
<opencv_storage>
<R2 type_id="opencv-matrix">
  <rows>3</rows>
  <cols>3</cols>
  <dt>d</dt>
  <data>
    9.7356299835006133e-01 -1.2263474585105471e-02
    -2.2808922691512468e-01 1.7056471646134271e-02
    9.9967295129097300e-01 1.9054323188733100e-02 2.2778095841975768e-01
    -2.2440981446820593e-02 9.7345376743483814e-01</data></R2>
</opencv_storage>
