<?xml version="1.0"?>
<opencv_storage>
<T type_id="opencv-matrix">
  <rows>3</rows>
  <cols>1</cols>
  <dt>d</dt>
  <data>
    -8.9653371936251641e-02 1.1293176199926259e-03
    2.1004257895923459e-02</data></T>
</opencv_storage>
